304 569
304 570
305 569
306 570
307 570
307 569
305 568
305 567
304 566
305 565
305 571
304 572
307 568
306 566
306 572
307 571
306 569
303 570
303 567
302 568
301 567
300 566
299 567
298 568
303 573
302 571
301 570
300 569
299 570
302 574
301 573
300 572
299 573
300 568
299 566
298 565
299 564
297 566
299 563
298 562
298 561
297 563
297 560
300 565
301 564
300 574
299 575
304 574
306 571
298 567
301 566
301 575
297 562
302 576
308 571
299 568
300 567
300 576
304 567
298 560
299 559
300 558
299 557
301 557
301 559
306 573
307 572
298 569
301 568
303 565
302 569
297 564
299 561
300 560
308 573
301 561
307 574
306 575
302 562
303 561
303 563
300 562
308 575
308 576
309 577
308 578
307 579
306 578
306 580
308 580
310 577
307 581
306 582
308 582
305 577
304 576
304 578
307 583
306 584
305 584
304 583
304 585
303 586
302 585
304 587
305 586
306 587
307 586
308 585
308 587
307 588
306 589
305 589
304 590
305 591
304 592
308 589
306 591
305 593
307 590
307 592
309 586
303 579
302 578
302 580
302 581
301 582
302 583
299 572
303 588
300 571
308 584
304 562
304 571
306 568
305 570
307 567
298 564
301 563
304 580
304 581
306 577
305 579
307 576
304 589
306 586
305 588
307 585
302 564
309 579
310 579
297 559
296 558
295 557
296 556
294 558
295 559
297 555
297 557
298 555
299 555
299 554
298 553
297 553
299 552
300 553
295 556
294 560
295 561
299 556
302 573
303 572
300 555
301 555
309 588
299 565
302 582
303 581
300 564
308 577
303 590
300 573
304 564
296 560
298 557
304 573
301 556
305 572
310 586
311 585
310 584
311 583
310 582
312 582
311 581
312 584
298 566
304 582
306 579
305 581
307 578
302 557
304 591
305 590
307 587
297 552
296 551
295 550
294 551
293 550
293 552
295 552
295 553
295 554
297 550
294 553
293 554
302 566
309 581
297 561
299 558
306 594
307 595
305 595
305 596
307 594
302 575
301 577
300 578
300 557
303 574
309 590
310 591
311 587
311 588
293 551
302 584
303 583
300 575
296 553
298 550
296 562
298 559
304 575
305 574
308 591
310 588
304 584
305 583
307 580
302 559
305 592
307 589
294 555
293 556
309 574
297 554
299 551
309 583
311 580
302 577
301 579
300 559
306 593
303 576
309 592
302 586
303 585
296 555
298 552
304 568
306 565
310 581
304 577
308 593
305 576
310 590
307 573
298 570
305 585
307 582
302 561
303 560
305 594
309 576
294 557
297 556
302 570
301 572
303 569
309 585
311 582
302 579
301 581
306 595
303 578
300 561
303 587
296 557
299 574
298 554
308 586
310 583
298 563
305 578
307 575
305 587
294 550
302 563
301 565
303 562
309 578
294 559
302 572
295 558
301 574
306 588
303 571
300 554
309 587
311 584
301 583
312 583
303 580
300 563
303 589
296 550
304 563
308 579
296 559
298 556
308 588
310 585
305 580
307 577
301 558
294 552
297 551
295 551
302 565
303 564
306 581
309 580
295 560
301 576
304 593
306 590
300 556
309 589
311 586
312 585
303 582
299 560
293 553
308 572
299 569
296 552
304 565
305 564
308 581
296 561
310 578
298 558
300 577
305 573
308 590
310 587
305 582
302 558
301 560
306 574
294 554
302 567
301 569
304 586
303 566
306 583
309 582
311 579
295 562
301 578
303 575
306 592
309 591
307 591
299 553
303 584
297 565
299 562
293 555
308 574
296 554
299 571
298 551
300 570
308 583
305 566
296 563
310 580
300 579
308 592
305 575
310 589
306 567
302 560
301 562
304 579
306 576
294 556
309 575
295 555
304 588
301 571
303 568
306 585
309 584
307 584
303 577
307 593
297 558
301 580
