549 379
549 380
548 381
550 380
551 379
547 382
546 383
548 383
549 382
548 380
547 379
546 380
545 381
544 380
543 381
542 380
545 384
544 383
543 384
542 383
541 384
540 385
539 384
538 385
537 386
537 387
538 388
550 383
551 382
542 379
541 378
540 379
546 379
545 378
546 377
547 376
548 376
547 378
549 375
548 374
549 373
550 374
551 373
538 384
537 383
538 382
539 381
536 384
549 384
548 385
547 385
546 386
545 387
546 388
547 387
540 381
539 383
543 383
545 380
550 376
551 375
545 389
536 386
537 385
551 384
542 381
541 385
542 386
546 381
548 378
547 380
549 377
546 390
544 390
543 390
547 389
549 386
538 386
540 383
539 385
543 385
545 382
551 377
545 391
536 388
535 388
534 387
534 389
533 390
534 391
535 390
547 373
546 372
545 371
546 370
547 371
545 373
544 374
546 374
548 371
541 387
540 388
542 388
549 370
548 369
549 368
548 367
549 366
548 365
549 364
550 365
551 364
550 367
552 364
551 366
550 369
551 368
547 364
546 363
546 365
539 378
538 377
537 376
536 375
535 374
538 375
539 374
538 373
536 377
540 374
541 374
539 376
534 373
533 374
532 375
533 376
532 377
537 378
536 379
542 374
531 374
530 373
529 372
528 371
540 376
543 378
543 387
535 383
535 392
536 393
547 366
547 375
547 384
539 380
539 389
539 390
540 390
551 363
536 374
551 372
528 370
536 383
551 381
548 366
550 385
551 386
542 390
543 373
543 382
535 378
543 391
543 392
535 387
547 370
539 375
547 388
546 392
547 393
547 394
551 367
536 378
550 371
531 376
542 385
543 377
542 376
535 373
543 386
535 382
535 391
547 365
547 374
539 379
546 378
546 387
538 383
528 369
550 366
550 375
550 384
542 389
543 372
542 371
535 377
535 386
534 390
547 369
546 373
546 382
538 378
549 378
546 391
549 387
538 387
550 370
527 368
550 379
542 375
531 375
550 388
550 389
542 384
542 393
542 394
542 395
543 396
543 395
543 376
535 372
545 385
534 385
546 368
546 395
546 396
545 394
538 391
538 392
537 390
527 372
527 373
528 374
528 375
529 376
542 370
541 392
544 397
534 371
545 398
545 399
546 400
546 401
537 394
537 395
538 396
538 397
539 398
539 399
538 400
538 401
538 402
539 403
537 399
537 403
536 402
535 402
535 401
535 400
534 399
537 404
538 405
538 406
534 403
534 404
535 405
535 406
533 402
534 398
535 397
536 397
535 396
533 397
534 407
534 408
534 409
535 410
535 411
534 412
534 413
533 411
533 406
538 395
539 394
527 367
528 366
529 367
528 365
527 376
527 377
526 376
540 404
552 387
541 396
533 392
544 392
541 405
542 404
543 405
543 406
542 403
542 407
542 408
542 409
543 410
541 406
544 411
545 412
546 411
547 412
546 410
545 413
546 414
546 415
546 409
545 408
548 413
549 414
550 413
550 412
549 411
549 415
549 416
550 417
549 410
541 410
541 411
542 412
542 413
543 414
543 415
544 416
545 417
545 418
546 419
546 420
545 421
544 420
543 419
542 418
542 417
544 406
541 419
540 418
539 417
538 416
538 415
538 414
537 413
537 417
537 418
544 415
545 407
546 406
547 407
546 405
545 404
545 403
537 412
538 411
539 412
538 410
537 409
537 408
551 414
552 415
553 416
554 415
554 414
553 413
553 417
553 418
554 419
553 412
552 411
552 410
552 419
552 420
553 421
553 422
553 411
554 410
548 408
548 417
548 418
549 419
549 420
550 421
540 413
533 401
545 366
541 414
541 415
552 414
533 410
532 409
531 409
531 408
530 407
530 406
531 407
530 410
530 411
531 412
531 413
530 405
531 404
531 403
530 402
530 401
530 400
531 399
531 398
530 397
530 396
531 395
531 394
531 393
530 392
530 391
531 390
531 389
530 388
530 387
529 404
544 410
534 375
545 375
552 423
552 424
551 423
553 388
554 387
555 388
555 389
554 386
553 389
556 390
557 391
557 392
558 393
558 394
559 395
557 395
557 396
556 395
557 390
558 389
558 388
557 387
557 386
558 385
559 386
558 384
556 385
555 384
555 383
554 382
554 381
555 380
555 379
554 378
554 377
554 376
555 375
555 374
554 373
554 372
555 371
555 370
555 369
554 368
554 367
555 366
555 365
554 364
554 363
555 364
553 380
554 362
555 361
555 360
554 359
554 358
553 375
554 357
555 356
555 355
554 354
553 355
552 355
551 354
551 353
550 352
554 353
553 352
555 352
556 353
555 351
555 350
554 349
553 349
552 350
551 350
551 349
551 348
550 347
557 354
558 355
559 354
560 355
559 353
558 352
558 356
558 357
559 358
559 359
560 360
559 357
558 351
558 360
558 361
559 362
559 363
560 364
561 361
562 362
562 363
561 356
561 365
561 366
562 367
561 368
560 369
559 368
559 367
558 366
562 368
563 369
564 370
558 365
558 369
558 370
558 371
559 372
561 370
562 371
562 372
562 373
563 374
557 368
561 374
561 375
562 376
562 377
562 357
563 356
564 357
563 355
562 354
562 358
562 353
565 358
565 359
566 360
566 361
567 362
567 363
566 364
566 365
566 366
567 367
565 363
565 367
564 367
565 368
566 369
566 370
567 371
567 372
565 362
568 364
569 365
568 373
569 374
569 375
570 376
570 377
569 378
569 379
569 380
570 381
568 378
558 350
559 349
560 350
560 351
559 348
558 347
557 372
557 373
558 374
558 375
559 376
559 377
560 378
561 379
561 380
562 381
562 382
561 383
561 384
561 385
562 386
562 387
561 388
561 389
562 390
563 391
562 391
544 421
564 390
565 391
565 392
566 393
565 390
566 389
567 390
566 388
565 387
569 373
561 369
556 376
555 416
534 393
545 402
544 401
543 400
542 399
546 367
537 398
557 376
549 372
560 387
551 418
563 392
542 369
529 399
548 412
541 373
532 404
552 382
544 378
564 393
556 389
568 363
541 409
540 408
533 405
534 370
553 383
526 366
544 414
545 379
537 375
557 353
538 376
530 372
550 350
549 349
548 389
556 366
529 412
528 411
541 386
553 360
544 391
534 383
533 382
547 402
547 403
537 388
536 392
560 377
563 382
529 389
528 389
548 402
540 398
532 394
552 372
556 379
543 409
554 418
533 395
566 392
545 369
544 369
544 368
543 367
542 366
555 419
547 415
567 393
539 411
559 389
560 354
551 385
563 359
563 360
536 405
529 366
548 379
540 375
560 390
552 349
564 360
556 356
529 402
528 402
528 401
541 376
532 407
533 372
532 372
532 371
531 370
530 369
552 385
553 350
544 381
555 396
554 396
547 392
539 388
567 370
559 366
551 362
570 375
536 382
528 378
528 379
560 367
571 376
563 372
529 379
548 392
549 392
550 393
552 362
543 399
535 395
555 373
558 378
558 379
555 409
556 409
557 409
554 408
555 407
554 406
555 406
547 405
539 401
559 379
536 395
531 402
550 415
542 411
562 389
554 385
565 394
565 395
566 359
567 358
543 412
535 408
554 421
555 386
566 395
567 360
558 391
559 356
551 352
570 365
571 364
570 363
571 363
572 364
573 363
574 364
574 363
536 372
528 368
560 357
538 418
530 414
530 415
563 362
550 392
529 369
562 366
532 374
552 352
565 371
565 372
531 415
543 389
535 385
555 363
566 372
558 368
539 391
559 369
546 399
551 365
557 408
569 382
568 383
569 383
567 383
566 383
565 382
566 382
567 381
566 380
567 380
561 378
531 392
542 401
543 366
562 379
554 375
565 384
535 398
555 376
547 372
553 415
545 411
557 385
546 412
538 408
530 404
531 369
549 417
550 382
542 378
561 391
562 356
554 352
573 365
573 366
565 361
531 405
542 414
543 379
535 375
554 388
555 353
541 418
574 366
575 366
576 367
577 366
578 367
579 367
577 368
577 369
578 369
566 362
558 358
551 355
546 389
549 394
549 395
569 372
527 375
550 395
551 395
552 395
542 391
562 369
554 365
547 362
534 392
553 405
552 405
545 401
546 366
537 397
557 375
549 371
546 402
538 398
530 394
549 407
550 372
542 368
561 381
527 388
526 389
525 388
524 388
523 388
523 387
524 386
523 385
522 386
521 386
520 385
521 385
524 385
520 387
526 388
519 384
518 385
564 392
543 369
556 388
576 366
541 408
533 404
552 417
553 382
558 348
544 413
534 405
545 414
537 410
557 388
530 371
550 349
569 362
561 358
527 365
531 372
562 359
529 411
554 355
565 364
532 416
533 415
532 417
534 415
552 394
553 393
552 392
568 375
533 417
534 382
553 395
526 378
525 379
525 378
526 379
557 365
550 362
549 362
549 361
550 360
549 359
548 359
547 360
547 359
550 359
561 371
548 401
527 378
540 397
564 382
556 378
522 385
541 398
533 394
553 372
525 390
525 391
544 403
545 368
555 418
534 395
526 391
567 392
546 369
537 400
557 378
549 374
536 404
560 389
551 420
572 363
563 394
563 395
564 359
529 401
575 368
575 369
548 414
540 410
541 375
532 406
533 371
552 384
564 395
556 391
576 369
568 365
533 407
534 372
553 385
526 368
525 368
537 377
557 355
549 351
560 366
530 374
571 375
572 374
573 373
574 374
571 373
573 375
573 376
574 376
572 373
563 371
536 417
535 418
528 413
528 414
529 378
548 391
540 387
532 383
532 384
531 382
530 382
530 381
531 380
552 361
572 376
564 372
556 368
529 414
541 388
533 384
553 362
525 380
544 393
555 408
547 404
526 381
567 382
539 400
559 378
536 394
528 390
528 391
548 368
560 379
551 410
529 391
548 404
549 405
549 404
550 403
550 405
521 387
540 400
541 365
541 364
540 363
541 363
540 365
539 366
538 365
537 365
537 364
538 363
532 396
552 374
544 370
556 381
543 411
522 388
535 407
554 420
555 385
566 394
558 390
578 368
555 421
556 422
556 421
557 421
547 417
567 395
568 396
569 395
539 413
559 391
560 356
551 387
579 369
580 370
581 371
582 372
581 370
580 372
583 372
584 373
585 374
585 373
586 373
587 373
588 374
588 373
584 375
584 376
585 376
587 375
587 376
588 376
589 377
590 376
590 375
591 374
591 376
592 377
593 378
594 379
595 380
596 380
597 381
597 380
598 380
599 380
600 381
600 380
593 377
596 382
596 383
597 383
599 382
599 383
600 383
592 379
595 379
598 379
594 381
597 382
589 378
589 379
586 372
585 371
586 371
586 370
571 365
590 378
563 361
536 407
528 403
529 368
540 377
532 373
552 351
564 362
531 414
554 397
554 398
574 375
555 398
556 399
557 398
528 380
528 381
548 358
547 357
548 357
546 357
545 357
545 356
548 356
544 358
546 356
545 358
550 404
529 381
543 401
566 384
558 380
558 381
524 387
559 381
600 382
517 384
516 384
516 383
516 382
517 382
515 381
514 382
513 382
513 381
512 381
511 381
511 380
512 379
511 378
510 377
509 376
508 376
507 375
510 376
509 378
509 379
510 379
512 378
508 375
514 381
506 376
506 377
505 375
504 375
504 374
505 373
507 377
510 378
513 383
513 384
514 384
503 374
502 374
502 373
502 372
502 371
501 370
500 369
503 372
501 369
500 371
499 371
500 372
501 372
503 371
499 373
499 374
500 374
557 420
557 419
557 418
509 380
569 394
569 393
540 367
539 368
593 379
498 370
497 369
498 369
498 368
497 371
497 372
496 368
495 368
585 375
596 384
574 365
565 396
577 370
577 371
566 397
578 371
548 348
547 347
548 347
548 346
547 349
546 346
545 346
544 346
544 345
543 344
542 345
542 346
543 346
544 347
544 348
545 348
530 416
530 417
550 394
541 345
540 345
539 346
539 345
540 344
539 343
540 343
538 343
537 343
537 342
540 342
541 341
540 340
541 340
541 343
538 342
541 342
537 344
527 410
526 409
527 409
527 408
526 411
525 411
526 412
525 413
524 410
524 409
523 408
524 408
523 410
522 408
521 408
520 407
519 407
518 408
518 407
520 409
520 410
521 410
523 409
517 407
516 407
516 406
516 405
516 404
517 405
517 404
573 377
573 378
519 406
519 405
519 404
565 373
565 374
531 417
574 378
575 379
575 378
576 377
576 379
577 379
578 379
579 379
580 380
581 381
582 382
583 383
584 383
585 384
586 383
581 380
584 385
584 386
585 386
580 382
580 383
581 383
583 382
586 382
582 384
583 385
585 385
577 380
577 381
586 385
587 386
587 385
588 384
588 386
578 381
581 382
584 387
584 388
585 388
547 361
566 374
524 377
524 376
523 375
524 375
523 377
522 375
521 375
520 375
519 374
518 375
518 374
520 376
520 377
521 377
517 374
516 374
516 373
516 372
516 371
517 370
516 369
515 369
514 370
514 369
513 371
513 372
514 372
517 372
515 368
514 371
515 371
517 371
513 373
557 410
558 411
558 412
559 412
556 411
556 412
559 411
560 410
559 409
561 411
561 412
522 374
522 373
562 412
560 412
562 411
558 413
558 414
559 414
561 413
561 414
562 414
563 415
564 415
565 415
566 416
566 415
567 416
568 416
569 416
569 415
565 417
567 415
565 416
566 417
569 417
570 418
571 419
568 418
568 419
569 418
571 418
572 417
573 418
573 419
574 419
572 419
570 420
570 421
571 421
573 420
573 421
574 421
575 422
576 422
572 418
575 423
575 424
576 424
577 424
578 424
579 423
578 422
579 422
568 420
549 406
569 384
570 385
570 386
571 386
568 385
568 386
569 385
571 385
572 384
572 386
573 386
574 386
570 387
570 388
571 388
573 387
573 388
574 388
575 389
576 390
577 389
578 390
578 389
579 390
580 390
581 391
582 392
583 393
577 391
580 392
580 393
581 393
583 392
576 389
579 389
582 394
582 395
583 395
584 396
585 396
575 391
586 395
587 396
588 397
588 396
587 398
578 391
579 392
581 392
584 397
584 398
585 398
588 398
589 399
589 400
590 399
590 398
591 397
590 396
591 396
591 399
592 400
592 399
593 400
594 399
595 400
594 401
594 402
595 402
593 399
589 401
589 402
592 401
592 402
593 402
595 401
580 394
580 395
581 395
527 387
527 386
550 407
551 408
551 407
552 407
543 368
501 371
565 386
512 380
504 376
504 377
523 389
556 423
556 424
568 397
568 398
588 375
580 371
599 384
599 385
505 377
497 373
536 364
535 363
535 362
536 362
535 365
534 362
533 362
532 362
532 361
533 360
532 359
531 360
530 359
533 359
534 360
531 359
534 359
530 361
531 362
533 361
536 361
536 360
536 359
529 358
529 357
528 356
529 356
528 358
527 355
526 356
525 356
524 355
523 355
523 354
524 353
523 352
522 351
521 350
522 350
521 352
520 352
521 353
522 353
524 352
520 354
520 355
521 355
519 351
518 352
518 353
522 352
525 357
525 358
526 358
518 354
521 354
532 363
522 355
535 364
524 354
517 351
569 361
569 360
520 356
581 372
600 385
601 386
601 385
602 384
602 386
603 386
604 386
605 385
604 384
605 384
605 386
606 387
607 387
607 386
603 387
603 388
604 388
607 388
608 389
608 390
609 390
610 390
611 390
611 389
612 388
611 387
612 390
606 389
606 390
609 389
612 389
608 391
609 392
610 393
610 392
611 392
611 391
612 392
613 393
613 392
614 391
614 393
615 393
616 393
617 393
618 394
619 394
619 393
615 394
615 395
616 395
619 395
620 396
621 397
618 396
618 397
621 396
620 398
620 399
621 399
622 400
622 399
623 399
623 398
623 397
623 396
624 397
624 396
624 399
625 400
626 400
622 401
622 402
623 401
625 401
625 402
626 402
627 403
628 402
629 403
630 404
630 403
631 402
630 401
632 403
633 404
631 401
631 404
633 403
629 405
632 405
632 406
633 406
634 407
634 406
635 407
635 406
636 406
637 407
638 407
631 403
634 408
634 409
635 409
637 408
637 409
638 409
630 405
631 406
633 405
618 398
610 394
610 395
584 377
557 423
558 424
558 423
559 422
560 422
561 422
562 423
562 422
561 424
559 424
561 423
562 424
563 425
564 426
565 427
565 428
566 428
564 425
563 427
566 427
567 426
566 425
567 425
567 428
568 429
568 428
569 428
569 427
569 426
569 425
568 430
568 431
569 430
570 431
570 430
571 429
572 429
571 431
571 430
572 431
573 431
574 431
564 427
531 371
569 397
570 398
570 397
571 396
572 397
573 396
574 397
574 396
573 398
572 396
571 398
574 398
575 399
576 400
577 401
577 402
578 402
576 399
575 401
575 402
576 402
578 401
579 400
578 399
579 399
579 402
580 403
581 403
577 403
577 404
578 404
580 404
580 405
581 405
582 405
583 405
584 406
585 407
585 406
586 406
587 406
588 407
588 406
584 408
585 409
587 408
587 409
588 409
589 409
590 409
590 408
591 407
590 406
591 409
592 410
593 410
586 405
586 404
586 403
592 411
592 412
593 412
594 412
595 412
585 408
588 408
584 410
591 408
594 413
594 414
576 401
595 414
596 415
596 416
597 416
597 415
596 417
587 410
543 345
527 400
526 399
527 398
526 401
525 401
524 400
523 400
523 399
523 398
523 397
524 396
522 396
521 395
524 398
522 395
521 397
520 398
520 397
521 398
522 398
524 397
520 399
520 400
521 400
573 367
519 396
518 395
519 395
519 394
518 397
518 398
517 394
517 393
516 392
517 392
516 394
515 391
514 392
513 393
513 394
514 394
576 378
587 387
587 388
533 416
539 347
512 393
511 393
511 392
511 391
511 390
512 389
510 389
509 389
509 388
512 391
508 388
507 388
506 387
505 386
504 385
505 385
504 387
507 387
508 386
507 385
508 385
510 388
503 384
502 384
502 383
503 382
501 382
500 382
499 381
498 381
497 381
499 383
499 384
500 384
506 389
496 381
495 380
496 379
495 378
494 380
493 379
492 378
493 378
496 378
509 390
509 391
498 380
498 379
498 378
510 391
491 377
512 390
505 387
508 387
500 383
501 384
553 394
524 367
523 367
523 366
523 365
523 364
524 363
522 363
521 363
520 362
519 362
518 362
520 364
520 365
521 365
524 365
517 362
516 362
516 361
517 360
516 359
517 359
519 361
515 358
514 359
513 359
514 360
513 361
512 358
511 358
511 357
512 356
510 356
509 356
509 355
510 354
508 355
507 355
506 355
505 355
507 354
519 364
518 365
518 364
521 364
522 365
514 361
506 356
517 361
509 357
509 358
520 366
520 367
510 358
521 367
512 357
516 363
536 341
535 342
588 388
589 389
590 388
591 387
592 387
593 388
594 389
595 390
590 386
593 387
592 389
592 390
593 390
595 389
591 386
594 391
594 392
595 392
596 393
596 392
597 393
597 392
598 392
599 393
600 393
593 389
596 394
596 395
597 395
599 394
599 395
600 395
601 396
602 397
603 396
604 397
604 396
605 397
606 397
607 397
607 396
603 398
602 396
605 396
601 398
604 398
605 399
606 400
606 399
607 399
608 399
609 400
609 399
608 401
608 402
609 402
610 403
611 402
611 401
611 400
612 400
612 402
613 403
614 404
615 405
616 406
614 403
613 405
616 405
617 404
616 403
617 403
617 406
618 407
618 406
619 406
620 406
621 407
620 408
620 409
621 409
622 410
623 410
623 409
623 408
624 407
624 409
625 410
626 411
626 410
625 412
622 411
622 412
619 405
619 404
619 403
623 411
615 407
626 412
627 413
628 413
629 413
630 414
630 413
631 414
629 415
629 416
632 415
633 414
628 412
631 413
630 415
618 408
618 409
610 404
610 405
607 398
619 408
592 391
611 404
621 408
614 405
606 401
606 402
595 391
534 417
580 384
526 413
518 409
518 410
557 400
558 401
559 402
556 401
559 401
560 400
561 399
562 400
559 399
562 399
561 401
561 402
562 402
563 402
564 403
565 404
565 405
566 405
560 399
563 404
563 405
564 405
566 404
567 403
567 405
568 406
569 405
560 402
562 401
565 406
565 407
566 407
558 403
569 407
570 408
571 409
568 408
571 408
572 407
571 406
573 408
573 409
574 409
572 406
572 409
574 408
570 410
570 411
573 410
573 411
574 411
575 412
575 411
576 410
577 411
578 412
576 412
579 412
580 413
581 414
582 415
583 416
584 417
585 416
586 416
581 413
584 418
584 419
585 419
580 415
581 416
583 415
586 415
582 417
585 418
577 413
577 414
586 418
587 419
587 418
588 417
588 419
578 414
588 418
581 415
584 420
584 421
584 422
585 421
576 411
587 420
587 421
588 421
589 422
590 421
580 417
561 403
562 404
590 420
590 419
591 419
572 408
591 421
592 422
592 423
593 423
594 422
595 423
595 422
594 424
595 425
596 425
597 426
597 425
598 425
599 426
599 425
600 426
600 425
593 422
596 427
596 428
597 428
599 427
599 428
600 428
601 429
602 429
592 424
595 424
601 430
601 431
598 424
598 423
598 422
602 431
603 431
604 430
604 429
605 430
606 430
607 430
607 429
605 429
604 431
564 404
583 417
575 413
575 414
594 426
576 414
530 383
530 384
549 396
550 361
515 403
514 402
515 402
515 401
514 404
513 404
514 405
513 406
512 403
511 403
511 402
511 401
512 401
510 401
509 401
509 400
510 399
519 373
519 372
519 371
560 411
579 424
580 425
580 426
581 426
582 425
583 426
583 425
582 427
582 428
583 428
584 428
585 429
586 428
587 429
588 430
588 429
587 431
581 425
584 430
584 431
585 431
587 430
588 431
589 432
590 431
591 430
590 429
591 429
591 432
592 432
593 432
594 432
595 432
580 427
580 428
581 428
591 431
583 427
586 427
586 426
531 384
571 420
572 385
590 433
589 434
591 398
563 416
563 417
582 429
583 394
543 358
542 358
542 357
542 356
543 356
541 355
540 355
539 356
539 355
538 355
537 355
537 354
537 353
537 352
538 353
536 352
535 353
535 352
538 352
540 354
540 353
540 352
541 353
539 357
539 358
536 351
535 350
536 350
534 350
533 350
532 349
533 349
534 348
534 347
536 349
532 351
531 349
530 349
534 349
532 350
533 351
529 348
528 348
528 347
528 346
528 345
529 344
529 346
527 345
526 346
525 346
525 345
526 345
529 345
525 347
525 348
526 348
540 357
535 354
535 355
575 390
508 400
507 400
506 400
506 399
507 398
506 397
505 396
504 395
503 395
502 395
502 394
501 393
500 392
505 395
501 392
504 397
504 398
505 398
507 397
508 396
508 398
500 394
503 394
502 396
505 397
508 397
501 394
504 399
505 400
507 399
499 395
499 396
594 403
594 404
500 396
519 409
552 406
512 370
512 369
511 368
510 367
509 366
510 366
509 368
512 368
508 365
507 365
506 365
506 364
505 363
504 362
503 362
502 362
502 361
503 360
501 360
500 359
503 359
505 362
501 359
504 364
504 365
505 365
507 364
508 363
500 361
499 361
511 370
501 362
503 361
506 366
506 367
507 367
510 368
502 363
505 364
498 360
497 359
498 358
497 361
496 358
495 358
494 359
495 360
497 360
508 364
511 369
501 361
572 421
504 366
504 367
564 417
583 430
556 413
576 391
595 404
596 405
596 404
597 403
598 402
599 403
600 404
600 403
599 405
597 405
600 405
601 406
602 407
603 408
603 409
604 409
602 406
601 408
601 409
602 409
604 408
605 407
604 406
605 406
605 409
606 410
607 409
607 408
607 407
603 410
604 411
606 411
606 412
607 411
608 412
608 411
609 410
609 412
610 413
611 412
612 413
613 413
614 414
615 415
616 416
614 413
613 415
613 416
614 416
616 415
617 414
616 413
617 416
618 417
619 416
619 415
612 412
615 417
615 418
616 418
618 418
618 419
619 418
620 419
621 419
611 414
610 415
614 415
617 415
620 420
620 421
602 408
621 421
622 422
623 421
624 420
625 420
626 421
623 419
626 420
625 422
625 423
626 423
627 423
624 419
626 422
625 424
626 425
627 425
613 417
636 405
636 404
636 403
568 387
568 388
628 401
628 400
534 394
553 407
526 390
505 367
538 364
557 377
515 380
515 379
515 378
602 385
507 376
621 398
567 427
527 354
527 353
613 394
613 395
559 423
632 407
579 401
570 432
570 433
598 414
599 413
600 414
597 413
598 413
600 413
599 415
599 416
600 416
598 412
600 415
599 417
600 418
601 419
601 418
602 417
603 418
603 419
604 419
602 419
604 418
605 417
605 419
606 420
607 419
603 420
603 421
604 421
607 421
608 422
609 423
610 423
611 423
611 422
612 423
606 422
609 422
612 422
608 424
611 424
610 425
610 426
611 425
612 425
613 426
613 425
614 424
615 425
616 426
614 426
617 426
618 427
619 427
619 426
615 427
615 428
616 428
619 428
620 429
621 430
618 429
615 416
621 429
620 431
614 425
610 427
610 428
602 418
621 431
613 427
613 428
614 428
616 427
617 428
609 424
601 420
601 421
531 361
590 410
589 411
589 412
590 411
591 375
582 406
582 407
602 421
508 377
594 380
527 390
500 373
614 395
560 424
519 386
518 387
606 391
511 382
510 383
571 433
572 398
591 411
523 356
523 357
564 394
583 407
624 408
575 403
576 368
522 397
595 381
501 374
587 377
587 378
525 402
525 403
553 384
524 357
597 427
503 383
589 423
589 424
617 405
609 401
588 378
628 414
627 415
627 416
601 397
620 410
620 411
526 403
586 417
518 399
578 413
598 391
598 390
598 389
550 351
590 387
496 380
569 364
542 347
542 348
515 393
561 360
602 398
621 411
507 389
508 354
499 385
499 386
560 401
519 363
579 414
511 359
511 360
571 410
572 375
590 423
563 406
563 407
591 388
564 371
583 384
543 348
529 413
575 380
575 381
521 409
594 393
500 386
532 418
532 419
533 383
552 396
551 397
551 398
552 397
512 360
553 361
585 430
504 356
564 407
605 408
624 421
597 404
576 381
616 417
522 410
608 413
608 414
568 377
514 406
533 419
574 420
534 384
553 397
526 380
545 393
546 358
586 394
586 393
518 376
518 377
577 425
577 426
537 389
538 354
557 367
530 350
530 351
503 396
617 418
549 363
609 414
515 370
601 410
506 401
507 366
567 417
499 362
499 363
586 430
559 413
578 426
551 409
579 391
598 404
530 386
570 422
531 351
571 387
550 364
590 400
563 383
563 384
582 396
582 397
529 390
548 403
508 367
635 408
540 399
500 363
627 404
627 405
560 414
519 376
532 395
593 411
552 373
572 388
612 424
564 384
604 420
583 397
624 398
556 380
615 429
615 430
616 394
522 387
541 400
514 383
533 396
573 432
534 361
552 409
525 392
525 393
553 374
526 357
502 359
544 405
545 370
586 407
605 421
537 366
537 367
597 417
616 430
503 373
617 395
589 413
589 414
636 408
495 369
495 370
609 391
555 420
628 404
601 387
601 388
620 400
547 416
506 378
506 379
566 429
526 393
567 394
546 371
558 425
559 390
538 367
578 403
579 368
598 381
570 399
570 400
530 363
549 376
631 415
590 377
496 370
536 406
582 373
582 374
515 383
561 350
602 388
507 379
527 357
499 375
600 427
519 353
560 391
579 404
551 422
571 400
612 401
572 365
591 378
563 396
564 361
583 374
510 390
556 357
556 358
529 403
575 370
615 406
548 416
521 399
522 364
540 412
541 377
513 395
513 396
513 397
627 417
532 408
533 373
552 386
593 424
553 351
525 369
525 370
544 382
585 420
545 347
605 398
491 376
624 411
556 393
596 429
597 394
616 407
576 371
575 372
502 385
502 386
589 390
589 391
522 400
608 403
608 404
568 367
514 396
555 397
534 374
574 410
566 406
526 370
545 383
558 402
546 348
586 384
518 366
577 415
577 416
537 379
578 380
538 344
557 357
503 386
549 353
609 404
622 423
622 424
515 360
507 356
567 407
559 403
560 368
578 416
619 417
551 399
551 400
579 381
598 394
570 412
611 413
571 377
590 390
517 406
563 373
582 386
509 402
509 403
528 415
529 380
508 357
548 393
520 411
520 412
521 376
581 427
540 389
541 354
532 385
532 386
593 401
552 363
584 432
584 433
572 378
612 414
544 359
544 360
585 397
604 410
564 374
623 423
510 403
596 406
596 407
556 370
615 419
521 412
522 377
562 413
541 390
554 409
514 373
533 386
573 422
573 423
574 387
534 351
553 364
525 382
565 418
565 419
526 347
544 395
585 433
545 360
605 411
537 356
618 430
618 431
577 392
577 393
597 407
638 408
589 403
503 363
495 359
555 410
574 423
547 406
506 368
566 419
539 402
607 420
567 384
558 415
559 416
586 397
559 380
578 393
551 376
570 389
571 390
570 390
517 383
631 405
496 360
536 396
528 392
528 393
507 369
520 388
520 389
548 370
634 410
635 411
634 411
540 366
581 404
600 417
560 381
619 430
551 412
592 413
592 414
611 426
612 391
584 409
563 386
603 422
603 423
604 387
550 416
623 400
510 380
569 429
529 393
615 396
615 397
521 389
561 425
561 426
522 354
540 402
541 367
513 385
513 386
532 398
533 363
573 399
573 400
552 376
593 414
525 359
525 360
544 372
585 410
604 423
605 388
624 401
597 384
543 413
556 367
502 375
616 397
589 380
589 381
562 426
535 409
608 393
554 422
514 386
555 387
574 400
547 383
526 360
566 396
567 361
558 392
586 374
577 405
578 370
524 399
570 366
570 367
503 376
516 395
516 396
622 413
622 414
621 415
536 373
547 419
588 420
567 397
539 415
580 416
599 429
599 430
559 393
600 394
560 358
551 389
619 407
579 371
611 403
571 367
517 396
590 380
603 399
603 400
563 363
536 409
509 392
509 393
510 357
528 405
527 406
569 406
529 370
520 401
521 402
521 366
581 417
541 344
513 362
513 363
600 430
593 391
552 353
498 382
612 404
585 387
544 349
544 350
531 416
604 400
490 378
510 393
623 413
556 360
596 396
522 367
562 403
513 398
512 399
554 399
554 400
514 363
573 412
574 377
565 408
565 409
566 373
512 402
626 424
545 350
577 382
577 383
618 420
618 421
523 411
523 412
597 397
610 416
610 417
576 423
555 400
547 396
587 432
587 433
566 409
567 374
539 392
607 410
586 387
559 370
599 406
599 407
578 383
505 399
524 412
570 379
516 408
517 373
509 369
509 370
528 382
529 347
588 433
548 360
520 378
520 379
580 429
581 394
540 356
600 407
532 352
532 353
619 420
592 403
611 416
584 399
584 400
498 359
603 412
510 370
550 406
569 419
529 383
542 402
561 415
561 416
521 379
562 380
541 357
532 388
573 389
573 390
533 353
614 427
593 404
565 385
525 349
606 423
606 424
605 425
585 400
626 401
572 430
637 410
543 403
629 406
629 407
562 416
535 399
554 412
595 413
555 377
574 390
566 386
539 369
539 370
558 382
505 376
610 429
524 389
516 385
516 386
630 407
536 363
622 403
568 432
568 433
528 359
528 360
588 410
607 423
539 405
580 406
580 407
559 383
599 419
560 348
561 348
562 348
563 347
564 348
565 349
566 350
564 347
563 349
563 350
564 350
566 349
567 348
566 347
567 347
567 350
568 351
569 350
569 349
565 351
566 352
568 352
568 353
569 352
570 353
570 352
571 351
572 352
573 353
572 351
571 353
574 353
572 353
564 349
567 349
570 354
570 355
571 355
563 351
573 354
573 355
574 355
575 355
576 354
575 356
575 357
576 357
577 356
578 357
578 356
579 355
578 354
579 354
579 357
577 358
577 359
578 359
579 360
580 360
580 359
581 358
581 360
582 360
583 360
584 360
585 361
586 361
586 360
576 356
579 356
582 361
582 362
583 363
584 363
585 364
585 363
584 365
583 362
513 387
575 358
586 362
587 363
588 364
588 363
587 365
578 358
579 359
582 364
581 359
584 364
585 365
566 351
577 360
567 352
588 365
589 366
589 367
590 366
590 365
590 364
590 363
591 364
591 363
591 366
592 367
592 366
593 365
593 367
594 368
595 367
595 366
594 369
595 369
596 370
597 371
597 370
596 372
595 373
598 369
598 368
599 370
600 371
598 367
600 370
599 372
600 373
601 374
601 373
602 374
603 373
604 374
604 373
605 374
603 375
603 376
604 376
602 373
601 375
601 376
602 376
593 366
604 375
544 356
605 376
606 377
607 376
608 377
609 378
610 377
611 377
612 378
609 377
612 377
608 379
611 379
610 380
611 380
612 380
613 380
614 381
615 382
615 383
616 383
614 380
572 354
613 382
613 383
614 383
616 382
617 381
617 383
618 384
619 383
609 379
612 379
615 384
615 385
597 372
616 385
589 368
589 369
607 375
607 374
600 372
619 385
620 386
618 386
621 386
622 387
623 387
623 386
624 387
625 387
626 388
626 387
625 389
625 390
584 429
626 390
624 386
623 388
622 389
622 390
623 391
626 389
622 391
592 368
591 369
592 369
611 381
610 382
610 383
603 377
603 378
593 369
604 378
596 374
614 382
606 378
606 379
604 407
625 391
625 392
624 385
624 384
513 369
595 368
626 392
627 393
627 392
628 392
629 393
630 393
631 392
630 391
631 391
631 393
629 394
629 395
630 396
630 395
632 394
632 395
633 395
610 384
629 397
607 378
580 361
579 362
580 362
518 363
599 374
569 351
581 362
565 353
564 353
617 382
628 391
628 390
628 389
620 387
619 388
620 388
618 388
602 375
621 388
613 384
613 385
591 365
583 361
594 370
593 371
594 371
592 371
614 385
576 358
595 371
568 354
568 355
568 356
627 394
627 395
605 375
624 388
616 384
608 380
608 381
608 382
617 385
609 381
626 399
626 398
628 394
601 377
601 378
579 358
598 371
571 354
590 367
582 363
602 378
572 355
564 351
583 364
594 373
630 394
619 384
631 395
593 368
612 381
604 377
623 390
596 373
615 386
614 387
627 397
574 354
605 378
597 374
589 370
543 397
608 383
607 384
567 351
586 364
578 360
570 356
571 357
570 357
600 384
538 371
546 413
619 397
592 380
592 381
538 409
611 393
517 386
557 422
563 353
603 389
602 390
603 390
601 390
600 391
549 418
509 382
508 383
529 360
579 408
569 396
561 392
561 393
602 430
521 356
581 407
540 369
527 399
593 381
498 372
625 413
625 414
585 377
591 418
590 417
591 417
592 416
531 406
604 390
550 419
591 420
542 415
543 380
562 393
535 376
554 389
594 425
555 354
501 383
574 367
547 350
547 351
565 398
566 363
512 392
626 414
558 359
577 372
618 410
504 388
504 389
523 401
523 402
610 406
610 407
524 366
535 412
576 413
555 390
595 426
568 409
568 410
547 386
587 422
587 423
588 387
567 364
539 382
607 400
534 416
558 395
599 396
599 397
559 360
505 389
551 356
524 402
557 399
517 363
536 376
622 416
623 417
621 417
624 417
509 359
509 360
528 372
588 423
548 350
520 368
581 384
621 420
540 346
600 397
611 406
584 389
530 418
530 419
531 383
550 396
590 432
510 360
569 409
542 392
543 357
561 405
562 370
508 399
554 366
527 412
573 379
500 395
614 417
519 408
565 375
565 376
586 381
606 413
606 414
511 404
511 405
625 426
626 391
531 419
522 356
572 420
618 387
591 433
564 416
523 378
523 379
543 393
583 429
629 396
535 389
575 425
575 426
574 427
573 426
572 427
571 426
586 359
586 358
587 357
588 357
589 357
589 356
590 355
519 380
589 354
590 354
590 353
591 354
603 406
592 354
593 353
593 355
594 356
595 357
582 416
593 354
592 356
592 357
593 357
595 356
588 353
587 353
586 354
504 373
585 353
584 353
584 352
585 351
584 350
583 350
582 350
582 349
581 348
580 347
509 367
502 382
541 404
586 350
579 347
623 384
499 359
578 346
579 345
578 344
577 346
579 344
581 347
546 398
580 349
580 350
569 413
581 350
591 353
520 408
583 349
584 348
583 347
584 346
608 410
594 358
594 359
576 346
575 346
575 345
576 344
595 359
596 360
596 359
597 358
598 357
597 360
587 355
597 359
508 404
507 405
506 404
508 406
586 349
586 348
593 409
541 351
537 416
536 415
579 346
509 377
598 359
502 360
599 360
600 360
601 361
602 361
627 424
551 351
582 351
535 394
522 379
582 352
583 352
533 370
593 356
585 352
502 392
503 392
596 361
596 362
577 347
577 348
576 349
575 348
574 349
573 424
597 362
598 362
599 362
589 358
588 359
586 352
578 348
599 361
581 349
600 362
601 363
601 364
602 364
603 363
604 364
604 363
605 362
604 361
605 360
605 361
510 369
508 361
605 364
603 365
500 358
501 357
613 404
604 366
602 363
605 363
601 365
614 379
603 411
566 403
604 365
605 366
606 367
605 368
606 366
607 366
608 367
608 366
609 367
610 368
567 369
544 379
611 367
612 368
523 386
612 367
611 369
610 370
606 369
605 370
575 382
608 368
608 369
609 369
611 368
612 369
613 370
614 371
615 370
616 371
616 370
617 371
615 372
615 373
577 377
616 373
614 370
617 370
506 395
571 407
613 372
573 364
605 377
616 372
619 414
617 373
618 374
618 373
619 373
619 372
619 371
619 370
540 409
570 364
615 374
616 375
582 383
618 375
618 376
610 371
610 372
610 373
606 376
607 365
607 364
607 363
619 375
620 376
620 375
621 374
621 376
622 377
622 378
623 379
624 379
622 379
526 387
625 379
626 380
627 381
627 380
628 380
629 380
628 379
548 420
627 382
628 383
629 383
627 383
629 382
630 383
630 382
623 378
626 379
629 384
629 385
628 386
630 385
592 358
611 371
592 404
584 354
584 355
583 356
582 355
581 356
603 367
593 359
592 360
566 408
585 355
574 345
573 345
572 346
572 347
571 345
570 345
573 344
577 350
577 351
576 352
575 351
574 351
621 375
614 372
606 368
625 381
624 381
623 382
622 381
621 381
580 381
595 358
587 354
610 374
588 355
607 368
589 433
622 431
623 432
623 431
575 367
624 430
608 405
614 420
623 429
624 429
586 402
596 423
559 375
561 410
562 409
624 432
625 433
625 432
539 364
570 416
626 433
626 432
528 409
531 381
625 434
624 431
540 419
580 351
579 352
584 357
546 350
551 406
617 372
609 368
628 381
620 377
620 378
619 379
618 378
598 358
602 365
513 402
621 378
591 355
583 351
575 347
594 360
575 383
574 384
615 420
576 348
626 434
518 379
517 380
627 384
626 385
605 365
576 345
597 361
616 374
608 370
608 371
607 372
586 351
578 347
609 371
579 348
598 361
590 357
582 353
572 345
509 405
575 350
630 384
622 380
600 361
619 374
611 370
603 366
593 358
612 371
585 354
604 367
623 380
596 363
595 364
596 364
615 376
616 377
616 378
616 379
574 344
577 349
597 364
589 360
588 361
577 422
545 390
555 367
595 403
501 396
587 399
587 400
547 363
566 376
539 359
539 360
538 361
607 377
512 405
597 368
553 406
558 372
599 373
504 401
578 350
505 366
524 379
497 362
497 363
503 402
502 401
502 400
587 361
570 346
553 404
553 403
554 402
571 374
630 397
631 398
632 399
633 398
634 397
634 398
632 397
635 398
636 398
637 399
637 398
638 399
639 400
639 401
639 402
639 403
640 401
641 402
641 401
639 404
638 405
530 380
573 407
574 406
574 405
641 403
637 400
637 401
516 375
515 376
576 426
604 371
617 427
536 353
528 349
528 350
588 400
607 413
592 430
593 429
593 428
592 427
591 427
590 427
517 368
518 368
589 426
588 427
592 426
580 396
580 397
581 361
600 374
546 403
619 387
592 370
538 399
611 383
584 366
585 367
584 367
583 368
584 369
583 370
534 358
557 412
530 395
603 379
603 380
602 381
602 382
548 390
549 408
550 373
569 386
529 350
561 382
602 420
562 347
613 429
613 430
527 389
614 394
573 356
573 357
560 423
519 385
633 407
565 352
498 362
625 403
625 404
531 396
511 379
571 432
550 409
591 410
542 405
583 406
543 370
562 383
535 366
535 367
534 368
554 379
594 415
594 416
614 430
501 373
574 357
606 426
605 427
530 360
606 388
565 388
566 353
626 404
552 418
512 382
558 349
572 433
504 378
504 379
610 396
513 405
524 356
516 352
516 353
515 354
515 355
515 356
514 353
576 403
595 416
568 399
568 400
588 377
548 387
539 372
534 406
607 390
580 373
580 374
579 375
578 375
553 419
559 350
599 386
526 402
545 415
505 379
537 411
557 389
517 353
549 385
569 363
601 432
515 392
561 359
580 409
579 410
581 374
621 410
613 406
613 407
612 408
613 409
612 410
527 366
589 388
546 416
593 398
593 397
572 356
538 412
579 413
625 380
530 408
598 426
531 373
549 421
550 386
590 422
542 382
582 418
582 419
581 420
582 421
582 422
581 423
514 368
580 419
579 420
553 402
574 407
584 351
543 347
562 360
535 343
535 344
534 345
533 345
532 346
531 347
566 424
526 410
551 383
562 355
580 348
508 389
554 356
527 402
500 385
614 407
519 398
565 365
606 403
625 416
511 394
511 395
510 396
510 397
512 359
626 381
572 410
618 377
504 355
591 423
523 368
523 369
523 370
523 371
524 372
525 373
524 373
525 372
579 378
579 377
564 406
583 419
629 386
556 402
556 403
555 404
575 415
574 416
575 417
593 430
535 379
534 380
533 379
524 351
576 380
594 428
595 393
555 357
625 408
626 408
627 407
522 409
568 376
501 386
587 389
586 390
585 391
587 390
534 381
588 354
533 418
607 367
512 395
553 396
558 362
557 363
525 414
524 415
525 415
523 414
522 415
599 363
518 406
599 364
504 391
505 391
506 391
507 391
569 432
505 356
545 392
524 369
557 366
576 416
617 417
536 343
622 383
621 384
541 359
542 360
541 361
617 380
568 412
567 413
619 431
518 373
609 413
588 390
534 419
620 422
619 423
618 424
617 424
616 423
609 411
586 400
542 344
620 423
618 423
621 387
581 351
526 415
600 364
518 411
518 412
517 413
516 413
515 412
515 411
515 410
514 409
513 409
512 409
511 410
597 369
511 411
512 412
510 409
535 351
539 409
612 386
628 397
552 380
555 417
559 387
512 411
536 413
521 369
510 411
500 360
562 408
512 413
588 362
515 413
513 408
546 393
586 429
632 396
611 373
612 374
612 375
613 374
538 389
578 425
584 356
557 402
598 403
530 385
531 350
550 363
569 376
542 359
515 405
561 372
602 410
621 423
507 401
508 366
527 379
499 397
500 398
500 399
628 395
499 398
613 419
612 420
611 420
610 420
609 420
579 353
610 419
573 346
500 362
614 384
633 397
560 413
519 375
606 380
606 381
605 382
573 348
572 349
571 349
579 426
585 357
511 371
511 372
510 373
511 374
512 375
512 376
599 420
513 375
509 372
508 373
507 372
506 371
522 362
574 385
625 393
625 394
531 386
562 410
571 422
572 387
591 400
563 418
562 419
561 418
550 411
613 371
563 419
563 423
564 423
564 383
582 431
581 432
580 431
579 431
578 430
577 429
576 430
617 411
577 428
514 403
583 396
543 360
535 356
575 392
574 393
575 393
576 355
593 373
562 421
508 402
554 369
553 370
552 370
594 405
594 406
593 407
608 365
595 370
541 399
574 347
501 363
587 366
587 367
512 372
552 408
553 373
572 423
571 424
544 404
504 368
504 369
577 352
564 419
610 386
609 387
600 410
599 410
598 410
597 410
596 410
595 410
596 409
599 409
524 346
523 347
617 392
617 391
617 390
553 371
533 368
623 420
523 346
618 390
619 391
620 391
620 390
605 420
556 415
624 433
629 392
575 428
574 429
576 393
616 429
617 394
636 407
608 425
608 426
568 389
587 402
588 367
628 403
607 380
534 396
580 363
580 364
579 365
553 409
526 392
545 405
518 388
518 389
517 390
537 401
538 366
557 379
530 362
617 430
609 426
575 359
575 360
574 361
573 360
572 361
596 401
597 400
598 400
517 411
623 402
569 353
496 369
515 382
601 422
601 423
602 387
561 349
581 364
507 378
621 400
567 429
527 356
613 396
613 397
612 398
611 398
559 425
519 352
579 403
551 421
530 398
570 434
598 416
624 390
531 363
571 399
590 412
591 377
542 372
582 408
582 409
583 373
602 423
562 350
548 415
508 379
594 382
594 383
500 375
614 397
573 359
540 411
519 388
511 384
511 385
522 372
572 400
627 389
564 396
523 358
522 359
583 409
624 410
556 392
575 405
576 370
595 383
522 399
568 366
541 412
587 379
514 395
542 354
543 353
543 352
543 354
600 359
600 358
601 357
602 356
614 402
614 401
627 412
603 355
601 355
603 354
603 353
602 352
601 351
602 351
552 416
619 402
616 387
601 353
526 367
575 362
604 353
605 352
604 351
555 362
605 351
606 350
572 358
605 349
607 351
541 349
557 417
609 384
540 406
605 354
606 354
572 395
572 394
572 393
612 405
607 354
608 354
609 355
560 385
564 424
609 354
610 353
608 356
608 357
609 357
610 358
528 399
605 405
563 357
611 357
632 414
564 381
564 380
564 379
544 389
554 361
594 400
615 371
610 401
611 356
612 355
585 359
612 357
606 398
542 367
521 394
522 393
523 392
564 388
531 391
610 359
610 360
607 353
555 372
600 350
599 350
502 370
599 349
599 348
605 389
600 348
598 347
597 348
596 347
595 347
598 430
594 347
560 375
594 346
593 345
615 404
592 375
593 375
592 344
591 344
597 347
593 344
596 349
596 350
597 350
606 355
574 399
592 346
591 346
611 359
606 356
540 414
606 357
513 392
510 400
506 380
507 381
506 382
505 383
595 346
588 372
512 364
511 363
510 364
575 420
576 420
552 413
590 358
537 406
579 393
609 356
601 352
598 346
598 345
548 410
523 396
598 344
602 353
566 391
594 348
594 349
612 356
544 399
605 353
597 349
570 374
608 358
608 359
609 359
598 349
590 345
589 344
589 346
589 345
600 349
524 360
611 358
593 346
612 359
613 360
599 424
614 360
615 360
616 361
616 360
617 359
616 358
617 358
617 361
618 361
594 357
556 387
619 361
620 361
627 400
573 397
506 373
542 410
607 422
619 360
619 359
619 358
615 362
616 363
628 407
551 396
528 367
617 360
615 361
509 374
616 362
619 362
620 363
620 364
621 364
550 418
553 414
541 368
618 363
618 364
617 365
617 366
619 363
522 360
621 363
518 386
568 361
556 407
557 406
620 365
620 366
621 367
622 367
622 366
586 433
623 366
624 367
625 367
626 366
627 366
532 380
626 365
626 367
627 368
537 373
597 379
613 368
614 368
522 384
522 383
523 382
522 381
571 383
572 382
519 370
621 366
519 350
594 377
595 377
575 386
576 387
594 354
595 354
519 349
504 392
575 410
505 402
570 406
594 423
501 381
501 380
500 379
608 398
501 358
510 362
568 394
623 365
623 364
552 348
555 405
623 363
624 362
625 363
587 347
588 348
560 384
571 397
624 364
604 385
561 367
601 404
602 404
624 366
622 368
622 369
572 425
511 367
512 366
513 366
528 385
557 384
599 391
570 404
569 403
601 384
554 416
604 352
585 417
604 355
597 391
623 368
596 351
595 352
594 351
615 364
614 364
613 363
612 362
528 354
529 354
613 362
597 424
588 415
597 352
597 353
589 348
605 358
577 410
504 372
625 368
620 382
619 381
625 369
532 370
575 377
591 373
590 372
626 369
618 365
543 398
610 361
610 362
609 363
607 355
524 384
599 351
599 352
600 352
611 361
603 357
624 413
621 365
590 360
613 361
614 362
606 358
595 348
588 345
587 345
586 345
602 391
602 392
603 393
604 392
534 379
602 394
580 411
558 397
559 397
560 397
608 400
619 378
587 344
511 362
530 353
606 348
605 347
606 346
606 345
605 344
606 343
606 344
604 343
603 343
603 342
623 407
615 426
607 343
608 343
608 344
576 360
609 345
610 344
611 344
612 343
612 345
609 344
573 430
612 344
517 408
605 413
608 346
616 424
609 347
610 347
617 413
539 410
611 347
563 380
611 346
612 347
613 348
613 347
612 421
614 348
615 347
616 348
579 429
621 362
617 348
577 353
604 394
560 408
593 396
605 394
618 358
574 395
522 407
523 406
524 405
536 368
522 406
560 418
628 411
551 419
628 410
601 394
559 351
582 371
577 400
546 360
615 349
615 350
614 351
613 350
506 385
616 350
577 345
529 395
581 412
581 369
581 368
581 367
498 357
615 352
588 405
545 397
571 428
582 402
581 401
583 403
571 416
572 415
573 414
526 361
546 355
497 357
572 350
615 378
546 354
592 433
552 393
613 349
566 348
577 355
552 368
582 347
605 403
604 402
594 361
525 366
564 391
576 350
614 350
549 381
572 348
616 349
617 350
618 351
560 409
619 350
620 351
621 352
626 394
504 361
621 351
619 421
620 353
620 354
591 415
623 418
621 354
622 354
623 354
624 354
583 348
526 354
630 412
630 411
630 410
559 385
555 393
510 395
621 353
530 368
531 367
532 366
536 380
609 346
620 355
620 356
582 413
583 413
602 343
601 343
600 343
616 359
601 342
613 352
612 352
603 382
612 346
618 405
604 342
605 341
606 341
607 340
607 341
623 355
622 356
622 357
623 358
624 358
623 403
618 403
573 383
625 357
623 356
625 356
626 357
533 357
532 357
531 357
565 348
551 405
614 418
536 403
551 374
539 344
625 359
624 360
623 360
615 351
605 343
624 356
616 352
608 348
609 349
610 350
609 351
610 349
616 419
622 358
619 352
618 353
611 348
603 344
603 345
602 346
602 347
601 345
527 394
579 398
507 371
521 373
548 377
563 368
504 386
612 349
604 345
614 349
625 358
626 359
627 360
626 361
627 359
635 404
627 362
628 363
628 364
605 415
610 351
533 391
622 385
607 345
525 405
617 349
602 342
621 355
613 351
614 352
624 365
617 362
609 358
601 354
620 367
619 368
537 369
536 370
598 348
590 344
591 380
602 355
506 381
613 364
612 365
611 365
610 365
579 417
570 402
571 402
572 403
572 404
564 402
591 345
594 350
558 405
559 406
627 361
605 342
514 357
624 355
616 351
608 347
617 352
609 348
601 344
620 357
602 345
512 386
612 358
604 354
623 367
528 395
527 396
615 363
612 396
522 389
532 365
584 412
585 413
586 413
587 413
605 355
624 368
606 352
597 351
616 364
589 347
608 360
608 361
522 403
521 404
587 384
573 402
590 347
591 348
592 348
627 399
603 402
602 402
601 401
600 400
506 388
601 400
513 365
619 351
612 348
604 344
623 357
615 353
614 354
614 355
614 356
614 357
614 358
568 346
568 345
615 354
616 355
616 356
544 365
543 364
544 363
543 362
596 413
574 417
582 380
583 380
584 380
585 379
587 349
588 350
588 351
544 362
540 350
539 350
538 349
540 359
627 364
584 402
626 368
605 345
596 376
597 377
598 377
599 377
539 407
616 354
608 350
523 391
629 409
622 370
621 371
506 383
622 371
623 372
624 371
587 412
600 351
619 364
592 347
611 360
603 356
600 354
599 354
598 355
597 355
593 348
612 361
584 379
585 344
584 344
583 344
582 344
581 344
595 399
604 357
596 353
589 350
590 351
591 351
592 351
619 412
494 379
547 353
539 349
626 358
618 354
618 355
618 356
607 344
523 381
622 360
599 376
619 354
611 350
603 346
520 348
521 347
614 361
604 347
606 393
618 367
617 368
616 368
610 363
588 344
533 408
607 357
552 421
553 386
525 404
526 369
599 353
544 417
546 347
516 355
597 429
557 356
503 385
589 425
617 407
549 352
609 403
628 416
515 359
601 399
620 412
580 376
506 390
621 377
526 405
567 406
613 373
586 419
592 350
537 414
578 415
538 379
579 380
530 375
598 393
549 388
550 353
590 389
536 418
569 366
596 403
542 349
582 385
515 395
602 400
561 362
508 356
527 369
499 387
498 388
568 370
569 370
570 370
523 384
584 425
588 382
498 389
499 390
500 389
501 390
509 365
517 403
517 402
530 345
557 397
550 378
570 407
594 410
570 369
518 401
614 374
560 403
519 365
609 364
606 370
579 416
625 383
511 361
571 412
572 377
590 425
563 408
591 390
564 373
623 422
583 386
510 402
543 350
556 369
529 415
535 346
536 347
537 346
576 347
521 411
594 395
595 360
522 376
541 389
513 407
590 430
587 356
532 420
531 421
582 359
582 404
519 411
519 366
628 366
533 385
512 362
552 398
525 381
553 363
504 358
505 359
506 359
506 358
585 432
544 394
545 359
605 410
610 376
548 361
624 423
556 405
597 406
576 383
502 397
502 398
613 378
516 403
617 384
522 412
608 415
608 416
607 417
568 379
609 380
514 408
628 393
533 421
533 422
534 423
533 424
532 424
562 385
534 386
574 422
620 389
580 353
526 382
566 418
599 366
600 367
600 368
518 370
601 367
545 395
518 378
586 396
577 427
537 391
578 392
538 356
557 369
598 370
530 352
503 398
549 365
609 416
496 359
601 412
515 372
602 377
506 403
621 390
507 368
567 419
514 377
527 346
499 364
500 365
499 366
586 423
498 366
497 366
544 373
499 365
497 365
613 386
586 432
559 415
560 380
578 428
606 347
617 377
551 411
619 429
625 360
598 406
570 424
571 389
531 353
590 402
563 385
591 367
542 362
582 398
581 399
529 392
508 369
548 405
594 372
635 410
521 388
540 401
627 406
541 366
532 397
606 383
593 413
552 375
612 426
572 390
618 357
544 371
604 422
564 386
523 348
605 387
556 382
624 400
596 418
596 419
595 420
594 420
593 420
548 411
575 395
576 396
576 397
577 395
578 395
564 389
616 396
562 425
608 392
541 402
514 385
587 369
533 398
534 363
607 347
617 378
525 394
553 376
526 359
599 343
619 398
544 407
545 372
518 355
518 356
517 357
605 423
537 368
597 419
503 375
617 397
589 415
608 428
495 371
494 372
495 373
495 372
494 374
493 375
493 376
608 355
521 374
609 393
628 406
555 422
601 389
602 354
547 418
620 402
567 396
539 414
586 409
518 391
519 392
520 392
521 391
520 391
559 392
538 369
578 405
579 370
551 388
530 365
570 401
598 383
571 366
590 379
517 395
496 372
536 408
582 375
582 376
582 377
581 378
584 424
561 352
528 404
548 382
527 359
499 377
500 377
501 377
502 378
540 378
605 401
519 355
560 393
600 429
606 360
551 424
592 425
572 367
612 403
563 398
564 363
604 399
623 412
583 376
510 392
538 362
556 359
529 405
615 408
616 409
615 410
615 411
599 367
615 409
521 401
522 366
595 350
541 379
627 419
587 346
514 362
532 410
533 375
593 426
552 388
573 350
525 371
545 365
553 353
585 422
544 384
586 389
545 349
491 378
605 400
537 345
596 431
597 396
502 387
502 388
617 374
589 392
588 393
588 394
626 426
589 393
590 394
591 394
535 349
592 393
568 369
609 370
514 398
515 398
515 399
516 398
555 399
601 366
534 376
574 412
587 362
620 379
547 395
506 357
526 372
567 373
586 386
558 404
537 381
577 417
577 418
538 346
578 382
557 359
524 411
570 378
598 360
503 388
549 355
590 356
631 394
622 425
623 426
623 427
529 374
622 426
621 427
536 385
515 362
601 402
602 367
588 432
621 380
507 358
634 399
635 400
634 401
633 401
634 400
567 409
613 376
559 405
560 370
600 406
551 401
579 383
619 419
570 414
611 415
571 379
590 392
591 357
563 375
509 404
583 353
623 389
529 382
531 378
575 349
520 413
519 414
519 415
548 396
548 395
594 362
593 363
521 378
540 391
581 429
513 374
627 396
541 356
532 387
533 352
593 403
552 365
584 434
585 435
586 435
586 436
585 437
502 356
587 435
612 416
585 399
544 361
564 377
604 412
564 376
610 343
610 342
609 341
510 405
623 425
556 372
596 408
597 373
615 421
614 422
502 364
502 365
502 366
543 402
616 386
617 351
562 415
513 410
514 375
554 411
533 388
574 389
534 353
565 420
565 421
566 422
567 422
568 423
568 422
525 384
526 384
553 366
566 385
526 349
545 362
586 363
577 394
537 358
597 409
617 387
589 405
503 365
630 406
609 383
555 412
601 379
602 344
547 408
506 370
620 392
621 393
621 394
571 348
622 393
623 394
621 357
566 421
567 386
539 404
613 353
558 417
586 399
559 382
599 418
619 396
551 378
598 373
530 355
531 355
532 355
533 355
570 391
571 356
517 385
631 407
590 369
563 352
580 423
536 398
496 362
582 365
509 381
528 394
529 359
520 390
548 372
634 412
499 367
540 368
581 406
560 383
600 419
532 364
592 415
593 380
611 428
612 393
609 352
584 411
498 371
572 357
551 357
552 358
563 388
603 424
603 425
602 426
602 427
522 394
604 389
604 391
583 366
510 382
556 349
556 348
556 347
596 385
596 386
595 387
569 431
615 398
614 399
615 399
562 392
541 369
627 409
595 397
532 400
533 365
573 401
552 378
593 416
525 361
565 397
585 412
626 413
605 390
596 421
597 386
502 377
616 399
617 400
617 401
533 403
618 400
617 364
589 382
590 383
591 384
592 384
593 385
592 383
594 385
608 395
494 373
609 360
601 356
574 402
620 369
566 398
526 362
526 363
527 363
528 362
586 376
518 358
519 359
520 358
578 372
505 388
524 401
598 350
570 368
516 397
590 346
495 374
496 375
497 376
605 428
496 376
497 375
622 415
602 357
588 422
548 349
580 418
599 431
599 432
598 433
620 384
600 396
551 391
579 373
619 409
592 392
611 405
571 369
572 370
573 371
531 410
573 369
612 370
517 398
566 346
565 345
563 365
572 411
603 401
591 347
509 394
582 378
510 359
528 407
571 346
569 408
615 375
520 403
561 404
521 368
594 352
581 419
513 364
541 346
627 386
527 411
592 428
593 393
612 406
498 384
497 385
497 386
625 425
585 389
544 351
545 352
531 418
605 367
624 380
596 398
597 363
616 376
589 359
522 369
562 405
608 372
554 401
514 365
515 366
586 388
516 365
534 343
533 343
532 343
532 342
594 398
533 342
574 379
501 395
565 410
565 411
564 412
565 413
564 413
608 408
572 424
525 374
566 375
512 404
586 353
537 348
577 384
578 385
539 395
523 380
504 400
618 422
578 349
523 413
524 378
638 400
610 418
589 395
503 355
576 425
622 392
555 402
568 421
601 369
602 370
602 371
603 369
506 360
547 398
548 398
548 399
561 409
549 398
587 434
588 399
567 376
607 412
613 343
614 344
615 345
597 357
498 376
625 406
559 371
615 343
616 342
558 407
599 408
505 401
619 386
579 350
524 414
611 382
516 410
557 411
517 375
590 359
631 397
622 428
509 371
528 384
529 349
588 435
634 402
520 380
548 362
540 358
581 396
627 363
600 409
532 354
592 405
593 370
611 418
584 401
612 383
498 361
585 366
604 379
623 392
550 408
510 372
624 357
596 375
569 421
615 388
614 389
616 353
561 417
521 381
520 382
519 382
608 349
513 377
573 391
614 429
574 356
525 351
526 351
606 425
585 402
626 403
572 432
618 399
577 361
577 362
577 363
576 364
523 390
597 376
502 367
589 372
617 354
629 408
608 385
609 350
595 415
601 346
574 392
587 411
620 359
607 389
539 371
567 353
586 366
577 397
505 378
588 356
578 362
524 391
570 358
497 374
516 387
515 388
515 389
540 395
630 409
517 352
536 365
528 361
588 412
520 357
607 425
580 408
581 373
599 421
600 386
619 399
592 382
593 347
611 395
612 360
584 378
557 424
517 388
603 391
604 356
509 384
623 369
596 352
569 398
529 362
615 365
614 366
615 366
520 393
521 358
561 394
561 395
581 409
540 371
513 354
512 354
527 401
532 367
573 368
614 406
519 397
593 383
498 374
584 414
625 415
605 357
596 388
591 422
616 366
583 418
589 349
562 395
608 362
594 427
554 391
573 404
501 385
574 369
547 352
539 348
626 416
512 394
618 412
577 374
576 374
504 390
523 403
524 368
610 408
516 364
630 386
631 387
630 388
630 389
576 415
622 382
536 342
595 428
568 411
587 424
588 389
607 402
534 418
580 385
580 386
579 387
578 387
526 414
599 398
600 363
551 358
619 376
592 359
497 387
611 372
516 400
517 365
557 401
603 368
549 397
582 345
509 361
615 342
520 370
548 352
515 404
580 421
540 348
621 422
581 386
600 399
532 344
613 418
592 395
593 360
633 396
584 391
579 425
612 373
585 356
530 420
529 421
529 422
582 381
565 380
603 404
531 385
604 369
550 398
590 434
596 365
569 411
582 430
616 343
617 344
617 345
618 346
589 364
543 359
561 407
508 401
527 414
614 419
500 397
573 381
574 346
519 410
606 415
565 377
566 378
511 406
510 407
511 407
625 428
626 428
541 362
512 371
626 393
572 422
618 389
564 418
637 402
610 385
583 431
589 362
556 414
629 398
575 427
576 392
622 359
595 405
501 398
587 401
588 366
539 361
607 379
512 407
553 408
599 375
504 403
505 368
578 352
619 353
524 381
610 421
497 364
570 348
611 349
516 377
630 399
576 428
622 395
617 429
536 355
568 424
609 425
528 351
588 402
580 398
581 363
599 411
600 376
632 408
632 409
632 410
632 411
592 372
611 385
584 368
612 350
557 414
598 415
603 381
604 346
623 359
569 388
615 355
521 348
602 422
562 349
508 378
527 391
614 396
573 358
633 409
519 387
560 425
565 354
565 355
566 356
606 392
585 369
511 383
625 405
571 434
572 399
618 366
591 412
597 343
596 343
595 344
583 408
608 352
575 404
535 368
594 417
593 418
594 418
595 382
574 359
501 375
606 428
566 355
607 356
512 384
626 406
618 402
504 380
577 364
523 393
524 358
610 398
629 411
516 354
576 405
622 372
595 418
568 401
587 414
588 379
628 415
607 392
580 375
526 404
599 388
600 353
518 400
619 366
592 349
497 377
611 362
584 345
517 355
603 358
603 359
520 360
515 394
602 399
581 376
507 390
621 412
613 408
614 373
593 350
579 415
584 381
625 382
585 346
564 346
598 428
571 411
604 359
590 424
596 355
591 389
582 420
543 349
561 397
535 345
508 391
594 394
527 404
614 409
500 387
519 400
606 405
511 396
625 418
626 383
512 361
572 412
504 357
618 379
591 425
564 408
610 375
583 421
624 422
556 404
629 388
576 382
594 430
522 411
595 395
501 388
587 391
514 407
547 355
533 420
539 351
607 369
580 352
553 398
599 365
504 393
505 358
546 359
516 367
617 419
536 345
503 397
568 414
609 415
601 411
534 421
620 424
580 388
581 388
582 389
582 388
506 402
621 389
581 353
567 418
600 366
640 402
518 413
586 431
632 398
592 362
578 427
584 358
557 404
570 423
603 371
598 405
531 352
549 400
590 401
542 361
515 407
602 412
621 425
507 403
508 368
527 381
613 421
614 386
500 364
633 399
560 415
519 377
606 382
579 428
511 373
625 395
626 360
572 389
591 402
563 420
564 385
610 352
582 433
583 398
575 394
535 358
576 359
594 407
595 372
501 365
541 401
587 368
607 346
512 374
599 342
504 370
564 421
605 422
610 388
524 348
556 417
597 418
616 431
576 395
617 396
622 362
636 409
608 427
568 391
628 405
588 369
620 401
580 365
566 430
526 394
599 378
619 356
586 408
518 390
538 368
611 352
557 381
598 382
530 364
603 348
603 349
609 428
530 367
496 371
569 355
601 424
515 384
602 389
561 351
621 402
507 380
567 431
527 358
613 398
499 376
614 363
560 392
519 354
606 359
579 405
598 418
571 401
531 365
572 366
590 414
591 379
563 397
596 345
582 410
583 375
562 352
575 371
508 381
594 384
554 348
595 349
627 418
565 357
606 395
511 386
593 425
572 402
618 369
564 398
523 360
583 411
556 394
624 412
596 430
575 407
576 407
577 408
577 407
576 372
616 408
595 385
522 401
568 368
514 397
587 381
628 382
588 346
607 359
539 341
525 406
599 355
526 371
544 419
518 367
546 349
537 380
538 345
597 431
557 358
589 427
617 409
503 387
549 354
609 405
628 418
515 361
602 366
506 392
507 393
506 393
620 414
507 357
621 379
526 407
567 408
613 375
586 421
506 369
518 403
534 388
592 352
559 404
538 381
578 417
579 382
518 380
598 395
570 413
530 377
571 378
550 355
590 391
591 356
542 351
582 387
561 364
528 416
548 394
508 358
635 399
527 371
499 389
614 376
519 367
560 405
606 372
579 418
625 385
588 411
571 414
572 379
612 415
591 392
563 410
564 375
582 423
510 404
583 388
623 424
556 371
624 389
529 417
575 384
535 348
594 397
521 413
522 378
595 362
541 391
587 358
514 374
532 422
533 387
534 352
552 400
525 383
639 405
640 406
640 407
641 408
640 409
553 365
585 434
504 360
544 396
545 361
605 412
537 357
624 425
597 408
502 399
616 421
503 364
622 352
617 386
589 404
522 414
568 381
608 417
636 399
609 382
514 410
555 411
574 424
580 355
621 356
566 420
567 385
558 416
586 398
546 362
537 393
538 358
611 342
578 394
557 371
530 354
598 372
503 400
549 367
590 368
496 361
569 345
601 414
602 414
603 374
513 378
603 414
515 374
602 379
506 405
507 370
621 392
567 421
613 388
527 348
614 353
559 417
560 382
606 349
551 413
579 395
625 362
570 426
571 391
611 427
590 404
505 380
563 387
564 352
582 400
510 381
583 365
529 394
575 361
548 407
635 412
594 374
521 390
540 403
500 367
627 408
532 399
533 364
593 415
552 377
552 369
612 428
585 411
618 359
604 424
523 350
610 355
587 371
571 358
596 420
556 384
573 392
624 402
597 385
502 376
576 362
581 433
616 398
563 400
564 400
565 400
566 401
617 363
522 391
608 394
568 358
514 387
554 423
554 424
533 400
574 401
607 349
534 365
620 368
553 378
525 396
599 345
545 374
586 375
518 357
577 406
537 370
597 421
557 348
503 377
617 399
589 417
608 430
609 395
555 424
601 391
547 420
620 404
621 369
567 398
539 416
613 365
586 411
559 394
560 359
578 407
579 372
551 390
570 403
598 385
571 368
517 397
590 381
563 364
536 410
496 374
542 341
528 406
529 386
529 371
520 402
548 384
499 379
581 418
540 380
613 355
627 385
600 431
519 357
560 395
606 362
567 388
532 376
552 354
593 392
572 369
584 423
534 377
498 383
564 365
604 401
510 394
583 378
623 414
596 397
556 361
529 407
575 374
541 380
521 403
522 368
540 416
513 399
627 421
541 381
587 348
514 364
532 412
573 413
533 377
534 342
552 390
585 424
544 386
545 351
605 402
537 347
597 398
616 411
502 389
617 376
573 352
589 394
608 407
609 372
628 385
555 401
601 368
574 414
620 381
547 397
566 410
526 374
507 395
539 393
567 375
534 367
613 342
546 352
558 406
577 419
538 348
578 384
579 349
524 413
570 380
530 344
516 409
549 357
631 396
536 387
622 427
582 354
515 364
602 369
528 383
588 434
507 360
580 430
614 343
559 407
560 372
600 408
579 385
551 403
529 384
611 417
571 381
612 382
517 410
591 359
603 413
563 377
509 406
582 390
583 355
510 371
569 420
615 387
548 397
520 415
635 402
594 364
521 380
540 393
581 431
513 376
627 398
541 358
532 389
533 354
552 367
593 405
525 350
612 418
585 401
604 414
605 379
624 392
556 374
597 375
615 423
616 388
543 404
617 353
589 371
562 417
568 348
608 384
554 413
555 378
574 391
534 355
620 358
525 386
565 422
566 387
545 364
558 383
586 365
577 396
537 360
578 361
524 390
604 413
610 430
589 407
503 367
630 408
609 385
622 404
623 405
622 405
555 414
601 381
506 372
547 410
621 359
607 424
539 406
558 419
559 384
560 349
578 397
551 380
570 393
598 375
611 394
631 409
517 387
590 371
563 354
536 400
509 383
582 367
528 396
529 361
634 414
521 357
581 408
540 370
600 421
592 417
624 369
623 404
593 382
611 430
584 413
498 373
612 395
572 359
585 378
603 426
564 355
605 356
510 384
550 420
596 387
556 351
569 433
615 400
542 416
575 364
616 365
521 393
562 394
522 358
541 371
513 389
554 390
514 354
533 367
573 403
574 368
508 407
507 408
508 408
506 409
507 409
508 409
565 399
525 363
544 376
585 414
626 415
605 392
577 373
618 411
597 388
543 417
624 382
620 416
573 351
597 365
502 379
589 384
608 397
535 413
494 375
609 362
555 391
595 427
601 358
574 404
620 371
566 400
607 401
567 365
558 396
586 378
518 360
559 361
577 409
505 390
578 374
524 403
598 352
516 399
590 348
517 364
622 417
528 373
588 424
548 351
520 369
580 420
540 347
581 385
599 433
560 362
600 398
551 393
550 397
619 411
507 362
592 394
571 371
611 407
612 372
584 390
517 400
563 367
603 403
604 368
509 396
623 381
583 345
510 361
569 410
615 377
520 405
521 370
561 406
581 421
627 388
541 348
527 413
532 379
573 380
533 344
593 395
552 357
498 386
584 426
625 427
544 353
531 420
604 404
605 369
596 400
543 394
589 361
562 407
608 374
554 403
514 367
555 368
573 416
574 381
501 397
565 412
566 377
512 406
558 373
586 355
577 386
504 402
578 351
523 415
638 402
524 380
567 424
570 347
503 357
630 398
516 376
576 427
622 394
536 354
641 407
601 371
587 436
547 400
506 362
588 401
607 414
539 396
567 378
613 345
559 374
600 375
505 403
546 404
551 370
536 399
570 383
611 384
516 412
557 413
631 399
517 377
536 390
549 409
509 373
582 357
528 386
529 351
569 387
548 364
634 404
581 398
540 360
627 365
600 411
539 354
532 356
531 397
592 407
593 372
633 408
498 363
584 403
612 385
585 368
543 371
603 416
604 381
605 346
510 374
550 410
596 377
624 359
569 423
542 406
615 390
561 419
560 420
522 348
562 384
499 368
608 351
513 379
554 380
573 393
574 358
606 427
525 353
565 389
566 354
620 403
512 383
626 405
618 401
597 378
610 397
502 369
543 407
629 410
589 374
535 403
576 404
595 417
555 381
601 348
547 377
566 390
539 373
567 355
607 391
553 420
558 386
599 387
578 364
545 416
619 365
513 411
524 393
598 342
570 360
516 389
517 354
622 407
536 367
528 363
588 414
520 359
580 410
581 375
599 423
600 388
546 417
619 401
593 349
611 397
538 413
585 345
598 407
598 427
530 409
604 358
509 386
550 387
623 371
596 354
529 364
569 400
615 367
521 360
561 396
562 361
586 420
508 390
513 356
527 403
532 369
573 370
614 408
519 399
606 404
565 366
585 381
625 417
544 343
544 342
544 341
545 340
544 340
545 341
626 382
605 359
591 424
595 394
596 390
555 358
542 419
583 420
589 351
629 387
562 397
575 416
535 380
608 364
554 393
594 429
501 387
574 371
547 354
550 354
542 350
565 402
566 367
626 418
512 396
558 363
618 414
577 376
505 357
523 405
610 410
524 370
516 366
576 417
536 344
622 384
595 430
568 413
587 426
629 400
588 391
534 420
539 386
607 404
580 387
581 352
599 400
600 365
505 393
551 360
546 394
592 361
538 390
611 374
557 403
517 367
603 370
549 399
509 363
528 376
569 377
615 344
515 406
520 372
561 373
602 411
507 402
621 424
527 380
613 420
573 347
592 397
593 362
584 393
579 427
585 358
530 422
531 387
571 423
550 400
591 401
596 367
582 432
542 396
616 345
543 361
562 374
608 341
535 357
508 403
554 370
614 421
574 348
501 364
519 412
565 379
606 417
511 408
625 430
626 395
512 373
618 391
564 420
637 404
610 387
524 347
583 433
582 412
556 416
535 393
575 429
576 394
622 361
595 407
568 390
554 350
501 400
547 367
587 403
588 368
539 363
607 381
534 397
558 376
553 410
600 342
505 370
545 406
619 355
524 383
570 350
537 402
611 351
516 379
557 380
603 347
536 357
622 397
617 431
568 426
528 353
609 427
569 354
588 404
520 349
580 400
621 401
581 365
567 430
600 378
546 407
592 374
538 403
584 370
557 416
598 417
603 383
530 399
531 364
604 348
549 412
623 361
590 413
550 377
596 344
569 390
615 357
542 373
602 424
561 386
562 351
508 380
527 393
500 376
614 398
519 389
633 411
606 394
565 356
625 407
531 400
572 401
618 368
591 414
597 345
564 397
523 359
610 364
583 410
543 374
575 406
535 370
594 419
554 383
555 348
595 384
541 413
587 380
533 409
566 357
607 358
539 340
552 422
558 353
553 387
544 418
504 382
618 404
523 395
610 400
516 356
597 430
617 408
622 374
568 403
587 416
588 381
628 417
534 410
607 394
620 413
580 377
553 423
526 406
599 390
600 355
583 357
545 419
518 402
546 384
497 379
537 415
611 364
538 380
584 347
557 393
603 360
530 376
549 389
569 367
515 396
602 401
561 363
507 392
621 414
613 410
527 370
499 388
614 375
593 352
560 404
606 371
585 348
625 384
530 412
571 413
531 377
550 390
590 426
563 409
591 391
596 357
583 387
543 351
529 416
562 364
535 347
508 393
594 396
554 360
595 361
614 411
519 402
532 421
565 369
606 407
511 398
512 363
552 399
572 414
504 359
618 381
523 372
564 410
583 423
624 424
629 390
556 406
575 419
616 420
576 384
522 413
568 380
587 393
588 358
607 371
539 353
580 354
553 400
526 383
505 360
545 396
546 361
537 392
538 357
557 370
503 399
617 421
609 417
582 356
553 377
601 413
515 373
620 426
581 355
621 391
567 420
640 404
613 387
527 347
525 395
546 397
518 372
621 368
592 364
632 400
578 429
538 393
612 342
579 394
625 361
530 389
570 425
531 354
549 402
590 403
591 368
582 399
542 363
515 409
561 376
548 406
508 370
613 423
527 383
614 388
500 366
519 379
560 417
606 384
565 346
579 430
625 397
511 375
626 362
612 427
572 391
563 422
591 404
564 387
523 349
610 354
583 400
556 383
575 396
535 360
576 361
594 409
595 374
522 390
568 357
541 403
501 367
587 370
533 399
607 348
534 364
552 412
599 344
544 408
605 424
524 350
556 419
597 420
557 347
622 364
617 398
589 416
568 393
608 429
636 411
609 394
555 423
588 371
534 400
580 367
526 396
600 345
545 409
518 392
586 410
537 405
578 406
538 370
514 378
611 354
557 383
598 384
603 350
530 366
609 430
569 357
496 373
542 340
601 426
515 386
561 353
621 404
507 382
499 378
613 400
527 360
614 365
632 413
567 377
519 356
560 394
606 361
579 407
598 420
571 403
572 368
590 416
591 381
563 399
564 364
543 341
583 377
529 406
575 373
548 419
594 386
595 351
540 415
627 420
532 411
492 375
511 388
593 427
552 389
514 391
540 392
553 354
585 423
618 371
544 385
523 362
610 367
556 396
596 432
624 414
575 409
616 410
617 375
608 406
541 416
514 399
587 383
628 384
533 412
574 413
607 361
580 344
620 380
525 408
553 390
599 357
526 373
545 386
546 351
518 369
537 382
538 347
557 360
530 343
503 389
589 429
549 356
609 407
515 363
601 403
602 368
506 394
507 359
581 345
567 410
613 377
518 405
614 342
560 371
578 419
551 402
579 384
530 379
598 397
570 415
531 344
571 380
517 409
590 393
550 357
591 358
563 376
542 353
583 354
508 360
520 414
635 401
594 363
581 430
614 378
519 369
560 407
606 374
511 365
552 366
612 417
572 381
618 348
619 348
563 412
583 390
510 406
624 391
556 373
529 419
615 422
576 351
521 415
522 380
568 347
627 433
628 434
628 435
576 429
541 393
514 376
587 360
533 389
573 425
534 354
552 402
553 367
525 385
639 407
526 350
585 436
544 398
545 363
605 414
537 359
624 427
617 388
503 366
589 406
636 401
608 419
514 412
555 413
601 380
574 426
547 409
620 393
580 357
621 358
526 386
567 387
613 354
558 418
518 382
546 364
577 431
578 396
538 360
579 361
570 392
530 356
598 374
549 369
590 370
631 408
569 347
496 363
582 366
601 416
506 407
634 413
548 373
567 423
613 390
527 350
559 419
600 420
606 351
551 415
579 397
625 364
570 428
571 393
611 429
612 394
591 371
563 389
564 354
583 367
556 350
529 396
575 363
548 409
594 376
521 392
522 357
540 405
627 410
541 370
513 388
532 401
533 366
593 417
552 379
525 362
612 430
544 375
604 426
610 357
605 391
556 386
596 422
624 404
597 387
616 400
543 416
589 383
568 360
608 396
609 361
514 389
574 403
620 370
525 398
599 347
566 399
545 376
586 377
518 359
537 372
578 373
597 423
557 350
598 351
589 419
503 379
609 397
495 375
601 393
515 353
602 358
506 384
567 400
539 418
613 367
559 396
560 361
578 409
619 410
551 392
579 374
598 387
570 405
571 370
517 399
563 366
536 412
509 395
542 343
582 379
528 408
529 373
548 386
520 404
594 353
540 382
541 347
627 387
606 364
532 378
592 429
511 355
593 394
552 356
572 371
498 385
612 407
585 390
544 352
604 403
623 416
596 399
556 363
529 409
575 376
615 412
521 405
522 370
562 406
608 373
541 383
513 401
514 366
587 350
532 414
573 415
534 344
574 380
553 357
525 375
544 388
585 426
545 353
626 427
605 404
577 385
537 349
638 401
502 391
503 356
589 396
608 409
609 374
628 387
555 403
601 370
547 399
506 361
620 383
566 412
613 344
558 408
559 373
577 421
578 386
538 350
579 351
551 369
570 382
598 364
530 346
571 347
516 411
517 376
536 389
622 429
642 407
548 363
520 381
634 403
499 358
614 345
581 397
560 374
592 406
611 419
612 384
517 412
591 361
603 415
563 379
604 380
509 408
623 393
528 421
527 421
569 422
615 389
575 353
521 382
594 366
522 347
541 360
532 391
533 356
525 352
585 403
604 416
605 381
596 412
624 394
616 390
502 368
589 373
617 355
568 350
608 386
514 379
601 347
573 428
534 357
620 360
565 424
526 353
567 354
586 367
537 362
577 398
578 363
524 392
570 359
503 369
516 388
622 406
536 366
601 383
602 348
506 374
621 361
588 413
539 408
607 426
613 357
558 421
599 422
600 387
619 400
579 364
570 395
611 396
571 360
590 373
631 411
517 389
557 425
603 392
509 385
582 369
623 370
528 398
569 399
529 363
520 394
521 359
540 372
581 410
513 355
600 423
532 368
592 419
593 384
498 375
584 415
612 397
585 380
603 428
604 393
623 406
510 386
596 389
597 354
615 402
616 367
562 396
608 363
513 391
554 392
514 356
573 405
533 369
574 370
525 365
565 401
626 417
545 343
546 344
586 344
618 413
577 375
523 404
597 390
610 409
502 381
589 386
630 387
535 415
494 377
595 429
601 360
620 373
587 425
566 402
607 403
558 398
586 380
599 399
578 376
505 392
619 377
551 359
598 354
570 372
516 401
517 366
590 350
622 419
509 362
582 346
588 426
520 371
548 353
580 422
581 387
540 349
532 345
619 413
592 396
593 361
611 409
584 392
530 421
603 405
604 370
509 398
550 399
510 363
623 383
596 366
569 412
615 379
616 344
521 372
561 408
541 350
627 390
513 368
532 381
527 415
573 382
533 346
552 359
606 416
565 378
544 355
625 429
585 393
531 422
605 371
596 402
637 403
597 367
502 358
583 432
616 380
629 399
589 363
608 376
554 405
595 406
574 383
501 399
620 350
565 414
566 379
539 362
512 408
586 357
577 388
618 426
578 353
505 369
610 422
524 382
638 404
570 349
629 435
516 378
630 400
622 396
536 356
568 425
528 352
588 403
607 416
580 399
599 412
600 377
505 405
619 390
592 373
611 386
571 350
612 351
557 415
517 379
509 375
528 388
529 353
569 389
615 356
520 384
521 349
540 362
581 400
627 367
527 392
532 358
592 409
593 374
633 410
612 387
498 365
584 405
585 370
604 383
605 348
624 361
596 379
591 413
597 344
615 392
616 357
561 421
535 369
608 353
555 347
573 395
501 376
574 360
525 355
606 429
512 385
626 407
577 365
504 381
523 394
524 359
610 399
589 376
629 412
576 406
622 373
595 419
568 402
601 350
587 415
588 380
567 357
607 393
599 389
505 382
578 366
619 367
524 395
570 362
497 378
611 363
516 391
517 356
622 409
536 369
588 416
520 361
580 412
621 413
581 377
600 390
592 386
593 351
611 399
584 382
612 364
585 347
603 395
598 429
604 360
596 356
569 402
615 369
521 362
561 398
508 392
513 358
527 405
573 372
500 388
614 410
519 401
606 406
511 397
585 383
625 419
626 384
572 413
618 380
591 426
564 409
583 422
629 389
589 353
575 418
594 431
554 395
595 396
501 389
574 373
547 356
587 392
607 370
539 352
512 398
553 399
586 347
577 378
618 416
504 394
523 407
610 412
516 368
630 390
576 419
622 386
617 420
536 346
568 415
587 428
534 422
607 406
580 389
620 425
581 354
599 402
640 403
518 414
619 380
592 363
611 376
584 359
557 405
517 369
603 372
549 401
615 346
520 374
515 408
602 413
581 390
507 404
621 426
532 348
527 382
613 422
573 349
593 364
519 378
633 400
560 416
584 395
585 360
625 396
571 425
550 402
596 369
563 421
591 403
542 398
616 347
583 399
543 363
535 359
508 405
594 408
573 385
614 423
501 366
574 350
565 381
606 419
626 397
572 426
618 393
504 371
637 406
564 422
610 389
524 349
556 418
629 402
575 431
622 363
595 409
568 392
636 410
587 405
588 370
607 383
539 365
580 366
599 379
526 395
600 344
505 372
619 357
497 368
611 353
516 381
557 382
528 355
609 429
569 356
515 385
601 425
520 351
580 402
621 403
613 399
592 376
632 412
612 354
579 406
584 372
603 385
598 419
604 350
531 366
590 415
596 346
569 392
582 411
615 359
543 340
508 382
527 395
500 378
573 362
614 400
633 413
519 391
606 396
511 387
625 409
618 370
591 416
523 361
564 399
610 366
583 412
629 379
575 408
576 373
594 421
522 402
595 386
501 379
547 346
587 382
588 347
539 342
607 360
512 388
525 407
599 356
504 384
610 402
524 362
597 432
516 358
576 409
589 428
617 410
568 405
609 406
588 383
580 379
620 415
526 408
599 392
600 357
586 422
518 404
592 353
578 418
611 366
584 349
530 378
598 396
603 362
531 343
549 391
550 356
569 369
542 352
602 403
621 416
507 394
508 359
613 412
614 377
519 368
560 406
606 373
579 419
511 364
625 386
585 350
598 432
571 415
531 379
572 380
618 347
590 428
591 393
563 411
582 424
583 389
529 418
575 385
508 395
521 414
595 363
500 391
501 356
627 432
587 359
532 423
606 409
511 400
512 365
552 401
639 406
572 416
618 383
523 374
610 379
556 408
624 426
575 421
616 422
576 386
622 353
608 418
636 400
568 382
514 411
587 395
588 360
628 396
607 373
574 425
580 356
526 385
599 369
518 381
497 358
577 430
611 343
538 359
617 423
503 401
609 419
569 346
515 375
601 415
602 380
620 428
506 406
581 357
527 349
613 389
559 418
632 402
578 431
579 396
584 362
598 409
570 427
531 356
571 392
590 405
591 370
582 401
542 365
602 416
507 407
508 372
594 375
527 385
614 390
500 368
560 419
519 381
606 386
625 399
511 377
626 364
612 429
618 360
563 424
591 406
523 351
604 425
610 356
583 402
624 403
575 398
576 363
594 411
595 376
522 392
568 359
587 372
514 388
607 350
534 366
525 397
553 379
599 346
605 426
537 371
597 422
557 349
503 378
589 418
568 395
609 396
628 409
601 392
534 402
580 369
620 405
621 370
526 398
567 399
600 347
613 366
518 394
546 376
586 412
537 407
538 372
578 408
598 386
603 352
590 382
536 411
569 359
542 342
601 428
561 355
602 393
507 384
621 406
527 362
499 380
613 402
614 367
560 396
600 432
519 358
606 363
579 409
511 354
571 405
590 418
563 401
591 383
564 366
582 414
583 379
543 343
623 415
556 362
529 408
575 375
594 388
595 353
540 417
500 381
627 422
513 400
541 382
532 413
492 377
533 378
552 391
512 355
553 356
585 425
544 387
610 369
556 398
624 416
597 399
502 390
616 412
576 376
522 405
568 372
609 373
514 401
533 414
574 415
580 346
525 410
553 392
599 359
566 411
526 375
545 388
546 353
518 371
537 384
577 420
557 362
598 363
589 431
503 391
549 358
609 409
515 365
601 405
620 418
506 396
507 361
621 383
567 412
499 357
613 379
586 425
559 408
560 373
578 421
619 422
551 404
579 386
570 417
598 399
531 346
571 382
590 395
591 360
563 378
542 355
582 391
509 407
528 420
529 385
575 352
508 362
594 365
635 403
540 394
532 390
593 406
612 419
572 383
618 350
544 364
563 414
604 415
610 346
605 380
510 408
623 428
624 393
556 375
596 411
575 388
615 424
616 389
576 353
562 418
522 382
568 349
513 413
541 395
573 427
534 356
552 404
639 409
553 369
565 423
594 378
525 387
526 352
544 400
605 416
537 361
597 412
616 425
589 408
503 368
608 421
609 386
628 399
555 415
601 382
574 428
547 411
620 395
621 360
567 389
613 356
558 420
518 384
578 398
579 363
598 376
530 358
570 394
571 359
631 410
536 401
582 368
602 383
528 397
507 374
548 375
499 370
527 352
559 421
600 422
560 386
606 353
551 417
625 366
592 418
571 395
572 360
603 427
564 356
583 369
510 385
624 370
556 352
569 434
529 398
575 365
615 401
595 343
540 407
541 372
513 390
514 355
532 403
593 419
552 381
525 364
585 415
544 377
545 342
604 428
605 393
624 406
596 424
597 389
616 402
502 380
543 418
589 385
617 367
568 362
494 376
535 414
555 392
601 359
534 369
620 372
525 400
526 365
567 366
586 379
582 358
518 361
537 374
557 352
524 404
570 371
598 353
589 421
503 381
549 348
590 349
495 377
622 418
601 395
602 360
506 386
621 373
588 425
567 402
613 369
559 398
560 363
578 411
551 394
579 376
571 372
611 408
590 385
517 401
591 350
536 414
509 397
583 346
528 410
529 375
548 388
520 406
594 355
521 371
540 384
581 422
513 367
592 431
584 427
498 387
612 409
585 392
544 354
604 405
564 369
510 398
624 383
556 365
597 366
615 414
502 357
521 407
608 375
513 403
554 404
587 352
573 417
533 381
574 382
534 346
553 359
525 377
585 428
626 429
545 355
586 356
577 387
537 351
618 425
597 402
638 403
502 393
589 398
503 358
609 376
601 372
574 418
587 437
620 385
547 401
506 363
566 414
607 415
567 379
539 397
613 346
586 392
558 410
577 423
505 404
578 388
619 389
551 371
598 366
570 384
530 348
631 400
590 362
517 378
536 391
528 387
529 352
520 383
634 405
499 360
614 347
540 361
600 412
560 376
619 425
592 408
611 421
584 404
498 364
563 381
603 417
604 382
509 410
583 359
510 375
623 395
596 378
569 424
529 388
615 391
521 384
561 420
522 349
513 380
627 402
532 393
533 358
573 394
552 371
525 354
585 405
544 367
605 383
596 414
616 392
543 408
589 375
617 357
535 404
608 388
609 353
554 417
555 382
601 349
620 362
565 426
526 355
567 356
518 351
586 369
558 387
559 352
505 381
578 365
524 394
598 343
570 361
516 390
622 408
602 350
528 364
547 414
607 428
613 359
559 388
560 353
600 389
546 418
579 366
592 385
571 362
612 363
517 391
603 394
563 358
509 387
528 400
569 401
529 365
615 368
520 396
594 345
521 361
627 379
513 357
592 421
593 386
498 377
612 399
544 344
585 382
603 430
531 411
604 395
596 391
556 355
597 356
542 420
616 369
589 352
562 398
535 381
514 358
554 394
555 359
574 372
565 403
525 367
566 368
626 419
512 397
545 345
558 364
586 346
537 341
618 415
610 411
524 371
543 421
535 417
576 418
609 366
595 431
555 395
601 362
547 391
587 427
588 392
607 405
539 387
558 400
599 401
559 365
578 378
505 394
551 361
524 407
598 356
611 375
590 352
536 381
622 421
582 348
509 364
528 377
588 428
548 355
520 373
580 424
540 351
581 389
600 402
532 347
592 398
611 411
584 394
612 376
603 407
530 423
531 388
538 404
604 372
510 365
623 385
550 401
596 368
569 414
615 381
542 397
616 346
562 375
608 342
513 370
541 352
554 371
573 384
533 348
519 413
606 418
511 409
585 395
625 431
544 357
626 396
605 373
618 392
577 354
637 405
523 383
617 347
629 401
589 365
608 378
575 430
609 343
554 407
595 408
587 404
547 368
620 352
566 381
607 382
567 346
512 410
558 377
618 428
577 390
578 355
505 371
638 406
610 424
497 367
570 351
630 402
516 380
576 431
622 398
536 358
568 427
520 350
607 418
580 401
581 366
599 414
600 379
546 408
619 392
571 352
611 388
584 371
612 353
517 381
603 384
563 348
604 349
549 413
623 362
569 391
529 355
615 358
520 386
602 425
561 387
521 351
581 402
540 364
532 360
573 361
519 390
633 412
593 376
584 407
498 367
585 372
531 401
605 350
550 414
624 363
596 381
597 346
543 375
562 388
535 371
554 384
555 349
574 362
501 378
547 345
565 393
493 374
566 358
512 387
626 409
558 354
504 383
577 367
524 361
629 414
516 357
576 408
595 421
534 411
559 355
568 404
547 381
587 417
539 377
567 359
607 395
580 378
553 424
600 356
505 384
545 420
619 369
546 385
497 380
516 393
557 394
517 358
603 361
536 371
549 390
509 354
569 368
515 397
520 363
580 414
540 341
581 379
600 392
613 411
546 421
592 388
538 417
612 366
584 384
585 349
598 431
530 413
603 397
604 362
550 391
510 355
596 358
569 404
542 387
561 400
562 365
508 394
513 360
527 407
614 412
500 390
573 374
519 403
606 408
565 370
511 399
625 421
626 386
618 382
577 344
591 428
564 411
523 373
610 378
583 424
543 388
629 391
589 355
535 384
576 385
595 398
501 391
587 394
547 358
566 371
533 423
512 400
553 401
558 367
599 368
504 396
505 361
578 345
610 414
524 374
630 392
516 370
576 421
536 348
622 388
617 422
568 417
609 418
588 395
580 391
620 427
599 404
640 405
600 369
619 382
586 434
592 365
632 401
611 378
538 394
584 361
557 407
598 408
530 390
549 403
550 368
569 381
615 348
542 364
602 415
561 377
507 406
621 428
508 371
527 384
613 424
633 402
606 385
565 347
511 376
585 362
625 398
626 363
571 427
572 392
591 405
596 371
542 400
543 365
583 401
562 378
575 397
535 361
608 345
554 374
595 375
501 368
574 352
565 383
606 421
511 412
512 377
572 428
544 409
577 357
618 395
610 391
629 404
556 420
576 398
622 365
595 411
587 407
628 408
534 401
607 385
539 367
580 368
599 381
526 397
600 346
545 410
505 374
518 393
546 375
497 370
611 355
603 351
528 357
569 358
515 387
520 353
601 427
561 354
621 405
507 383
613 401
527 361
592 378
538 407
584 374
598 421
530 403
571 404
531 368
550 381
591 382
596 348
542 377
543 342
561 390
602 428
508 384
594 387
554 351
527 397
500 380
519 393
492 376
565 360
511 389
625 411
572 405
618 372
564 401
523 363
583 414
624 415
556 397
629 381
576 375
522 404
595 388
568 371
541 417
514 400
547 348
588 349
533 413
493 377
607 362
534 378
580 345
553 391
525 409
599 358
524 364
516 360
557 361
617 412
589 430
503 390
568 407
609 408
588 385
534 414
620 417
621 382
581 346
567 411
586 424
592 355
578 420
603 364
598 398
531 345
549 393
550 358
569 371
515 400
602 405
621 418
507 396
613 414
527 374
500 357
606 375
579 421
511 366
625 388
571 417
618 349
563 413
591 395
564 378
610 345
582 426
543 355
583 391
529 420
575 387
595 365
500 393
513 412
627 434
541 394
552 403
512 367
639 408
553 368
618 385
504 363
564 414
523 376
610 381
556 410
624 428
597 411
576 388
502 402
622 355
617 389
608 420
636 402
568 384
514 413
587 397
628 398
620 394
580 358
566 423
599 371
545 400
619 349
586 401
518 383
537 396
611 345
557 374
530 357
503 403
617 425
609 421
569 348
515 377
601 417
620 430
506 408
507 373
621 395
640 408
527 351
499 369
613 391
586 437
632 404
559 420
551 416
625 365
530 393
598 411
570 429
531 358
571 394
590 407
591 372
563 390
582 403
529 397
508 374
500 370
614 392
627 411
519 383
560 421
565 350
532 402
618 362
563 426
523 353
604 427
583 404
624 405
575 400
616 401
576 365
595 378
541 407
587 374
514 390
607 352
553 381
525 399
526 364
544 412
545 377
557 351
589 420
503 380
617 402
549 347
609 398
495 376
602 359
620 407
621 372
526 400
567 401
586 414
518 396
592 345
538 374
578 410
598 388
530 370
549 383
590 384
550 348
591 349
496 377
515 390
602 395
561 357
507 386
527 364
499 382
614 369
519 360
560 398
606 365
579 411
511 356
572 372
563 403
591 385
564 368
583 381
556 364
529 410
615 413
521 406
594 390
595 355
522 371
587 351
532 415
533 380
593 431
553 358
525 376
585 427
545 354
537 350
556 400
624 418
597 401
616 414
617 379
589 397
568 374
609 375
588 352
628 388
525 412
526 377
566 413
586 391
558 409
538 351
557 364
598 365
530 347
503 393
549 360
590 361
622 430
515 367
601 407
602 372
506 398
620 397
621 385
507 363
567 414
613 381
614 346
559 410
578 423
606 342
619 424
579 388
598 401
570 419
571 384
531 348
590 397
591 362
509 409
582 393
583 358
528 422
529 387
575 354
548 400
521 383
594 367
635 405
540 396
627 401
532 392
593 408
585 404
618 352
544 366
604 417
610 348
510 410
623 430
556 377
624 395
616 391
617 356
562 420
608 387
541 397
514 380
587 364
628 365
533 393
573 429
607 342
574 394
565 425
525 389
544 402
545 367
586 368
605 418
577 399
537 363
597 414
589 410
503 370
608 423
609 388
602 349
574 430
506 375
547 413
566 426
607 427
567 391
613 358
558 422
560 352
578 400
570 396
598 378
571 361
631 412
590 374
496 367
582 370
520 395
594 344
499 372
581 411
540 373
614 359
600 424
560 388
592 420
584 416
572 362
563 393
603 429
564 358
583 371
510 387
556 354
529 400
615 403
521 396
595 345
522 361
627 414
532 405
573 406
552 383
593 421
553 348
545 344
605 395
596 426
543 420
616 404
589 387
617 369
494 378
535 416
609 365
514 393
555 394
620 374
547 390
567 368
546 345
558 399
559 364
577 412
538 341
578 377
524 406
570 373
516 402
549 350
495 379
622 420
515 357
602 362
548 354
567 404
559 400
560 365
600 401
570 409
611 410
563 370
591 352
536 416
509 399
528 412
529 377
615 380
575 344
581 424
540 386
627 391
532 382
533 347
552 360
612 411
585 394
531 423
616 381
617 346
605 372
609 342
