144 429
143 429
142 428
141 429
144 428
142 427
141 426
143 426
144 425
140 427
140 430
145 429
146 428
145 426
146 425
147 429
148 428
149 427
147 426
148 425
149 424
150 425
151 424
139 428
138 427
137 428
136 429
141 431
143 428
148 424
147 423
148 422
149 421
150 422
149 423
140 429
145 428
147 425
139 430
138 430
137 431
136 432
135 431
134 430
134 432
135 433
138 432
136 434
137 433
143 430
133 429
149 425
151 422
135 435
138 434
139 435
140 436
139 437
145 430
136 427
135 426
136 425
135 424
136 423
137 422
138 421
134 423
138 423
137 424
139 421
140 420
139 419
140 418
134 425
138 425
140 422
147 427
146 429
137 426
139 423
136 436
137 435
139 432
141 435
142 434
143 435
144 436
145 435
146 434
145 433
143 437
145 437
147 434
146 436
141 433
144 438
143 439
145 439
147 436
146 438
136 430
138 418
137 417
136 416
138 416
136 418
135 419
134 418
133 431
132 432
131 431
130 430
129 429
128 428
129 427
130 426
127 429
126 428
126 430
130 428
128 430
127 431
126 432
128 432
144 431
143 432
135 428
125 427
124 426
124 428
144 440
143 441
142 441
141 440
141 442
140 443
139 444
141 444
142 443
143 444
146 422
131 433
132 434
123 429
146 431
147 432
146 440
146 441
147 441
143 425
143 434
135 430
124 430
124 431
143 443
147 422
136 422
135 421
139 418
147 431
139 427
128 427
127 426
150 424
142 429
142 438
134 434
131 428
146 426
146 435
135 416
135 425
124 425
123 424
143 438
135 434
127 430
136 417
138 436
138 445
139 446
139 422
150 428
151 429
142 424
134 420
142 433
134 429
142 442
146 421
131 432
123 428
146 430
146 439
143 424
135 420
124 429
135 429
127 425
138 431
130 427
150 423
134 415
134 424
142 437
134 433
131 427
123 423
123 432
123 433
124 434
124 435
145 438
135 415
136 414
136 413
135 412
135 411
138 417
138 426
149 426
138 435
126 433
127 434
127 435
127 436
128 437
130 431
138 444
137 443
150 427
134 410
142 423
134 419
142 432
134 428
141 445
142 446
142 447
142 448
143 448
146 420
123 427
145 424
135 410
136 409
136 408
135 407
135 406
136 405
136 404
136 403
135 402
134 401
135 401
136 400
137 401
136 399
135 398
135 397
136 398
137 429
145 442
145 443
146 444
146 445
126 437
126 438
127 439
127 440
128 441
134 396
134 405
134 414
141 449
141 450
142 451
142 452
143 453
144 445
123 422
124 421
124 420
123 419
123 418
124 417
125 418
124 416
124 415
123 414
126 419
127 420
128 419
129 420
128 418
127 417
127 421
127 422
128 423
128 422
127 416
127 415
128 414
129 415
128 413
127 412
127 411
128 410
129 411
128 409
128 408
127 407
127 406
128 405
129 406
128 404
127 403
127 402
123 413
124 412
125 413
124 411
123 410
123 409
144 454
144 455
145 456
145 457
146 458
146 459
145 460
145 461
145 462
146 463
144 459
145 419
135 396
144 463
143 462
142 461
142 460
141 459
144 464
145 465
145 466
141 458
142 457
143 457
142 456
140 457
122 426
121 425
120 424
120 423
119 425
119 426
118 424
117 423
116 422
116 421
116 420
117 419
117 418
116 417
116 416
115 415
115 419
115 414
115 423
115 424
116 425
116 426
117 427
117 428
118 429
119 430
119 431
120 432
120 433
119 434
119 435
119 436
120 437
118 433
117 432
116 431
116 430
115 429
115 428
115 432
115 433
115 434
116 435
116 436
117 437
115 437
115 438
116 439
116 440
118 438
119 439
119 440
114 436
113 435
115 418
127 401
128 400
129 401
129 402
128 399
127 398
127 397
114 431
113 430
112 429
112 428
112 427
111 426
111 430
110 429
109 428
108 427
108 426
111 431
112 432
112 433
108 425
109 424
109 423
108 422
108 421
107 424
145 446
145 447
137 442
136 441
135 440
134 439
135 439
134 438
134 437
133 436
126 405
125 404
145 455
146 454
130 403
131 404
131 405
132 406
132 407
133 408
131 408
131 409
130 408
126 414
130 412
131 413
131 414
132 415
132 416
131 417
131 418
131 419
132 420
130 417
126 423
130 421
130 422
131 423
131 422
118 419
118 428
147 464
107 428
107 429
108 430
108 431
109 432
109 433
126 441
126 442
125 441
124 440
124 439
123 438
123 437
123 441
123 442
123 443
124 444
122 440
122 444
122 445
123 446
123 447
123 448
124 449
124 448
122 449
125 450
126 451
126 452
127 453
127 454
126 455
126 456
126 457
127 458
125 455
124 454
124 453
123 452
123 451
122 453
122 454
118 437
134 400
133 399
132 398
132 397
131 399
147 439
131 400
132 401
132 402
134 409
119 420
120 419
121 420
120 418
119 417
119 421
119 416
120 415
121 416
120 414
120 413
121 412
121 411
120 410
120 409
119 412
119 411
118 410
117 410
117 409
117 408
116 407
116 411
116 412
117 413
117 414
115 410
116 406
116 405
116 404
117 405
116 403
117 404
116 402
115 405
115 409
114 408
113 407
113 406
112 405
112 404
113 403
114 403
113 402
111 403
116 401
117 400
118 401
117 399
116 398
115 397
115 396
116 397
117 396
118 396
119 396
120 396
121 397
121 398
122 398
117 395
120 395
117 394
117 393
117 392
117 391
117 390
116 393
120 399
120 400
121 401
121 402
122 403
117 433
117 389
120 394
121 393
122 394
121 392
120 391
119 390
119 389
120 390
119 398
123 395
123 404
123 405
124 406
124 407
115 400
114 399
113 398
113 397
112 396
112 395
113 394
114 394
113 393
113 392
124 396
125 395
125 394
124 393
124 397
124 398
125 399
124 392
133 413
123 391
116 392
115 391
119 393
119 402
148 465
149 464
150 465
149 463
150 462
150 461
121 448
112 399
123 408
115 404
122 412
141 462
140 461
125 454
144 467
145 432
122 448
126 418
118 414
130 425
134 395
148 442
140 438
119 415
141 439
133 435
125 431
144 444
137 405
122 425
126 395
118 391
138 406
139 405
140 406
130 402
147 454
118 427
119 392
129 442
148 455
149 455
150 456
151 457
152 458
121 438
140 451
139 450
138 449
137 448
113 434
133 412
151 460
152 425
125 408
110 428
115 394
122 402
114 398
146 467
146 468
125 444
145 422
144 421
137 418
143 461
114 434
106 430
126 408
118 404
128 454
129 419
147 467
148 432
121 415
140 428
132 424
132 425
133 425
125 421
144 434
122 415
114 411
113 412
117 422
136 435
128 431
147 444
120 427
120 428
140 405
129 432
121 428
140 441
139 441
139 440
138 439
137 438
141 406
132 437
133 402
125 398
122 392
146 457
137 408
124 438
143 451
116 434
136 412
127 443
127 444
147 421
126 398
139 417
118 394
117 435
136 448
135 448
134 448
135 447
109 431
128 444
129 409
120 440
113 401
132 414
151 427
113 437
133 415
125 411
123 450
122 405
121 406
120 405
121 405
114 401
124 451
117 412
127 456
128 421
120 417
129 422
121 418
132 427
146 447
116 424
135 437
108 420
109 419
110 418
136 402
127 433
128 398
129 397
139 407
139 408
138 448
117 425
109 421
149 457
149 458
128 434
129 399
120 430
121 395
140 408
113 391
132 404
150 458
142 454
146 424
112 431
123 440
124 405
115 436
135 414
127 410
145 464
124 441
116 437
117 402
136 415
108 433
128 411
147 424
120 407
139 420
126 450
142 431
121 408
134 427
113 404
131 421
123 417
146 437
123 453
124 418
143 431
116 414
135 427
127 423
138 438
117 415
130 434
130 435
120 420
119 424
142 444
134 440
152 457
131 434
123 430
124 395
115 426
116 391
135 404
127 400
145 454
137 450
137 451
116 427
108 423
128 401
120 397
126 440
118 436
138 451
149 460
134 417
148 464
119 437
111 433
112 398
131 411
123 407
115 403
146 427
141 461
112 434
125 453
144 466
145 431
124 408
115 439
135 417
122 447
127 413
145 467
131 396
138 428
130 424
123 396
135 449
140 434
114 409
127 445
140 435
128 446
134 450
134 451
127 446
134 394
126 453
119 414
141 438
112 411
111 411
111 410
112 409
131 424
144 443
123 420
115 416
145 444
137 440
138 405
118 426
119 391
138 441
132 435
121 407
153 457
131 438
130 437
134 407
148 454
140 450
119 427
154 458
155 459
151 459
131 401
123 397
115 393
141 451
133 447
132 447
152 460
153 461
154 461
125 443
144 456
145 421
116 394
122 437
114 433
106 429
105 428
126 407
130 414
107 430
147 466
126 443
139 462
139 463
138 461
137 461
118 439
119 404
111 400
111 401
129 454
130 455
131 455
131 454
148 467
149 468
150 468
151 469
152 468
151 470
152 470
153 471
154 472
154 471
155 472
156 471
157 472
157 471
153 473
154 474
156 473
156 474
157 474
158 474
159 475
160 476
160 477
161 477
159 474
155 471
158 476
158 477
159 477
140 463
141 428
133 424
112 401
144 433
115 406
122 414
125 456
145 434
137 430
122 450
121 451
126 420
118 416
134 397
129 431
148 444
149 445
150 446
151 447
152 448
153 448
154 449
155 449
150 445
153 450
153 451
154 451
156 450
157 449
156 451
157 451
149 447
149 448
150 448
152 447
140 440
141 405
132 436
151 449
141 441
133 437
152 450
125 433
144 446
137 407
122 427
114 423
113 424
113 425
155 461
156 461
157 462
157 461
156 463
126 397
118 393
138 408
130 404
136 447
128 443
107 420
106 420
106 419
107 418
106 417
105 416
104 415
103 415
102 415
101 414
102 414
105 415
101 416
104 417
104 418
105 418
107 417
100 414
99 414
103 414
147 456
148 421
139 452
139 453
140 417
141 416
119 394
151 426
129 444
130 445
131 444
148 457
161 476
162 475
121 440
140 453
113 436
141 418
142 419
143 418
133 414
151 462
152 427
153 428
154 429
154 428
155 427
154 426
156 428
157 429
155 426
155 429
157 428
153 430
156 430
125 410
144 423
110 430
162 477
163 478
164 477
122 404
154 473
114 400
146 469
146 470
137 420
124 450
143 463
142 464
142 465
155 474
127 455
147 433
126 410
118 406
136 460
135 460
134 461
134 460
133 460
132 460
132 459
133 458
132 457
133 457
135 459
135 458
135 457
136 458
136 457
128 456
129 421
147 469
148 434
149 435
150 436
151 437
150 435
149 437
152 437
153 438
154 439
154 438
155 437
156 438
157 439
155 439
157 438
153 440
153 441
154 441
156 440
156 441
157 441
158 442
159 442
160 443
161 442
162 443
160 444
162 442
161 444
155 438
158 443
158 444
159 444
121 417
113 413
113 414
132 426
121 453
154 450
133 427
125 423
137 397
143 440
122 417
114 413
155 451
117 424
136 437
109 420
128 433
129 398
147 446
120 429
139 442
140 407
132 403
150 457
129 434
101 415
121 430
113 426
153 462
153 463
141 408
142 409
143 408
132 439
133 404
125 400
125 401
110 420
111 421
112 421
102 416
154 463
155 428
105 427
105 426
157 473
149 469
149 470
160 478
160 479
150 470
142 466
161 479
162 444
163 445
164 444
134 462
134 463
153 475
154 440
131 456
130 457
130 458
155 441
150 447
153 452
153 453
133 394
132 394
110 410
109 409
108 408
107 408
106 408
106 407
105 406
104 405
109 408
110 408
105 405
108 410
108 411
109 411
104 407
107 407
110 407
110 406
110 405
106 409
109 410
143 407
143 406
154 453
105 417
139 409
138 450
157 463
158 464
159 465
160 464
161 465
161 464
162 465
160 466
160 467
161 467
159 464
162 464
158 466
159 467
161 466
162 467
163 468
163 467
164 467
164 466
164 465
130 446
130 447
149 459
160 468
140 410
153 429
98 413
97 412
97 411
97 410
98 411
96 411
95 410
98 410
150 460
134 452
154 430
131 446
143 420
142 421
137 462
137 463
156 475
157 440
149 436
160 445
160 446
138 463
130 459
150 437
161 446
153 442
112 410
105 407
156 452
156 453
108 412
138 440
157 453
158 454
159 454
160 454
161 455
161 454
162 453
161 452
162 452
162 455
163 455
164 455
164 454
160 456
162 454
161 456
164 456
165 457
165 458
166 458
163 457
163 458
164 457
166 457
167 456
167 458
168 458
169 458
165 459
165 460
166 460
168 459
168 460
169 460
170 461
171 462
172 461
173 462
173 461
174 462
175 462
176 463
177 464
178 465
172 463
175 464
175 465
176 465
178 464
171 461
174 461
177 466
177 467
178 467
179 468
180 468
170 463
181 467
180 466
181 465
173 463
174 464
176 464
179 469
175 466
175 467
176 467
130 436
149 449
109 413
142 410
142 411
111 422
111 423
163 469
163 470
112 423
152 459
131 436
104 419
143 410
144 411
144 410
145 409
145 411
146 412
147 411
148 410
147 409
148 409
148 412
149 412
150 413
151 414
151 415
152 415
150 412
149 414
149 415
150 415
152 414
148 411
151 416
151 417
152 417
153 418
153 417
154 416
155 416
154 418
154 417
155 418
156 418
157 418
158 419
159 420
160 421
161 422
159 419
158 421
159 422
161 421
162 420
161 419
162 419
162 422
163 422
164 422
164 421
160 423
159 421
162 421
158 423
147 413
146 414
150 414
161 423
153 419
153 420
162 424
163 425
163 424
164 424
165 425
165 424
166 423
167 424
168 425
167 423
166 425
169 425
166 424
167 425
165 426
165 427
166 427
168 426
168 427
169 427
170 428
170 429
171 429
172 428
173 429
173 428
174 427
173 426
174 426
174 429
172 430
173 431
171 428
174 428
170 430
173 430
174 431
175 432
175 431
176 430
177 431
177 432
178 432
176 432
177 433
177 434
178 434
179 435
180 435
176 431
179 436
179 437
180 437
172 432
154 420
105 420
164 469
165 470
165 469
166 468
167 469
168 468
169 469
169 468
168 470
167 468
166 470
169 470
170 471
137 452
137 453
157 430
158 431
158 432
159 432
160 431
161 432
161 431
162 430
162 432
160 433
160 434
161 434
159 431
162 431
158 433
158 434
159 434
161 433
162 434
163 435
164 434
165 435
166 436
166 435
167 436
168 435
169 436
169 435
165 437
168 437
169 438
170 438
171 439
172 438
173 439
173 438
174 439
172 440
172 441
173 441
171 438
167 435
170 440
170 441
171 441
173 440
174 441
175 442
176 442
166 437
169 437
172 442
172 443
173 443
175 443
175 444
164 433
164 432
176 444
177 444
178 444
179 445
180 446
180 445
181 445
182 445
183 446
183 445
179 447
179 448
180 448
182 447
182 448
183 448
184 449
185 448
185 447
186 446
186 448
187 449
188 450
189 451
188 449
187 451
190 451
191 452
192 453
192 452
193 452
194 452
195 453
195 452
191 454
191 455
192 455
194 454
194 455
195 455
193 451
192 454
184 450
184 451
181 444
180 443
181 443
181 442
185 450
195 454
187 450
188 451
180 447
191 456
183 447
194 456
194 457
195 457
196 458
196 457
197 457
198 458
198 457
199 456
200 457
200 456
199 458
200 458
201 459
202 459
202 458
198 459
198 460
199 460
202 460
203 461
203 462
204 462
201 461
204 461
179 449
168 439
160 435
160 436
159 476
138 453
161 436
148 466
140 462
151 471
151 472
111 435
112 400
141 463
133 459
152 472
144 468
164 446
165 447
166 446
165 448
166 445
167 446
168 445
169 446
169 445
166 448
168 447
168 448
169 448
167 445
163 447
166 447
167 448
169 447
165 449
168 449
168 450
169 450
170 451
170 450
171 449
171 451
172 451
173 451
174 450
174 449
174 451
175 452
176 453
177 454
177 455
178 455
179 455
180 456
181 455
176 452
179 457
179 458
180 458
175 454
175 455
176 455
178 454
181 454
177 456
178 457
180 457
172 452
172 453
181 457
182 458
182 457
183 456
183 458
173 453
183 457
176 454
179 459
179 460
180 460
171 450
182 459
182 460
183 460
184 461
185 460
175 456
156 442
156 443
167 457
178 466
157 443
170 462
111 412
111 413
171 463
163 459
163 460
175 433
175 434
152 449
112 413
164 423
156 419
156 420
176 434
166 469
186 447
138 407
197 456
197 455
197 454
157 420
149 416
189 452
189 453
96 410
107 419
167 470
159 466
130 439
171 440
190 453
163 436
163 437
182 449
129 443
148 456
100 416
140 452
119 429
132 448
132 449
111 425
151 461
152 426
131 403
123 399
183 450
115 395
162 476
141 453
133 449
152 462
125 445
125 446
144 458
145 423
185 459
185 458
186 458
187 459
188 460
189 461
190 462
188 459
187 461
187 462
188 462
190 461
189 463
189 464
190 464
191 465
191 464
192 464
193 464
194 464
195 463
188 461
187 463
190 463
193 463
193 462
193 461
164 436
137 419
122 439
114 435
155 473
106 431
167 447
126 409
158 478
158 479
186 460
118 405
159 443
138 420
178 456
130 416
170 452
170 453
189 465
149 429
136 459
128 455
107 432
147 468
148 433
139 464
139 465
118 441
159 479
119 406
111 402
151 438
151 439
171 453
129 456
148 469
121 452
140 465
141 430
181 466
132 461
133 426
152 439
125 422
144 435
122 416
114 412
155 450
174 463
125 458
125 409
166 459
145 436
158 455
158 456
137 432
177 468
177 469
178 433
138 397
107 409
147 445
126 422
167 460
118 418
159 456
178 469
171 430
163 426
163 427
129 433
134 399
148 446
121 429
140 442
141 407
132 438
133 403
151 451
152 416
144 412
144 413
196 459
196 460
110 419
162 466
122 393
141 443
154 462
133 439
174 440
125 435
193 453
165 471
165 472
144 448
145 413
185 449
177 445
177 446
137 409
143 452
103 416
122 429
114 425
155 463
106 421
166 472
126 399
167 437
186 450
158 468
118 395
159 433
178 446
197 459
130 406
170 442
117 436
136 449
128 445
129 410
147 458
120 441
120 442
148 423
139 454
140 419
151 428
184 462
184 463
150 469
129 446
161 478
121 442
140 455
113 438
181 456
153 474
141 420
133 416
173 452
152 429
125 412
110 432
162 479
122 406
154 475
114 402
155 440
146 471
146 472
174 453
166 449
185 462
158 445
158 446
177 458
124 452
143 465
135 461
136 426
127 457
147 435
167 450
139 431
180 469
159 446
118 408
136 462
128 458
129 423
169 459
148 436
121 419
140 432
113 415
113 416
172 464
172 465
132 428
110 409
162 456
154 452
155 417
173 465
146 448
146 449
174 430
125 425
165 461
166 426
158 422
137 399
177 435
177 436
103 406
143 442
135 438
155 453
114 415
147 412
166 462
167 427
159 423
199 459
178 436
117 426
136 439
109 422
128 435
168 471
168 472
129 400
147 448
148 413
120 431
121 396
140 409
200 460
132 405
151 418
192 456
98 412
184 452
184 453
150 459
101 417
101 418
142 455
161 468
121 432
162 433
113 428
153 464
153 465
181 446
141 410
133 406
173 442
165 438
165 439
125 402
131 445
110 422
196 462
102 418
143 419
162 469
122 396
154 465
114 392
155 430
146 461
174 443
166 439
158 435
105 429
164 478
124 442
143 455
116 438
117 403
135 451
127 447
128 412
188 463
120 408
180 459
138 462
157 475
117 439
149 471
149 472
129 413
169 449
160 480
160 481
121 409
161 445
113 405
172 454
172 455
132 418
150 472
161 481
162 446
134 464
154 442
173 455
131 458
123 454
124 419
116 415
176 466
127 424
180 436
139 398
139 399
117 416
157 452
109 412
168 461
168 462
128 425
169 426
160 457
160 458
120 421
139 434
140 399
172 431
132 395
150 449
169 462
142 445
161 458
134 441
134 442
162 423
181 436
182 437
183 437
184 438
184 439
184 440
184 441
184 442
153 454
154 419
173 432
133 396
146 415
146 416
165 428
165 429
125 392
112 422
131 435
123 431
143 409
115 427
135 405
176 443
195 456
155 420
187 452
187 453
166 429
198 461
198 462
105 419
124 432
164 468
156 464
156 465
116 428
135 441
136 406
108 424
127 437
128 402
168 438
188 453
147 415
120 398
139 411
180 449
199 462
138 452
157 465
130 448
130 449
109 425
149 461
150 426
129 403
169 439
142 422
161 435
121 399
153 431
153 432
113 395
132 408
172 444
119 438
111 434
131 412
142 458
183 459
162 436
153 467
154 432
152 471
112 435
131 448
123 444
124 409
164 445
115 440
143 422
176 456
135 418
127 414
179 461
145 468
137 464
137 465
138 429
117 406
157 442
149 438
149 439
168 451
128 415
120 411
160 447
160 448
126 454
138 465
150 439
142 435
161 448
134 431
112 412
131 425
104 408
104 409
123 421
115 417
175 468
135 395
176 433
179 438
179 439
145 445
105 409
124 422
164 458
137 441
116 418
156 454
156 455
157 419
136 396
108 414
127 427
168 428
168 429
160 424
160 425
201 462
180 439
126 431
138 442
157 455
130 438
150 416
190 452
169 429
142 412
142 413
161 425
134 408
153 421
153 422
100 415
119 428
111 424
131 402
163 471
163 472
123 398
183 449
202 462
175 445
175 446
194 458
154 422
141 452
146 418
133 448
112 425
152 461
144 457
104 421
123 434
122 435
124 399
164 435
143 412
115 430
156 431
156 432
116 395
176 446
135 408
127 404
122 438
145 458
186 459
137 454
138 419
157 432
130 415
149 428
120 401
160 437
107 431
126 444
118 440
159 478
119 405
171 452
190 465
150 429
163 448
163 449
142 425
182 461
182 462
134 421
129 455
148 468
140 464
119 441
151 473
151 474
112 402
152 438
131 415
123 411
183 462
115 407
141 465
133 461
152 474
125 457
164 448
116 408
156 444
122 451
167 459
126 421
159 455
118 417
178 468
170 464
170 465
149 441
182 438
182 439
134 398
148 445
119 418
111 414
151 450
171 465
163 461
183 439
175 435
133 438
112 415
152 451
125 434
144 447
145 412
164 425
115 420
114 421
156 421
156 422
176 436
127 394
122 428
155 462
114 424
166 471
145 448
186 449
158 467
137 444
136 445
138 409
178 445
157 422
197 458
130 405
189 454
189 455
107 421
147 457
167 472
126 434
118 430
159 468
119 395
171 442
190 455
163 438
163 439
142 415
143 416
144 415
182 451
134 411
129 445
148 458
121 441
140 454
141 419
132 450
132 451
131 452
130 451
129 452
151 463
111 427
112 392
111 392
152 428
144 424
123 401
110 431
175 448
162 478
141 455
133 451
174 452
125 447
144 460
145 425
185 461
164 438
177 457
137 421
143 464
122 441
114 437
155 475
126 411
141 417
167 449
158 480
186 462
159 445
118 407
138 422
178 458
170 454
170 455
169 456
130 418
136 461
128 457
147 470
148 435
139 466
139 467
140 431
119 408
111 404
151 440
151 441
171 455
163 451
164 452
165 451
129 458
175 425
121 454
140 467
141 432
181 468
133 428
173 464
152 441
125 424
144 437
137 398
122 418
114 414
155 452
174 465
106 410
106 411
166 461
167 426
158 457
158 458
157 459
137 434
178 435
138 399
130 395
130 394
130 393
170 431
170 432
169 433
149 408
136 438
201 455
202 456
203 455
107 411
147 447
167 462
126 424
139 443
118 420
159 458
200 459
170 467
171 432
163 428
182 441
129 435
169 471
148 448
121 431
140 444
141 409
113 427
132 440
133 405
152 418
144 414
110 421
196 461
102 417
162 468
122 395
154 464
114 391
133 441
174 442
146 460
125 437
165 473
165 474
164 475
193 455
166 438
145 415
185 451
137 411
177 447
177 448
103 418
143 454
122 431
135 450
114 427
155 465
106 423
126 401
167 439
186 452
158 470
118 397
159 435
178 448
170 444
117 438
136 451
109 434
128 447
129 412
147 460
120 443
120 444
119 445
139 456
140 421
132 417
151 430
111 394
184 464
184 465
183 466
163 441
164 442
165 441
150 471
129 448
142 467
142 468
141 469
161 480
121 444
162 445
153 476
153 477
152 478
181 458
141 422
132 453
133 418
173 454
125 414
165 450
144 427
131 457
110 434
122 408
154 477
155 442
114 404
146 473
174 455
166 451
185 464
158 447
143 467
135 463
136 428
127 459
127 460
128 424
147 437
139 433
159 448
163 418
203 454
203 453
203 452
203 451
204 450
203 449
204 451
205 452
206 452
206 451
207 452
208 452
207 451
206 453
205 454
202 450
201 449
201 451
201 450
204 453
207 453
208 454
208 455
208 456
200 450
199 450
198 450
198 449
198 448
199 449
205 455
205 456
202 449
206 455
198 451
201 452
201 453
202 452
204 452
197 448
196 448
196 449
200 449
128 460
129 425
169 461
148 438
161 457
121 421
181 435
113 417
113 418
112 419
172 466
172 467
132 430
133 395
204 455
196 451
110 411
162 458
154 454
155 419
173 467
146 450
146 451
145 452
174 432
165 463
166 428
185 441
158 424
158 425
157 426
177 437
103 408
102 408
155 455
188 452
147 414
167 429
139 410
158 460
199 461
159 425
191 457
191 458
190 459
170 434
157 464
147 450
148 415
160 469
160 470
140 411
200 462
192 458
184 454
161 470
134 453
134 454
133 455
162 435
181 448
153 466
154 431
173 444
165 440
131 447
143 421
154 467
155 432
187 464
187 465
186 466
166 441
158 437
156 476
156 477
135 453
127 449
188 465
180 461
138 464
157 477
130 460
130 461
129 462
149 473
149 474
148 475
150 438
169 451
120 446
160 482
161 447
153 443
153 444
152 445
172 456
150 474
142 470
143 471
141 471
140 471
141 472
140 473
139 473
138 472
137 471
140 474
138 471
137 473
141 474
142 475
142 474
143 474
143 473
136 470
135 470
134 471
133 470
132 470
132 469
133 468
132 467
131 467
135 469
136 468
139 475
142 476
142 477
134 472
134 473
131 466
131 465
131 464
143 476
144 477
144 476
145 475
145 477
135 472
145 476
138 473
141 473
133 469
144 478
136 469
140 475
132 471
132 472
133 472
143 475
135 471
136 472
142 478
134 474
135 474
145 478
137 474
137 475
138 475
141 475
133 471
144 470
136 471
139 476
139 477
140 477
132 463
143 477
135 473
136 474
138 474
162 448
154 444
173 457
165 453
206 454
131 460
105 408
176 468
108 413
207 455
180 438
139 400
139 401
199 451
137 476
157 454
109 414
149 450
149 451
148 452
168 463
169 428
160 459
160 460
161 424
140 401
172 433
172 434
138 477
184 444
150 451
169 464
101 409
161 460
162 425
202 461
134 443
134 444
133 445
153 456
181 438
154 421
173 434
146 417
165 430
112 424
131 437
104 420
143 411
176 445
195 458
155 422
187 454
187 455
186 456
179 450
179 451
178 452
158 427
198 463
105 421
164 470
156 466
156 467
157 431
168 440
168 441
147 417
188 455
180 451
191 460
138 454
157 467
130 450
169 441
161 437
153 433
153 434
152 435
111 436
111 437
183 461
134 456
175 457
175 458
174 459
154 434
141 464
112 437
152 473
144 469
164 447
176 458
179 463
145 470
137 466
157 444
149 440
109 404
108 404
107 405
108 403
109 402
160 449
205 457
205 458
206 459
204 459
138 467
130 463
129 464
129 465
171 464
150 441
183 438
202 451
153 446
140 476
165 420
112 414
104 410
104 411
103 412
176 435
195 448
194 448
193 449
192 448
191 448
190 449
191 447
191 446
192 446
190 445
194 447
127 393
127 392
141 477
133 473
206 457
179 440
179 441
178 442
198 453
105 411
164 460
156 456
157 421
108 416
149 417
149 418
148 419
128 394
168 430
168 431
160 426
160 427
180 441
167 471
130 440
149 453
150 418
190 454
169 431
182 450
142 414
161 427
153 423
163 473
123 400
183 451
175 447
194 460
141 454
133 450
152 463
164 437
124 401
156 433
156 434
176 448
179 453
186 461
137 456
157 434
149 430
126 446
118 442
159 480
119 407
171 454
163 450
182 463
129 457
175 424
175 423
175 422
174 422
173 422
172 422
172 421
172 420
172 419
171 418
170 418
170 417
170 416
169 415
168 415
168 414
169 413
167 413
166 413
165 412
164 412
163 413
163 412
166 412
167 411
165 414
165 415
166 415
164 411
167 412
163 414
163 415
166 414
167 415
169 414
162 411
162 410
161 409
162 409
161 411
160 411
159 411
158 411
158 410
158 409
159 409
157 408
156 408
156 407
173 420
165 416
155 408
154 408
153 408
153 407
154 407
166 417
157 407
168 416
168 417
160 412
160 413
169 417
161 413
153 409
164 413
156 409
156 410
157 410
167 414
159 410
170 419
170 420
171 420
163 416
152 406
151 406
155 407
166 416
158 412
158 413
167 417
159 413
169 416
161 412
162 413
154 409
165 418
155 410
157 409
168 418
160 414
160 415
150 406
149 406
149 405
169 419
161 415
171 419
164 415
156 411
167 416
159 412
170 421
170 422
169 423
151 407
151 408
171 422
152 408
162 412
173 421
165 417
155 409
166 418
158 414
158 415
157 416
159 415
148 405
147 405
146 406
146 405
150 405
169 418
161 414
153 410
153 411
152 412
172 423
172 424
162 415
154 411
173 424
146 407
148 470
140 466
132 462
165 410
151 475
152 440
164 414
175 460
176 425
141 467
133 463
125 459
144 472
164 450
138 398
157 411
108 406
149 407
168 420
160 416
201 454
107 410
167 461
159 457
170 466
171 431
150 408
136 473
142 404
182 440
161 417
148 447
153 413
139 478
139 479
205 460
151 452
151 453
111 416
171 467
131 394
163 463
123 390
183 441
175 437
194 450
140 479
133 440
152 453
193 454
125 436
144 449
104 413
145 414
164 427
137 410
156 423
103 417
122 430
155 464
114 426
106 422
166 473
126 400
167 438
186 451
158 469
137 446
178 447
138 411
157 424
197 460
130 407
170 443
149 420
189 456
189 457
136 450
107 423
147 459
126 436
139 455
118 432
159 470
119 397
111 393
171 444
190 457
163 440
182 453
134 413
129 447
148 460
121 443
140 456
113 439
113 440
141 421
132 452
133 417
151 465
112 394
152 430
144 426
123 403
110 433
115 399
162 480
122 407
154 476
133 453
174 454
125 449
166 450
145 427
185 463
177 459
177 460
137 423
156 436
143 466
122 443
135 462
114 439
155 477
167 451
126 413
186 464
118 409
159 447
178 460
130 420
170 456
171 421
163 417
136 463
128 459
129 424
147 472
148 437
139 468
138 469
140 433
119 410
132 429
111 406
151 442
150 443
151 443
152 407
163 453
204 454
196 450
129 460
175 427
162 457
141 434
132 465
133 430
173 466
152 443
125 426
165 462
144 439
185 440
164 417
137 400
103 407
122 420
114 416
155 454
174 467
106 412
106 413
166 463
167 428
158 459
159 424
138 401
178 437
197 450
130 397
170 433
189 446
188 447
136 440
128 436
107 413
147 449
148 414
139 445
118 422
159 460
200 461
151 419
151 420
192 457
171 434
163 430
182 443
129 437
148 450
121 433
161 469
140 446
113 429
181 447
141 411
132 442
131 442
133 407
151 455
152 420
125 403
144 416
196 463
110 423
102 419
102 420
162 470
122 397
154 466
155 431
114 393
146 462
174 444
165 475
193 457
125 439
166 440
185 453
158 436
137 413
177 449
176 450
177 450
124 443
143 456
103 420
135 452
155 467
114 429
127 448
106 425
188 464
167 441
126 403
158 472
118 399
159 437
178 450
170 446
157 476
117 440
136 453
128 449
129 414
147 462
120 445
148 427
121 410
139 458
138 459
140 423
132 419
184 466
150 473
142 469
121 446
162 447
134 465
134 466
181 460
153 478
154 443
173 456
133 420
174 421
125 416
165 452
131 459
110 436
123 455
123 456
122 457
121 456
143 433
122 410
155 444
114 406
174 457
146 475
166 453
167 418
207 454
158 449
159 414
177 462
124 456
170 423
143 469
117 417
135 465
127 461
128 426
120 422
140 400
200 451
132 396
192 447
151 409
151 410
138 476
184 443
163 420
203 456
150 450
169 463
121 423
161 459
181 437
153 455
113 419
172 468
171 469
172 469
173 470
173 433
133 397
152 410
125 393
144 406
204 457
110 413
196 453
102 409
162 460
154 456
155 421
173 469
174 434
146 452
193 447
165 465
166 430
185 443
158 426
124 433
143 446
116 429
135 442
136 407
127 438
128 403
188 454
147 416
180 450
139 412
139 413
159 427
118 389
199 463
191 459
157 466
117 430
136 443
109 426
149 462
128 439
129 404
169 440
160 471
160 472
120 435
148 417
121 400
139 448
140 413
113 396
132 409
172 445
172 446
192 460
184 456
150 463
142 459
161 472
162 437
134 455
113 432
181 450
153 468
154 433
173 446
165 442
125 406
112 436
131 449
123 445
124 410
143 423
115 441
176 457
155 434
114 396
146 465
187 466
166 443
179 462
158 439
145 469
124 446
116 442
156 478
156 479
117 407
135 455
136 420
109 403
127 451
128 416
168 452
168 453
120 412
180 463
139 425
138 466
157 479
130 462
149 475
150 440
169 453
142 436
161 449
121 413
162 414
113 409
153 445
154 410
172 458
171 459
173 423
165 419
131 426
110 403
142 472
134 468
162 450
175 469
154 446
155 411
146 442
141 476
174 424
165 455
206 456
166 420
198 452
158 416
131 462
177 429
105 410
124 423
164 459
143 436
116 419
135 432
108 415
136 397
127 428
128 393
147 406
120 389
207 457
180 440
139 402
138 403
139 403
199 453
191 449
138 443
157 456
117 420
109 416
149 452
150 417
168 465
167 466
169 430
129 394
120 425
160 461
159 462
161 426
121 390
140 403
132 399
172 435
172 436
184 446
150 453
142 449
161 462
162 427
134 445
153 458
154 423
194 459
173 436
146 419
165 432
112 426
131 439
104 422
104 423
103 424
123 435
124 400
115 431
143 413
116 396
176 447
135 409
195 460
127 405
187 456
179 452
145 459
105 423
164 472
137 455
116 432
156 468
155 469
157 433
117 397
108 428
136 410
128 406
168 442
168 443
120 402
160 438
160 439
139 415
180 453
126 445
191 462
138 456
157 469
130 452
149 465
150 430
169 443
142 426
160 474
161 439
134 422
153 435
113 399
172 448
119 442
111 438
112 403
131 416
123 412
183 463
115 408
134 458
175 459
176 424
146 432
141 466
133 462
152 475
112 439
144 471
164 449
124 413
156 445
156 446
116 409
135 422
176 460
108 405
122 452
127 418
168 419
179 465
145 472
137 468
138 433
157 446
130 429
109 406
149 442
150 407
168 455
169 420
142 403
160 451
159 452
161 416
153 412
126 458
172 425
171 426
119 419
205 459
111 415
130 465
171 466
131 393
163 462
142 439
183 440
134 435
162 417
202 453
175 436
154 413
155 414
156 413
194 449
140 478
146 409
165 422
152 452
112 416
131 429
104 412
123 425
164 426
115 421
135 399
176 437
195 450
127 395
141 479
187 446
179 442
198 455
105 413
145 449
164 462
137 445
138 410
156 458
157 423
108 418
149 419
128 396
168 432
167 433
160 428
159 429
160 429
120 392
107 422
126 435
159 469
118 431
138 446
130 442
171 443
190 456
150 420
182 452
142 416
161 429
134 412
148 459
153 425
119 432
151 464
111 428
112 393
131 406
163 475
123 402
183 453
115 398
175 449
194 462
141 456
133 452
152 465
125 448
144 461
104 425
124 403
164 439
116 399
156 435
122 442
127 408
155 476
114 438
126 412
158 481
157 482
156 483
157 483
158 482
156 481
186 463
137 458
178 459
157 436
130 419
149 432
150 433
151 432
160 441
147 471
126 448
118 444
159 482
119 409
111 405
171 456
163 452
182 465
129 459
175 426
148 472
121 455
140 468
132 464
151 477
150 478
112 406
152 442
123 415
164 416
115 411
156 412
176 427
122 419
133 465
179 432
180 433
174 466
144 474
138 400
156 448
197 449
157 413
130 396
143 478
189 445
149 409
122 455
168 422
160 418
201 456
107 412
167 463
126 425
118 421
159 459
130 432
170 468
171 433
190 446
150 410
163 429
136 475
142 406
182 442
134 402
129 436
153 415
148 449
140 445
100 409
119 422
132 441
111 418
151 454
152 419
163 465
123 392
183 443
175 439
176 440
177 439
141 446
133 442
152 455
193 456
125 438
144 451
185 452
145 416
164 429
137 412
156 425
103 419
122 432
155 466
114 428
106 424
126 402
167 440
186 453
158 471
118 398
159 436
178 449
138 413
197 462
170 445
130 409
149 422
189 458
136 452
128 448
107 425
147 461
148 426
139 457
118 434
159 472
119 399
151 431
171 446
163 442
182 455
129 449
148 462
121 445
140 458
141 423
181 459
132 454
133 419
151 467
152 432
125 415
115 401
110 435
122 409
154 478
155 443
114 405
174 456
146 474
125 451
166 452
185 465
158 448
137 425
177 461
124 455
143 468
135 464
168 412
155 479
160 408
159 407
147 438
167 453
126 415
118 411
159 449
178 462
170 458
171 423
163 419
136 465
128 461
129 426
147 474
148 439
121 422
139 470
132 431
111 408
151 444
152 409
144 405
204 456
110 412
196 452
175 429
162 459
141 436
154 455
173 468
133 432
174 433
165 464
125 428
144 441
185 442
145 406
164 419
137 402
177 438
156 415
143 445
103 409
122 422
114 418
155 456
174 469
106 414
166 465
126 392
167 430
158 461
186 443
187 444
159 426
178 439
197 452
130 399
170 435
189 448
117 429
136 442
128 438
107 415
147 451
120 434
148 416
99 411
100 412
101 411
139 447
140 412
192 459
151 421
171 436
184 455
163 432
129 439
121 435
161 471
140 448
181 449
141 413
113 431
132 444
133 409
173 445
152 422
125 405
144 418
110 425
102 421
162 472
122 399
154 468
114 395
155 433
174 446
174 423
165 454
166 419
131 461
177 428
123 457
176 469
155 446
146 477
106 404
166 455
207 456
167 420
158 451
199 452
159 416
124 458
170 425
135 467
109 415
168 464
129 393
148 406
140 402
200 453
192 449
151 411
138 478
184 445
203 458
150 452
169 465
101 410
161 461
162 426
141 403
166 433
113 421
181 439
172 470
173 435
165 431
144 408
196 455
145 410
110 415
102 411
162 462
155 423
195 459
174 436
165 467
166 432
185 445
158 428
177 441
105 422
164 471
166 442
135 444
140 416
147 418
188 456
180 452
139 414
191 461
138 455
157 468
169 442
160 473
161 438
140 415
132 411
172 447
192 462
184 458
110 392
161 474
162 439
134 457
181 452
153 470
154 435
173 448
143 458
165 444
112 438
131 451
176 459
155 436
179 464
133 422
158 441
145 471
142 462
137 467
170 415
156 480
157 445
109 405
168 454
160 450
180 465
138 468
157 481
130 464
149 477
150 442
169 455
161 451
181 453
127 441
124 436
162 416
113 411
153 447
154 412
172 460
173 425
146 408
165 421
134 470
154 448
195 449
155 413
141 478
187 445
166 422
133 474
206 458
198 454
158 418
105 412
164 461
156 457
108 417
117 442
128 395
159 430
188 446
147 408
184 459
180 442
139 404
199 455
191 451
157 458
130 441
109 418
149 454
150 419
168 467
169 432
129 396
160 463
161 428
153 424
172 437
184 448
150 455
163 474
101 413
183 452
162 429
134 447
120 447
153 460
136 446
154 425
194 461
165 434
152 464
131 441
104 424
124 402
143 415
176 449
195 462
187 458
179 454
105 425
164 474
137 457
156 470
157 435
149 431
168 444
160 440
120 404
180 455
139 451
126 447
118 443
159 481
138 458
130 454
149 467
150 432
182 464
161 441
148 471
153 437
172 450
119 444
165 411
151 476
183 465
175 461
176 426
141 468
133 464
179 431
152 477
158 408
144 473
164 451
156 447
157 412
176 462
108 407
168 421
160 417
179 467
145 474
173 458
137 470
157 448
149 444
150 409
168 457
169 422
142 405
160 453
161 418
153 414
126 460
172 427
205 461
111 417
171 468
154 436
131 395
95 409
163 464
183 442
202 455
175 438
154 415
194 451
146 411
152 454
112 418
144 450
104 414
164 428
143 405
156 424
180 462
176 439
187 448
179 444
145 451
164 464
137 447
138 412
156 460
197 461
157 425
168 434
160 430
159 471
147 478
130 444
171 445
190 458
142 418
182 454
153 427
148 461
151 466
152 431
163 477
183 455
175 451
133 454
152 467
164 441
156 437
168 411
114 440
155 478
167 452
158 483
186 465
137 460
178 461
170 457
149 434
169 412
136 464
147 473
139 469
118 446
205 451
111 407
171 458
163 454
182 467
129 461
175 428
148 474
140 470
132 466
112 408
152 444
145 405
164 418
115 413
156 414
176 429
122 421
114 417
133 467
179 434
174 468
134 467
166 464
145 441
137 437
138 402
178 438
157 415
197 451
130 398
149 411
189 447
168 424
160 420
201 458
107 414
126 427
167 465
99 410
159 461
118 423
170 470
171 435
190 448
163 431
147 477
142 408
182 444
134 404
129 438
148 451
121 434
100 411
140 447
141 412
132 443
111 420
151 456
152 421
131 398
144 417
123 394
110 424
175 441
162 471
141 448
133 444
174 445
165 476
193 458
125 440
144 453
185 454
145 418
164 431
137 414
156 427
103 421
122 434
114 430
155 468
106 426
167 442
126 404
158 473
186 455
118 400
159 438
138 415
178 451
130 411
170 447
189 460
117 441
136 454
128 450
147 463
107 427
139 459
140 424
119 401
151 433
171 448
163 444
129 451
121 447
140 460
141 425
181 461
132 456
133 421
152 434
125 417
144 430
122 411
114 407
155 445
174 458
146 476
166 454
167 419
158 450
137 427
177 463
124 457
170 424
143 470
135 466
136 431
160 410
147 440
107 404
126 417
167 455
139 436
118 413
159 451
200 452
170 460
171 425
203 457
163 421
136 467
129 428
147 476
148 441
121 424
139 472
140 437
141 402
113 420
132 433
133 398
151 446
152 411
144 407
204 458
110 414
196 454
102 410
162 461
154 457
133 434
174 435
146 453
165 466
193 448
125 430
166 431
185 444
145 408
137 404
177 440
156 417
143 447
103 411
122 424
135 443
155 458
114 420
106 416
166 467
126 394
167 432
158 463
186 445
118 390
159 428
178 441
130 401
170 437
189 450
117 431
136 444
109 427
128 440
129 405
147 453
120 436
148 418
139 449
99 413
140 414
132 410
151 423
192 461
184 457
163 434
150 464
129 441
121 437
161 473
162 438
141 415
181 451
153 469
113 433
132 446
173 447
133 411
152 424
125 407
165 443
144 420
131 450
110 427
162 474
122 401
154 470
114 397
155 435
174 448
146 466
166 444
185 457
158 440
177 453
124 447
170 414
143 460
165 445
135 456
136 421
127 452
128 417
147 430
139 426
180 464
118 403
159 441
157 480
163 411
149 476
128 453
169 454
129 418
148 431
121 414
161 450
113 410
132 423
172 459
151 436
150 477
110 404
142 473
162 451
134 469
181 464
154 447
155 412
173 460
146 443
174 425
165 456
125 420
166 421
158 417
131 463
177 430
124 424
155 448
114 410
106 406
188 445
147 407
207 458
167 422
158 453
199 454
159 418
178 431
191 450
170 427
117 421
157 457
109 417
168 466
129 395
147 443
120 426
148 408
160 462
121 391
139 439
140 404
200 455
132 400
151 413
192 451
184 447
203 460
150 454
169 467
142 450
101 412
161 463
121 427
134 446
162 428
113 423
181 441
153 459
154 424
133 401
173 437
125 397
165 433
131 440
110 417
123 436
102 413
143 414
122 391
154 460
195 461
155 425
146 456
174 438
187 457
166 434
158 430
177 443
105 424
124 437
164 473
143 450
116 433
156 469
117 398
135 446
136 411
108 429
127 442
128 407
188 458
147 420
120 403
139 416
180 454
191 463
138 457
117 434
157 470
130 453
109 430
149 466
150 431
129 408
169 444
160 475
120 439
121 404
161 440
153 436
113 400
132 413
172 449
119 443
184 460
150 467
142 463
183 464
134 459
162 441
153 472
154 437
173 450
146 433
165 446
166 411
152 476
158 407
131 453
123 449
124 414
143 427
116 410
176 461
135 423
127 419
179 466
159 408
145 473
137 469
156 482
117 411
157 447
136 424
109 407
149 443
128 420
168 456
169 421
160 452
120 416
139 429
180 467
126 459
172 426
138 470
203 450
150 444
169 457
142 440
161 453
202 454
134 436
162 418
153 449
154 414
172 462
173 427
146 410
165 423
112 417
131 430
123 426
124 391
115 422
143 404
135 400
176 438
195 451
155 415
127 396
146 446
187 447
179 443
198 456
158 420
105 414
145 450
124 427
164 463
156 459
116 423
135 436
136 401
108 419
127 432
168 433
128 397
147 410
188 448
120 393
180 444
139 406
199 457
191 453
138 447
157 460
130 443
149 456
150 421
168 469
169 434
142 417
160 465
121 394
161 430
153 426
172 439
119 433
111 429
148 478
131 407
163 476
142 453
183 454
134 449
175 450
194 463
154 427
146 423
141 457
165 436
112 430
152 466
131 443
104 426
144 462
123 439
164 440
124 404
115 435
143 417
116 400
135 413
176 451
195 464
127 409
187 460
179 456
145 463
164 476
137 459
138 424
156 472
117 401
157 437
108 432
149 433
168 446
120 406
160 442
126 449
118 445
205 450
138 460
130 456
171 457
150 434
142 430
182 466
161 443
134 426
148 473
153 439
140 469
119 446
165 413
151 478
112 407
131 420
123 416
183 467
115 412
175 463
176 428
141 470
206 450
133 466
179 433
144 475
145 440
105 404
164 453
137 436
116 413
156 449
157 414
108 409
149 410
122 456
168 423
201 457
160 419
173 449
180 434
126 426
167 464
137 472
138 437
157 450
130 433
170 469
149 446
190 447
150 411
169 424
142 407
160 455
161 420
134 403
153 416
172 429
100 410
119 423
111 419
171 470
131 397
163 466
123 393
148 477
183 444
202 457
175 440
194 453
146 413
141 447
133 443
112 420
152 456
104 416
144 452
145 417
164 430
124 394
115 425
116 390
156 426
176 441
135 403
122 433
127 399
179 446
145 453
186 454
137 449
138 414
156 462
197 463
157 427
130 410
189 459
168 436
160 432
107 426
126 439
159 473
118 435
119 400
171 447
190 460
163 443
142 420
182 456
129 450
134 416
148 463
140 459
141 424
132 455
151 468
111 432
112 397
152 433
131 410
163 479
123 406
115 402
175 453
141 460
133 456
152 469
125 452
144 465
185 466
164 443
156 439
122 446
168 413
155 480
160 409
107 403
167 454
126 416
118 412
159 450
178 463
170 459
130 423
171 424
136 466
161 410
128 462
147 475
148 440
139 471
119 413
205 453
151 445
111 409
171 460
163 456
129 463
175 430
148 476
140 472
141 437
132 468
133 433
152 446
125 429
104 406
144 442
145 407
164 420
137 403
156 416
103 410
122 423
155 457
114 419
106 415
166 466
126 393
167 431
158 462
186 444
137 439
138 404
178 440
197 453
157 417
130 400
170 436
149 413
189 449
160 422
201 460
107 416
147 452
126 429
167 467
99 412
118 425
159 463
171 437
190 450
163 433
182 446
129 440
134 406
148 453
121 436
140 449
100 413
141 414
132 445
133 410
151 458
152 423
144 419
110 426
115 392
162 473
122 400
154 469
133 446
174 447
193 460
125 442
145 420
185 456
177 452
137 416
156 429
143 459
103 423
122 436
155 470
114 432
106 428
167 444
126 406
158 475
186 457
118 402
159 440
178 453
130 413
170 449
189 462
117 443
163 410
136 456
128 452
129 417
147 465
148 430
139 461
140 426
119 403
132 422
151 435
163 446
150 476
129 453
121 449
141 427
181 463
132 458
133 423
173 459
152 436
125 419
144 432
164 410
208 453
122 413
155 447
146 478
174 460
106 405
166 456
167 421
158 452
159 417
177 465
178 430
170 426
143 472
135 468
136 433
128 429
107 406
147 442
148 407
139 438
118 415
159 453
200 454
192 450
151 412
171 427
163 423
203 459
182 436
169 466
129 430
148 443
121 426
139 474
140 439
113 422
141 404
181 440
133 400
151 448
152 413
125 396
144 409
204 460
196 456
110 416
102 412
162 463
122 390
154 459
155 424
146 455
174 437
165 468
125 432
193 450
185 446
146 464
158 429
193 459
177 442
137 406
185 455
158 438
143 449
103 413
177 451
137 415
135 445
124 445
114 422
155 460
103 422
116 441
106 418
135 454
147 419
136 419
188 457
126 396
167 434
127 450
106 427
158 465
147 428
188 466
118 392
178 443
167 443
139 424
170 439
129 407
159 439
147 455
170 448
109 429
120 438
128 442
157 478
136 455
148 420
121 403
128 451
169 452
129 416
148 429
132 412
139 460
192 463
151 425
140 425
113 408
132 421
172 457
151 434
150 466
110 393
150 475
142 471
161 475
121 439
162 440
110 402
162 449
181 462
154 445
144 422
