639 242
639 241
638 242
637 242
636 243
636 242
635 241
634 240
633 241
638 243
640 240
640 243
641 242
642 241
632 242
631 241
630 242
629 241
628 242
643 242
644 241
635 244
635 245
636 246
637 245
634 243
634 246
633 244
633 247
632 247
635 242
631 247
637 241
638 246
642 240
631 240
633 246
632 246
639 245
634 245
630 248
631 249
640 242
643 241
635 246
637 243
628 240
627 240
626 241
625 240
624 241
623 242
622 241
624 243
625 242
623 244
626 243
627 242
629 248
642 242
631 242
633 248
624 245
634 247
625 244
639 243
638 247
637 248
639 248
640 249
639 250
640 251
640 244
641 245
643 243
644 244
645 245
646 244
647 243
644 246
647 245
645 247
646 246
644 248
643 248
642 247
642 249
643 250
642 251
645 240
632 240
621 240
620 241
643 252
644 253
645 252
645 254
646 253
644 255
643 255
642 256
643 257
642 258
643 259
641 259
640 258
640 260
646 255
642 260
644 257
641 252
640 253
632 249
623 246
635 248
626 245
627 244
628 245
629 244
629 246
641 261
640 262
636 249
637 250
642 244
619 242
620 243
642 253
644 250
633 250
624 247
634 249
625 246
642 262
644 259
638 249
640 246
643 245
630 245
631 244
621 242
639 257
638 256
637 257
636 256
635 255
634 254
633 253
634 252
635 251
632 254
635 253
633 255
632 256
631 256
633 257
634 256
632 258
631 258
630 259
631 260
632 261
633 262
634 261
635 260
632 263
635 262
636 263
633 264
634 263
632 265
631 265
630 266
631 267
634 265
634 266
630 261
631 253
630 252
631 262
634 258
634 267
635 250
623 248
623 249
624 250
627 246
627 247
624 240
638 251
641 247
630 247
622 243
641 256
630 256
630 265
629 264
631 248
642 248
634 244
642 257
631 257
634 253
634 262
643 240
633 266
623 243
646 245
627 241
645 249
645 258
637 263
629 259
638 255
637 254
641 251
630 251
638 264
638 265
622 247
641 260
630 260
642 243
631 243
642 252
634 248
633 261
645 244
626 240
645 253
637 249
629 245
637 258
637 259
638 260
638 261
629 263
638 241
638 250
630 246
641 246
638 259
622 242
630 255
629 254
641 255
630 264
633 256
644 256
633 265
645 248
637 244
626 244
645 257
629 240
628 243
626 248
629 253
622 248
629 262
644 260
644 261
626 249
645 262
645 263
646 264
637 253
629 249
637 262
629 258
629 267
638 245
641 241
630 241
641 250
630 250
622 246
640 263
641 264
641 265
641 266
642 267
632 259
632 268
633 242
644 242
644 251
633 251
625 247
633 260
633 269
645 243
628 266
627 265
640 267
640 268
641 269
641 270
642 271
625 251
625 252
626 253
626 254
627 255
627 256
626 257
626 258
626 259
627 260
625 256
644 264
643 264
644 265
645 266
645 267
645 268
646 269
644 269
644 270
645 271
645 272
625 260
624 259
623 258
622 257
623 257
622 256
625 261
626 262
626 263
622 255
621 254
637 252
629 257
628 261
621 249
621 258
621 259
622 260
622 261
623 262
640 271
640 272
639 271
638 270
638 269
637 268
637 267
632 267
633 259
625 255
625 264
625 265
625 266
626 267
647 270
648 271
649 270
650 271
649 269
648 268
648 267
647 266
639 266
629 243
618 243
618 244
618 245
619 246
619 245
636 251
628 247
636 260
628 256
636 269
635 269
636 270
628 265
640 248
621 244
632 244
640 257
632 253
621 253
622 252
623 253
623 252
622 251
620 252
619 251
619 250
618 249
618 248
617 247
616 246
615 245
615 244
616 245
615 243
614 246
614 247
615 248
615 249
616 250
613 245
612 244
611 245
611 246
611 247
612 248
612 249
611 250
611 251
612 252
612 253
610 250
610 245
610 249
610 244
613 254
614 255
615 254
616 255
615 253
614 252
614 256
615 257
615 258
614 251
610 248
617 256
640 266
613 249
632 262
621 262
621 263
620 261
619 260
618 259
619 259
618 258
643 268
633 245
644 245
635 264
636 265
625 241
625 250
614 250
624 254
647 256
648 257
649 256
648 258
639 252
624 263
647 265
616 259
639 261
639 270
636 255
617 251
636 264
620 247
609 247
608 246
628 260
617 260
617 261
618 262
618 263
618 264
619 265
619 264
620 266
621 267
622 266
623 267
623 266
622 265
617 265
616 264
615 263
615 262
614 261
617 266
618 267
614 260
613 259
612 258
612 257
611 256
610 255
611 255
610 254
610 253
609 252
608 251
608 250
607 249
607 248
607 252
607 253
607 254
608 255
606 252
606 247
605 246
606 251
605 250
604 249
604 248
603 250
603 251
603 252
604 253
604 254
605 255
603 255
603 256
603 257
604 258
604 257
602 250
606 256
606 257
607 258
607 257
602 254
602 249
613 258
606 246
606 255
605 259
606 260
606 261
606 262
607 263
607 262
609 256
620 265
640 252
632 248
621 248
613 244
632 257
621 257
620 256
619 256
619 255
618 254
618 253
613 253
602 253
601 252
600 252
600 251
599 253
599 254
643 254
613 262
613 263
643 263
644 240
633 240
635 259
646 259
646 260
647 261
648 262
649 262
648 263
649 264
649 265
650 266
651 267
652 266
653 267
652 265
651 268
652 269
643 272
643 273
635 268
646 268
627 264
647 242
624 249
639 247
624 258
647 260
639 256
616 254
605 254
647 269
624 267
639 265
616 263
605 263
604 262
603 261
603 260
608 259
608 260
609 261
636 241
636 250
617 246
628 246
636 259
620 242
628 255
617 255
620 251
609 251
628 264
617 264
609 260
610 259
611 260
611 261
610 258
620 260
650 270
640 247
631 266
642 266
653 266
621 243
632 243
632 252
613 248
643 249
643 258
646 254
635 254
643 267
654 267
627 250
627 251
628 251
646 263
623 261
635 263
612 261
627 259
624 244
624 253
647 255
605 249
639 251
616 249
647 264
624 262
639 260
605 258
616 258
608 254
639 269
616 267
615 267
615 266
608 263
636 245
628 241
636 254
617 250
628 250
620 246
609 246
628 259
620 255
609 255
601 251
631 252
620 264
650 265
631 261
642 261
634 257
642 270
643 244
635 240
643 253
612 247
635 249
623 247
643 262
627 245
623 256
646 258
612 256
635 258
643 271
604 252
615 252
627 254
635 267
623 265
646 267
627 263
615 261
604 261
624 248
639 246
616 244
624 257
616 253
605 253
639 255
624 266
608 249
616 262
605 262
608 258
638 268
649 268
617 245
641 273
620 250
609 250
601 255
619 254
650 269
642 265
653 265
619 263
611 259
623 251
612 251
654 266
615 247
627 249
604 247
612 260
646 262
623 260
615 256
604 256
627 258
627 267
615 265
624 252
616 248
605 248
605 257
616 257
608 253
638 254
608 262
649 263
638 263
641 268
622 264
619 249
631 251
650 264
619 258
600 254
611 254
642 269
619 267
612 246
635 257
623 255
612 255
646 257
604 251
615 251
627 253
623 264
615 260
627 262
604 260
645 261
645 270
648 266
637 266
626 266
616 243
608 248
638 258
649 258
641 254
630 254
649 267
638 267
622 250
641 263
607 261
630 263
622 259
641 272
619 244
631 246
642 246
634 242
619 253
642 255
631 255
634 251
611 249
631 264
619 262
642 264
611 258
634 260
603 254
634 269
623 241
635 243
646 243
623 250
612 250
627 248
615 246
623 259
612 259
604 255
615 255
645 256
626 252
615 264
645 265
648 261
626 261
637 261
618 257
648 270
637 270
629 266
618 266
638 244
641 240
630 240
638 253
630 249
607 247
641 249
638 262
622 245
630 258
607 256
641 258
638 271
649 271
622 254
599 252
641 267
630 267
622 263
619 248
642 250
631 250
611 244
619 257
600 253
611 253
634 255
619 266
603 249
611 262
633 268
644 268
623 245
612 245
645 242
615 250
604 250
645 251
637 247
626 247
645 260
637 256
626 256
648 256
645 269
618 252
629 252
648 265
637 265
626 265
629 261
618 261
610 257
638 248
641 244
630 244
649 257
638 257
622 240
630 253
607 251
641 253
649 266
622 249
607 260
630 262
641 262
622 258
641 271
622 267
652 268
642 245
619 243
631 245
634 241
619 252
611 248
634 250
611 257
603 253
635 256
644 254
633 254
603 262
633 263
644 263
623 240
614 259
625 259
644 272
645 246
606 264
626 242
645 255
637 251
626 251
645 264
629 247
618 247
637 260
626 260
648 260
629 256
618 256
648 269
637 269
610 252
618 265
629 265
610 261
638 252
651 271
607 246
641 248
622 244
621 252
640 265
652 267
621 261
613 257
625 249
614 249
644 262
614 258
625 258
644 271
606 254
625 267
606 263
643 246
626 250
618 246
648 259
629 255
618 255
646 256
610 251
610 260
630 243
617 259
651 270
617 268
621 247
621 256
640 269
613 252
602 252
621 265
613 261
627 252
602 261
614 244
625 253
645 259
614 253
648 264
644 266
641 243
606 249
614 262
625 262
606 258
647 259
647 268
639 264
629 250
618 250
614 263
610 246
636 258
628 254
617 254
636 267
639 262
617 263
651 265
628 263
620 259
609 259
640 255
632 251
621 251
640 264
613 247
632 260
621 260
640 273
602 256
613 256
633 267
643 266
633 243
648 255
644 243
644 252
633 252
646 271
625 248
614 248
625 257
614 257
606 253
647 254
647 263
624 261
639 259
639 268
616 266
636 244
636 253
617 249
628 249
636 262
609 245
620 245
628 258
617 258
609 254
620 254
651 269
628 267
617 267
601 250
620 263
609 263
640 241
640 250
621 246
640 259
598 253
632 255
621 255
613 251
602 251
632 264
621 264
613 260
643 261
643 270
644 247
646 266
635 266
614 243
625 243
606 248
624 256
647 258
639 254
605 252
616 252
647 267
624 265
616 261
639 263
605 261
608 257
639 272
636 248
628 244
617 244
636 257
628 253
617 253
636 266
620 249
609 249
651 264
628 262
617 262
620 258
609 258
601 254
620 267
650 268
640 245
621 241
632 241
640 254
642 273
632 250
621 250
613 246
643 247
602 255
613 255
643 256
646 252
635 252
654 265
643 265
635 261
646 261
627 257
646 270
635 270
627 266
647 244
624 242
624 251
639 249
616 247
605 247
624 260
647 262
639 258
616 256
605 256
647 271
608 252
639 267
616 265
608 261
636 252
617 248
628 248
636 261
620 244
617 257
628 257
620 253
609 253
620 262
609 262
631 259
642 259
642 268
653 268
621 245
632 245
634 264
641 257
607 255
630 257
598 252
622 253
613 250
607 264
643 251
635 247
622 262
646 247
640 261
643 260
627 243
612 254
623 254
640 270
643 269
619 247
632 266
621 266
635 265
623 263
646 265
604 259
627 261
615 259
611 252
644 249
633 249
624 246
625 245
614 245
639 244
633 258
644 258
624 255
647 257
625 254
614 254
616 251
639 253
605 251
644 267
624 264
606 250
608 247
625 263
616 260
605 260
645 241
606 259
608 256
645 250
636 247
638 266
637 246
626 246
617 252
617 243
629 242
626 255
637 255
628 252
618 251
629 251
609 248
620 248
637 264
626 264
610 247
629 260
618 260
609 257
620 257
610 256
601 253
642 254
631 254
636 268
650 267
651 266
619 261
631 263
642 263
634 259
642 272
634 268
607 259
607 250
640 256
584 268
583 268
584 269
584 270
583 270
585 268
586 268
587 267
588 267
589 266
590 265
586 267
585 266
589 265
587 266
583 269
588 266
589 267
584 267
586 266
585 267
