589 87
588 88
587 87
590 88
591 89
588 87
589 86
590 87
589 89
588 90
590 90
587 88
586 89
585 88
586 86
585 85
587 85
588 84
589 83
590 84
587 91
586 92
585 91
584 90
583 91
582 92
581 91
580 92
579 93
591 91
581 90
580 89
579 90
578 91
592 90
593 89
584 86
583 87
582 86
588 86
590 83
591 82
590 81
589 80
592 81
593 80
593 82
579 92
590 92
580 91
582 88
585 87
586 88
591 84
592 83
594 80
578 93
581 92
592 92
594 89
583 89
584 88
588 79
590 85
579 94
580 93
582 90
586 90
592 85
581 85
580 84
579 83
580 82
579 81
581 81
578 84
581 83
579 85
582 81
583 80
582 79
583 78
582 77
584 77
585 76
583 76
585 78
586 79
584 79
585 80
586 81
587 82
581 76
580 75
579 74
581 74
579 76
578 77
577 78
578 86
577 87
594 82
583 82
584 81
578 95
581 94
582 95
583 94
584 93
585 94
586 95
583 96
584 95
582 97
581 97
580 98
579 99
578 98
578 100
581 99
579 101
580 100
587 96
588 95
589 94
588 93
586 97
578 102
581 101
584 97
588 97
590 94
589 96
579 103
577 103
576 103
580 102
585 98
582 99
586 99
587 98
578 104
584 99
588 81
579 78
580 77
582 74
583 73
582 72
581 72
583 71
577 96
589 98
590 99
577 105
586 83
578 79
578 88
578 97
578 106
578 107
579 108
579 80
590 80
582 76
579 89
590 89
582 85
582 94
593 91
585 96
589 84
577 91
589 93
577 100
586 78
578 74
586 87
578 83
586 96
578 92
578 101
579 75
582 71
581 103
582 104
582 80
582 89
593 86
594 87
585 82
585 100
585 101
586 101
577 77
589 79
577 86
589 88
589 97
577 95
577 104
586 82
578 78
586 91
578 87
578 96
592 89
581 89
581 98
582 75
584 94
593 81
585 77
593 90
585 86
585 95
589 92
577 90
577 99
586 77
577 108
577 109
577 110
578 111
578 73
579 72
579 71
579 70
578 69
577 72
578 82
577 81
580 101
581 84
592 84
581 93
592 93
584 89
581 102
584 98
593 85
585 81
593 94
593 95
594 96
593 96
585 90
585 99
577 76
576 75
575 74
575 73
574 72
574 71
589 78
576 108
577 85
577 94
588 91
578 68
579 67
579 66
578 65
578 64
577 67
576 66
575 65
575 64
580 96
581 70
592 79
581 79
584 75
581 88
592 88
584 84
592 97
592 98
593 99
593 100
584 102
584 103
585 104
585 105
586 106
574 66
574 67
575 68
575 69
573 65
572 64
571 63
571 62
572 63
571 61
572 60
572 59
570 60
570 64
570 65
571 66
571 67
572 68
572 69
574 75
574 76
573 74
572 73
571 72
571 71
570 70
570 69
570 73
570 74
571 75
571 76
571 77
572 78
570 78
570 79
571 80
571 81
572 82
573 79
574 80
574 81
573 83
573 84
574 85
574 86
575 87
577 71
577 80
588 77
577 89
578 63
579 62
579 61
577 62
576 61
575 60
570 59
570 68
580 109
581 108
582 108
581 107
580 110
581 111
581 112
582 113
581 106
580 105
569 72
568 71
567 70
567 69
567 68
566 67
566 71
566 72
567 73
567 74
565 70
564 69
563 68
563 67
564 68
563 66
564 65
564 64
563 63
562 65
584 70
583 69
583 68
582 67
582 66
581 65
592 101
592 102
592 103
593 104
593 105
592 106
592 107
593 108
593 109
593 110
592 111
592 112
593 113
593 114
573 60
584 106
584 107
584 108
585 109
585 110
586 111
586 110
584 111
584 112
584 113
585 114
585 115
586 115
585 113
584 116
584 117
585 118
585 119
586 120
587 112
587 121
588 113
589 112
589 111
588 110
588 114
588 109
585 71
585 72
586 73
586 74
587 75
586 72
591 105
562 69
562 70
563 71
563 72
564 73
564 74
573 69
565 65
573 78
594 110
583 110
565 74
573 87
572 87
571 86
571 85
570 84
570 83
570 87
570 88
570 89
571 90
573 88
574 89
574 90
574 91
575 92
569 86
573 92
573 93
574 94
574 95
569 90
569 91
570 92
570 93
571 94
571 95
573 96
573 97
573 98
574 99
574 100
573 101
572 102
573 103
574 104
574 105
573 102
574 103
573 106
573 107
574 108
574 109
574 61
574 62
574 70
580 68
576 89
577 66
566 66
567 65
568 66
567 64
566 63
565 62
565 61
566 62
567 63
568 62
576 98
566 75
566 76
566 77
567 78
567 79
568 80
566 80
566 81
567 82
567 83
567 84
566 85
566 86
567 87
567 88
565 84
564 83
563 82
563 81
563 80
562 79
562 83
562 84
563 85
563 86
564 87
565 79
564 78
563 77
563 76
565 88
565 89
566 90
566 91
567 92
567 93
566 94
566 95
566 96
567 97
567 98
566 99
566 100
567 101
567 102
565 98
565 93
564 92
563 91
563 90
562 92
562 93
561 91
560 91
560 90
559 89
558 89
559 88
558 87
559 92
559 93
559 94
560 95
560 94
558 91
558 86
558 95
558 96
559 97
559 98
560 99
559 87
560 86
560 85
559 84
559 83
558 82
561 96
562 97
563 96
563 95
562 98
563 99
563 100
558 81
558 90
558 99
561 100
562 101
562 102
562 103
563 104
564 103
564 102
565 103
566 104
566 105
567 106
567 107
565 102
565 97
565 106
565 107
565 108
566 109
566 110
567 111
565 111
568 108
569 109
569 110
570 111
570 112
571 113
572 114
573 115
574 114
574 113
573 112
573 116
573 117
574 118
573 111
569 113
569 114
568 113
572 115
558 85
557 98
569 81
561 86
561 95
569 108
570 107
571 107
570 106
569 105
569 104
570 103
571 104
570 102
561 104
560 103
559 102
561 105
562 106
563 107
562 107
562 78
561 77
560 77
560 76
559 75
559 74
560 75
559 78
559 79
560 80
560 81
558 77
559 73
560 72
560 71
559 70
558 70
559 69
558 72
558 76
557 75
559 68
560 67
560 66
572 110
562 87
572 101
562 88
565 83
575 115
576 115
577 114
578 115
578 116
577 113
576 112
565 92
577 75
595 111
596 110
597 111
596 109
595 112
596 113
596 114
596 115
597 116
598 117
598 118
595 116
594 116
595 117
596 118
596 119
568 94
569 95
558 71
576 107
587 107
595 120
595 121
594 119
593 119
593 118
592 117
592 116
575 119
592 120
592 121
591 119
590 118
568 103
587 116
587 117
566 111
588 118
588 119
576 116
576 117
577 118
577 119
578 120
558 80
568 112
580 86
557 84
556 83
588 99
572 83
588 100
580 95
588 108
589 107
590 108
589 106
588 105
575 97
588 104
589 103
590 103
589 102
587 103
580 104
569 67
581 69
580 113
579 113
580 114
580 115
560 83
581 116
581 117
582 118
582 119
562 100
581 120
580 120
562 104
581 121
580 119
579 118
580 118
583 119
581 78
598 112
599 112
600 113
600 114
601 113
600 112
583 88
600 111
599 110
599 114
600 115
600 116
599 109
600 110
601 109
602 110
603 110
599 113
591 106
572 70
599 108
600 107
600 106
599 105
569 85
561 81
572 96
591 109
583 105
562 82
575 101
594 114
594 100
595 79
565 87
577 61
576 102
595 115
568 98
587 111
588 76
580 72
557 88
569 62
581 73
592 82
579 112
564 71
594 78
593 77
584 78
571 108
591 86
582 117
578 67
556 88
594 98
594 77
564 61
582 109
589 75
571 96
590 76
591 77
594 99
563 105
594 106
582 100
564 84
570 97
570 98
571 99
568 68
590 75
556 84
589 74
593 76
561 94
594 91
573 68
565 64
583 77
561 68
569 112
583 106
581 109
595 98
596 98
597 98
572 109
575 77
598 98
564 105
583 118
561 80
575 78
597 97
584 96
596 96
596 95
575 114
576 79
577 92
578 90
584 76
592 77
561 73
563 69
596 99
596 100
597 101
595 92
568 75
568 111
588 89
601 108
580 85
598 102
598 103
590 98
569 75
561 71
602 109
572 86
591 99
564 82
602 108
561 78
564 72
597 102
596 91
583 95
566 70
591 87
597 92
597 93
575 91
598 94
599 95
600 96
594 104
597 115
576 92
568 88
587 101
580 62
586 105
557 78
560 89
579 102
598 115
571 98
590 111
563 94
601 95
602 96
591 76
582 107
583 72
594 81
572 99
564 95
591 107
601 94
600 93
583 108
575 104
576 69
576 65
561 92
563 106
603 107
604 106
595 82
596 82
597 83
568 65
587 78
567 105
586 118
559 101
578 114
579 79
598 92
570 110
582 84
604 105
560 102
579 115
597 84
596 85
571 111
572 76
582 120
583 85
575 81
594 94
598 85
599 85
576 82
589 101
568 78
601 111
560 79
598 105
597 106
596 105
597 105
571 88
590 101
563 84
593 112
572 89
575 83
597 107
586 117
598 84
604 104
603 103
585 108
564 85
596 117
594 112
596 83
578 62
590 119
585 102
596 86
561 64
561 83
596 104
572 65
597 87
597 88
597 89
598 89
558 88
570 99
600 97
587 89
600 98
601 99
601 98
602 99
603 98
604 99
575 94
574 98
597 118
589 114
567 95
586 108
559 91
579 69
598 82
570 100
571 65
590 78
581 115
560 92
601 100
571 101
584 120
584 121
602 101
603 101
572 66
604 100
605 101
605 102
567 94
603 102
565 71
565 81
597 103
569 100
602 102
596 81
597 81
598 80
575 107
597 79
598 79
597 78
596 77
571 69
596 90
572 84
597 82
599 91
600 92
600 101
579 95
600 102
599 100
603 97
604 96
605 97
590 100
604 95
563 97
594 111
589 90
605 96
592 113
604 94
604 93
564 62
604 98
605 93
606 92
583 75
575 71
573 110
585 121
605 92
604 91
605 99
597 95
589 91
574 111
559 77
570 62
569 98
592 96
604 90
605 89
604 89
603 88
602 87
601 86
606 89
602 86
601 88
566 107
567 72
586 85
577 116
578 81
570 77
601 101
567 108
600 105
560 69
579 82
570 113
571 78
563 74
601 104
605 88
601 85
605 87
604 86
605 86
582 87
593 102
596 107
606 90
585 84
600 88
603 93
602 92
604 85
603 84
574 88
566 84
602 83
577 93
597 108
589 104
574 87
602 82
567 85
601 81
559 81
599 117
578 94
570 90
593 101
601 80
582 64
583 63
582 62
583 62
581 105
592 114
593 79
584 110
585 75
604 88
596 84
575 61
583 64
600 79
584 65
585 66
601 78
562 91
573 100
574 65
593 115
565 96
585 111
577 70
596 120
597 85
589 81
601 77
601 76
602 76
574 101
566 97
602 78
601 75
582 61
587 119
600 74
575 102
582 114
602 103
603 79
603 80
603 106
572 79
585 67
586 68
573 75
586 69
562 74
596 76
597 75
600 73
599 72
596 75
599 75
587 68
567 62
558 93
586 75
577 106
578 71
570 67
588 121
580 117
581 82
598 76
589 121
598 71
597 70
598 70
590 121
598 69
597 72
596 72
597 73
600 95
592 91
571 68
563 64
603 100
569 107
561 103
581 118
573 77
597 71
598 75
597 74
597 69
596 94
597 68
596 67
589 73
590 72
593 92
604 101
596 97
591 73
573 113
574 78
590 71
565 109
566 74
591 72
589 70
589 69
589 68
590 68
577 83
588 98
567 75
559 71
599 107
600 72
570 80
590 67
590 66
591 66
581 95
600 108
592 104
584 100
585 65
596 74
562 81
598 100
591 68
586 64
585 63
586 63
592 69
593 70
594 69
595 70
595 69
587 65
587 66
588 66
594 71
586 62
593 69
573 90
565 86
577 60
589 71
595 114
587 110
566 87
558 83
586 65
599 84
600 83
578 61
588 111
594 68
593 67
580 107
581 71
590 70
568 96
593 72
594 73
572 74
589 65
591 69
590 65
591 64
594 92
560 82
592 70
593 71
589 64
595 107
599 86
599 104
592 65
600 78
592 74
600 87
603 83
603 92
575 70
569 99
593 66
585 62
593 75
598 99
596 71
596 80
591 114
595 93
588 72
599 81
599 90
599 99
557 93
600 82
592 78
569 76
561 72
584 74
603 87
581 87
592 87
590 117
589 116
584 83
579 117
569 94
584 92
561 90
569 103
561 99
591 100
562 64
573 64
606 98
562 73
573 73
565 69
594 105
572 105
573 82
591 118
564 101
565 78
583 114
564 110
575 110
595 88
576 84
587 84
595 97
566 61
567 60
567 59
576 93
587 93
595 106
568 89
587 102
588 67
580 63
576 111
599 76
568 107
576 120
587 120
588 85
557 79
556 80
580 81
588 94
599 94
580 90
599 103
580 99
575 63
557 97
581 64
592 64
600 77
569 71
592 73
598 107
561 67
584 69
602 105
569 80
598 116
603 82
590 112
561 76
569 89
561 85
584 87
579 121
573 59
585 61
591 95
572 91
606 93
591 104
562 68
572 100
583 100
591 113
564 96
575 96
583 109
594 109
565 73
595 74
575 105
576 70
587 70
572 118
571 117
570 116
569 116
571 100
594 118
595 83
587 79
576 88
595 101
595 102
568 84
576 97
587 97
595 110
568 93
576 106
587 106
588 71
599 71
568 102
580 67
599 80
588 80
580 76
557 74
599 89
586 119
557 83
557 92
580 94
598 93
602 91
601 90
569 66
581 68
592 68
584 64
602 100
579 98
598 111
584 73
579 107
590 107
569 84
571 103
582 103
590 116
579 116
591 81
571 112
582 112
572 77
563 108
591 90
582 121
583 86
594 86
606 88
573 63
575 82
606 97
594 95
572 95
591 108
564 91
565 68
572 104
583 104
556 87
591 117
564 100
575 100
572 113
583 113
594 113
595 78
568 61
564 109
575 109
587 74
576 74
595 87
568 70
575 118
576 83
587 83
595 96
568 79
587 92
576 101
589 120
568 97
588 75
580 71
601 103
580 80
586 114
601 112
578 110
567 110
602 77
557 87
598 88
578 119
579 84
569 61
570 115
598 97
602 95
590 93
569 70
598 106
571 89
602 104
561 66
590 102
591 67
582 98
560 98
561 75
579 111
594 72
572 72
579 120
590 120
563 103
591 85
582 116
571 116
583 81
572 81
591 94
564 77
572 90
583 90
594 90
591 103
564 86
575 86
583 99
556 82
575 95
576 60
572 108
594 108
595 73
564 104
587 69
605 105
575 113
576 78
568 74
597 110
576 87
574 117
597 119
568 83
589 115
568 92
599 70
588 70
601 89
586 100
580 66
567 96
586 109
557 73
598 74
601 107
578 105
557 82
570 101
598 83
567 114
590 79
602 81
579 88
602 90
598 101
560 84
571 84
586 93
590 97
591 80
579 97
598 110
571 93
560 93
582 93
579 106
590 106
563 89
591 71
571 102
582 102
583 67
572 67
594 67
590 115
563 98
564 63
582 111
594 76
575 72
572 85
594 85
593 117
564 81
572 94
575 90
564 90
605 91
594 103
595 68
556 86
564 99
575 99
576 64
587 64
605 100
595 77
597 96
568 60
576 73
587 73
568 69
574 112
597 114
589 110
566 108
577 117
589 119
601 84
580 61
567 91
601 93
586 104
601 102
567 100
579 65
586 113
598 78
559 96
570 96
567 109
578 109
590 74
598 87
570 105
560 70
571 70
582 70
578 118
602 85
598 96
570 114
571 79
602 94
563 75
560 88
571 97
560 97
572 62
590 110
591 75
563 93
571 106
582 106
572 71
563 102
564 67
575 67
593 103
604 103
572 80
564 76
575 76
596 108
575 85
593 121
585 117
556 81
605 95
597 91
605 104
576 68
597 100
568 64
597 109
568 73
574 107
589 105
566 103
574 116
566 112
577 112
601 79
567 77
577 121
567 86
559 82
570 82
601 97
598 73
570 91
601 106
567 104
590 69
559 100
582 65
578 113
567 113
602 80
570 109
598 91
560 74
571 74
579 87
563 70
571 83
582 83
590 96
579 96
563 79
592 115
571 92
591 70
563 88
582 101
583 66
575 62
593 98
572 75
594 75
593 107
585 103
596 103
564 80
593 116
575 80
585 112
596 112
597 77
605 90
573 119
556 85
597 86
574 84
587 63
588 62
589 82
574 93
568 59
566 89
597 104
574 102
586 67
589 100
577 98
566 98
597 113
586 76
558 94
589 109
577 107
578 72
589 118
601 83
567 81
586 94
601 92
567 90
586 103
559 86
590 73
570 86
570 63
578 99
567 99
590 64
579 64
559 95
570 95
598 77
571 60
578 108
579 73
598 86
570 104
582 69
590 82
563 65
582 78
560 78
581 110
592 110
560 87
571 87
591 65
563 83
581 119
592 119
593 84
604 84
572 61
583 61
584 115
563 92
593 93
594 70
583 70
585 89
596 89
575 66
604 102
564 66
562 96
575 75
593 111
573 105
562 105
585 107
593 120
565 101
605 85
573 114
585 116
596 116
574 79
565 110
605 94
589 77
597 90
605 103
577 84
597 99
574 97
589 95
566 93
574 106
586 71
566 102
577 102
567 67
574 115
558 98
586 80
577 111
578 76
567 76
559 72
570 72
577 120
578 85
601 87
570 81
588 117
559 90
582 73
600 91
579 68
559 99
600 100
571 64
579 77
590 77
603 96
581 96
571 73
600 109
560 73
592 105
603 105
571 82
582 82
584 101
581 114
563 78
593 88
584 119
604 97
593 97
573 91
596 93
585 93
593 106
596 102
589 63
573 109
596 111
597 76
574 74
565 105
589 72
573 118
574 83
577 79
566 79
574 92
597 94
558 75
566 88
577 88
558 84
586 66
577 97
589 99
566 106
567 71
586 84
588 103
567 80
578 80
588 112
559 76
570 76
567 89
578 89
580 108
559 85
570 85
600 86
579 63
570 94
571 59
603 91
582 68
600 104
560 68
592 100
581 100
593 65
563 73
592 109
603 109
593 74
584 105
585 70
596 70
592 118
593 83
604 83
584 114
585 79
596 79
562 77
604 92
596 88
573 86
562 86
565 82
573 95
562 95
585 97
574 60
565 91
573 104
585 106
596 106
574 69
565 100
605 84
566 65
589 67
577 65
597 80
577 74
589 76
595 119
566 83
589 85
574 96
587 115
558 79
566 92
607 93
586 70
566 101
577 101
578 66
567 66
558 97
599 98
578 75
570 71
588 107
580 103
588 116
559 80
599 116
600 81
580 112
581 77
600 90
580 121
581 86
603 86
592 86
600 99
582 63
584 82
569 93
592 95
603 95
561 89
584 91
603 104
569 102
581 104
561 98
569 111
581 113
593 78
584 109
562 72
585 74
573 72
593 87
604 87
584 118
573 81
585 83
565 77
585 92
596 92
562 90
596 101
562 99
573 99
574 64
565 95
566 60
573 108
562 108
574 73
565 104
566 69
595 105
577 69
574 82
566 78
576 110
558 74
568 106
576 119
567 61
568 115
558 92
599 93
578 70
570 66
588 102
599 102
557 96
581 63
570 75
599 111
600 76
592 72
588 120
600 85
584 68
580 116
603 81
569 79
600 94
603 90
569 88
600 103
561 84
569 97
569 115
596 69
585 69
592 99
603 99
561 93
592 108
603 108
569 106
593 73
561 102
584 104
562 67
573 67
604 82
565 63
573 76
596 78
591 112
562 76
565 72
573 85
562 85
596 87
591 121
572 117
594 117
583 117
562 94
573 94
565 90
595 91
574 68
565 99
577 64
566 64
595 100
589 66
574 77
576 96
566 73
577 73
595 109
576 105
587 105
566 82
577 82
595 118
568 101
587 114
576 114
558 78
599 79
568 110
599 88
599 97
570 61
557 91
556 90
588 106
599 106
581 67
569 65
592 67
599 115
588 115
600 80
584 63
580 111
569 74
592 76
600 89
561 70
584 72
603 85
569 83
561 79
592 94
603 94
569 92
561 88
569 101
593 68
561 97
591 98
585 64
573 62
606 96
561 106
585 73
562 71
573 71
596 73
572 103
565 67
583 103
575 108
573 80
562 80
591 116
572 112
583 112
565 76
562 89
573 89
564 108
583 121
565 85
594 121
595 86
574 63
575 117
565 94
595 95
576 91
595 104
566 68
577 68
568 87
587 100
576 100
588 65
595 113
587 109
558 73
576 109
599 74
588 74
568 105
580 70
576 118
587 118
599 83
588 83
568 114
557 77
580 79
588 92
599 92
580 88
557 86
599 101
588 101
580 97
557 95
581 62
569 60
600 75
580 106
583 102
592 71
569 69
600 84
561 65
584 67
569 78
581 80
592 80
598 114
579 110
561 74
602 112
603 89
569 87
584 85
579 119
569 96
582 115
571 115
591 93
606 91
561 101
573 66
591 102
562 66
585 68
583 98
572 98
591 111
562 75
564 94
572 107
594 107
583 107
595 72
591 120
575 103
583 116
565 80
572 116
595 81
575 112
576 77
587 77
595 90
576 86
587 86
595 99
577 63
568 82
587 95
576 95
595 108
568 91
587 104
576 104
588 69
568 100
580 65
587 113
576 113
588 78
599 78
568 109
580 74
599 87
557 81
580 83
588 96
599 96
557 90
602 89
592 66
590 105
569 64
581 66
584 62
602 98
592 75
598 109
569 73
581 75
602 107
579 105
584 71
561 69
569 82
560 101
590 114
579 114
584 80
591 79
582 110
571 110
561 87
591 88
564 89
594 84
583 84
565 66
573 61
591 97
572 93
583 93
594 93
606 95
573 70
575 89
594 102
595 67
564 107
579 86
591 115
564 98
575 98
576 63
572 111
565 75
583 111
595 76
587 72
576 72
594 120
583 120
595 85
575 116
587 81
576 81
595 94
568 77
587 90
576 90
595 103
568 86
576 99
587 99
588 64
568 95
587 108
588 73
568 104
580 69
588 82
599 82
557 76
580 78
586 112
601 110
580 87
557 85
586 121
578 117
602 84
557 94
598 95
569 59
581 61
579 91
602 93
590 91
598 104
569 68
579 100
584 66
598 113
569 77
582 96
560 96
602 111
579 109
590 109
591 74
571 105
582 105
561 82
591 83
563 101
571 114
594 79
583 79
591 92
564 75
572 88
594 88
591 101
575 84
583 97
572 97
594 97
606 99
591 110
564 93
575 93
572 106
556 89
595 71
576 67
587 67
594 115
583 115
595 80
568 63
575 111
576 76
587 76
595 89
568 72
575 120
576 85
568 81
597 117
587 94
576 94
589 113
568 90
588 68
568 99
580 64
586 98
599 77
601 96
586 107
580 73
578 103
601 105
567 103
557 80
586 116
598 81
578 112
567 112
602 79
557 89
598 90
570 108
578 121
602 97
590 86
602 88
570 117
569 63
590 95
584 61
598 108
571 91
582 91
602 106
590 104
579 104
563 87
560 100
594 65
583 65
590 113
591 78
571 109
583 74
594 74
564 70
583 83
594 83
591 96
564 79
575 79
564 97
572 92
606 94
583 92
575 88
564 88
594 101
583 101
585 120
595 66
605 98
576 62
587 62
595 75
564 106
575 106
576 71
587 71
595 84
568 67
576 80
587 80
597 112
574 110
568 76
589 108
568 85
574 119
588 63
577 115
586 102
601 91
589 117
601 82
