409 486
410 487
408 486
407 486
411 487
412 486
409 485
410 486
409 488
408 489
410 489
413 485
414 484
415 485
416 484
417 483
418 484
407 487
406 488
405 487
404 486
406 485
405 484
407 484
408 483
409 482
410 483
407 490
406 491
411 490
417 485
408 482
407 481
408 480
409 479
406 482
410 479
409 481
408 491
410 488
409 490
406 484
418 486
416 486
415 487
405 486
407 483
407 492
406 493
405 493
404 484
411 483
417 487
408 484
410 481
409 483
408 493
409 492
413 483
406 486
416 488
415 489
405 488
407 485
407 494
406 495
405 495
411 485
417 489
419 486
409 494
405 481
404 482
403 481
402 482
410 495
411 494
412 493
411 492
413 492
414 491
413 490
413 494
415 491
414 493
415 494
416 493
417 492
418 493
417 494
416 495
415 496
419 493
416 497
415 498
414 498
413 497
413 499
412 500
411 499
411 501
410 502
409 501
408 500
407 499
408 498
409 497
406 500
409 499
407 501
407 497
411 503
412 502
409 503
416 490
405 490
410 504
405 499
407 496
411 478
410 477
412 477
412 479
411 476
409 476
408 475
407 476
406 475
406 477
408 477
407 478
406 479
405 479
403 483
402 484
417 482
416 481
416 480
415 480
417 480
418 479
419 480
417 478
418 477
419 477
415 482
411 496
411 497
419 479
408 479
409 478
412 495
417 491
404 491
403 490
402 491
403 492
411 505
411 506
409 487
409 496
413 478
414 477
415 478
414 486
413 487
413 488
415 484
406 481
405 483
416 483
407 480
410 497
413 496
415 493
414 495
402 493
401 493
400 494
402 490
399 495
398 496
409 498
400 496
397 495
396 494
395 493
394 492
396 492
397 491
396 490
394 494
398 491
399 494
397 493
395 495
394 496
396 496
398 493
404 480
403 479
402 479
401 480
401 479
400 478
399 479
398 478
398 480
399 481
400 482
395 497
395 498
396 499
396 489
395 488
407 489
396 498
407 498
418 495
406 502
414 479
399 490
400 491
410 490
414 488
410 499
414 497
411 482
403 478
411 491
403 487
403 488
411 500
395 492
415 479
407 475
418 481
418 490
419 491
406 497
410 476
410 485
402 481
414 483
410 494
414 492
419 489
410 503
411 477
394 499
411 486
403 482
411 495
397 498
400 492
395 500
420 493
395 501
403 491
419 492
394 501
398 489
395 487
395 496
417 493
407 479
411 502
398 494
400 480
414 489
394 497
404 489
401 484
400 485
399 486
400 487
399 485
418 485
406 483
406 492
418 494
398 488
406 501
398 487
412 480
413 481
400 489
402 486
397 496
398 482
405 497
416 479
420 488
421 489
422 488
422 487
421 490
398 497
399 480
410 480
414 478
399 489
415 490
421 491
414 480
394 487
395 486
396 485
422 492
422 493
396 484
395 483
422 491
414 487
402 485
410 498
414 496
402 494
402 495
403 496
411 481
413 500
403 486
395 482
396 481
396 480
395 479
395 478
396 479
395 491
417 488
394 495
409 493
409 502
406 478
418 480
406 487
418 489
398 483
406 496
421 494
421 495
422 496
422 497
398 492
399 484
410 484
402 480
414 482
410 493
399 493
402 489
413 495
394 490
394 485
393 498
392 497
392 496
391 495
391 494
392 493
392 492
392 491
391 490
390 493
391 489
392 488
392 487
391 486
391 485
392 486
390 488
389 487
388 486
388 485
391 498
390 498
391 499
391 500
392 501
392 502
391 503
391 504
391 505
392 505
390 502
390 497
389 496
388 495
388 494
387 493
387 492
387 487
387 488
388 489
388 490
386 486
387 496
387 497
386 495
390 492
390 501
391 484
392 483
392 482
391 481
391 480
390 479
389 478
389 477
390 483
389 482
388 481
388 480
387 482
387 483
386 481
390 478
387 491
386 490
390 487
390 496
391 479
392 478
397 477
397 486
394 480
394 489
386 485
385 484
384 483
384 482
383 481
383 480
382 479
381 478
394 498
386 494
385 493
384 493
384 492
383 491
383 490
383 494
383 495
384 496
384 497
384 498
383 499
383 500
384 501
384 502
383 503
383 504
383 505
384 506
383 489
384 488
384 487
383 486
383 485
382 493
382 502
382 488
382 506
381 505
380 505
380 504
380 503
379 502
379 501
380 500
380 499
379 498
379 497
378 500
379 496
380 495
381 496
380 494
379 493
379 492
378 491
378 495
377 494
376 493
376 492
410 496
382 497
385 502
375 494
375 495
374 493
373 492
372 491
373 491
372 490
372 489
373 488
373 487
371 488
371 492
370 491
369 490
371 493
372 494
372 495
373 496
373 497
374 498
375 499
376 498
377 498
376 497
378 490
377 489
376 488
376 487
375 486
375 485
376 484
377 485
377 484
378 486
379 487
380 488
380 486
380 485
379 488
380 489
380 490
381 491
380 484
379 483
386 503
387 502
388 503
388 504
387 501
386 500
386 504
387 505
387 506
386 499
378 499
398 486
387 486
389 505
390 482
379 482
380 481
381 482
380 480
379 479
390 491
420 492
423 488
412 488
401 488
393 484
412 497
423 497
404 493
393 493
393 502
381 500
413 480
405 476
413 489
424 489
425 488
426 489
426 490
424 490
425 491
425 492
416 485
405 485
382 483
413 498
424 498
425 497
425 496
426 495
427 495
426 494
424 495
428 496
429 495
429 494
428 497
429 498
429 493
430 492
430 491
428 492
424 494
428 491
431 492
432 493
433 493
434 494
433 492
434 493
433 491
435 495
435 494
397 481
416 494
382 492
405 494
397 490
374 488
385 488
382 501
385 497
374 497
417 477
385 506
394 484
417 486
386 480
394 493
375 489
375 490
386 489
427 490
378 485
386 498
375 498
378 494
408 495
419 495
389 491
378 503
378 504
378 505
389 500
388 499
390 477
420 478
420 487
412 483
401 483
404 479
393 479
412 492
401 492
423 492
404 488
381 486
393 488
412 501
393 497
404 497
381 495
381 504
413 484
405 480
424 493
413 493
405 489
416 489
382 487
397 485
385 483
382 496
397 494
385 492
374 492
382 505
385 501
394 479
409 477
386 484
408 481
419 481
427 494
378 489
419 490
408 490
400 486
389 486
408 499
400 495
377 493
389 495
389 504
377 502
401 478
412 478
431 491
420 491
401 487
423 487
412 487
393 483
381 481
404 483
412 496
401 496
423 496
393 492
370 490
381 490
404 492
393 501
381 499
413 479
405 475
404 474
382 482
397 480
382 491
374 487
385 487
397 489
415 488
385 496
374 496
415 497
407 493
396 493
407 502
388 498
408 476
408 485
419 485
389 481
400 481
408 494
419 494
389 490
377 488
400 490
389 499
377 497
420 486
412 482
401 482
404 478
393 478
423 491
401 491
412 491
393 487
404 487
381 485
393 496
381 494
370 494
369 494
368 493
367 494
366 494
367 495
368 496
368 497
368 498
370 495
370 496
371 497
371 498
369 498
369 493
404 496
426 493
381 503
411 504
392 500
382 486
384 505
385 482
415 483
374 491
385 491
415 492
396 488
407 488
388 484
396 497
373 495
388 493
388 502
427 493
389 485
389 494
377 492
389 503
377 501
369 497
393 482
381 480
381 489
434 492
370 498
381 498
403 495
426 497
392 495
384 491
392 504
384 500
376 496
396 483
388 479
373 490
388 488
388 497
365 495
365 496
365 497
366 498
366 497
388 506
389 480
389 489
377 487
377 496
366 496
369 492
422 495
380 498
381 484
392 481
426 492
392 490
384 486
392 499
384 495
376 491
384 504
376 500
396 478
396 487
388 483
373 494
388 492
388 501
365 499
381 487
400 484
389 484
377 491
399 488
433 490
434 489
435 489
422 490
369 496
399 497
380 493
391 493
380 502
391 502
381 479
372 498
383 498
411 480
411 489
392 485
403 485
411 498
395 481
384 481
426 496
392 494
403 494
395 490
384 490
392 503
376 486
395 499
384 499
415 477
376 495
415 486
396 482
407 482
388 478
373 489
396 491
407 491
388 487
418 488
373 498
388 496
429 497
421 493
387 500
377 486
379 505
390 505
399 483
414 481
380 479
369 491
422 494
399 492
410 492
414 490
391 488
402 488
410 501
383 484
380 497
391 497
414 499
383 493
372 493
411 484
383 502
403 480
392 480
411 493
426 491
403 489
392 489
384 485
395 485
392 498
395 494
384 494
425 495
376 490
384 503
376 499
415 481
407 477
388 482
418 483
373 493
406 490
429 492
418 492
421 488
365 498
406 499
398 495
387 495
379 491
387 504
379 500
390 500
371 496
399 478
410 478
399 487
422 489
380 483
414 485
391 483
402 483
399 496
422 498
414 494
391 492
380 492
402 492
372 488
383 488
391 501
380 501
411 479
372 497
383 497
411 488
383 506
403 484
392 484
384 480
395 480
403 493
384 489
395 489
425 490
376 485
376 494
417 495
428 495
409 491
394 502
409 500
418 478
406 476
418 487
387 481
398 481
429 496
406 494
398 490
387 490
421 492
390 486
379 486
387 499
390 495
390 499
379 499
371 495
391 482
380 482
387 494
380 491
391 491
432 492
372 487
383 487
424 488
435 488
372 496
419 487
383 496
424 497
393 480
379 490
382 500
425 489
385 505
393 489
394 483
428 494
386 488
375 488
378 484
386 497
387 485
375 497
378 493
386 506
378 502
387 480
379 481
387 489
379 485
390 485
387 498
379 494
390 494
368 494
420 495
371 490
390 503
379 503
423 493
383 482
424 492
397 484
382 495
382 504
385 500
394 478
425 493
386 483
375 492
386 492
378 488
386 501
378 497
367 497
398 484
387 484
390 480
379 480
379 489
390 489
420 490
401 486
371 494
423 495
401 495
393 491
393 500
432 491
382 481
424 496
397 479
405 492
416 492
382 490
374 486
397 488
385 486
382 499
385 495
374 495
397 497
385 504
417 484
394 482
409 480
428 493
394 491
375 487
409 489
386 487
394 500
378 483
386 496
375 496
427 497
378 492
386 505
378 501
408 502
387 479
398 479
389 498
379 484
390 484
401 481
412 481
420 494
371 489
412 490
423 490
401 490
393 486
412 499
404 495
393 495
381 493
370 493
381 502
393 504
413 482
416 478
405 478
424 491
413 491
416 487
382 485
397 483
385 481
382 494
405 496
416 496
374 490
397 492
385 490
382 503
385 499
374 499
417 479
409 475
394 486
386 482
409 484
375 491
386 491
427 492
378 487
408 488
419 488
378 496
367 496
408 497
400 493
389 493
389 502
377 500
420 480
412 476
420 489
401 485
412 485
404 481
393 481
423 494
401 494
412 494
404 490
393 490
381 488
412 503
370 497
381 497
393 499
413 477
381 506
413 486
405 482
416 482
382 480
397 478
405 491
416 491
382 489
397 487
385 485
382 498
374 494
385 494
415 495
430 493
385 503
394 481
407 500
388 505
378 482
427 496
400 479
389 479
408 492
389 488
400 488
408 501
377 495
389 497
366 495
431 493
401 489
412 489
423 489
404 485
381 483
393 485
412 498
423 498
368 495
379 495
404 494
381 492
393 494
370 492
371 491
390 504
379 504
381 501
393 503
399 482
380 487
410 482
402 478
380 478
391 478
405 477
410 491
399 491
402 487
391 487
382 484
410 500
383 483
397 482
391 496
402 496
380 496
383 492
372 492
385 489
374 489
383 501
396 486
385 498
415 499
392 479
405 498
407 495
396 495
388 491
384 484
395 484
388 500
417 481
419 478
408 478
425 494
427 491
376 489
417 490
394 488
428 490
408 487
400 483
389 483
408 496
409 495
375 493
386 493
377 490
389 492
386 502
366 499
389 501
377 499
406 480
367 498
418 482
378 498
369 495
420 479
418 491
429 491
406 489
390 481
421 487
398 485
412 484
421 496
390 490
406 498
387 503
