579 476
580 476
578 477
577 477
581 476
576 476
578 476
581 475
575 477
574 478
573 477
572 478
582 476
583 475
584 474
579 477
571 479
570 478
569 479
568 478
567 479
566 480
565 479
564 480
563 479
562 480
573 476
574 475
573 474
575 474
576 473
565 481
581 474
572 480
575 476
577 473
580 475
579 474
571 481
573 478
562 478
561 477
562 476
561 475
562 474
563 473
564 474
563 475
560 477
564 476
563 477
565 474
566 473
565 472
566 471
565 470
567 477
583 473
582 472
581 472
583 471
582 470
583 469
584 468
585 469
584 470
585 471
586 472
587 473
572 473
571 472
572 471
571 470
572 469
573 469
574 468
573 467
574 466
575 465
576 466
575 467
584 472
564 469
575 469
577 466
570 482
569 481
569 483
561 479
560 479
559 480
560 481
559 482
558 483
557 482
556 481
555 480
554 479
553 480
552 481
556 479
554 481
571 477
575 478
564 478
588 472
556 483
585 467
579 478
580 477
571 474
582 474
560 474
573 471
585 473
563 470
562 469
561 470
560 470
562 471
557 484
558 485
571 483
560 483
561 484
562 483
563 482
564 483
562 485
563 486
586 474
567 470
568 471
578 479
570 475
559 475
559 484
570 484
551 480
579 480
571 476
560 476
563 472
560 485
560 486
571 485
571 486
572 487
563 481
572 468
571 467
583 468
582 467
575 464
575 473
552 480
574 477
566 482
555 482
586 469
578 465
567 474
567 475
578 474
570 470
559 470
567 483
567 484
570 479
559 479
579 466
579 467
579 475
571 471
582 471
560 471
560 472
571 480
560 480
563 476
563 485
574 472
566 477
558 482
586 473
567 469
566 468
567 478
578 478
570 474
559 474
558 473
570 483
559 483
551 479
571 466
582 466
563 471
585 468
562 475
562 484
554 480
574 467
574 476
566 472
577 472
566 481
555 481
558 486
558 487
559 488
559 489
560 490
586 468
578 464
577 463
578 473
567 473
570 469
559 469
559 478
558 477
562 470
573 470
585 472
573 479
562 479
565 475
573 488
573 489
574 490
574 491
575 492
565 484
574 471
577 467
574 480
574 481
577 476
566 476
558 472
566 485
566 486
567 487
567 488
558 481
558 490
558 491
558 492
559 493
559 492
578 468
578 469
578 470
579 471
567 468
570 473
559 473
581 470
569 477
584 475
561 482
561 491
573 465
585 476
585 477
586 478
586 479
586 477
573 492
573 493
574 494
574 495
574 496
573 497
573 498
574 499
574 500
562 492
563 491
564 492
563 490
562 489
562 493
562 488
565 493
565 494
566 495
566 496
567 497
573 501
573 502
565 497
565 498
566 499
566 500
566 501
567 502
565 502
565 503
577 462
576 461
575 460
575 459
577 471
577 480
577 481
577 482
578 483
578 484
579 485
577 485
577 486
578 487
578 488
558 476
557 489
556 488
555 487
555 486
555 485
554 484
554 488
554 489
555 490
555 491
581 465
569 472
561 486
572 501
573 487
574 486
574 485
573 484
573 483
562 487
565 483
554 483
574 461
574 462
554 492
554 493
554 494
555 495
555 496
554 497
554 498
554 499
555 500
555 501
555 499
565 492
566 491
567 492
567 493
566 490
565 489
565 488
553 496
568 494
569 495
569 496
570 497
570 498
571 499
569 499
569 500
568 499
558 471
568 503
580 468
557 475
556 474
580 486
580 487
581 488
581 489
582 490
557 493
581 469
569 476
581 478
581 479
582 480
582 481
561 472
569 485
569 486
550 481
550 482
551 483
551 484
551 485
552 485
550 486
550 487
551 488
551 489
552 490
549 480
548 479
548 478
547 477
547 476
547 475
548 474
547 473
548 473
547 472
547 471
548 470
548 469
547 468
548 468
547 467
546 475
561 481
569 494
570 493
570 492
569 491
569 490
570 489
571 490
570 488
561 490
550 490
550 491
549 489
548 488
547 487
548 487
547 486
585 466
586 465
587 466
586 464
585 463
586 463
585 462
584 461
583 460
583 459
582 458
582 461
582 462
582 463
583 464
581 460
584 465
573 464
572 496
571 495
562 473
573 473
565 469
564 501
563 500
554 478
555 477
555 476
554 475
554 474
553 473
552 472
552 471
551 470
551 469
550 468
565 478
556 497
557 498
576 475
587 475
553 482
576 484
575 483
577 461
578 460
579 461
579 462
578 459
568 480
576 493
577 494
578 493
579 494
578 492
577 491
577 495
577 496
578 497
577 490
576 494
576 489
580 495
581 494
582 495
582 494
581 493
580 496
581 497
581 492
580 491
579 490
553 491
568 489
588 467
568 498
580 463
588 476
589 475
590 476
591 477
590 475
589 474
588 477
589 478
589 479
589 480
590 480
579 481
580 482
581 483
581 484
582 485
582 486
583 487
584 488
585 487
586 488
586 487
585 486
584 489
585 490
585 491
586 492
585 485
584 484
587 489
588 481
588 482
589 483
589 484
590 485
547 470
588 490
589 489
590 490
590 489
589 488
588 491
589 492
592 478
593 477
594 478
593 476
592 475
592 479
593 480
593 481
594 482
593 482
592 474
591 473
592 483
591 482
592 484
593 485
594 485
593 486
594 487
593 475
595 484
596 485
597 484
577 497
598 484
597 483
596 482
596 486
596 487
597 488
597 489
598 489
597 487
596 481
596 490
596 491
597 492
596 480
597 479
598 480
597 478
596 477
596 476
597 475
598 475
597 474
597 473
596 472
596 471
595 470
594 469
594 468
597 470
598 471
598 470
597 469
596 468
593 467
596 467
597 468
593 466
592 465
591 464
591 463
591 462
590 462
589 461
590 461
589 460
589 459
576 498
577 499
599 472
599 481
599 490
599 491
600 492
601 492
602 492
600 473
601 472
602 473
601 471
600 470
600 474
600 469
601 468
602 469
601 467
602 468
601 466
602 465
602 464
601 463
601 462
601 461
602 460
603 461
602 459
601 458
602 457
601 457
598 485
600 465
603 470
604 462
604 463
605 464
605 465
606 466
604 471
605 470
606 471
605 469
604 472
605 473
605 474
605 475
606 476
604 476
604 477
605 478
605 479
606 480
605 468
604 467
604 480
604 481
605 482
605 483
605 484
604 485
604 486
605 487
605 488
603 484
602 483
603 479
602 478
601 477
601 476
605 463
606 462
555 479
607 472
608 473
609 472
601 469
609 471
608 470
609 469
609 468
609 467
608 474
609 466
608 465
609 475
554 477
609 476
608 469
608 464
609 463
608 468
603 474
545 475
604 475
600 482
603 487
610 468
595 488
607 462
588 485
587 484
580 481
600 459
599 458
546 488
545 487
611 468
557 497
603 464
569 471
606 475
572 482
583 491
575 487
565 473
576 488
568 484
588 462
607 475
599 471
557 474
549 470
602 482
581 459
592 468
584 464
571 494
550 471
591 472
561 480
594 477
606 488
572 495
564 491
556 487
575 500
576 465
595 478
587 474
553 481
568 497
588 475
580 471
567 501
587 462
544 486
546 478
545 478
544 477
543 478
542 477
545 477
557 487
598 488
549 483
590 484
606 465
572 472
591 485
564 468
583 481
610 471
556 500
576 478
568 474
587 487
553 494
552 494
551 494
552 493
586 491
602 472
560 475
579 488
571 484
563 480
582 493
583 458
594 467
606 478
552 470
572 485
564 481
583 494
584 494
556 477
575 490
595 468
587 464
553 471
601 484
601 485
567 491
559 487
579 465
598 478
570 496
549 473
590 474
602 485
548 477
560 488
571 497
591 475
563 493
594 480
552 483
548 484
544 479
556 490
597 491
589 487
565 468
601 486
563 501
566 492
602 487
591 468
609 465
548 466
548 465
555 494
566 503
585 493
586 494
549 466
590 467
541 476
587 494
545 480
558 499
559 498
560 499
558 500
561 500
560 498
602 462
559 500
598 491
590 487
582 483
548 490
547 491
585 494
564 471
605 472
608 477
608 478
574 484
577 489
609 478
601 474
567 481
559 477
578 490
551 473
551 474
570 486
598 468
590 464
589 465
582 460
548 467
560 478
571 487
563 483
604 484
583 461
573 496
552 473
605 485
597 481
589 477
555 484
574 497
577 498
540 475
540 474
541 474
547 480
547 481
566 493
586 471
558 489
578 467
567 494
571 482
594 488
544 481
559 490
600 491
551 486
558 475
587 461
547 492
579 468
548 493
549 493
570 499
582 473
586 483
585 482
586 482
586 481
558 501
574 473
601 481
598 457
597 456
598 456
598 455
569 503
548 480
540 476
539 477
593 488
592 488
585 484
605 462
597 458
596 458
597 459
543 487
542 487
543 488
544 489
544 490
545 490
541 487
540 486
541 485
540 484
539 487
541 484
562 500
608 467
554 496
574 474
566 470
577 479
589 490
555 497
601 464
547 493
567 471
578 480
570 476
598 458
581 491
593 465
585 461
604 474
596 470
562 477
573 486
565 482
597 471
589 467
555 474
574 487
566 483
586 461
558 479
577 492
581 468
600 481
592 477
584 473
603 486
569 493
561 489
593 478
585 474
604 487
596 483
543 477
598 454
598 453
562 490
554 486
573 499
574 464
549 477
565 495
594 464
593 463
595 465
577 469
547 483
588 484
580 480
600 458
611 467
612 466
611 465
612 465
557 496
603 463
569 470
581 481
612 468
613 469
614 469
615 470
616 469
617 470
615 471
617 469
616 471
584 486
604 464
550 493
596 460
596 461
542 489
542 490
597 461
543 490
576 487
607 474
558 469
599 470
580 493
600 471
592 467
584 463
603 476
550 470
593 468
606 487
585 464
596 473
554 476
595 477
565 485
577 459
568 496
588 474
607 487
608 488
609 488
580 470
599 483
546 477
557 486
549 482
581 471
592 480
584 476
550 483
591 484
542 479
561 492
594 489
594 490
573 466
610 470
556 499
576 477
595 490
568 473
587 486
607 464
553 493
599 460
599 461
545 489
588 487
580 483
600 461
546 490
595 461
538 486
537 486
537 485
538 484
611 470
557 499
603 466
569 473
561 469
606 477
572 484
583 493
575 489
594 460
595 467
587 463
553 470
576 490
541 490
568 486
588 464
540 489
539 489
607 477
580 460
608 489
608 490
599 473
546 467
545 467
557 476
549 472
602 484
609 490
537 483
598 462
581 461
560 487
617 471
601 490
618 472
619 472
620 472
621 473
621 472
620 474
620 475
621 475
619 471
584 466
571 496
550 473
591 474
563 492
583 470
594 479
552 482
572 497
564 493
556 489
576 467
595 480
587 476
553 483
545 479
620 476
580 473
613 464
621 474
567 503
613 470
613 471
546 480
559 499
598 490
590 471
549 485
590 486
559 502
545 474
582 482
545 473
548 489
544 472
614 471
560 500
606 467
572 474
570 502
575 463
548 483
548 492
594 459
570 503
540 488
593 491
541 480
592 490
591 487
564 470
541 481
583 483
575 479
540 479
539 479
595 457
595 456
594 457
541 486
544 476
608 479
543 475
608 480
552 495
551 496
544 491
544 492
610 473
576 480
568 476
609 477
609 481
610 481
610 480
611 480
545 492
586 493
578 489
598 467
598 466
602 474
586 460
586 459
586 458
609 480
551 475
551 476
590 466
552 475
544 471
547 482
539 478
592 489
612 467
615 472
615 473
548 482
561 501
561 502
540 478
593 490
597 460
616 473
543 489
562 502
611 479
611 478
611 477
612 476
612 478
536 485
535 486
612 480
613 481
614 482
615 481
616 482
616 481
617 480
616 479
617 479
617 482
615 483
614 481
617 481
613 483
616 483
607 486
607 485
600 483
603 488
543 479
588 486
600 460
546 489
619 473
618 474
611 469
603 465
549 494
549 495
592 492
612 470
604 466
550 495
596 462
542 491
610 482
610 483
588 463
607 476
592 469
611 482
603 478
550 472
606 489
606 490
595 479
607 489
580 472
599 485
546 479
557 488
549 484
581 473
614 470
584 478
550 485
591 486
542 481
583 482
594 491
573 468
610 472
556 501
576 479
595 492
568 475
587 488
607 466
553 495
599 462
545 491
583 478
613 478
614 479
616 480
552 476
608 484
609 485
537 487
537 488
580 485
600 463
613 482
594 486
577 478
616 474
544 485
615 475
546 492
538 488
579 489
603 468
614 475
609 462
569 475
538 482
539 481
561 471
614 483
542 485
617 475
617 476
618 476
606 479
620 471
539 483
558 496
598 452
572 486
598 461
536 486
613 468
559 497
551 493
612 472
613 473
612 481
540 483
594 463
597 465
616 478
615 477
589 470
608 483
601 480
598 465
611 484
600 484
590 470
603 489
612 485
612 486
600 479
613 487
612 488
611 488
612 489
589 469
564 482
561 498
562 498
583 495
556 478
542 475
604 490
604 491
543 480
608 487
609 461
608 460
610 460
610 459
610 458
611 457
612 456
611 455
612 455
612 458
613 459
613 458
614 457
615 458
616 459
614 459
616 458
617 457
617 459
615 460
615 461
616 461
614 458
613 460
613 461
614 461
616 460
617 461
618 462
619 461
620 462
621 463
621 462
620 464
621 464
622 465
623 465
623 464
624 463
623 462
624 462
609 457
609 456
608 455
609 455
608 457
607 454
606 453
607 452
606 455
605 452
604 452
603 451
602 450
601 451
601 452
602 452
604 451
605 450
603 453
603 454
604 454
602 451
605 451
608 456
601 453
601 454
602 454
619 460
619 459
612 457
604 453
615 462
615 463
605 454
616 463
608 459
618 463
618 464
607 453
600 450
599 450
619 463
611 459
603 455
604 456
575 491
595 469
587 465
553 472
545 468
545 469
610 485
576 492
568 488
609 489
588 466
580 462
599 475
546 469
557 478
598 479
549 474
602 486
614 460
560 489
606 456
606 457
571 498
591 476
563 494
563 495
583 472
575 468
594 481
541 475
552 484
572 499
544 480
564 495
610 462
556 491
576 469
595 482
587 478
607 456
553 485
599 452
545 481
602 463
613 472
559 501
538 478
537 478
579 479
598 492
571 475
590 488
582 484
548 491
594 458
614 473
540 487
560 502
606 469
572 476
591 489
564 472
583 485
575 481
595 459
541 488
552 497
609 479
601 475
567 482
578 491
598 469
570 487
590 465
602 476
613 485
579 492
571 488
563 484
591 466
583 462
594 471
552 474
544 470
564 485
605 486
597 482
576 459
617 460
608 491
587 468
574 498
620 465
620 466
553 475
566 494
545 471
601 488
602 453
621 466
622 467
567 495
613 462
559 491
579 469
551 487
570 500
598 482
590 478
548 481
540 477
560 492
593 489
572 466
563 497
575 471
616 472
562 501
541 478
552 487
589 491
617 473
555 498
601 465
547 494
539 490
539 491
567 472
586 485
578 481
625 461
624 460
625 459
570 477
598 459
602 466
613 475
560 469
579 482
571 478
612 479
563 474
582 487
617 462
620 463
604 450
620 458
615 484
615 485
609 458
620 467
620 468
619 469
548 494
621 459
622 459
594 461
540 490
605 476
602 455
613 455
621 468
614 456
615 455
622 469
597 472
589 468
598 486
606 452
603 485
620 457
613 454
612 453
620 456
608 481
555 475
574 488
620 455
620 454
620 453
620 452
620 451
621 450
621 452
619 451
618 452
618 451
621 454
622 455
623 454
623 453
623 452
624 452
624 454
625 455
625 456
626 456
627 456
628 456
628 455
626 455
625 457
628 457
627 458
627 459
628 458
627 460
627 461
617 451
616 451
615 450
616 450
622 456
622 457
623 456
615 452
626 457
618 453
618 454
619 453
621 453
614 450
613 450
624 453
566 484
558 480
586 462
577 493
609 482
601 478
621 456
567 485
613 452
559 481
578 494
579 459
551 477
570 490
590 468
582 464
548 471
593 479
585 475
604 488
605 453
596 484
616 462
562 491
608 458
554 487
573 500
574 465
565 496
544 473
605 489
577 470
597 485
589 481
617 463
609 459
555 488
601 455
574 501
547 484
566 497
539 480
558 493
586 475
578 471
629 454
628 453
629 452
570 467
581 482
551 490
592 491
612 469
584 487
621 455
613 451
614 452
625 452
617 453
544 482
571 500
624 455
628 452
617 452
583 492
606 458
593 472
594 473
624 459
605 455
544 487
616 455
608 451
609 451
610 450
626 453
549 468
552 491
616 464
616 465
610 449
617 466
617 467
611 449
618 466
575 475
617 456
609 452
609 453
601 450
564 488
620 461
607 491
539 482
558 495
587 482
619 474
613 488
598 451
600 488
584 480
612 462
593 458
612 471
550 496
596 463
540 473
541 472
541 471
608 462
615 476
585 481
605 459
605 460
604 458
597 455
627 457
543 484
616 468
615 467
614 466
562 497
554 482
561 496
560 495
597 464
547 490
539 486
611 474
592 470
611 483
623 457
615 453
627 455
593 462
612 475
584 493
585 458
593 471
615 480
624 458
554 470
555 470
556 470
556 469
593 487
616 454
608 450
610 487
589 464
555 471
555 472
622 470
607 481
599 477
539 472
607 490
621 469
619 455
599 486
600 451
619 464
611 460
603 456
600 478
600 487
559 494
611 487
612 452
603 483
612 461
550 477
623 461
584 479
615 457
542 473
604 457
542 482
615 466
561 495
613 474
605 449
543 474
618 477
608 454
597 454
596 453
543 483
607 467
599 463
539 476
600 455
619 468
546 484
600 464
538 480
537 480
611 464
619 477
603 460
611 473
538 489
603 469
592 487
627 454
584 483
614 484
604 461
593 461
592 460
591 459
584 492
585 457
591 491
596 457
626 458
542 486
561 499
596 466
554 469
608 449
610 477
630 455
630 456
610 486
618 469
622 451
587 493
622 460
588 458
607 471
599 467
607 480
599 476
619 454
557 470
631 456
632 455
633 456
634 456
632 454
635 455
631 453
546 470
611 450
557 479
549 475
590 472
580 490
600 468
592 464
581 464
584 460
592 473
603 473
612 451
584 469
550 467
623 451
624 450
569 480
550 476
561 476
542 472
615 456
561 485
606 484
626 462
572 491
618 458
564 487
610 454
572 500
618 467
575 496
564 496
610 463
554 473
556 492
595 474
576 470
587 470
595 483
587 479
553 477
607 457
553 486
599 453
545 482
576 497
622 464
568 493
588 471
607 484
568 502
580 467
588 480
599 480
546 474
619 458
600 454
611 454
546 483
557 483
603 450
538 479
549 479
611 463
557 492
603 459
592 459
549 488
602 491
614 465
560 494
606 461
614 474
571 503
606 470
550 480
591 481
563 499
542 476
583 477
572 477
591 490
564 473
583 486
629 453
575 482
595 460
541 489
552 489
618 471
564 500
610 467
618 480
556 496
576 474
610 476
605 461
595 487
568 470
630 454
587 483
576 483
622 450
568 479
607 461
553 490
587 492
599 457
534 486
607 470
545 486
553 499
599 466
537 482
557 469
613 477
602 477
546 487
633 455
538 483
613 486
579 484
614 451
625 451
549 492
579 493
584 459
625 460
571 489
582 489
550 466
591 467
583 463
614 478
594 472
606 474
626 452
606 483
572 481
626 461
564 477
572 490
583 490
618 457
629 457
556 473
564 486
575 486
610 453
595 464
556 482
575 495
576 460
587 460
595 473
587 469
553 476
545 472
622 454
568 483
609 484
588 461
621 458
601 489
580 466
621 467
567 496
578 496
613 463
546 473
557 473
598 474
549 469
579 470
598 483
570 501
549 478
590 479
602 481
582 475
602 490
614 455
560 484
606 451
579 497
614 464
560 493
571 493
606 460
563 489
591 471
571 502
583 467
572 467
563 498
591 480
583 476
594 476
575 472
552 479
541 479
572 494
618 461
544 475
552 488
564 490
605 491
610 457
544 484
556 486
575 499
610 466
576 464
617 465
556 495
617 474
607 451
568 469
620 470
609 470
545 476
599 456
545 485
586 486
632 453
537 481
578 482
598 460
602 458
621 471
567 500
613 467
602 467
559 496
613 476
551 492
598 487
633 454
579 483
590 483
582 479
590 492
582 488
548 486
614 468
540 482
548 495
560 497
606 464
594 462
540 491
606 473
563 502
626 451
583 480
605 477
616 477
629 456
556 472
541 483
575 485
610 452
595 463
608 482
552 492
587 459
544 488
574 489
617 478
609 474
601 470
609 483
601 479
586 490
621 457
567 486
578 486
613 453
598 464
578 495
551 478
590 460
579 460
570 491
598 473
590 469
602 471
582 465
613 480
602 480
548 472
579 487
614 454
625 454
606 450
612 484
591 461
582 492
571 492
583 457
606 459
591 470
563 488
604 489
583 466
594 466
575 462
594 475
552 469
552 478
605 481
544 474
556 476
597 477
605 490
617 455
589 473
562 495
544 483
597 486
608 486
589 482
617 464
574 493
609 460
620 460
555 489
566 489
601 456
574 502
545 466
546 465
545 464
571 468
546 464
547 485
586 467
620 469
566 498
578 463
558 494
586 476
578 472
609 487
570 468
601 483
621 461
567 490
613 457
621 470
559 486
567 499
613 466
551 482
579 464
598 477
559 495
570 495
551 491
579 473
590 473
571 469
582 469
607 479
590 482
582 478
548 476
540 472
548 485
606 454
540 481
593 484
579 472
585 480
605 458
585 489
596 489
575 466
597 457
616 467
605 467
562 496
597 463
608 463
541 473
616 476
556 471
574 470
608 472
554 501
565 501
544 478
574 479
566 475
577 475
597 490
617 468
577 484
589 486
609 464
555 493
617 477
601 460
620 473
609 473
547 489
566 502
539 485
558 498
586 480
567 476
586 489
559 472
570 472
632 456
578 485
551 468
598 463
570 481
602 461
590 459
536 488
615 465
581 487
551 495
581 496
560 473
571 473
612 474
563 469
593 470
604 470
612 483
563 478
604 479
615 479
596 475
624 457
540 485
616 453
573 482
562 482
573 491
552 468
605 471
565 487
597 467
605 480
589 463
597 476
608 476
589 472
617 454
628 454
608 485
574 483
584 482
609 450
547 466
566 479
574 492
620 459
586 457
566 488
577 488
539 471
586 466
558 484
578 462
601 473
573 495
621 451
567 480
559 476
600 477
551 472
559 485
570 485
600 486
611 486
551 481
579 463
590 463
603 482
592 482
582 459
612 460
623 460
603 491
569 489
582 468
569 498
604 465
548 475
550 494
561 494
540 471
615 474
593 474
612 487
585 470
540 480
593 483
604 483
596 479
624 461
585 479
593 492
605 457
616 457
543 473
562 486
596 488
585 488
608 453
597 453
543 482
616 466
605 466
597 462
574 460
554 491
543 491
616 475
565 491
608 471
535 487
574 469
565 500
554 500
577 465
597 480
566 474
577 474
617 458
589 476
609 454
558 470
577 483
589 485
555 483
547 479
565 471
555 492
601 459
539 475
558 488
586 470
547 488
599 489
588 489
539 484
578 466
619 467
558 497
578 475
580 494
619 476
559 471
570 471
611 472
600 472
551 467
557 501
570 480
611 481
603 477
581 477
536 487
600 490
623 455
581 486
592 486
569 484
615 451
627 453
612 464
581 495
604 460
593 460
612 473
584 491
550 489
596 456
569 502
615 469
604 469
593 469
612 482
596 465
585 465
615 478
604 478
596 474
624 456
562 472
573 472
616 452
573 481
585 483
562 481
565 477
573 490
596 492
585 492
616 470
565 486
543 486
562 499
597 466
608 466
554 495
577 460
589 462
608 475
566 469
589 471
555 469
574 482
609 449
547 465
622 468
566 478
555 478
547 474
558 474
577 487
566 487
607 488
631 455
599 484
578 461
619 462
588 493
611 458
539 488
580 489
600 467
581 463
592 463
600 476
611 476
551 471
592 472
603 472
600 485
611 485
623 459
612 450
623 450
603 481
592 481
584 477
612 459
550 475
569 488
581 490
603 490
604 455
550 484
569 497
615 464
593 464
542 480
561 493
612 477
585 460
604 473
593 473
596 469
624 451
604 482
615 482
585 478
596 478
543 472
605 456
554 472
616 456
618 475
573 485
597 452
608 452
543 481
573 494
562 494
608 461
554 490
565 490
595 491
610 489
565 499
577 464
589 466
607 465
576 496
622 463
555 473
568 492
547 469
622 472
588 470
568 501
607 483
558 478
547 478
588 479
599 479
619 457
588 488
599 488
634 455
611 453
600 453
619 466
580 484
546 482
600 462
611 462
619 475
546 491
557 491
603 458
538 487
549 487
611 471
557 500
581 467
603 467
600 480
569 474
592 476
600 489
611 489
612 454
581 485
592 485
627 452
623 463
584 481
612 463
550 479
569 492
604 459
615 459
593 459
561 488
584 490
550 488
596 455
569 501
604 468
615 468
542 484
561 497
596 464
618 470
573 480
564 499
565 476
543 476
618 479
610 475
543 485
554 485
595 486
630 453
574 463
610 484
576 482
607 460
587 491
553 489
576 491
622 458
577 468
568 487
607 469
547 464
553 498
588 465
599 465
607 478
580 461
599 474
631 454
619 452
546 468
588 483
557 477
580 479
588 492
599 492
600 457
546 486
580 488
619 470
600 466
611 466
557 495
580 497
581 462
592 462
603 462
600 475
611 475
549 491
584 458
619 456
569 469
592 471
603 471
584 467
612 449
581 480
603 480
569 478
550 474
561 474
623 458
614 477
569 487
615 454
584 485
561 483
614 486
606 482
550 492
585 459
596 459
626 460
542 488
572 489
583 489
606 491
618 456
572 498
618 465
573 475
564 494
575 494
610 461
543 471
554 471
595 472
576 468
565 480
595 481
587 477
610 479
607 455
610 488
553 484
576 486
599 451
622 453
568 482
576 495
622 462
588 460
568 491
607 473
622 471
588 469
599 469
568 500
607 482
580 465
588 478
599 478
546 472
557 472
580 474
599 487
611 452
600 452
557 481
619 465
546 481
611 461
538 477
557 490
580 492
603 457
549 486
602 489
581 466
592 466
584 462
579 496
614 463
603 475
550 469
584 471
614 472
569 482
560 501
604 449
571 501
606 468
561 478
550 478
591 479
542 474
572 475
561 487
596 454
591 488
542 483
583 484
606 486
594 484
575 480
572 493
595 458
618 460
564 489
610 456
572 502
556 485
552 496
575 498
564 498
576 463
610 465
595 476
556 494
575 484
618 478
587 472
576 472
610 474
595 485
607 450
568 468
553 479
576 481
587 481
607 459
568 477
587 490
553 488
599 455
545 484
607 468
576 499
553 497
622 466
599 464
568 495
537 489
588 473
580 469
599 482
546 476
580 478
600 456
611 456
602 475
557 485
546 485
603 452
549 481
538 481
613 484
557 494
592 461
538 490
549 490
584 457
579 491
590 491
625 458
569 468
591 465
614 467
560 496
606 463
561 473
614 476
594 470
572 470
606 472
614 485
591 483
542 478
606 481
572 479
583 479
591 492
626 459
564 475
572 488
583 488
618 455
629 455
564 484
541 482
610 451
556 480
595 462
575 493
541 491
587 458
618 473
595 471
564 502
587 467
610 469
556 498
610 478
553 474
595 489
545 470
568 472
576 485
587 485
622 452
568 481
607 463
553 492
622 461
599 459
588 459
568 490
545 488
588 468
537 484
599 468
601 487
580 464
621 465
546 471
557 471
598 472
611 451
549 467
602 470
557 480
598 481
549 476
602 479
590 477
613 479
538 485
579 486
602 488
625 453
614 453
560 482
606 449
579 495
614 462
625 462
591 460
582 491
560 491
571 491
563 487
591 469
594 465
583 465
614 480
563 496
591 478
575 461
594 474
583 474
575 470
626 454
594 483
572 483
606 485
541 477
564 479
552 477
572 492
618 459
556 475
575 488
552 486
610 455
618 468
595 466
556 484
575 497
564 497
576 462
610 464
556 493
595 475
576 471
587 471
553 469
617 472
545 465
607 449
587 480
553 478
607 458
620 477
553 487
599 454
545 483
568 485
609 486
586 484
537 479
601 482
580 459
621 460
567 489
601 491
602 456
613 456
546 466
567 498
578 498
613 465
598 476
570 494
582 477
590 481
538 471
537 471
549 471
