715 241
715 242
716 242
717 242
717 241
718 241
719 241
715 240
714 239
716 239
717 238
713 240
715 243
718 242
718 239
719 238
720 242
721 241
722 240
720 239
721 238
722 237
723 238
712 241
712 242
713 243
711 242
710 241
709 242
708 241
707 242
706 241
712 244
711 245
717 240
706 240
707 239
706 238
705 239
704 240
703 239
703 241
707 241
721 240
722 239
713 245
704 242
705 241
709 241
720 241
723 240
712 246
711 247
703 243
702 243
701 242
701 244
700 245
702 245
701 246
700 247
707 243
721 242
722 241
713 238
712 237
711 236
713 236
714 235
713 234
711 238
702 238
715 235
699 248
713 247
702 247
703 248
704 249
705 248
706 247
707 248
703 250
705 250
705 243
718 237
720 243
709 243
711 240
723 242
724 243
710 242
714 242
712 239
701 239
700 238
699 239
700 240
700 249
701 248
712 248
711 249
710 249
709 248
709 250
708 251
707 250
707 252
703 245
721 244
719 244
718 244
708 244
707 245
722 243
699 241
702 240
724 240
699 250
713 249
710 235
709 234
708 235
707 235
707 234
707 236
709 236
700 243
720 245
709 245
709 246
700 242
710 244
701 241
703 238
701 250
701 251
700 252
699 253
702 252
700 254
701 253
699 255
702 254
701 255
703 252
703 254
703 247
725 244
724 245
723 246
722 246
721 247
720 248
723 245
723 247
721 249
722 249
722 248
720 250
719 251
718 251
722 250
724 247
725 247
726 246
727 246
726 248
728 245
728 247
727 249
728 250
729 251
730 250
731 249
732 250
728 252
730 252
732 249
731 251
729 253
732 251
731 253
726 250
729 246
725 251
724 250
730 247
724 249
726 243
726 252
728 249
727 251
729 248
733 248
734 248
734 249
734 250
735 251
736 251
737 252
707 238
722 236
707 247
730 249
722 245
699 243
699 252
711 235
711 244
704 253
703 240
714 237
715 237
727 245
704 238
737 253
705 252
704 247
737 250
736 249
737 248
738 249
739 249
721 235
703 249
713 235
720 234
719 235
733 250
725 246
715 244
714 246
706 242
706 251
704 239
719 233
717 251
718 234
726 247
718 243
710 239
729 252
710 248
709 239
717 233
707 233
722 242
717 235
709 237
733 251
739 250
740 251
741 251
742 251
707 251
741 252
732 253
702 249
705 254
725 241
714 241
717 237
740 253
741 254
706 237
736 250
725 250
714 250
706 246
706 255
726 242
718 238
737 251
739 253
708 233
715 249
710 234
729 247
704 243
705 255
709 232
743 252
710 243
741 255
733 253
714 247
744 253
744 254
744 255
745 256
707 237
699 242
721 239
740 252
732 248
721 248
702 244
713 244
745 254
724 244
746 253
711 243
703 237
716 237
727 247
724 241
703 236
704 235
704 234
705 234
743 254
747 254
748 255
702 253
748 256
748 257
748 258
749 258
705 249
714 236
733 249
717 232
714 245
725 245
717 250
706 250
698 255
718 233
710 238
710 247
747 257
746 258
717 231
749 256
728 246
750 255
739 252
751 256
702 239
718 249
750 257
750 258
700 248
705 246
706 245
706 243
716 248
717 247
716 246
742 254
718 246
750 259
705 236
705 245
715 247
746 255
720 236
711 233
711 232
711 231
711 230
712 230
713 229
714 228
715 228
718 248
751 258
752 259
752 260
717 246
718 247
751 257
720 251
743 253
713 230
721 243
713 239
724 239
753 258
732 252
752 258
714 230
715 231
714 232
715 233
705 235
715 229
716 249
713 232
713 231
754 259
747 256
712 232
751 261
738 251
705 237
716 232
714 244
716 241
753 260
744 257
721 237
708 237
719 237
736 253
735 253
716 250
713 233
715 230
706 249
717 249
719 246
708 246
731 248
702 242
713 242
724 242
705 238
698 254
718 232
705 247
735 248
726 245
754 261
754 262
755 263
756 262
756 264
755 265
757 262
758 263
720 246
713 241
757 264
714 233
727 244
755 260
756 260
746 257
720 238
709 238
710 237
728 251
738 253
712 234
704 251
729 250
718 250
720 247
709 247
710 246
701 243
712 243
701 252
742 253
716 234
723 249
716 243
753 262
707 240
756 261
708 239
719 239
722 238
739 254
707 249
708 248
719 248
731 250
722 247
705 240
699 254
752 257
721 251
735 250
754 263
704 244
755 262
720 240
709 240
711 237
712 236
709 249
720 249
712 245
701 245
716 227
717 228
717 229
703 242
701 254
742 255
716 236
733 252
744 252
706 235
723 251
734 251
719 232
725 248
736 248
714 248
743 255
716 245
756 263
706 244
717 244
748 259
750 256
706 253
708 250
755 264
719 250
731 252
704 237
745 253
718 236
735 252
709 233
726 249
737 249
710 232
711 234
727 248
715 246
704 246
718 245
704 255
701 238
712 238
710 250
712 247
701 247
716 229
759 264
760 265
760 266
761 267
759 267
758 266
761 264
757 266
725 252
761 266
762 265
763 265
764 266
763 267
765 266
751 259
763 266
764 265
762 267
766 267
765 268
767 268
768 269
764 267
762 266
723 244
751 260
716 238
700 251
708 234
734 253
719 234
716 247
707 244
719 243
708 243
699 240
699 249
740 250
721 246
758 265
752 261
754 258
715 239
720 235
709 235
746 254
702 251
724 251
712 231
727 250
738 250
704 248
715 248
757 263
719 242
701 240
712 240
714 234
716 231
716 240
717 239
700 253
759 266
717 230
700 244
714 243
725 243
753 259
744 256
706 239
708 236
719 236
748 254
736 252
717 248
706 248
731 247
708 245
719 245
747 258
749 255
715 232
730 251
718 231
758 267
726 244
704 241
755 259
718 240
720 237
746 256
710 236
709 244
715 250
738 252
704 250
727 252
712 233
729 249
710 245
723 239
728 253
716 233
742 252
761 265
760 267
723 248
711 246
700 246
753 261
700 255
708 238
703 251
708 247
719 247
749 257
740 254
713 237
702 237
715 234
741 253
730 253
721 250
735 249
713 246
702 246
724 246
755 261
705 242
702 255
712 235
704 252
705 251
714 229
700 239
711 239
723 241
714 238
716 235
717 234
706 234
723 250
711 248
716 244
703 244
717 243
708 240
719 240
703 253
706 252
708 249
719 249
766 266
756 265
715 227
749 259
715 236
704 236
707 253
718 235
722 251
713 248
710 231
702 248
724 248
704 245
715 245
705 244
710 240
704 254
745 255
705 253
726 251
714 231
765 267
728 248
716 228
759 263
720 244
734 252
723 243
711 241
700 241
714 240
706 236
717 236
700 250
725 249
714 249
701 249
712 249
703 246
717 245
708 242
703 255
706 254
747 255
721 236
766 268
739 251
730 248
707 246
721 245
758 264
722 244
750 260
702 241
715 238
699 251
710 233
702 250
754 260
745 257
716 230
759 265
757 265
760 264
725 242
