786 490
785 489
784 489
783 489
783 488
782 487
781 488
780 489
782 486
781 485
780 486
783 485
782 489
785 488
785 491
779 490
787 491
788 490
789 489
779 487
778 488
777 487
778 491
777 490
784 486
785 485
776 488
775 487
774 488
776 491
780 491
782 488
781 490
783 487
779 492
778 493
773 488
772 487
771 486
772 485
770 487
769 486
773 486
771 488
770 489
784 488
780 484
781 483
780 482
780 493
782 490
771 490
781 492
772 489
774 486
785 492
787 489
778 486
779 485
778 484
779 494
778 495
770 491
776 486
782 483
783 482
780 495
781 494
782 495
783 494
784 495
783 496
782 497
781 497
780 498
779 499
783 498
772 491
783 491
785 494
768 487
767 488
784 483
779 496
778 497
777 497
776 498
777 499
775 492
774 491
774 493
776 493
786 492
789 491
789 492
780 488
782 485
781 487
772 484
771 483
772 482
770 484
783 484
780 497
781 496
783 493
774 490
785 487
777 483
778 482
777 481
776 482
775 483
774 482
774 484
776 484
778 481
785 496
785 497
787 493
787 494
778 490
777 492
788 492
779 489
768 489
768 490
770 486
769 488
776 481
779 498
786 485
787 484
786 483
775 485
780 481
784 497
775 494
774 495
773 495
772 494
771 495
770 496
775 490
771 497
772 496
772 498
769 495
768 494
772 493
770 495
773 497
786 494
789 493
780 490
767 490
781 489
783 486
772 486
774 483
781 498
772 495
783 495
787 486
787 487
778 483
788 485
789 485
777 485
779 482
787 495
787 496
778 492
788 494
777 494
779 491
768 491
768 492
770 488
769 490
773 490
784 490
786 487
789 486
789 487
780 483
781 482
786 496
775 496
776 495
767 492
781 491
772 488
785 482
782 492
771 492
770 493
787 488
778 485
788 487
779 484
774 497
777 496
768 493
779 493
770 490
769 492
773 483
784 492
773 492
786 489
775 489
789 488
781 484
775 498
776 497
781 493
771 485
785 484
782 494
771 494
785 493
787 490
777 489
788 489
779 486
768 486
769 485
777 498
779 495
769 494
773 485
784 485
786 482
775 482
778 499
773 494
784 494
786 491
775 491
776 490
781 486
776 499
771 487
785 486
787 483
780 499
777 482
771 496
782 496
785 495
774 492
788 491
777 491
768 488
779 488
769 487
769 496
784 487
773 487
775 484
786 484
776 483
773 496
784 496
786 493
775 493
776 492
767 489
773 493
780 492
771 489
787 485
774 485
777 484
788 484
779 481
782 498
772 497
783 497
774 494
788 493
777 493
769 489
778 494
773 489
786 486
775 486
776 485
784 498
781 481
773 498
775 495
786 495
776 494
767 491
780 485
782 482
780 494
771 491
782 491
785 490
772 490
783 490
774 487
777 486
788 486
779 483
774 496
777 495
769 491
778 487
773 482
784 482
778 496
770 492
773 491
784 491
786 488
775 488
776 487
775 497
776 496
767 493
785 483
789 490
780 487
782 484
771 484
772 483
783 483
780 496
782 493
771 493
781 495
783 492
772 492
774 489
788 488
777 488
769 484
774 498
769 493
787 492
778 489
770 485
784 484
773 484
775 481
778 498
779 497
770 494
784 493
776 489
