768 277
769 276
767 277
766 278
770 277
765 277
766 279
767 278
766 276
767 275
768 274
764 276
763 277
768 273
765 280
765 281
766 282
767 281
768 280
769 279
764 279
763 280
762 279
769 273
770 274
761 280
760 279
771 275
772 274
773 273
764 282
769 278
768 276
768 282
769 282
770 283
770 273
769 275
769 281
768 279
770 276
770 282
761 279
760 281
760 282
761 283
762 282
773 272
762 278
761 282
762 281
766 275
765 274
766 273
767 274
767 280
766 281
772 273
771 274
764 278
763 276
765 273
763 282
764 275
764 281
763 279
765 276
768 275
765 282
769 274
769 280
765 279
768 278
770 275
769 277
769 283
768 281
760 280
770 278
762 280
773 274
761 278
762 277
767 273
761 281
766 277
767 276
767 282
766 274
766 280
767 279
772 275
771 273
772 272
764 280
763 278
765 275
764 277
763 281
765 278
