540 362
539 363
540 364
538 364
537 364
540 361
537 365
536 363
537 362
538 361
535 362
541 362
542 361
543 360
541 365
542 364
543 363
544 361
545 360
544 364
545 363
546 364
547 364
548 365
549 364
550 365
544 365
543 366
545 366
542 367
542 368
543 369
542 370
541 371
540 370
544 367
546 361
538 366
549 366
548 367
540 363
543 362
550 367
541 364
542 363
544 360
542 372
544 369
546 363
549 368
548 369
540 365
536 361
535 360
536 359
535 358
534 357
535 356
533 358
532 357
550 369
551 368
542 365
544 362
546 365
549 370
548 371
547 371
546 370
545 371
546 372
545 373
544 374
546 374
547 373
548 374
549 373
550 374
551 373
549 375
548 376
547 376
546 377
545 378
546 379
547 378
550 376
551 375
548 378
547 380
549 377
551 377
539 369
549 379
545 375
544 376
551 370
552 371
546 367
546 368
548 364
547 366
538 363
549 363
548 362
549 361
548 360
540 360
546 376
539 362
532 356
533 355
532 354
531 354
533 353
532 352
531 352
533 351
534 350
533 349
534 348
535 347
532 350
535 349
535 351
531 349
530 350
535 346
536 345
537 344
537 346
535 344
534 343
533 342
534 341
533 340
535 340
546 371
535 342
533 344
532 344
531 343
531 345
532 345
533 346
538 345
539 344
539 346
540 347
541 346
542 345
541 344
543 344
543 346
541 348
542 347
552 378
552 379
544 344
553 377
540 349
543 348
544 349
545 348
545 350
545 351
544 351
543 351
542 352
541 353
540 352
539 353
540 354
541 355
541 350
544 346
537 343
547 375
536 347
537 348
536 356
551 372
540 344
532 340
540 353
548 366
532 349
540 371
541 345
543 364
540 359
540 358
533 341
543 373
533 350
544 350
543 353
539 348
547 361
537 355
539 357
547 370
539 366
540 367
547 379
536 342
536 351
536 360
551 367
550 371
540 348
538 357
542 354
540 356
543 355
551 380
544 355
551 381
551 382
550 380
540 357
532 353
543 359
543 368
539 343
539 352
547 365
539 361
547 374
536 346
546 378
536 355
536 364
550 366
540 343
532 339
550 375
542 371
532 348
543 345
534 353
550 381
549 382
543 354
544 358
545 357
535 350
535 359
543 372
539 347
547 360
550 383
550 384
550 385
551 386
539 356
547 369
539 365
536 341
546 373
536 350
549 378
549 384
541 369
534 346
534 339
535 338
534 338
533 337
533 336
532 335
536 337
550 370
532 334
533 333
534 334
533 332
532 331
532 330
533 331
542 366
550 379
532 343
535 336
543 349
535 345
543 358
542 357
535 354
543 367
553 380
554 381
554 382
555 383
555 384
539 342
539 351
539 360
546 359
536 336
537 335
538 336
537 334
532 329
533 328
534 329
533 327
532 326
532 325
539 337
539 338
540 339
540 340
541 341
540 338
541 337
541 336
540 335
540 334
539 333
538 359
542 338
531 338
531 347
532 324
533 323
534 324
534 325
533 322
532 321
532 320
533 319
534 320
533 318
533 317
542 356
535 326
536 327
536 328
537 329
537 330
538 331
536 331
536 332
535 331
535 335
535 353
552 387
539 332
553 379
539 341
553 388
554 387
555 388
555 389
554 386
553 389
556 390
536 326
546 358
547 357
548 358
547 356
547 355
546 354
538 354
537 353
531 324
530 323
530 322
529 321
529 320
528 319
529 324
529 325
529 326
530 327
528 323
528 318
527 317
526 316
526 315
528 327
527 326
526 325
525 324
525 323
528 328
526 326
525 327
525 328
526 329
526 330
529 329
529 330
525 322
526 321
526 320
525 319
525 318
529 319
530 318
528 322
528 331
528 332
528 333
529 334
529 335
528 336
528 337
528 338
529 339
529 340
530 341
529 338
528 341
528 342
529 343
529 344
529 345
549 372
527 335
526 335
526 334
531 333
530 332
549 381
542 342
531 342
542 351
531 351
550 364
542 360
535 321
542 369
535 330
543 343
535 339
552 373
552 382
535 348
556 389
545 352
534 352
534 361
545 361
553 374
553 375
537 357
545 370
553 383
553 384
538 340
537 339
546 353
528 317
529 316
529 315
528 314
528 313
530 336
538 349
546 362
530 345
538 358
527 321
531 319
549 367
527 330
531 328
549 376
527 339
531 337
548 380
531 346
542 346
542 355
541 359
535 325
541 368
535 334
552 377
544 373
552 386
534 347
545 347
534 356
545 356
537 352
545 365
553 378
537 361
545 374
538 335
530 331
538 344
546 357
530 340
538 353
527 316
530 349
529 348
549 362
538 362
527 325
531 323
527 334
531 332
531 341
542 341
548 375
541 354
535 320
535 329
541 363
544 359
552 372
544 368
534 333
552 381
534 342
537 338
534 351
537 347
534 360
537 356
545 369
530 317
538 330
539 329
530 326
538 339
546 352
530 335
538 348
530 344
527 320
551 376
531 318
527 329
551 385
531 327
548 361
527 338
548 370
531 336
540 366
548 379
541 340
541 349
533 345
544 345
541 358
544 354
533 354
541 367
544 363
534 328
552 376
526 324
544 372
534 337
552 385
537 333
526 333
537 342
534 355
545 355
555 387
537 351
545 364
537 360
530 321
538 334
530 330
538 343
530 339
551 371
527 315
530 348
527 324
531 322
527 333
541 335
534 323
554 390
554 391
555 392
556 393
526 319
534 332
526 328
537 328
538 327
538 326
526 337
537 337
555 382
555 391
530 316
531 315
538 329
530 325
530 334
527 319
531 317
551 384
529 347
533 326
541 339
533 335
541 357
544 353
554 385
534 327
526 323
534 336
537 332
526 332
537 341
555 386
536 354
530 320
530 329
540 333
529 333
551 379
529 342
540 342
532 338
540 351
532 347
533 321
540 369
541 334
533 330
541 343
525 326
533 339
541 352
543 371
533 348
544 348
554 380
544 357
534 322
554 389
526 318
534 331
537 327
526 327
547 359
526 336
537 336
539 355
547 368
555 381
539 364
547 377
536 340
555 390
536 349
530 315
536 358
529 328
556 388
553 373
539 335
553 382
528 316
536 329
528 325
536 338
528 334
528 343
529 317
532 322
535 324
536 323
535 333
539 330
541 366
539 339
553 386
536 324
528 320
546 356
536 333
538 352
528 329
531 331
531 340
542 340
532 317
542 349
542 358
535 328
543 341
535 337
543 350
552 380
552 389
535 355
534 359
545 359
545 368
539 334
553 381
545 377
553 390
538 338
546 351
528 315
538 347
546 360
528 324
530 343
538 356
546 369
549 365
538 365
527 328
531 326
549 374
527 337
531 335
549 383
531 344
542 344
542 353
531 353
542 362
535 323
551 374
529 337
540 337
532 333
535 332
529 346
540 346
548 359
532 342
550 378
552 375
535 341
540 355
544 371
532 351
552 384
534 345
533 325
541 338
543 357
525 321
556 391
534 354
545 354
533 334
537 350
525 330
533 343
544 343
553 376
537 359
543 375
545 372
553 385
538 333
554 384
538 342
526 322
546 355
530 338
547 354
538 351
539 350
530 347
547 363
538 360
549 360
527 323
539 359
547 372
531 321
549 369
536 335
527 332
539 368
547 381
531 330
536 344
528 340
542 339
531 339
548 373
536 353
548 382
542 348
531 348
529 314
536 362
529 323
532 319
540 332
529 332
532 328
535 327
541 361
540 341
529 341
533 357
532 337
550 373
541 370
552 370
540 350
544 366
550 382
532 346
544 375
534 340
532 355
533 320
552 388
543 352
545 349
534 349
533 329
537 345
543 361
525 325
534 358
545 358
535 357
537 354
543 370
545 367
537 363
554 379
538 328
545 376
530 324
554 388
538 337
526 317
539 336
530 333
538 346
539 345
530 342
547 358
538 355
527 318
539 354
531 316
547 367
536 330
527 327
551 383
528 326
531 325
536 339
527 336
528 335
531 334
548 368
536 348
546 380
528 344
542 343
548 377
536 357
529 318
541 347
529 327
532 323
541 356
535 322
529 336
540 336
533 352
544 352
532 332
550 368
540 345
534 326
532 341
550 377
552 374
542 373
544 370
534 335
552 383
537 331
526 331
543 347
534 344
533 324
535 343
537 340
543 356
525 320
545 353
535 352
555 385
537 349
543 365
525 329
545 362
535 361
537 358
543 374
530 319
554 383
538 332
539 331
530 328
538 341
539 340
530 337
553 387
538 350
551 369
539 349
530 346
547 362
536 325
551 378
527 322
539 358
528 321
531 320
536 334
551 387
527 331
539 367
528 330
546 366
548 363
531 329
536 343
546 375
528 339
548 372
536 352
549 371
540 368
548 381
549 380
541 342
529 322
533 338
532 318
541 351
529 331
531 350
542 350
544 347
533 347
550 363
532 327
541 360
542 359
533 356
544 356
532 336
534 321
550 372
534 330
552 369
537 326
543 342
