130 305
131 304
130 306
132 303
131 307
133 303
134 302
135 303
130 304
130 307
132 304
129 305
131 302
130 301
129 302
131 308
132 301
133 300
134 299
135 300
132 307
133 306
134 305
135 306
129 308
131 305
136 301
137 300
138 299
136 304
137 303
138 302
139 300
140 299
128 309
127 308
126 309
133 308
135 305
138 304
140 301
130 300
129 299
130 298
128 300
127 301
126 300
126 302
127 310
126 311
130 309
131 310
136 306
137 305
128 302
139 302
128 311
133 301
135 298
136 297
135 296
136 295
134 295
137 296
138 295
134 297
138 297
135 307
138 306
127 303
126 304
130 302
132 299
127 312
126 313
130 311
131 303
136 299
137 298
131 312
139 295
136 308
137 307
139 304
128 304
141 298
142 299
125 299
124 300
135 309
125 308
124 307
125 306
124 305
123 308
122 307
122 309
124 309
126 306
127 305
127 314
123 301
122 300
122 302
139 297
132 313
133 312
134 311
135 312
136 313
137 312
138 311
135 314
137 314
139 311
133 310
131 314
131 315
130 316
131 317
129 315
128 316
129 317
123 310
137 309
139 306
140 306
141 305
141 307
142 306
143 307
144 308
145 307
143 309
140 308
139 309
128 306
141 300
133 296
132 297
131 296
141 309
141 310
143 306
128 307
142 308
144 305
143 304
133 305
135 302
124 302
124 303
134 304
126 299
125 301
127 298
126 297
128 297
130 297
133 314
133 315
135 311
126 308
134 313
125 310
127 307
129 301
131 298
138 313
129 310
140 310
145 306
132 306
121 306
122 305
121 304
120 305
119 306
118 307
120 307
122 304
123 303
137 302
139 299
131 316
128 299
132 315
137 311
120 304
141 302
141 303
128 298
142 301
133 298
136 315
135 316
135 295
141 311
143 308
142 310
119 308
120 309
133 307
144 307
124 304
135 304
126 301
134 306
125 303
127 300
133 316
133 317
135 313
134 315
125 312
127 309
129 303
140 303
131 300
140 312
137 295
129 312
131 309
122 306
132 308
121 308
123 305
137 304
132 317
141 304
142 303
135 297
128 313
133 309
124 306
134 308
125 305
127 302
134 317
129 296
127 311
140 296
138 308
140 305
121 301
120 302
137 297
129 314
131 311
122 308
130 313
132 310
123 307
141 297
136 310
141 306
143 303
142 305
133 302
135 299
124 299
134 301
128 315
125 298
133 311
134 310
125 307
127 304
138 301
140 298
129 298
138 310
129 307
140 307
122 301
121 303
123 300
137 299
129 316
131 313
130 315
132 312
123 309
136 303
141 299
142 298
136 312
141 308
128 308
139 308
142 307
119 305
133 304
135 301
134 303
125 300
127 297
134 312
125 309
138 303
140 300
129 300
131 297
130 299
132 296
126 310
138 312
129 309
140 309
131 306
130 308
121 305
132 305
123 302
130 317
132 314
136 296
145 308
136 305
141 301
128 301
139 301
142 300
136 314
133 297
137 313
134 296
128 310
139 310
142 309
119 307
144 306
120 306
125 302
127 299
134 314
125 311
138 296
138 305
126 303
140 302
131 299
132 298
135 315
138 314
126 312
129 311
140 311
130 310
118 308
121 307
123 304
132 316
136 298
136 307
137 306
128 303
139 303
142 302
136 316
133 299
137 315
134 298
128 312
139 312
119 309
142 311
120 308
134 307
125 304
134 316
138 298
140 295
135 308
124 308
126 305
138 307
140 304
129 304
131 301
130 303
132 300
129 313
127 313
130 312
132 309
121 309
123 306
136 300
139 296
128 296
122 310
136 309
137 308
128 305
139 305
142 304
120 301
134 300
128 314
134 309
143 305
124 301
138 300
126 298
129 297
140 297
130 296
133 313
124 310
135 310
126 307
138 309
129 306
127 306
132 302
121 302
123 299
127 315
130 314
132 311
122 303
136 302
137 301
139 298
136 311
137 310
139 307
120 303
