223 232
223 233
222 232
221 232
220 232
219 233
219 232
220 231
222 234
220 234
219 235
222 231
218 233
217 232
216 233
215 232
214 233
213 232
212 233
211 234
218 236
217 235
221 230
216 236
215 235
214 236
213 235
212 236
212 237
213 238
212 239
214 239
215 238
216 239
217 238
221 229
223 235
212 235
214 232
224 234
225 233
226 232
213 234
215 231
214 230
215 229
216 230
217 229
215 240
214 241
213 241
212 242
211 243
212 244
213 243
219 231
211 236
222 236
221 236
225 235
216 232
227 232
217 231
211 245
217 240
221 231
223 237
214 234
213 236
224 236
215 233
212 246
210 246
209 246
213 245
215 242
222 229
223 228
224 227
223 226
225 226
226 225
225 224
226 227
225 228
227 225
222 238
221 238
211 238
225 237
217 233
211 247
221 233
223 230
213 229
212 228
213 227
212 226
211 229
212 230
214 227
224 229
215 226
214 225
213 224
214 223
215 222
216 221
217 220
216 223
218 220
217 222
215 224
216 225
218 222
219 222
217 224
223 239
224 238
210 248
209 248
213 247
214 248
215 247
215 249
211 231
210 232
225 230
226 230
227 230
228 229
229 228
229 230
230 227
229 226
229 225
216 227
227 227
217 226
218 227
219 226
220 225
219 224
221 224
211 240
222 240
221 240
220 241
219 240
219 242
218 243
217 242
221 242
221 243
222 243
223 242
224 241
225 242
224 243
225 244
225 239
214 229
216 248
217 249
228 231
229 232
220 227
220 236
209 245
221 228
224 224
221 237
224 233
213 233
224 242
213 242
225 225
217 221
217 230
216 234
216 243
208 248
228 226
220 222
209 231
220 240
209 249
209 250
221 223
224 228
213 228
213 237
224 237
212 241
215 246
216 229
227 229
216 238
216 247
228 230
220 226
220 235
220 244
220 245
220 246
221 247
221 246
209 244
208 243
221 227
224 223
213 223
224 232
223 236
212 245
215 241
215 250
216 224
227 224
227 233
216 242
216 251
216 252
216 253
217 254
208 247
228 225
220 221
228 234
228 235
228 236
229 237
209 230
208 229
220 230
220 239
219 243
222 248
211 248
231 226
232 227
232 228
232 229
233 230
223 222
212 222
223 231
212 231
215 227
223 240
212 240
215 236
223 249
223 250
224 251
224 252
212 249
212 250
213 251
213 252
215 245
215 254
215 255
216 256
216 257
216 219
216 228
227 228
216 237
227 237
227 238
228 239
228 240
214 221
213 220
214 220
213 219
213 218
216 246
208 242
209 241
209 240
208 239
208 238
208 251
208 252
208 253
209 254
209 255
208 256
208 257
208 258
209 259
209 258
218 255
207 255
210 260
219 238
219 247
219 256
220 255
221 256
220 254
219 257
220 258
220 259
222 257
223 258
223 259
212 217
231 230
231 231
232 232
232 233
233 234
211 261
212 260
213 261
212 259
211 262
212 263
212 264
212 258
211 257
223 244
223 245
212 253
211 253
212 254
212 255
213 256
211 252
223 253
223 254
223 255
224 256
222 252
221 251
220 250
220 249
215 258
215 259
215 260
216 261
216 262
217 263
215 263
215 264
216 265
216 266
216 267
215 268
215 269
216 270
216 271
218 264
219 265
220 264
221 265
220 263
219 262
219 266
219 261
222 266
222 267
223 268
223 269
224 270
222 270
222 271
223 272
223 273
223 274
222 275
222 276
223 277
223 278
222 279
222 280
222 281
223 282
223 283
227 223
228 222
229 223
228 221
228 220
229 219
229 218
228 217
228 216
227 215
227 219
226 218
225 217
225 216
224 215
224 214
224 218
224 219
224 220
225 221
225 220
224 213
225 212
226 213
225 211
224 210
224 209
225 208
226 209
225 207
225 206
224 205
227 210
228 211
228 212
224 204
225 203
226 204
225 202
224 201
224 200
223 217
227 205
227 214
208 228
207 227
206 226
205 225
206 225
209 227
205 224
209 226
205 223
209 225
208 224
204 222
214 262
228 206
229 205
230 206
229 204
228 203
228 207
228 202
208 237
209 236
209 235
208 234
208 233
228 215
229 214
207 241
220 220
221 219
221 218
220 217
220 216
221 215
221 214
221 213
220 212
220 211
221 210
221 209
220 208
220 207
207 250
218 250
207 259
210 255
224 199
225 198
226 199
226 200
225 197
224 196
224 195
234 231
235 232
235 233
231 207
232 208
233 207
233 206
232 205
232 209
232 210
233 211
233 212
232 204
233 203
233 202
233 201
232 200
232 213
232 214
232 215
233 216
233 215
232 199
233 198
234 199
233 197
232 196
232 195
233 196
231 212
230 211
235 200
236 201
237 200
238 201
237 199
236 198
236 202
236 203
237 204
236 197
239 202
240 203
241 202
241 201
240 200
240 204
240 205
241 206
240 199
239 198
238 197
238 196
237 195
237 194
236 193
236 192
237 191
238 192
237 190
236 189
236 188
237 189
239 193
240 194
241 193
242 194
241 192
240 191
240 195
240 190
243 195
244 196
245 195
245 194
244 193
244 197
244 198
245 199
244 192
243 191
243 190
243 189
244 188
245 189
245 190
244 187
245 186
245 185
244 184
244 183
245 184
243 186
242 185
241 184
241 183
240 185
240 186
241 187
241 188
239 184
238 183
238 182
237 181
237 180
238 179
238 178
237 177
237 176
236 179
235 179
234 180
234 181
233 179
233 178
232 177
237 175
238 174
238 173
237 172
237 171
236 170
236 174
231 208
243 199
243 200
244 201
244 202
244 203
245 204
245 203
243 204
243 205
244 206
244 207
245 208
245 209
245 210
244 211
244 212
245 213
243 210
243 209
243 213
243 214
231 204
244 215
244 216
244 217
243 218
242 218
243 219
244 220
244 221
245 222
233 182
232 181
236 187
235 191
239 197
232 194
246 214
219 260
218 259
211 256
212 221
231 234
230 234
222 265
235 204
227 200
239 174
226 241
217 272
208 223
228 201
240 175
234 217
218 272
246 191
219 237
211 233
231 211
222 242
235 181
247 192
248 191
249 192
212 234
225 253
215 239
227 213
214 243
239 187
226 254
230 224
242 198
207 240
218 249
210 245
222 219
234 230
221 260
246 204
211 246
223 220
235 194
234 194
226 231
217 262
238 205
238 206
239 207
240 208
229 236
214 256
218 226
230 237
242 211
241 211
241 210
234 207
207 253
206 253
206 252
219 227
210 258
211 223
210 223
210 222
209 221
208 220
231 201
230 202
230 201
223 197
222 197
222 196
221 195
224 278
225 243
226 208
245 221
217 239
229 213
249 191
239 177
226 244
227 243
228 244
230 214
242 188
207 230
206 230
205 230
204 230
203 229
206 229
218 239
210 235
231 178
230 179
222 209
221 250
246 194
213 246
224 255
245 198
225 256
226 221
217 252
238 195
241 200
214 246
206 242
205 243
209 253
242 201
234 197
220 262
244 210
221 263
222 262
223 263
213 259
224 268
226 198
245 211
237 207
236 207
237 208
238 172
229 203
238 208
230 204
216 269
228 243
207 220
206 220
205 220
206 219
207 218
206 217
207 217
210 225
243 222
243 223
242 221
233 214
224 245
225 210
244 223
245 188
237 184
236 184
237 185
235 184
234 185
234 184
248 193
248 194
226 211
238 185
229 216
249 194
241 190
227 255
228 254
227 256
209 243
228 256
220 252
221 217
232 226
233 225
232 224
233 224
224 222
244 200
236 196
213 249
233 227
234 227
235 227
224 258
225 223
217 219
245 201
236 232
237 197
223 262
216 259
208 255
209 220
228 233
220 229
240 207
232 203
243 212
209 256
220 265
213 226
205 222
233 204
224 235
225 200
244 213
236 209
237 174
222 274
221 273
220 273
220 272
226 201
238 175
223 275
229 206
215 271
208 232
227 245
227 246
228 210
216 272
209 233
228 246
229 246
230 247
220 242
221 207
232 216
233 181
224 212
244 190
236 186
225 213
212 243
237 187
223 252
215 248
235 226
227 222
216 249
208 245
228 223
220 219
240 197
232 193
233 192
232 191
231 191
230 192
229 191
230 191
233 191
229 193
230 194
243 202
221 220
213 216
233 194
219 259
224 225
211 255
231 233
236 199
222 264
223 229
247 214
212 256
223 265
224 265
225 266
215 261
216 226
208 222
227 235
228 200
220 196
220 197
239 209
240 174
230 246
209 223
221 197
240 210
232 206
218 271
219 270
218 269
219 269
224 202
219 236
243 215
236 176
222 241
219 272
247 191
231 246
232 247
233 247
204 229
222 277
235 216
236 217
237 218
237 217
238 218
239 217
240 218
240 217
236 219
236 220
237 220
239 219
239 220
240 220
227 212
239 186
226 253
208 235
228 213
220 209
240 187
232 183
218 248
243 192
234 229
246 203
247 202
248 203
248 204
249 204
219 249
231 223
222 254
223 219
235 193
247 204
204 242
203 242
203 241
204 240
203 239
202 239
201 240
201 239
204 239
215 251
235 229
236 230
236 229
237 230
228 190
227 190
214 255
239 199
226 266
227 266
228 266
230 236
242 210
207 252
218 261
210 257
211 222
231 200
211 258
212 223
231 236
232 237
232 236
233 237
204 219
203 219
215 228
235 206
227 202
239 176
225 278
226 277
227 276
228 277
225 276
228 276
227 278
227 279
228 279
229 279
230 280
230 279
231 279
226 276
229 281
229 282
230 282
226 243
238 217
229 248
229 249
208 225
241 222
241 223
214 268
213 269
213 270
207 229
240 177
241 178
241 177
242 176
243 177
244 178
242 178
245 178
243 179
243 180
244 180
218 238
210 234
243 182
230 249
242 223
246 193
219 239
211 235
231 213
203 231
222 244
223 209
235 183
247 194
225 255
204 232
205 233
205 232
206 232
217 251
237 229
238 228
239 229
240 228
239 230
240 230
214 245
206 241
239 189
226 256
238 230
230 226
242 200
234 196
207 242
218 251
219 216
218 216
217 217
216 216
215 216
215 215
216 214
210 247
231 190
222 221
234 232
221 262
200 239
199 238
200 237
199 236
198 238
200 236
213 258
233 236
224 267
215 218
235 196
225 268
226 233
217 264
238 207
229 238
230 203
241 212
241 213
242 177
214 258
206 254
205 255
207 219
218 228
210 224
230 239
222 198
222 199
242 213
228 278
220 274
220 275
246 183
247 182
248 181
249 182
246 181
249 181
248 183
247 181
219 229
232 248
232 249
211 225
231 203
203 221
223 199
221 275
213 271
233 249
234 250
235 249
225 245
226 210
217 241
245 223
246 224
247 225
248 226
248 227
249 227
250 227
251 228
251 227
252 227
247 224
250 229
250 230
251 230
246 226
247 227
249 226
252 226
252 225
237 219
238 184
229 215
248 228
249 193
241 189
214 235
206 231
226 246
238 220
230 216
242 190
228 255
234 186
234 187
207 232
218 241
219 206
218 206
217 207
217 206
216 206
215 206
215 205
216 204
215 203
214 203
213 204
213 203
216 203
218 205
218 204
218 203
219 204
210 237
231 180
230 181
222 211
221 252
213 248
233 226
205 244
205 245
224 257
225 222
245 200
236 231
237 196
202 238
202 237
202 236
248 205
248 206
225 258
226 223
237 232
230 193
249 206
250 207
251 207
227 267
227 268
206 244
218 218
228 268
229 269
230 270
230 269
229 271
232 238
232 239
236 208
233 239
234 240
234 239
235 239
231 278
231 277
231 276
237 209
249 183
250 184
251 185
251 184
252 184
253 185
253 184
254 185
254 184
250 186
250 187
251 187
253 186
253 187
254 187
255 188
256 187
256 186
256 185
257 185
257 187
258 188
259 189
260 190
261 189
261 188
261 191
262 191
263 192
263 191
264 191
265 191
266 192
259 188
262 193
262 194
263 194
265 193
265 194
266 194
267 195
268 194
258 190
268 193
261 190
267 196
267 197
264 190
264 189
264 188
268 196
269 197
270 197
271 196
270 195
271 195
241 179
241 180
260 192
206 221
251 229
242 180
227 280
228 245
240 219
219 196
218 196
217 197
217 196
218 195
217 194
218 194
216 194
215 194
215 193
218 193
219 192
219 194
216 193
219 193
215 195
243 224
243 225
205 234
205 235
252 229
253 230
253 229
254 228
244 225
217 208
217 209
236 221
237 186
202 228
201 227
202 227
202 226
201 229
201 230
200 226
199 226
198 226
197 225
196 226
196 225
198 227
198 228
199 228
248 195
248 196
214 202
213 201
214 201
212 201
211 201
210 200
211 200
214 200
210 202
209 200
208 200
212 200
210 201
211 202
238 187
249 196
250 197
250 196
251 195
252 194
251 197
252 193
252 192
195 225
194 225
194 224
194 223
194 222
195 221
194 220
193 220
192 220
195 223
193 219
193 222
192 223
191 223
191 222
192 222
195 222
191 224
227 257
227 258
207 199
206 199
205 200
205 199
204 199
203 199
203 198
203 197
203 196
204 197
204 196
206 198
206 197
206 196
207 195
207 197
207 196
239 231
239 232
218 208
228 258
229 259
229 258
230 257
231 256
230 259
201 241
201 242
240 232
241 233
242 233
243 233
244 234
244 233
245 234
246 234
247 235
248 236
249 237
247 234
243 235
246 236
246 237
247 237
249 236
245 233
248 238
248 239
249 239
250 240
251 240
244 235
247 236
250 241
250 242
251 242
213 215
213 214
213 213
214 213
212 213
211 213
210 213
210 212
209 211
208 210
209 210
208 212
209 213
211 212
212 211
211 210
212 210
214 212
214 211
214 210
207 209
207 208
206 207
207 207
206 209
205 210
204 209
203 209
203 208
204 207
210 214
205 211
205 212
233 193
252 206
251 205
253 207
254 208
255 208
256 208
256 207
257 208
252 204
254 207
257 207
253 209
256 209
255 210
255 211
256 210
257 210
258 211
258 210
259 209
259 211
260 212
261 211
260 213
261 213
259 210
255 212
255 213
226 190
225 190
224 190
225 189
226 188
231 268
230 267
231 267
232 269
233 270
231 266
233 269
232 271
232 272
233 272
234 273
234 272
235 272
235 271
235 270
235 269
234 274
234 275
223 264
229 195
235 238
235 237
235 236
214 215
206 211
271 197
272 198
272 199
273 198
274 198
275 199
275 198
276 199
274 200
274 201
275 201
277 200
278 199
277 201
278 201
273 197
276 198
272 200
272 201
275 200
276 201
278 200
263 193
235 274
236 275
236 274
237 273
238 273
237 275
239 274
240 273
239 275
240 275
241 276
242 277
243 278
244 279
242 276
241 278
244 278
245 277
244 276
245 276
245 279
246 280
246 279
247 280
248 281
249 280
248 282
249 282
247 279
243 280
246 281
246 282
247 282
249 281
242 278
209 222
255 189
255 190
274 202
221 196
240 209
252 183
251 182
252 182
252 181
244 179
230 281
275 203
254 229
219 271
217 198
245 180
264 193
231 245
231 244
256 189
202 218
201 217
202 216
201 219
200 216
199 216
198 216
198 215
199 214
198 213
197 213
196 213
200 214
195 213
194 213
194 212
195 211
194 210
195 210
197 212
193 209
192 210
192 211
191 212
197 215
196 216
196 215
199 215
192 212
195 212
198 217
198 218
199 218
201 218
194 214
247 226
212 268
211 268
210 268
210 267
211 266
209 266
208 266
208 265
209 264
212 266
207 265
206 265
205 266
205 265
206 264
207 263
206 262
207 262
209 265
205 267
205 268
208 267
208 268
209 268
211 267
231 281
232 282
232 281
233 280
233 282
234 283
235 282
235 281
235 280
234 284
234 285
235 284
236 285
237 285
238 284
237 283
239 285
239 286
240 286
241 286
242 287
243 288
244 289
242 286
238 283
241 288
241 289
242 289
244 288
245 287
245 289
246 290
247 291
248 292
249 293
247 290
246 292
249 292
248 294
238 286
240 285
243 290
243 291
244 291
247 292
239 287
242 288
245 288
248 293
238 285
249 294
250 295
250 296
251 296
251 295
250 297
241 290
241 291
242 291
204 264
204 263
203 262
204 262
203 264
202 261
201 260
202 260
202 259
201 262
200 259
199 259
250 231
250 232
251 196
215 273
235 251
236 252
237 253
234 252
237 252
238 251
239 250
240 251
237 250
240 250
239 252
239 253
240 253
241 253
242 254
243 255
243 256
244 256
238 250
241 255
241 256
242 256
244 255
245 254
245 256
246 257
247 258
248 259
249 260
250 260
251 261
251 260
252 260
247 257
250 262
250 263
251 263
246 259
249 259
252 259
252 258
252 257
252 256
248 261
238 253
251 262
240 252
243 257
243 258
252 262
253 263
253 262
254 261
254 263
244 258
236 254
254 262
247 259
250 264
239 254
251 265
240 255
242 255
253 264
253 265
254 265
255 266
255 265
256 265
227 247
239 221
239 222
251 232
197 224
197 223
197 222
201 231
240 222
213 205
213 206
233 183
205 201
205 202
252 196
253 197
254 197
255 198
256 197
257 196
256 195
257 195
257 198
258 198
259 199
260 200
260 201
261 201
259 198
258 200
258 201
259 201
261 200
257 197
260 202
260 203
261 203
262 204
262 203
263 202
264 201
263 204
264 200
264 199
263 203
264 203
265 204
266 204
267 205
268 205
268 204
268 206
269 207
267 207
267 208
256 199
255 200
259 200
262 205
262 206
263 206
190 221
190 220
189 219
188 218
187 217
188 217
187 219
190 219
189 221
188 219
189 220
246 238
246 239
247 203
258 212
258 213
231 258
232 259
233 260
234 260
235 260
235 259
233 259
232 261
235 261
236 262
237 263
234 262
234 263
237 262
238 261
237 260
239 262
239 263
240 263
238 263
240 262
236 264
236 265
237 265
239 264
239 265
240 265
241 266
242 266
243 267
244 266
245 267
246 267
247 268
248 269
249 270
247 267
243 268
246 269
246 270
247 270
249 269
245 266
248 271
248 272
249 272
250 273
250 272
251 273
251 272
252 272
253 273
254 273
244 268
247 269
250 274
250 275
251 275
253 274
253 275
254 275
255 276
256 275
257 274
256 273
257 273
246 271
247 272
238 262
257 275
258 276
258 277
259 277
260 276
261 277
261 276
260 278
260 279
261 279
262 279
263 280
264 279
265 280
266 281
266 280
265 282
259 276
262 281
262 282
263 282
265 281
266 282
267 283
268 282
258 278
258 279
259 279
261 278
264 278
264 277
249 271
268 284
269 285
269 286
270 286
267 285
270 285
271 284
270 283
271 283
271 286
272 287
272 286
273 286
273 285
273 284
273 283
269 287
272 288
272 289
273 288
274 289
274 288
275 287
276 287
275 289
275 288
276 289
277 289
278 289
279 290
280 291
281 292
282 293
280 290
279 292
280 293
282 292
283 291
282 290
283 290
283 293
284 294
284 293
285 293
285 292
281 294
284 295
284 296
285 295
286 296
286 295
287 294
287 296
287 295
280 292
283 292
286 297
286 298
287 298
288 299
289 298
279 294
241 267
241 268
260 280
242 268
261 281
234 264
204 241
250 208
250 209
216 215
235 228
247 239
206 201
259 213
245 278
251 209
237 274
248 283
248 284
209 212
224 191
224 192
197 237
196 236
197 235
196 238
195 235
194 235
194 234
194 233
195 233
193 232
192 233
191 232
190 232
189 232
189 231
190 230
189 229
188 230
187 230
187 229
190 229
192 232
188 229
191 234
191 235
192 235
187 231
190 231
193 231
193 230
193 229
186 228
186 227
185 226
186 226
185 228
184 229
183 228
182 228
182 227
182 226
183 226
181 225
180 226
179 226
179 225
178 225
177 225
177 224
178 223
177 222
176 221
175 220
176 220
175 222
175 223
176 223
178 222
174 219
173 219
180 225
172 220
172 221
171 219
170 219
170 218
171 217
173 221
176 222
179 227
179 228
180 228
169 218
168 218
168 217
168 216
169 216
167 216
169 215
175 224
185 227
178 224
238 275
170 220
170 221
230 271
189 233
249 284
250 285
251 285
234 241
234 242
246 215
246 216
225 192
266 193
171 221
231 235
277 202
269 198
269 199
202 208
201 207
201 206
202 206
201 209
200 206
199 206
198 206
198 205
199 204
198 203
199 203
200 204
197 202
196 203
200 203
199 205
202 205
202 204
202 203
198 207
201 208
235 205
247 216
248 216
249 215
249 214
249 216
250 217
251 218
251 217
252 217
253 217
254 218
254 217
250 219
251 220
253 219
253 220
254 220
255 221
255 220
256 220
256 219
257 218
257 220
258 221
259 222
260 223
258 223
255 222
255 223
252 216
251 215
252 215
252 214
256 222
258 222
259 223
251 219
254 219
233 281
252 294
251 293
252 293
253 295
253 296
254 296
252 292
254 295
253 297
253 298
254 298
255 299
255 298
256 298
256 297
256 296
256 295
257 294
257 296
257 295
257 298
258 299
259 298
260 299
261 300
259 297
261 299
260 301
259 299
261 301
262 302
263 303
263 302
264 302
265 303
265 302
266 303
266 302
262 304
263 305
265 304
265 305
266 305
267 306
267 305
268 305
268 304
268 303
268 302
267 307
267 308
264 301
263 300
264 300
264 299
268 307
269 308
269 307
270 306
271 306
270 308
270 307
271 308
272 309
272 310
273 308
274 309
275 310
276 311
277 312
275 309
276 308
275 307
277 309
278 310
276 307
276 310
278 309
274 311
274 312
275 312
277 311
278 312
279 313
280 313
281 314
282 313
283 314
281 315
283 313
282 315
276 309
279 314
279 315
280 315
272 311
282 314
283 315
284 316
283 317
229 201
285 315
286 316
287 317
287 316
286 318
286 319
287 319
288 319
289 319
289 318
290 317
289 316
290 316
290 319
284 318
287 318
290 318
275 311
286 320
276 312
278 311
289 320
288 321
288 322
289 321
281 316
281 317
290 321
291 322
291 321
292 320
293 321
294 320
293 322
294 322
292 322
293 323
293 324
294 324
295 325
296 325
297 324
296 323
298 325
298 326
299 326
300 326
301 327
301 326
302 326
297 323
300 328
300 329
301 329
297 326
299 325
302 325
302 324
298 327
301 328
302 328
303 329
303 328
304 327
304 329
305 330
306 329
306 331
307 332
308 333
305 332
308 332
309 331
308 330
310 332
311 333
312 333
313 334
309 330
309 333
311 332
310 334
309 332
304 328
297 325
300 330
263 304
282 317
255 300
255 301
274 313
259 190
244 290
204 254
203 254
203 253
203 252
204 252
202 251
201 250
202 249
201 248
200 247
199 247
199 246
198 248
198 249
199 249
201 252
200 246
199 248
200 249
202 248
198 250
198 251
199 252
199 251
201 251
197 247
196 246
197 246
195 246
194 245
195 244
196 244
197 243
195 243
197 245
196 248
196 249
195 245
194 247
200 248
250 221
251 186
236 286
236 287
196 250
270 199
256 264
256 263
257 263
258 264
259 265
260 266
261 267
259 264
258 266
259 267
261 266
260 268
259 266
258 268
261 268
262 269
262 270
263 270
263 269
264 269
265 270
265 269
266 268
266 270
266 269
262 271
262 272
263 272
265 271
265 272
266 272
267 273
268 272
269 273
270 274
270 273
271 274
272 274
273 274
273 273
269 275
271 273
269 274
270 275
273 275
274 276
275 277
272 276
272 277
273 276
275 276
276 275
277 276
277 277
278 277
276 277
278 276
274 278
274 279
275 279
277 278
277 279
278 279
279 280
280 280
276 276
279 281
279 282
268 271
268 270
280 282
281 282
282 282
283 281
282 280
283 279
283 278
284 277
283 280
272 278
283 282
284 283
284 284
285 283
286 283
287 284
287 283
286 285
286 286
287 286
288 286
289 286
289 285
290 284
290 283
290 286
291 287
292 288
293 289
292 287
291 289
294 289
285 282
285 281
285 280
291 288
292 289
284 285
284 286
287 285
288 287
288 288
288 289
289 288
290 285
293 290
293 291
275 278
294 291
295 292
295 293
296 293
296 292
297 291
298 290
299 291
296 290
299 290
298 292
298 293
299 293
297 290
297 293
299 292
295 294
298 294
298 295
299 295
300 296
300 295
301 294
302 293
301 296
302 292
302 291
301 295
302 295
303 296
304 296
305 297
306 296
306 298
307 299
308 300
305 299
283 312
283 311
308 299
309 298
308 297
310 299
310 300
311 300
309 297
309 300
311 299
307 301
310 301
310 302
311 302
312 303
311 304
312 302
313 301
313 303
314 303
315 303
316 303
184 228
312 305
314 304
313 302
309 299
225 231
312 304
313 305
267 274
267 275
286 287
264 268
263 267
264 267
264 266
192 208
193 207
262 195
276 279
235 241
236 242
236 241
237 240
238 241
239 240
240 241
292 286
240 240
239 242
240 243
241 243
242 244
243 245
243 246
310 333
244 246
228 189
228 188
242 243
238 240
241 245
241 246
242 246
205 253
244 245
245 244
244 243
245 242
245 243
245 246
246 247
247 247
248 248
208 211
249 247
248 249
263 268
249 249
250 250
251 251
252 251
253 250
254 251
170 217
251 250
254 250
250 252
253 252
253 253
254 253
255 253
256 254
256 253
256 252
257 251
256 250
257 250
257 253
258 254
259 253
259 254
255 255
230 235
255 256
252 249
237 242
256 255
258 255
258 256
259 256
260 256
261 256
251 252
240 242
243 247
244 248
245 249
246 249
254 252
246 248
247 249
213 257
239 244
257 252
260 257
260 258
242 245
284 317
261 258
262 259
261 260
263 260
303 294
304 293
304 294
263 259
262 261
253 254
287 288
220 198
220 199
193 244
192 243
193 242
194 241
193 240
191 244
191 245
192 246
192 245
281 313
190 244
189 244
189 243
189 242
189 241
190 240
188 240
187 240
187 239
190 242
186 239
185 239
184 239
185 238
186 237
185 236
184 235
185 234
186 234
183 236
234 238
182 236
183 237
186 236
188 239
181 235
187 241
187 242
188 242
183 234
190 241
183 238
281 280
186 238
181 234
181 233
239 211
240 176
185 240
226 278
245 291
237 287
197 214
238 252
243 181
256 300
257 265
229 283
230 248
289 297
289 296
290 295
290 294
290 296
291 297
292 298
293 299
294 300
292 297
291 299
291 300
292 300
294 299
226 265
226 264
293 301
294 302
295 303
295 302
296 303
296 302
297 301
298 302
299 301
298 303
299 303
297 303
292 299
295 304
295 305
296 305
298 304
298 305
299 305
300 306
301 305
301 304
302 304
302 303
301 302
302 301
234 205
301 306
291 301
302 305
303 306
303 307
205 263
304 307
305 307
306 307
269 205
270 205
306 306
271 205
272 204
304 306
303 308
306 308
307 309
305 309
305 310
306 309
305 311
305 312
305 313
219 225
294 301
297 302
300 307
300 308
249 261
268 274
241 257
241 258
242 222
301 308
221 199
207 264
253 231
199 260
218 273
217 274
217 275
265 205
265 206
210 269
210 270
244 182
230 284
271 285
236 178
290 298
263 281
282 294
242 258
274 290
274 291
293 303
200 261
246 228
247 193
219 274
266 206
211 270
252 271
252 270
258 202
231 248
204 231
250 198
250 199
196 227
196 228
283 295
216 205
275 291
235 218
234 219
208 201
208 202
224 266
193 221
239 188
226 255
245 268
251 199
264 281
237 264
238 229
256 277
255 278
229 260
229 261
248 273
209 202
249 238
241 234
241 235
261 212
240 189
186 218
185 218
184 219
184 218
183 218
182 218
182 217
185 217
238 265
197 227
243 194
230 261
242 235
254 209
200 238
246 205
246 206
219 251
192 234
292 321
184 230
184 231
212 212
311 334
231 225
203 243
203 244
203 245
204 208
222 256
304 295
303 330
303 331
223 221
215 217
315 304
235 195
181 224
181 223
181 222
227 191
227 192
173 220
247 206
233 271
252 284
253 283
254 284
251 283
254 283
253 285
254 286
255 286
256 286
256 285
257 284
256 283
257 283
257 286
258 286
259 286
259 287
260 288
261 287
260 289
261 289
252 282
258 288
258 289
253 218
259 289
261 288
254 285
257 285
260 290
259 291
260 291
258 291
261 291
262 292
263 292
303 327
253 287
264 291
263 290
265 292
265 293
266 293
267 293
268 293
268 292
264 289
266 292
197 244
265 294
268 294
269 295
270 296
267 295
267 296
268 295
270 295
271 294
271 296
272 297
273 296
269 297
269 298
270 298
272 298
272 299
273 298
274 299
275 299
276 298
275 297
277 299
278 300
279 300
280 301
281 302
282 303
280 300
276 297
279 302
279 303
280 303
282 302
283 301
283 303
276 300
278 299
281 304
281 305
282 305
277 301
280 302
283 302
276 299
279 304
279 305
280 305
271 295
282 304
274 300
274 301
283 305
284 306
285 305
286 306
287 307
287 306
286 308
286 307
287 308
288 309
289 308
290 307
289 306
290 306
290 309
291 310
291 309
292 310
293 309
294 310
294 309
293 311
293 312
294 312
292 309
291 311
291 312
292 312
294 311
290 308
293 313
293 314
275 301
294 314
295 315
295 314
296 313
297 313
298 313
299 314
299 313
298 315
296 315
299 315
300 316
301 317
301 316
302 316
303 316
304 317
304 316
300 318
301 319
303 318
303 319
304 319
305 320
305 319
306 319
306 318
306 317
305 321
305 322
302 315
301 314
302 314
302 313
306 321
307 322
307 321
308 320
309 321
310 322
311 323
312 323
313 323
309 320
308 322
311 322
310 324
308 321
309 322
301 318
267 297
267 298
256 287
255 288
255 289
257 288
304 318
296 314
307 323
307 324
285 304
285 303
297 315
308 324
300 320
259 288
278 301
270 297
289 310
288 311
262 293
262 294
281 306
271 298
263 294
282 307
255 290
225 267
204 244
244 280
245 245
304 331
236 276
237 277
237 278
236 277
264 258
265 257
266 258
263 257
264 257
266 257
265 259
265 260
230 268
266 260
267 260
268 260
268 259
264 256
264 255
266 259
171 218
265 261
268 261
269 262
269 263
270 263
267 262
267 263
268 262
270 262
271 261
271 263
272 264
273 263
309 296
308 295
269 264
269 265
270 265
273 265
274 266
275 267
203 207
243 276
272 266
275 266
276 265
275 264
277 266
277 267
277 300
278 267
276 264
276 267
278 266
274 268
277 268
278 269
279 270
279 269
280 268
281 269
282 270
280 270
282 269
283 268
283 267
283 270
284 271
284 272
285 270
284 273
283 274
281 271
281 272
282 272
285 272
286 273
287 274
287 273
288 272
287 271
246 291
289 273
290 274
256 251
267 193
290 273
286 275
221 261
181 221
289 275
288 276
288 277
289 276
290 276
291 277
291 276
292 275
293 276
294 277
292 277
293 278
293 279
294 279
295 280
296 281
296 280
297 279
298 280
299 281
297 278
297 281
299 280
295 282
298 282
297 280
292 276
295 281
312 301
296 282
288 278
288 279
241 214
280 269
299 282
300 283
301 284
301 283
302 283
303 284
303 283
219 215
219 214
304 284
305 285
306 284
281 270
306 286
305 287
304 283
300 285
300 286
301 286
303 285
303 286
304 286
306 285
291 278
291 279
292 279
284 275
305 288
305 289
304 290
304 291
302 282
301 281
302 281
302 280
294 278
276 266
287 275
306 288
307 289
308 288
308 287
309 288
310 287
311 288
179 224
311 287
310 289
311 290
312 290
313 291
314 290
315 290
316 291
314 292
314 293
315 293
313 290
309 287
307 297
312 292
312 293
313 293
315 292
316 293
317 294
318 294
319 295
319 296
308 289
311 289
314 294
314 295
315 295
317 295
317 296
318 296
310 291
236 240
313 292
279 271
279 272
278 273
280 272
316 292
319 297
319 298
309 289
301 285
312 294
271 262
290 275
282 271
293 280
293 281
305 291
283 272
195 232
275 268
270 261
294 281
267 264
267 265
237 241
296 327
245 207
216 218
297 292
257 219
288 323
248 250
248 251
208 214
308 301
228 192
214 257
174 221
300 297
301 298
300 298
295 291
193 234
239 201
166 217
165 218
164 218
166 218
266 304
226 268
185 230
285 317
258 300
258 301
258 302
259 303
267 203
266 202
260 303
259 275
259 274
259 273
177 226
177 227
177 228
176 229
177 230
176 231
177 232
260 189
178 233
175 232
239 208
247 289
247 288
176 232
174 231
174 230
173 229
174 229
217 273
173 231
203 217
204 217
236 283
172 231
171 230
170 229
241 208
248 182
171 229
169 228
168 228
167 227
168 226
268 192
166 226
165 225
192 231
169 226
275 308
270 196
164 225
163 226
163 225
166 225
167 224
168 224
186 225
186 224
167 226
165 227
165 228
166 228
168 227
225 241
222 253
164 224
164 223
164 222
164 221
165 220
166 221
163 227
166 227
167 228
302 279
277 313
276 314
277 315
276 316
278 278
268 191
238 242
197 204
269 271
270 270
271 269
271 271
289 271
290 271
236 248
235 247
251 284
232 278
233 277
196 205
196 206
195 207
272 268
234 277
266 190
267 189
267 188
268 187
269 187
270 187
271 187
272 187
272 188
271 189
273 187
274 188
252 203
252 202
275 189
182 224
183 224
184 223
255 284
275 188
276 187
275 186
277 188
278 189
248 202
276 186
188 228
298 323
236 195
188 227
299 323
263 256
284 314
285 313
276 189
225 229
203 215
202 214
219 258
255 296
278 188
274 190
277 190
277 191
278 192
279 192
280 193
281 194
279 191
277 189
265 290
266 290
280 192
205 251
204 250
279 194
279 195
281 193
282 192
206 208
283 192
288 310
274 264
250 185
282 194
273 186
278 191
280 191
214 244
276 188
279 193
280 194
272 190
282 193
283 194
284 195
283 196
285 194
286 195
287 196
281 303
287 195
312 334
286 197
287 198
287 199
288 198
289 198
310 330
311 330
274 298
289 197
290 196
289 195
259 285
310 288
290 195
309 329
309 328
201 238
258 186
290 198
291 198
292 198
292 199
248 270
230 225
288 200
288 201
215 225
291 200
303 300
236 260
291 201
284 197
287 197
290 197
275 190
286 199
285 200
286 201
285 202
285 203
241 240
242 241
201 205
276 191
279 196
278 197
278 190
289 199
281 195
281 196
281 197
290 200
282 196
288 202
285 196
277 192
269 188
269 189
270 189
257 255
269 309
270 310
269 310
230 238
289 287
249 251
309 302
241 247
241 248
281 283
281 284
281 285
242 212
290 315
290 314
260 260
259 261
188 241
234 208
234 209
266 301
267 300
268 300
167 218
207 254
253 221
254 186
199 250
273 199
200 215
246 182
218 263
259 301
219 228
278 314
265 195
265 196
265 197
210 259
251 297
211 224
271 275
231 202
203 220
290 288
262 306
263 271
222 233
223 198
282 284
169 227
255 267
255 268
254 269
274 280
221 274
254 222
200 251
240 287
247 183
232 283
232 284
232 285
266 196
233 248
252 261
212 225
224 279
224 280
243 292
242 293
243 294
204 221
244 257
250 188
223 234
304 308
236 253
196 217
254 294
254 293
254 292
243 281
215 230
296 304
216 195
235 208
288 300
288 301
227 204
233 284
193 211
239 178
225 280
226 245
244 293
217 276
285 294
245 258
237 254
277 290
277 291
238 219
256 267
297 305
229 250
229 251
228 252
230 215
249 228
241 224
195 249
241 225
241 226
272 295
214 270
296 294
242 189
261 202
206 266
207 231
253 198
253 199
199 227
218 240
273 307
273 306
259 278
315 302
316 301
316 300
316 299
316 298
217 260
248 247
317 298
231 199
230 198
229 197
228 198
219 205
278 291
210 236
251 274
270 287
310 323
230 251
289 300
231 179
262 283
262 284
257 217
256 216
257 215
243 240
258 215
259 215
260 215
222 210
242 225
254 199
289 284
200 228
240 264
246 195
219 241
192 224
232 260
211 237
292 311
212 202
184 220
183 221
184 221
311 324
243 269
242 270
243 271
243 272
243 273
242 274
303 325
248 280
308 331
243 270
307 306
308 307
309 306
310 306
241 270
240 271
239 270
238 269
238 271
255 252
260 254
261 254
203 233
202 234
201 233
200 234
199 233
198 232
197 233
229 257
288 320
291 275
231 215
284 307
284 308
283 309
282 309
204 198
263 284
222 246
299 279
299 278
303 320
304 285
283 308
223 211
295 316
294 317
294 318
295 317
215 207
315 294
235 185
307 290
307 291
233 261
273 297
252 274
225 257
226 222
244 270
272 189
217 253
285 271
245 235
304 321
303 322
236 266
236 267
272 262
273 261
237 231
296 317
297 318
298 317
297 282
229 227
257 209
316 295
245 212
248 240
225 234
248 241
247 242
247 243
248 244
247 245
231 197
240 236
241 237
242 237
243 238
262 257
288 298
243 237
249 205
308 291
195 234
214 247
300 287
299 288
290 290
194 246
291 291
260 214
259 187
178 221
178 220
179 219
179 218
179 217
179 216
252 263
180 216
170 227
171 227
172 227
173 227
174 227
175 226
252 222
234 193
247 281
206 243
226 258
306 330
185 220
266 294
198 239
198 240
199 241
199 242
199 243
285 307
258 290
218 217
311 298
311 297
312 296
199 235
259 255
278 268
250 286
250 287
251 288
234 248
259 258
223 241
258 258
238 232
299 302
250 251
264 288
263 287
264 287
284 199
269 299
270 300
270 301
270 302
270 303
271 304
272 304
283 191
283 190
283 189
227 198
287 315
310 321
311 320
292 319
303 315
203 260
204 260
223 218
245 232
245 231
245 230
203 230
248 224
249 224
250 223
270 264
230 228
266 291
249 241
289 277
262 260
281 273
281 274
281 275
280 276
281 192
224 272
225 272
226 272
250 181
242 202
228 267
188 231
234 198
207 244
180 227
199 240
280 314
239 276
239 277
239 278
239 279
239 280
239 281
238 281
223 193
200 205
206 263
273 189
305 298
196 204
292 323
299 327
265 300
218 253
219 218
191 236
192 237
191 237
190 228
190 227
216 222
247 250
221 226
246 251
245 252
244 252
243 252
242 251
210 249
182 235
291 323
251 287
211 214
271 265
311 301
231 192
203 210
203 211
202 212
201 212
201 211
222 230
303 297
303 298
188 238
189 237
303 303
304 304
305 304
306 304
307 304
304 292
222 223
263 261
192 242
282 274
169 217
255 257
254 258
254 259
283 284
255 258
256 259
202 215
276 200
221 264
240 277
213 260
172 222
173 223
173 224
173 225
272 275
172 223
232 273
205 256
204 257
205 257
191 220
203 256
202 257
201 256
200 257
197 234
293 300
233 238
292 324
224 269
184 233
243 282
243 283
243 284
204 211
245 250
244 247
304 298
196 207
236 243
237 244
250 183
277 317
276 318
280 279
280 278
249 180
227 264
236 205
249 179
290 194
291 193
222 269
196 237
299 324
256 257
230 233
236 244
235 245
234 245
233 244
234 244
232 280
250 178
251 178
252 178
301 301
215 220
230 190
256 221
257 186
288 290
288 291
287 292
202 250
248 217
248 218
247 219
248 220
263 288
246 218
307 303
181 227
268 195
254 297
214 224
260 191
273 310
165 219
246 293
246 294
246 295
246 296
248 215
245 297
246 298
245 299
244 299
243 299
260 198
245 300
248 258
249 257
309 319
224 253
215 214
309 318
210 233
304 313
261 198
242 299
241 299
246 189
247 188
177 221
247 189
215 234
241 298
242 297
243 297
243 300
187 227
253 251
243 301
247 180
247 179
248 214
163 224
263 266
244 301
240 298
239 298
239 297
239 296
240 296
244 300
254 287
298 319
314 334
240 300
265 306
195 247
214 260
253 188
198 252
258 303
299 304
246 185
232 250
292 301
223 201
264 202
295 306
225 247
238 186
257 199
202 263
241 191
260 204
306 320
218 207
234 188
220 253
253 201
280 304
228 260
239 266
299 317
252 205
257 304
274 260
213 250
273 264
226 189
245 202
295 319
229 194
248 207
294 323
247 248
280 196
206 210
185 229
209 251
305 294
306 293
310 297
293 199
198 236
294 199
306 294
274 285
239 295
245 286
238 294
237 293
237 295
266 261
285 274
250 253
238 199
269 266
241 204
227 269
287 320
306 333
199 207
201 253
275 202
220 266
280 317
233 205
252 218
236 210
213 263
172 225
254 264
273 277
226 202
245 215
212 267
231 280
229 207
271 307
211 269
207 243
236 295
261 210
237 296
237 297
215 272
206 223
245 280
185 222
197 232
239 282
208 254
240 283
232 235
301 293
238 293
297 289
314 322
313 321
247 261
266 274
250 266
164 226
263 205
208 269
268 283
221 208
240 221
243 226
242 267
261 280
300 288
263 299
218 225
223 204
248 267
229 208
276 306
235 192
313 332
314 332
207 210
236 215
233 218
305 323
217 210
194 226
254 277
298 283
251 208
187 223
228 224
272 267
291 280
249 283
268 296
309 334
221 221
240 234
205 213
224 226
243 239
182 229
242 280
261 293
302 294
217 223
258 224
194 239
235 240
276 278
279 283
193 243
298 296
251 221
237 286
264 280
234 200
235 214
227 187
242 232
256 299
237 279
260 209
242 231
238 270
203 227
289 312
274 273
204 227
250 216
245 285
245 284
211 254
271 293
260 188
223 216
247 295
239 218
239 175
238 296
241 301
240 295
236 297
237 298
235 294
234 293
209 224
228 237
186 240
235 293
258 293
306 332
236 218
235 292
203 251
244 199
245 240
307 316
243 178
183 222
234 295
234 296
291 293
244 181
230 283
313 295
239 205
309 286
309 285
249 296
290 297
293 302
233 232
228 196
205 218
175 218
205 226
246 227
278 280
174 217
237 178
223 243
256 191
255 192
283 294
302 307
267 286
214 194
213 195
286 299
244 302
243 303
216 240
235 253
234 254
276 291
232 184
237 299
209 237
313 294
244 194
285 195
271 297
290 310
202 197
201 198
274 302
293 315
246 240
204 243
223 256
283 307
267 299
286 312
239 200
285 316
197 203
257 254
260 259
301 297
232 197
259 300
218 262
278 313
262 305
281 318
234 243
253 256
225 194
266 195
211 259
271 310
251 180
254 299
201 197
312 291
249 184
307 320
233 292
232 292
210 243
277 281
277 282
276 283
231 291
230 290
231 289
269 200
255 302
227 203
259 192
204 256
245 257
264 270
262 197
248 262
220 200
238 254
197 216
257 267
255 194
241 259
260 272
254 198
218 275
231 214
247 195
266 208
252 273
250 200
296 316
208 203
227 216
185 219
226 257
245 270
264 283
284 198
229 262
220 213
261 214
178 216
219 217
222 222
282 273
254 211
240 276
212 214
231 227
284 319
215 219
173 222
247 208
233 273
252 286
250 213
217 265
236 278
208 216
249 217
166 219
185 232
226 270
206 246
229 275
270 276
269 277
289 289
242 214
200 217
219 230
203 222
263 273
222 235
282 286
235 174
234 175
221 276
220 277
240 289
224 281
212 227
233 286
236 291
277 292
230 217
249 230
235 295
188 220
187 221
207 233
312 286
191 225
210 238
251 276
250 277
289 302
288 303
242 227
200 230
184 222
203 235
244 236
304 287
303 288
235 187
307 292
265 295
237 233
297 284
195 236
194 237
214 249
300 289
198 241
258 292
277 305
230 230
188 233
207 246
191 238
210 251
251 289
292 290
311 303
295 295
225 236
244 249
304 300
183 239
257 188
288 292
202 252
307 305
260 193
234 177
239 255
258 305
299 306
298 307
246 187
213 239
292 303
245 191
264 204
295 308
314 321
238 188
257 201
202 265
287 309
286 310
306 322
218 209
234 190
275 191
274 192
280 306
239 268
299 319
252 207
255 249
287 201
232 265
273 266
226 191
231 269
229 196
248 209
294 325
206 212
266 263
285 276
227 271
287 322
259 260
262 265
201 255
220 268
261 269
260 270
280 319
252 220
217 199
194 215
254 266
273 279
272 280
212 269
231 282
229 209
215 274
247 263
164 228
250 268
263 207
262 208
268 285
309 323
240 223
284 266
243 228
303 279
242 269
261 282
233 220
236 225
194 228
254 279
298 285
251 210
250 211
256 288
272 269
186 229
291 282
310 295
189 234
230 272
229 273
249 285
248 286
268 298
284 279
243 241
242 282
283 283
302 296
286 288
175 228
249 177
235 242
276 280
193 245
251 223
237 288
236 289
256 301
167 229
186 242
272 282
230 285
249 298
290 299
293 304
205 228
246 229
283 296
302 309
301 310
214 196
213 197
244 304
243 305
235 255
234 256
276 293
279 298
278 302
277 303
281 307
313 296
285 197
271 299
290 312
202 199
201 200
255 291
293 317
246 242
204 245
278 194
264 259
267 301
308 302
285 318
238 243
271 191
197 205
257 256
255 183
274 196
260 261
301 299
273 200
259 302
278 315
262 307
281 320
253 258
247 184
266 197
271 312
250 189
259 194
204 258
245 259
244 260
264 272
262 199
248 264
308 315
206 267
238 256
197 218
196 219
257 269
241 261
260 274
301 312
213 199
254 200
218 277
217 278
212 203
211 204
231 216
303 321
215 208
275 259
274 258
247 197
233 262
232 263
252 275
296 318
227 218
226 259
185 221
245 272
284 200
289 278
201 202
242 203
178 218
219 219
222 224
263 262
262 263
282 275
254 213
240 278
212 216
231 229
196 208
215 221
275 272
233 275
252 288
272 203
217 267
236 280
208 218
249 219
207 222
243 175
210 227
229 277
270 278
269 279
289 291
242 216
228 281
227 282
200 219
222 237
235 176
221 278
240 291
224 283
243 296
196 221
237 222
236 223
300 278
214 238
277 294
230 219
249 232
235 297
234 298
188 222
207 235
191 227
210 240
251 278
311 292
310 293
314 297
200 232
184 224
203 237
244 238
304 289
202 241
235 189
307 294
256 248
255 247
256 246
255 245
256 244
297 286
176 225
195 238
300 291
214 251
253 179
198 243
258 294
277 307
230 232
188 235
191 240
265 189
251 291
292 292
311 305
223 192
253 300
225 238
244 251
304 302
238 177
257 190
288 294
202 254
307 307
241 182
260 195
246 297
306 311
307 312
308 313
218 198
234 179
253 192
280 295
279 296
239 257
299 308
292 305
245 193
264 206
295 310
248 198
225 251
285 265
284 264
285 263
284 262
285 261
238 190
257 203
241 195
227 260
260 208
287 311
306 324
305 325
218 211
217 212
262 254
281 267
234 192
275 193
274 194
220 257
280 308
299 321
252 209
255 251
172 216
213 254
254 255
287 203
273 268
226 193
245 206
231 271
229 198
275 314
274 315
247 252
206 214
205 215
266 265
250 257
269 270
263 196
208 260
227 273
240 212
239 213
243 217
201 257
220 270
261 271
233 209
305 314
236 214
254 268
273 281
226 206
212 271
211 272
231 284
229 211
247 265
206 227
250 270
291 271
310 284
263 209
249 274
248 275
268 287
267 288
309 325
308 326
221 212
240 225
312 330
224 217
243 230
284 268
303 281
182 220
242 271
261 284
302 285
305 327
217 214
236 227
175 217
194 230
235 231
276 269
275 270
279 274
298 287
251 212
256 290
297 328
209 215
228 228
186 231
272 271
291 284
230 274
189 236
249 287
221 225
205 217
224 230
163 220
237 169
182 233
256 182
255 181
256 180
255 179
242 284
283 285
302 298
175 230
216 231
276 282
235 244
193 247
298 300
251 225
237 290
256 303
255 304
209 228
228 241
272 284
313 285
312 284
313 283
312 282
244 185
271 288
270 289
290 301
293 306
246 231
237 182
204 234
223 247
267 290
268 290
286 303
239 191
244 306
216 244
290 193
257 245
301 288
293 198
278 304
281 309
234 234
313 298
211 250
285 199
271 301
269 191
255 293
202 201
274 306
293 319
246 244
278 196
223 260
264 261
262 188
267 303
308 304
239 204
266 307
265 308
285 320
284 321
238 245
237 246
197 207
257 258
255 185
241 250
260 263
232 201
199 253
198 254
273 202
218 266
259 304
278 317
231 205
234 247
253 260
247 186
211 263
252 264
250 191
269 204
296 307
315 320
314 319
315 318
314 317
315 316
227 207
226 248
225 249
259 196
245 261
264 274
263 275
229 253
262 201
248 266
308 317
220 204
261 205
260 206
206 269
197 220
238 258
241 263
254 202
218 279
217 280
212 205
211 206
231 218
303 323
215 210
275 261
247 199
233 264
252 277
250 204
236 269
296 320
315 333
208 207
227 220
226 261
185 223
284 202
229 266
248 279
289 280
288 281
201 204
242 205
200 208
199 209
219 221
203 213
222 226
263 264
264 264
282 277
221 267
240 280
212 218
243 285
196 210
197 210
215 223
256 224
275 274
173 226
217 269
236 282
277 283
230 208
249 221
166 223
207 224
251 267
210 229
270 280
289 293
228 283
227 284
219 234
203 226
222 239
263 277
304 278
305 277
306 276
305 279
303 277
235 178
221 280
307 283
243 298
196 223
237 224
195 227
214 240
300 280
319 293
258 283
277 296
235 299
234 300
188 224
207 237
191 229
210 242
270 293
311 294
314 299
184 226
225 227
244 240
202 243
201 244
288 283
307 296
246 286
265 299
297 288
176 227
195 240
300 293
214 253
179 232
253 181
198 245
258 296
299 297
298 298
188 237
246 178
191 242
232 243
292 294
223 194
264 195
295 299
225 240
244 253
257 192
288 296
202 256
260 197
246 299
306 313
218 200
217 201
253 194
239 259
280 297
238 300
237 301
232 256
273 257
292 307
264 208
295 312
248 200
294 316
206 203
247 241
285 267
250 246
269 259
241 197
260 210
227 262
287 313
306 326
218 213
262 256
201 246
275 195
239 272
280 310
252 211
172 218
254 257
273 270
226 195
231 273
229 200
248 213
275 316
274 317
206 216
266 267
164 219
250 259
269 272
263 198
208 262
227 275
199 213
240 214
239 215
201 259
242 260
261 273
305 316
252 224
219 276
217 203
236 216
194 219
254 270
254 271
212 273
212 274
231 286
231 287
230 287
187 216
272 260
291 273
310 286
249 276
248 277
309 327
268 289
240 227
312 332
205 206
284 270
243 232
182 222
242 273
261 286
302 287
305 329
217 216
258 217
175 219
194 232
276 271
279 276
193 236
298 289
251 214
256 292
307 277
209 217
167 220
272 273
186 233
291 286
170 225
244 174
243 173
189 238
230 276
205 219
256 184
302 311
214 198
256 304
276 263
216 212
312 321
203 205
318 292
249 212
278 187
235 257
276 295
221 248
287 304
255 244
289 304
307 330
254 248
238 292
292 283
231 264
209 239
187 225
225 277
233 210
230 256
285 322
264 265
280 311
247 276
239 196
261 264
268 280
219 203
221 205
305 275
284 261
227 221
290 304
257 247
242 264
219 280
235 224
226 240
276 262
221 203
238 247
233 300
318 293
297 321
247 266
254 249
209 208
247 212
282 321
225 262
252 290
226 274
203 248
238 257
238 181
249 243
238 248
305 274
227 244
210 221
306 274
251 271
278 297
241 242
255 178
241 254
206 260
230 222
250 261
237 215
269 276
290 292
207 236
216 255
231 221
312 324
273 195
214 209
279 279
162 220
217 261
226 285
227 286
225 286
219 246
226 287
273 316
305 318
268 269
300 281
278 296
287 270
272 265
279 291
247 300
296 311
233 213
243 221
297 311
206 251
320 292
254 195
232 182
313 281
314 280
315 281
206 215
312 280
280 299
212 198
234 281
258 274
286 263
251 203
203 250
254 304
267 261
233 257
200 201
241 297
207 248
203 228
214 252
283 322
238 193
221 216
238 282
230 223
267 281
315 280
316 279
220 281
316 278
242 229
237 284
261 308
260 309
261 310
259 310
258 309
270 272
274 189
261 309
236 261
224 276
307 276
242 242
270 284
283 321
271 204
228 265
176 218
316 281
308 277
311 285
243 264
247 200
201 216
294 308
216 279
232 290
230 180
233 290
234 290
254 191
296 299
218 202
223 271
227 288
227 289
243 176
228 289
283 202
282 202
281 201
280 200
280 202
265 190
264 309
264 310
263 311
262 312
263 313
259 309
251 290
292 317
245 273
210 264
192 229
260 255
233 255
232 254
231 254
197 255
308 275
309 275
262 314
287 263
316 280
309 277
228 288
310 278
219 281
259 311
316 282
315 283
309 279
228 290
310 280
316 284
309 281
253 190
257 309
256 308
255 309
256 310
255 311
256 312
255 313
269 268
310 282
281 199
220 202
250 202
229 264
319 291
265 310
198 256
257 311
248 211
253 247
204 247
262 309
281 322
245 274
224 285
230 221
211 197
257 313
199 200
215 278
283 287
282 288
302 300
267 279
286 292
244 295
276 284
276 285
235 246
279 289
320 290
319 289
318 288
319 287
318 286
319 285
318 284
319 283
318 282
318 281
319 280
318 279
319 278
237 292
256 305
256 306
255 306
313 287
230 289
271 290
272 291
270 291
290 303
274 295
293 308
246 233
204 236
283 300
281 190
280 189
281 188
280 187
281 186
280 185
267 292
286 305
274 187
260 252
259 251
260 250
259 249
301 290
232 190
259 293
278 306
281 311
234 236
253 249
313 300
192 239
266 188
285 201
271 303
269 193
255 295
274 308
227 196
246 246
204 249
278 198
264 263
262 190
308 306
220 193
239 206
266 309
267 310
197 209
257 260
257 261
255 187
241 252
260 265
301 303
199 255
273 204
259 306
259 307
218 268
262 311
234 249
266 201
211 265
252 266
250 193
269 206
255 308
296 309
315 322
208 196
227 209
226 250
264 276
284 191
229 255
248 268
308 319
220 206
261 207
219 210
238 260
222 215
241 265
282 266
281 265
282 264
281 263
240 269
212 207
231 220
243 274
284 312
215 212
275 263
294 276
173 215
172 214
247 201
233 266
233 267
252 279
252 280
251 280
250 206
217 258
236 271
296 322
208 209
249 210
185 225
226 263
229 268
270 269
289 282
242 207
200 210
199 211
219 223
222 228
282 279
221 269
240 282
224 274
212 220
243 287
196 212
316 277
315 276
173 228
233 279
319 282
217 271
236 284
277 285
230 210
249 223
235 288
309 274
310 273
309 272
310 271
309 270
308 269
207 226
312 279
191 218
251 269
210 231
270 282
289 295
242 220
228 285
244 229
263 279
304 280
235 180
221 282
221 283
307 285
265 288
237 226
297 277
298 276
297 275
296 274
297 273
296 272
297 271
296 270
297 269
296 268
296 267
316 290
195 229
196 230
300 282
214 242
198 234
258 285
277 298
235 301
235 302
234 302
188 226
207 239
191 231
210 244
251 282
311 296
295 288
314 301
244 242
257 181
288 285
202 245
307 298
246 288
265 301
237 239
195 242
179 234
253 183
198 247
258 298
299 299
257 302
260 307
246 180
232 245
292 296
223 196
264 197
295 301
234 291
253 304
257 194
202 258
241 186
260 199
246 301
246 302
287 302
286 301
306 315
234 183
253 196
220 248
239 261
299 312
211 199
252 200
238 302
237 303
287 194
232 258
273 259
245 197
317 302
264 210
264 211
263 212
263 211
229 189
206 205
266 256
285 269
238 194
250 248
269 261
241 199
282 200
306 328
199 202
218 215
262 258
275 197
220 261
280 312
233 200
252 213
194 208
273 272
226 197
212 262
280 288
279 287
231 275
229 202
288 264
287 265
215 267
275 318
247 256
247 255
247 254
248 255
206 218
310 275
263 200
208 264
227 277
309 316
268 278
240 216
224 208
201 261
242 262
261 275
219 278
311 275
312 275
217 205
222 283
194 221
254 272
246 303
246 304
247 305
246 306
247 307
298 278
231 288
187 218
228 219
186 222
263 213
189 227
230 265
238 304
249 278
274 319
310 277
257 307
190 217
295 270
260 312
259 313
294 270
293 269
294 268
260 314
259 315
268 291
240 229
205 208
224 221
243 234
242 275
283 276
302 289
305 331
197 239
294 287
313 278
312 277
217 218
185 237
317 284
252 303
253 302
258 219
232 266
298 270
175 221
172 215
248 305
249 305
235 235
276 273
279 278
223 208
280 307
285 192
238 238
286 191
287 190
286 189
287 188
286 187
237 237
287 192
285 188
193 238
298 291
251 216
237 281
256 294
209 219
228 232
167 222
186 235
313 276
244 176
189 240
230 278
249 291
249 290
249 289
293 297
205 221
246 222
237 173
182 237
245 176
294 297
247 222
214 266
320 284
256 247
218 210
278 287
250 305
191 243
288 188
251 306
246 176
295 297
223 238
222 249
262 315
223 207
294 267
293 266
294 266
283 289
302 302
286 294
292 265
244 297
216 235
235 248
276 286
291 264
290 264
232 179
237 294
256 307
210 252
296 273
252 247
297 268
214 264
245 228
294 265
294 264
257 183
254 306
253 306
319 286
289 263
247 303
248 303
248 302
249 303
292 264
311 277
244 244
278 285
193 218
194 217
193 217
257 306
249 302
295 269
252 189
314 282
260 311
304 274
303 274
302 275
301 274
303 273
253 307
303 275
300 274
279 285
294 263
293 262
294 261
295 260
296 259
293 260
296 261
294 259
293 258
303 272
303 271
303 270
209 232
313 289
244 189
211 241
285 190
271 292
290 305
274 297
293 310
246 235
232 300
204 238
223 251
267 294
239 195
285 311
238 236
237 235
257 249
241 241
301 292
232 192
273 193
218 257
259 295
278 308
262 300
247 177
192 241
271 305
250 182
269 195
255 297
274 310
204 251
262 192
304 272
305 272
306 271
305 270
306 269
305 268
248 257
220 195
266 311
265 312
197 211
238 249
257 262
260 267
254 193
199 257
218 270
259 308
296 258
296 257
296 256
212 196
211 195
210 194
231 209
262 313
215 201
234 251
295 257
239 227
266 313
266 314
265 315
266 316
264 316
247 190
266 203
252 268
250 195
208 198
227 211
267 316
287 262
287 261
287 260
254 314
255 315
253 313
226 252
245 265
245 264
245 263
284 193
242 196
261 209
219 212
263 255
222 217
282 268
252 313
209 198
302 271
254 206
254 205
254 204
212 209
231 222
285 277
301 271
275 265
173 217
236 222
304 271
221 235
294 257
300 273
297 258
298 257
268 315
269 314
269 316
233 268
252 281
272 196
236 273
296 324
229 270
268 313
270 271
270 316
271 317
242 209
228 274
314 320
269 203
226 260
288 266
287 267
269 202
200 212
282 281
292 304
238 255
259 314
261 312
304 314
301 272
253 308
285 260
223 285
295 259
271 316
317 283
263 312
296 260
306 273
252 302
226 286
299 270
300 269
299 268
291 266
291 267
264 312
310 279
229 291
248 304
218 281
292 267
284 263
295 272
233 302
298 259
298 260
321 284
322 285
313 280
305 276
251 305
302 270
286 262
317 286
316 286
263 315
289 187
290 186
291 186
292 186
252 305
298 272
234 303
272 256
255 180
307 311
308 276
273 318
265 314
316 316
317 317
318 318
319 319
318 320
317 316
318 317
317 319
319 318
320 317
321 317
320 319
308 312
301 273
319 321
320 286
247 302
266 315
258 311
250 307
250 308
290 263
288 190
293 268
259 312
251 308
283 260
282 260
281 260
280 260
279 260
281 261
317 318
277 319
278 320
290 187
320 321
253 309
321 318
317 320
278 260
294 272
318 321
293 187
293 188
292 189
293 190
292 191
293 192
278 319
322 283
291 262
293 189
323 282
161 220
235 169
221 271
240 284
243 289
196 214
297 266
296 265
297 264
296 263
173 230
300 271
214 231
319 284
277 287
230 212
249 225
309 276
235 290
207 228
312 281
228 287
200 225
200 224
200 223
184 217
244 231
304 282
288 274
235 182
307 287
237 228
195 231
300 284
258 287
235 303
191 233
292 285
295 290
291 189
290 189
294 189
295 189
296 188
295 187
253 293
202 247
307 300
293 191
294 188
294 269
321 282
290 261
297 257
304 273
307 278
297 270
291 188
288 315
274 261
307 279
307 280
291 191
229 212
294 191
277 321
292 188
286 265
260 248
296 269
230 260
310 326
243 193
315 282
261 311
291 190
316 283
308 279
254 308
300 275
319 288
284 187
289 265
282 262
307 268
318 283
297 260
318 319
264 311
234 176
253 189
294 190
292 266
238 295
311 279
257 308
230 291
222 201
249 304
295 271
268 317
241 300
314 284
260 313
287 187
232 251
224 247
243 260
304 276
242 301
288 268
234 297
307 281
253 310
265 284
265 285
285 262
210 204
239 267
307 295
272 301
205 247
248 208
246 284
250 254
269 267
227 270
279 317
320 318
278 321
255 225
295 261
201 254
321 319
236 211
317 285
245 216
263 314
255 310
248 185
234 287
246 261
265 274
306 275
252 304
298 271
226 288
299 272
245 301
291 268
290 269
264 314
310 281
248 306
208 270
255 202
232 218
238 298
243 227
284 265
295 274
253 277
305 324
217 211
298 284
250 244
251 244
252 244
239 234
291 281
241 280
260 293
205 214
305 301
182 230
298 261
298 262
319 320
279 284
320 285
248 296
309 312
321 286
313 282
305 278
251 307
302 272
240 297
286 264
203 266
243 302
289 189
281 185
267 287
286 300
233 294
279 261
252 307
298 274
201 263
244 303
236 299
272 258
232 185
232 186
189 223
295 322
253 244
205 204
274 303
286 277
196 240
293 257
281 319
314 316
293 293
294 258
258 192
269 201
255 303
315 317
307 313
210 226
267 277
308 278
254 307
265 316
292 190
284 186
248 263
311 278
289 264
308 314
300 310
301 275
247 304
320 288
321 288
258 313
250 309
290 265
281 296
282 261
288 192
234 221
293 270
239 299
265 208
251 310
250 311
283 262
255 280
256 281
263 285
275 258
286 267
288 313
208 204
208 205
307 326
177 216
229 263
253 211
274 270
284 320
297 259
308 268
227 194
225 270
226 235
266 271
272 202
217 266
245 248
285 284
258 267
277 280
238 209
257 222
229 240
230 205
248 253
249 218
235 283
309 269
242 179
187 243
261 192
206 256
247 294
207 221
312 274
199 217
259 268
218 230
219 195
191 213
190 214
191 214
192 215
278 281
250 299
249 300
251 264
269 312
310 313
310 314
270 277
262 273
222 200
281 286
209 267
168 229
228 280
268 316
234 211
314 283
220 276
221 241
254 189
239 289
200 218
240 254
192 214
211 227
224 246
252 228
311 314
312 315
312 316
312 317
312 318
203 223
202 224
284 297
284 298
243 259
244 224
303 310
304 275
255 270
256 271
257 271
215 197
296 271
256 198
315 284
242 300
235 175
288 267
221 277
261 313
213 273
254 274
233 251
273 287
224 282
265 283
226 212
217 243
245 225
291 192
236 256
231 290
237 221
318 295
297 272
229 217
230 182
229 183
230 183
248 230
249 195
308 281
268 208
195 224
254 310
300 277
214 237
187 220
206 233
247 271
207 198
266 284
198 229
198 230
258 280
258 281
298 316
277 293
250 276
284 189
210 203
251 241
269 289
230 218
310 290
289 267
235 296
242 192
283 193
188 221
228 257
207 234
180 217
199 230
240 231
286 198
272 300
219 208
191 226
210 239
251 277
291 313
292 278
311 291
203 200
284 274
243 236
231 182
222 213
303 287
295 283
295 284
314 296
276 190
221 254
261 290
240 267
253 286
205 246
233 228
224 259
252 241
253 242
253 241
254 242
305 333
284 310
244 237
304 288
236 233
237 198
296 284
183 227
256 211
202 240
288 280
307 293
302 327
194 236
214 214
273 300
246 283
265 296
264 297
263 297
262 296
261 296
306 297
272 192
271 193
217 256
258 257
277 270
237 234
230 195
216 260
176 224
249 208
235 273
195 237
187 233
247 284
179 229
179 230
207 211
253 178
198 242
279 316
239 243
280 281
299 294
250 289
291 290
210 216
251 254
310 303
270 267
257 297
209 257
168 219
255 224
228 270
268 306
260 302
180 230
267 198
267 199
240 244
272 313
271 314
164 227
232 240
232 241
292 291
225 201
243 249
284 287
244 214
245 179
190 243
264 192
295 296
256 188
242 290
276 203
202 217
261 303
248 184
234 286
307 270
253 299
233 241
205 259
246 260
265 273
236 246
237 211
318 285
238 176
223 276
297 262
257 189
202 253
249 185
194 249
195 214
276 288
268 198
235 250
241 181
300 267
260 194
287 297
306 310
198 219
279 293
258 270
298 306
218 197
299 271
251 231
264 313
216 273
256 309
235 286
209 234
242 182
255 201
228 247
234 178
220 243
239 256
280 294
286 188
299 307
191 216
272 290
232 217
291 303
211 194
292 268
252 195
238 297
311 281
244 191
257 310
249 306
209 270
295 273
314 286
241 302
241 303
260 315
221 244
213 240
253 276
287 189
232 253
205 236
279 185
224 249
225 214
244 227
245 192
231 257
264 205
317 297
237 188
183 217
256 201
242 303
229 184
230 185
229 185
283 304
288 270
202 230
248 197
234 299
302 317
275 300
294 313
214 204
246 273
286 309
206 200
247 238
265 286
306 287
285 264
258 247
259 212
318 298
277 260
238 189
250 243
264 290
216 250
282 300
290 199
276 301
235 263
208 246
241 194
282 195
227 259
274 191
287 310
207 201
279 306
239 233
280 271
240 198
299 284
210 206
238 274
197 236
243 203
262 253
257 287
209 247
255 214
201 243
241 279
275 192
260 292
301 330
220 256
261 257
213 217
272 303
313 304
232 230
233 195
292 281
305 300
252 208
225 191
244 204
171 220
190 233
236 200
295 286
290 320
282 316
202 207
234 276
253 289
254 254
294 290
205 249
273 267
246 250
247 215
265 263
226 192
212 257
231 270
237 201
204 253
278 202
250 220
223 266
183 230
270 198
215 262
275 313
195 204
194 204
194 203
267 309
227 236
286 322
287 287
206 213
247 251
306 300
198 209
239 210
258 260
250 256
245 290
264 303
310 270
271 199
216 263
257 264
263 195
208 259
322 281
251 311
248 295
255 191
227 272
268 273
201 220
201 221
301 307
220 233
260 269
221 198
320 320
239 246
280 284
240 211
321 285
213 194
232 207
292 258
291 258
290 258
289 259
224 203
252 185
311 271
312 272
312 271
313 272
238 287
197 249
243 216
257 300
236 177
295 263
314 276
252 306
241 292
242 257
260 305
261 270
234 253
267 201
213 230
253 266
313 317
200 260
233 208
219 273
225 204
266 205
245 182
217 200
317 287
316 288
315 288
236 213
203 265
231 247
263 316
222 278
255 312
202 220
248 187
289 188
234 289
275 290
194 216
235 217
294 303
254 267
246 263
287 264
247 228
306 277
233 293
212 270
298 273
259 202
204 266
250 233
223 279
299 320
251 198
236 298
215 275
214 276
256 276
297 314
262 207
208 236
209 201
227 249
308 323
228 214
287 300
300 319
220 210
239 223
280 261
240 188
299 274
186 217
272 257
243 295
245 303
291 270
310 283
197 226
238 264
257 277
189 222
263 208
248 308
249 273
289 309
255 204
268 286
309 324
241 269
242 234
260 282
301 320
221 211
253 243
213 207
232 220
205 203
233 185
219 250
305 290
252 198
224 216
284 267
190 223
236 190
231 224
182 219
222 255
263 293
282 306
283 271
302 284
234 266
253 279
254 244
294 280
286 276
247 205
252 283
212 247
258 214
231 260
317 300
250 210
304 330
229 187
196 239
270 188
175 216
175 215
175 214
176 214
215 252
296 326
216 217
289 201
275 303
316 304
235 230
276 268
208 213
227 226
228 191
287 277
174 220
306 290
279 273
193 233
298 286
226 267
251 211
264 293
237 276
297 327
256 289
229 272
248 285
208 249
249 250
209 214
282 198
228 227
268 263
309 301
201 210
220 223
280 274
240 201
167 217
186 230
272 270
178 226
224 193
238 277
170 222
170 223
243 206
230 273
189 235
270 309
249 286
289 322
290 287
241 282
242 247
282 283
293 292
254 221
200 250
205 216
246 217
305 303
219 263
171 223
212 224
258 191
317 277
203 255
231 237
163 219
204 220
237 223
263 306
254 276
222 268
282 319
302 297
275 280
194 206
235 207
294 293
181 236
267 276
286 289
247 218
233 283
193 210
252 296
225 279
298 263
244 292
251 188
236 288
270 201
215 265
297 304
256 266
316 317
276 281
208 226
227 239
228 204
309 278
214 269
300 309
193 246
279 286
320 287
240 178
226 280
312 283
245 293
291 260
258 312
237 289
278 290
243 183
229 285
230 250
248 298
249 263
289 299
309 314
268 276
201 223
281 295
242 224
288 191
221 201
234 220
207 266
312 319
313 284
200 227
224 206
305 280
265 207
210 271
251 309
271 287
203 232
236 180
290 300
222 245
263 283
223 210
282 296
283 261
255 279
274 292
302 274
293 305
240 299
286 266
246 230
258 204
258 205
257 205
243 304
244 269
204 233
223 246
304 320
196 229
216 207
289 191
275 293
288 312
235 220
316 294
281 187
267 289
307 325
308 290
233 296
319 299
193 223
239 190
244 305
285 306
251 201
177 215
236 301
277 302
237 266
284 291
238 231
256 279
297 317
257 244
209 204
249 240
309 291
241 236
300 322
301 322
301 287
260 249
253 210
186 220
199 239
232 187
231 188
273 188
218 252
259 290
278 303
243 196
251 286
189 225
230 263
270 299
271 264
290 277
262 295
281 308
234 233
274 269
253 246
293 282
200 240
246 207
219 253
305 293
192 236
211 249
184 232
285 198
252 250
271 300
277 194
204 210
222 258
263 296
304 297
223 223
269 190
255 292
274 305
235 197
267 266
181 226
307 302
227 193
286 279
273 309
225 269
226 234
244 282
245 247
264 260
196 242
237 243
297 294
256 256
216 220
229 239
257 221
248 252
308 303
228 194
300 299
214 259
174 223
239 203
206 255
247 293
266 306
312 273
285 319
218 229
238 244
197 206
250 298
269 311
230 240
249 253
241 249
301 300
188 243
234 210
207 256
293 259
253 223
254 188
239 288
313 274
314 274
273 201
218 265
246 184
192 213
210 261
251 299
211 226
270 312
271 277
262 308
303 309
223 200
255 269
169 229
215 196
274 282
314 318
293 295
294 260
213 272
246 220
247 185
233 250
258 194
225 246
204 223
244 259
250 190
245 224
304 310
236 255
296 306
216 197
315 319
235 210
162 226
288 302
202 262
248 229
307 315
227 206
308 280
268 207
254 309
300 276
246 305
193 213
239 180
225 282
226 247
266 283
245 260
285 296
292 192
237 256
238 221
297 307
284 188
229 252
269 288
248 265
289 266
281 262
300 312
242 191
214 272
301 277
261 204
247 306
206 268
253 200
199 229
258 315
299 316
218 242
259 280
219 207
278 293
211 203
310 325
231 181
262 285
290 267
222 212
281 298
282 263
288 194
255 246
234 223
274 259
293 272
254 201
221 253
239 301
240 266
246 197
232 262
192 226
265 210
292 313
211 239
252 240
212 204
231 217
284 309
204 200
223 213
255 282
295 318
215 209
296 283
315 296
275 260
267 256
268 257
269 256
270 257
233 263
273 299
280 195
257 268
225 259
226 224
244 272
272 191
285 273
217 255
245 237
236 268
277 269
238 198
296 319
257 211
229 229
208 206
248 242
249 207
308 293
241 203
260 216
187 232
206 245
247 283
266 296
285 309
177 218
298 328
218 219
259 257
238 234
250 288
278 270
284 201
210 215
251 253
269 301
270 266
289 279
262 262
241 239
242 204
228 269
253 213
180 229
254 178
280 316
200 207
273 191
299 329
219 220
272 312
211 216
271 267
203 212
231 194
243 248
262 298
303 299
222 225
263 263
255 259
169 219
274 272
276 202
261 302
221 266
307 269
240 279
172 224
213 262
232 275
205 258
233 240
252 253
224 271
284 322
204 213
245 214
250 180
196 209
236 245
237 210
296 296
297 261
256 223
248 219
194 248
308 270
268 197
214 226
165 223
300 266
273 312
165 221
319 279
247 260
206 222
266 273
226 237
217 268
285 286
258 269
250 265
238 211
257 224
269 278
229 242
230 207
249 220
235 285
241 216
242 181
227 281
301 267
302 268
303 268
261 194
206 258
247 296
207 223
199 219
218 232
259 270
191 215
219 197
250 301
210 228
251 266
291 302
270 279
310 315
311 280
262 275
222 202
303 276
209 269
228 282
314 285
220 278
239 291
240 256
200 220
232 252
192 216
233 217
212 194
222 247
252 230
224 248
311 316
243 261
203 225
284 299
244 226
303 312
304 277
215 199
256 200
315 286
242 302
202 229
235 177
288 269
261 315
307 282
253 311
213 275
273 289
233 253
246 272
226 214
245 227
217 245
291 194
236 258
277 259
318 297
297 274
230 184
248 232
249 197
235 262
195 226
254 312
300 279
187 222
206 235
247 273
207 200
266 286
198 231
258 282
298 318
299 283
250 278
251 243
210 205
269 291
310 292
270 256
289 269
235 298
283 195
188 223
228 259
180 219
199 232
240 233
286 200
191 228
272 302
291 315
292 280
310 328
311 293
231 184
203 202
284 276
303 289
295 285
314 298
242 279
276 192
261 292
253 288
205 248
279 197
252 243
224 261
265 262
244 239
236 235
296 286
183 229
256 213
288 282
283 316
202 242
175 225
302 329
194 238
195 203
254 289
214 216
246 285
286 321
265 298
306 299
272 194
198 208
258 259
259 224
277 272
250 255
230 197
271 198
176 226
276 313
195 239
235 275
322 280
187 235
274 203
179 231
207 213
253 180
279 318
198 244
280 283
239 245
299 296
272 279
210 218
291 292
251 256
310 305
197 248
257 299
222 192
168 221
249 295
255 226
295 262
228 272
268 308
314 275
260 304
267 200
240 246
272 315
232 242
313 316
292 293
243 251
284 289
245 181
264 194
236 212
295 298
256 190
242 292
202 219
288 259
248 186
261 305
307 272
302 306
234 288
253 301
214 193
205 261
246 262
265 275
204 265
318 287
237 213
257 191
249 187
290 188
195 216
235 252
276 290
227 248
260 196
287 299
306 312
198 221
279 295
298 308
258 272
218 199
299 273
245 302
210 195
291 269
251 233
252 234
252 235
251 236
264 315
216 275
256 311
257 276
248 307
255 203
228 249
201 232
260 281
239 258
280 296
286 190
272 292
232 219
233 184
291 305
292 270
252 197
311 283
238 299
257 312
190 222
249 308
295 275
314 288
241 304
240 305
234 265
253 278
287 191
254 243
205 238
273 256
279 187
231 259
317 299
183 219
256 203
229 186
202 232
283 306
248 199
289 200
234 301
302 319
275 302
294 315
214 206
246 275
286 311
287 276
247 240
206 202
306 289
258 249
259 214
277 262
278 263
278 264
279 263
318 300
250 245
264 292
269 258
230 187
271 188
176 216
290 201
276 303
235 265
282 197
227 261
287 312
274 193
179 221
279 308
199 199
280 273
239 235
299 286
251 246
238 276
197 238
257 289
255 216
283 198
241 281
201 245
275 194
260 294
261 259
267 190
253 255
286 203
252 210
305 302
225 193
171 222
190 235
271 309
290 322
182 231
282 318
202 209
234 278
274 314
194 205
253 291
294 292
254 256
273 269
246 252
247 217
265 265
226 194
252 295
231 272
259 191
204 255
250 222
183 232
196 251
196 252
229 199
283 319
270 200
275 315
262 196
195 206
241 173
240 172
241 171
240 170
239 170
241 170
267 311
287 289
247 253
306 302
198 211
239 212
226 279
185 241
248 297
250 258
245 292
291 259
264 305
310 272
271 201
257 266
229 284
263 197
208 261
249 262
255 193
268 275
309 313
201 222
301 309
260 271
221 200
280 286
239 248
240 213
321 287
213 196
292 260
218 274
252 187
238 289
197 251
303 269
295 265
241 294
242 259
282 295
261 272
302 273
234 255
253 268
313 319
200 262
219 275
305 315
266 207
211 271
217 202
258 203
231 249
317 289
255 314
248 189
289 190
194 218
275 292
235 219
294 305
246 265
247 230
245 269
287 266
233 295
306 279
279 262
212 272
252 308
298 275
259 204
250 235
251 200
236 300
264 282
215 277
256 278
297 316
262 209
290 191
248 274
282 187
209 203
227 251
308 325
309 290
201 199
300 321
239 225
280 263
299 276
186 219
272 259
312 295
245 305
291 272
178 215
197 228
238 266
257 279
189 224
230 262
289 311
249 275
255 206
309 326
268 288
241 271
201 235
242 236
260 284
253 245
213 209
254 210
312 331
205 205
233 187
219 252
305 292
190 225
277 193
182 221
263 295
242 272
282 308
283 273
274 304
302 286
234 268
275 269
294 282
254 246
286 278
247 207
252 285
258 216
231 262
244 281
250 212
304 332
196 241
270 190
275 305
276 270
208 215
228 193
287 279
174 222
279 275
193 235
298 288
185 231
226 269
245 282
251 213
264 295
277 314
256 291
229 274
248 287
209 216
249 252
309 303
268 265
167 219
253 222
186 232
272 272
313 273
178 228
305 269
238 279
251 298
170 224
243 208
230 275
270 311
271 276
236 169
290 289
241 284
282 285
242 249
261 262
274 281
293 294
254 223
240 288
200 252
246 219
305 305
258 193
317 279
163 221
243 293
231 239
203 257
263 308
304 309
196 218
283 286
216 196
275 282
235 209
294 295
267 278
244 294
307 314
286 291
247 220
233 285
193 212
252 298
239 179
298 265
225 281
217 277
250 225
251 190
236 290
237 255
270 203
297 306
256 268
316 319
249 229
309 280
300 311
214 271
301 276
320 289
240 180
226 282
312 285
258 314
237 291
250 310
278 292
243 185
229 287
230 252
270 288
289 301
249 265
290 266
281 297
242 226
288 193
234 222
207 268
293 271
239 300
313 286
200 229
246 196
305 282
192 225
265 209
285 187
271 289
236 182
203 234
202 213
290 302
223 212
282 298
283 263
255 281
274 294
302 276
293 307
235 186
240 301
286 268
246 232
258 206
243 306
244 271
204 235
245 236
304 322
196 231
215 244
216 209
256 245
289 193
297 283
235 222
288 314
276 260
316 296
281 189
267 291
307 327
308 292
233 298
279 265
193 225
239 192
266 295
285 308
177 217
236 303
237 268
277 304
238 233
297 319
269 300
257 246
230 229
249 242
209 206
309 293
241 238
300 324
301 289
260 251
188 232
207 245
253 212
312 298
232 189
273 190
218 254
259 292
299 328
278 305
210 250
211 215
271 266
289 314
231 193
290 279
262 297
281 310
242 239
234 235
274 271
293 284
200 242
246 209
192 238
232 274
211 251
252 252
184 234
203 247
280 320
204 212
277 196
259 272
250 179
263 298
222 204
223 225
304 299
269 192
255 294
296 295
235 199
267 268
181 228
227 195
286 281
273 311
225 271
265 307
226 236
244 284
285 285
264 262
237 245
238 210
256 258
297 296
229 241
257 223
248 254
308 305
295 186
195 248
241 215
174 225
300 301
214 261
220 192
261 193
206 257
320 279
266 308
198 253
285 321
258 304
218 231
259 269
238 246
250 300
278 282
197 208
269 313
230 242
262 274
296 187
241 251
281 287
234 212
207 258
293 261
253 225
254 190
199 254
239 290
273 203
218 267
259 305
246 186
265 199
251 301
226 205
210 263
292 302
211 228
271 279
311 315
203 224
231 206
262 310
303 311
223 202
295 307
255 271
215 198
274 284
315 285
261 314
294 262
213 274
247 187
232 287
233 252
252 265
225 248
204 225
244 261
290 260
217 244
245 226
250 192
304 312
236 257
296 308
216 199
257 200
315 321
288 304
202 264
208 195
248 231
307 317
308 282
227 208
254 311
292 315
260 205
193 215
246 307
206 234
239 182
225 284
226 249
266 285
285 298
292 194
237 258
278 259
238 223
284 190
269 290
229 254
289 268
295 199
281 264
241 228
242 193
214 274
301 279
261 206
234 189
180 218
253 202
199 231
218 244
259 282
299 318
219 209
278 295
291 314
211 205
310 327
271 256
231 183
203 201
262 287
222 214
281 300
282 265
255 248
234 225
293 274
221 255
239 303
240 268
246 199
287 200
232 264
192 228
233 229
224 260
252 242
212 206
284 311
204 202
303 324
223 215
236 234
295 320
240 248
296 285
215 211
314 333
256 212
315 298
181 218
267 258
254 288
173 214
233 265
273 301
280 197
265 297
225 261
226 226
266 262
272 193
245 239
217 257
285 275
236 270
277 271
238 200
229 231
257 213
230 196
288 317
249 209
241 205
187 234
247 285
206 247
287 321
210 217
207 212
266 298
199 208
259 259
218 221
270 268
250 290
278 272
251 255
269 303
310 304
289 281
262 264
222 191
281 277
242 206
168 220
228 271
234 202
180 231
253 215
220 267
254 180
280 318
199 244
240 245
200 209
272 314
211 218
252 219
231 196
203 214
243 250
284 288
263 265
222 227
303 301
169 221
255 261
296 262
315 275
261 304
221 268
307 271
213 264
172 226
232 277
205 260
273 278
233 242
252 255
224 273
243 286
226 203
217 234
236 247
196 211
317 321
237 212
296 298
256 225
297 263
316 276
248 221
249 186
308 272
268 199
195 215
254 301
214 228
300 268
273 314
319 281
247 262
206 224
266 275
226 239
198 220
285 288
258 271
277 284
250 267
238 213
269 280
229 244
230 209
216 274
249 222
289 258
235 287
241 218
242 183
227 283
228 248
261 196
247 298
207 225
199 221
218 234
191 217
219 199
250 303
280 265
210 230
291 304
251 268
292 269
310 317
311 282
262 277
303 278
209 271
249 307
228 284
314 287
220 280
221 245
239 293
240 258
192 218
205 237
233 219
279 186
224 250
252 232
225 215
284 301
243 263
244 228
303 314
304 279
236 224
296 275
256 202
242 304
288 271
202 231
302 318
307 284
194 227
254 278
214 205
273 291
246 274
265 287
226 216
217 247
245 229
258 248
291 196
277 261
237 225
175 227
318 299
229 221
269 257
230 186
248 234
176 215
249 199
279 307
195 228
235 264
276 302
187 224
247 275
206 237
207 202
179 220
198 233
298 320
258 284
299 285
278 262
250 280
210 207
251 245
270 258
310 294
235 300
255 215
283 197
268 297
228 261
188 225
180 221
221 222
200 199
240 235
206 261
286 202
191 230
232 231
291 317
292 282
311 295
203 204
284 278
244 205
303 291
190 234
295 287
256 179
314 300
242 281
276 194
221 258
261 294
253 290
205 250
279 199
224 263
265 264
244 241
236 237
237 202
256 215
223 267
183 231
288 284
202 244
283 318
302 331
194 240
268 189
195 205
241 172
254 291
214 218
246 287
306 301
198 210
258 261
298 297
277 274
251 222
264 304
230 199
271 200
176 228
216 264
276 315
235 277
322 282
242 173
187 237
228 238
234 169
179 233
207 215
253 182
279 320
239 247
280 285
257 301
299 298
186 241
272 281
251 258
210 220
291 294
292 259
252 186
197 250
311 272
238 288
222 194
168 223
209 261
249 297
295 264
268 310
241 293
314 277
260 306
267 202
253 267
213 231
272 317
313 318
232 244
205 227
224 240
225 205
243 253
244 218
245 183
304 269
288 306
264 196
317 288
237 179
256 192
242 294
288 261
202 221
261 307
248 188
302 308
307 274
253 303
294 304
214 195
246 264
247 229
265 277
306 278
217 237
259 203
204 267
318 289
283 275
238 180
250 234
223 280
215 276
216 241
249 189
290 190
276 292
195 218
235 254
241 185
282 186
227 250
287 301
306 314
279 297
198 223
280 262
239 224
298 310
299 275
218 201
245 304
210 197
251 235
237 300
256 313
216 277
257 278
209 238
255 205
283 187
228 251
201 234
220 247
301 321
260 283
239 260
280 298
286 192
213 208
272 294
232 221
233 186
292 272
252 199
238 301
244 195
257 314
190 224
236 191
249 310
290 311
295 277
202 198
234 267
213 244
253 280
293 316
254 245
313 331
273 258
205 240
246 241
279 189
225 218
212 248
245 196
317 301
231 261
237 192
278 193
223 257
229 188
215 253
248 201
302 321
275 304
281 198
214 208
246 277
286 313
206 204
287 278
306 291
258 251
259 216
250 247
245 281
264 294
269 260
271 190
216 254
235 267
276 305
208 250
282 199
227 263
255 182
268 264
274 195
179 223
220 224
279 310
239 237
280 275
240 202
232 198
178 227
224 194
238 278
197 240
243 207
257 291
289 323
255 218
241 283
201 247
242 248
275 196
260 296
261 261
267 192
213 221
253 257
232 234
233 199
219 264
225 195
171 224
244 208
211 260
271 311
190 237
317 278
231 238
236 204
263 307
282 320
202 211
248 178
234 280
274 316
194 207
275 281
294 294
246 254
286 290
265 267
306 268
212 261
252 297
298 264
259 193
231 274
238 170
250 224
251 189
223 270
264 271
196 253
270 202
215 266
275 317
262 198
316 318
208 227
241 175
267 313
227 240
228 205
287 291
220 201
239 214
240 179
226 281
245 294
164 220
291 261
264 307
310 274
271 203
197 217
243 184
229 286
263 199
208 263
248 299
249 264
255 195
268 277
309 315
201 224
241 260
301 311
220 237
260 273
221 202
294 186
321 289
240 215
207 267
213 198
312 320
232 211
233 176
218 276
292 262
305 281
224 207
197 253
238 291
210 272
243 220
236 181
295 267
241 296
242 261
282 297
261 274
234 257
274 293
253 270
294 271
305 317
247 196
219 277
266 209
211 273
212 238
217 204
317 291
231 251
222 282
250 201
283 298
215 243
216 208
289 192
275 294
235 221
276 259
294 307
227 217
247 232
287 268
233 297
306 281
279 264
193 224
252 310
298 277
259 206
245 271
250 237
251 238
251 202
236 302
264 284
237 267
256 280
262 211
248 276
208 240
282 189
209 205
308 327
227 253
228 218
309 292
201 201
300 323
220 214
240 192
186 221
272 261
312 297
232 188
291 274
178 217
238 268
197 230
243 197
257 281
230 264
189 226
289 313
249 277
290 278
201 237
241 273
242 238
301 324
260 286
293 283
213 211
254 212
205 207
233 189
200 241
246 208
219 254
171 214
212 215
236 194
231 228
203 246
277 195
222 259
182 223
223 224
282 310
302 288
234 270
275 271
235 198
294 284
267 267
286 280
247 209
233 274
212 251
252 287
258 218
244 283
250 214
251 179
196 243
236 279
270 192
215 256
297 295
235 234
276 272
208 217
228 195
287 281
174 224
300 300
279 277
193 237
166 220
226 271
185 233
177 229
237 280
277 316
256 293
243 174
229 276
230 241
263 189
248 289
289 290
209 218
249 254
268 267
309 305
201 214
242 215
221 192
207 257
265 198
210 262
244 175
167 221
253 224
313 275
178 230
224 197
305 271
252 179
170 226
251 300
230 277
189 239
270 313
271 278
236 171
290 291
263 274
297 187
282 287
274 283
293 296
254 225
240 290
200 254
246 221
219 267
232 286
266 199
258 195
231 241
203 259
317 281
204 224
222 272
263 310
304 311
196 220
283 288
216 198
275 284
235 211
316 285
162 227
267 280
286 293
233 287
193 214
319 290
252 300
239 181
225 283
298 267
244 296
217 279
285 297
251 192
292 193
236 292
237 257
238 222
297 308
256 270
316 321
208 230
249 231
209 195
228 208
309 282
241 227
214 273
300 313
301 278
320 291
240 182
226 284
312 287
232 178
259 281
278 294
243 187
229 289
189 216
230 254
270 290
289 303
249 267
262 286
290 268
296 199
281 299
242 228
288 195
234 224
293 273
239 302
313 288
205 197
200 231
246 198
219 244
305 284
192 227
292 314
285 189
271 291
203 236
277 185
204 201
223 214
255 283
283 265
274 296
302 278
315 297
235 188
294 274
267 257
181 217
240 303
286 270
225 260
258 208
204 237
244 273
278 186
245 238
304 324
196 233
297 285
216 211
257 212
288 316
281 191
248 243
307 329
308 294
228 185
214 250
300 290
174 214
193 227
279 267
239 194
266 297
285 310
177 219
237 270
277 306
238 235
278 271
269 302
257 248
230 231
249 244
309 295
281 276
260 253
301 291
188 234
234 201
207 247
253 214
312 300
254 179
273 192
193 206
299 330
259 294
218 256
191 239
265 188
278 307
170 216
211 217
271 268
231 195
262 299
290 281
281 312
223 191
255 260
169 220
234 237
293 286
254 215
200 244
246 211
232 276
192 240
266 189
252 254
184 236
203 249
244 250
204 214
277 198
223 227
304 301
269 194
296 297
235 201
288 293
267 270
181 230
227 197
308 271
254 300
273 313
193 204
165 222
239 171
265 309
225 273
226 238
244 286
245 251
285 287
237 247
238 212
256 260
297 298
229 243
257 225
248 256
295 188
195 250
241 217
214 263
300 303
301 268
220 194
261 195
247 297
320 281
206 259
266 310
253 191
198 255
199 220
258 306
259 271
219 198
278 284
250 302
269 315
310 316
230 244
213 200
262 276
222 203
253 227
296 189
281 289
234 214
207 260
293 263
220 279
254 192
199 256
239 292
200 221
240 257
246 188
265 201
192 217
251 303
210 265
211 230
252 231
212 195
271 281
311 317
243 262
284 300
303 313
295 309
255 273
215 200
274 286
315 287
240 293
286 260
253 312
232 289
233 254
273 290
252 267
280 186
225 250
226 215
244 263
250 194
217 246
291 195
236 259
296 310
216 201
257 202
229 220
208 197
248 233
249 198
307 319
308 284
254 313
260 207
247 274
206 236
226 251
266 287
306 323
285 300
259 248
278 261
238 225
250 279
284 192
269 292
229 256
249 234
289 270
281 266
241 230
242 195
261 208
234 191
180 220
253 204
239 269
200 198
218 246
259 284
219 211
291 316
211 207
310 329
271 258
203 203
231 185
262 289
303 290
222 216
263 254
282 267
255 250
274 263
276 193
221 257
239 305
240 270
213 253
246 201
287 202
192 230
233 231
279 198
224 262
212 208
243 275
284 313
204 204
303 326
245 205
236 236
215 213
296 287
256 214
315 300
248 210
181 220
302 330
268 188
254 290
173 216
214 217
273 303
280 199
225 263
226 228
266 264
272 195
217 259
245 241
236 272
277 273
238 202
229 233
269 269
248 246
249 211
235 276
241 207
242 172
187 236
247 287
206 249
207 214
266 300
279 319
199 210
218 223
278 274
250 292
210 219
251 257
269 305
289 283
262 266
222 193
322 317
323 318
281 279
209 260
168 222
242 208
228 273
268 309
234 204
220 269
180 233
221 234
254 182
200 211
240 247
272 316
211 220
252 221
224 239
203 216
231 198
284 290
304 268
255 263
169 223
323 281
296 264
315 277
288 260
221 270
261 306
307 273
213 266
172 228
232 279
205 262
273 280
224 275
265 276
217 236
245 218
291 185
231 283
236 249
237 214
296 300
297 265
229 210
248 223
249 188
308 274
195 217
268 201
254 303
300 270
247 264
266 277
198 222
285 290
298 309
258 273
277 286
250 269
238 215
251 234
210 196
269 282
216 276
289 260
235 289
241 220
283 186
227 285
228 250
199 223
240 224
299 310
191 219
219 201
272 293
251 270
291 306
292 271
310 319
311 284
243 229
222 206
303 280
249 309
295 276
228 286
314 289
241 305
220 282
261 283
240 260
233 221
205 239
279 188
305 326
243 265
284 303
244 230
217 213
304 281
236 226
296 277
183 220
256 204
242 306
288 273
202 233
307 286
302 320
194 229
254 280
214 207
273 293
246 276
265 289
258 250
277 263
318 301
237 227
230 188
176 217
249 201
276 304
195 230
235 266
187 226
206 239
247 277
179 222
207 204
198 235
279 309
239 236
298 322
299 287
250 282
210 209
251 247
291 283
270 260
310 296
257 290
255 217
283 199
228 263
268 299
260 295
180 223
267 191
240 237
272 306
291 319
292 284
284 280
243 242
203 206
303 293
190 236
295 289
290 323
182 232
314 302
256 181
242 283
276 196
202 210
248 177
234 279
253 292
205 252
202 246
283 320
279 201
246 253
265 266
236 239
318 278
238 169
183 233
256 217
257 182
175 229
249 178
194 242
235 243
241 174
267 312
260 187
246 289
287 290
306 303
198 212
258 263
298 299
251 224
264 306
271 202
176 230
256 302
276 317
235 279
322 284
242 175
280 287
239 249
299 300
272 283
291 296
292 261
252 188
197 252
311 274
238 290
257 303
230 286
168 225
209 263
249 299
295 266
268 312
314 279
241 295
260 308
267 204
253 269
232 246
313 320
205 229
317 290
264 198
231 250
256 194
242 296
202 223
288 263
283 297
248 190
234 292
302 310
253 305
294 306
214 197
286 302
246 266
247 231
265 279
306 280
252 309
259 205
318 291
250 236
290 192
262 210
235 256
276 294
195 220
282 188
227 252
287 303
306 316
279 299
198 225
280 264
239 226
298 312
299 277
245 306
210 199
251 237
237 302
197 229
238 267
256 315
257 280
255 207
228 253
201 236
241 272
301 323
260 285
213 210
286 194
272 296
232 223
313 297
233 188
292 274
252 201
238 303
190 226
295 279
290 313
202 200
234 269
253 282
293 318
254 247
294 283
313 333
205 242
273 260
246 243
265 256
231 263
317 303
204 246
278 195
183 223
229 190
283 310
270 191
302 323
275 306
294 319
281 200
267 302
286 315
247 244
206 206
287 280
198 202
258 253
259 218
250 249
245 283
264 296
271 192
257 257
263 188
248 288
282 201
255 184
227 265
268 266
309 304
274 197
201 213
260 262
279 312
221 191
280 277
239 239
178 229
238 280
197 242
278 316
257 293
241 285
201 249
281 321
242 250
260 298
261 263
234 246
267 194
253 259
254 224
200 253
305 306
266 198
171 226
217 193
245 175
271 313
190 239
317 280
236 206
203 258
231 240
263 309
282 322
255 305
248 180
234 282
274 318
194 209
275 283
254 260
294 296
246 256
247 221
306 270
252 299
298 266
259 195
204 259
250 226
251 191
264 273
270 204
256 269
275 319
262 200
316 320
267 315
209 194
308 316
227 242
287 293
220 203
239 216
240 181
226 283
230 253
299 267
245 296
291 263
310 276
197 219
257 270
229 288
189 215
263 201
248 301
249 266
255 197
309 317
268 279
201 226
241 262
301 313
260 275
221 204
207 269
312 322
205 196
218 278
305 283
252 191
284 260
251 312
190 216
236 183
263 286
297 199
298 199
299 199
300 199
301 199
282 299
242 263
283 264
302 277
234 259
253 272
294 273
240 302
286 269
219 279
247 198
252 276
258 207
231 253
317 293
250 203
278 185
304 323
196 232
216 210
289 194
275 296
316 297
235 223
276 261
307 328
228 184
233 299
306 283
279 266
193 226
252 312
298 279
259 208
250 239
251 204
264 286
236 304
237 269
256 282
297 320
229 265
262 213
248 278
209 207
282 191
308 329
309 294
268 256
201 203
300 325
280 267
312 299
186 223
272 263
178 219
170 215
230 266
189 228
249 279
289 315
290 280
241 275
282 276
242 240
261 253
293 285
254 214
200 243
205 209
246 210
305 296
171 216
277 197
182 225
222 261
282 312
283 277
302 290
275 273
294 286
267 269
181 229
286 282
247 211
233 276
252 289
258 220
298 256
244 285
251 181
236 281
196 245
270 194
297 297
276 274
208 219
228 197
309 271
174 226
300 302
193 239
166 222
320 280
240 171
226 273
185 235
312 276
177 231
237 282
277 318
278 283
229 278
230 243
248 291
289 292
249 256
281 288
242 217
221 194
234 213
167 223
321 281
253 226
313 277
178 232
305 273
265 200
170 228
251 302
244 177
270 315
271 280
236 173
290 293
263 276
223 203
242 253
282 289
255 272
293 298
221 279
254 227
200 256
240 292
246 223
286 259
232 288
224 284
258 197
203 261
231 243
204 226
244 262
196 222
216 200
275 286
235 213
288 305
316 287
267 282
307 318
319 292
308 283
233 289
193 216
239 183
225 285
298 269
244 298
285 299
251 194
236 294
277 295
237 259
238 224
256 272
297 310
230 220
209 197
249 233
309 284
241 229
300 315
214 275
301 280
240 184
314 278
253 203
312 289
232 180
259 283
218 245
210 241
251 279
189 218
270 292
271 257
289 305
290 270
262 288
281 301
242 230
288 197
234 226
274 262
293 275
239 304
200 233
246 200
305 286
292 316
211 242
184 225
285 191
311 329
203 238
204 203
277 187
263 289
222 251
255 285
295 321
315 299
235 190
267 259
181 219
227 186
286 272
232 301
273 302
280 198
244 275
304 326
196 235
237 236
216 213
297 287
256 249
257 214
288 318
248 245
307 331
308 296
228 187
174 216
300 292
206 248
247 286
266 299
285 312
258 295
277 308
237 272
238 237
250 291
269 304
249 246
281 278
188 236
234 203
207 249
180 232
253 216
254 181
199 245
273 194
246 177
259 296
218 258
191 241
251 292
210 254
211 219
270 305
271 270
262 301
303 302
255 262
169 222
274 275
293 288
213 265
246 213
247 178
233 243
266 191
184 238
258 187
204 216
245 217
304 303
269 196
256 226
235 203
288 295
202 255
248 222
181 232
267 272
307 308
227 199
308 273
268 200
254 302
273 315
165 224
239 173
225 275
265 311
266 276
285 289
245 253
292 185
237 249
238 214
297 300
256 262
229 245
269 281
295 190
241 219
242 184
214 265
300 305
301 270
261 197
320 283
247 299
253 193
266 312
198 257
199 222
258 308
299 309
218 235
219 200
250 304
278 286
211 196
269 317
310 318
262 278
222 205
281 291
288 187
234 216
293 265
254 194
199 258
239 294
240 259
246 190
192 219
265 203
232 255
292 306
211 232
212 197
252 233
311 319
231 210
284 302
223 206
264 207
255 275
295 311
296 276
215 202
242 305
315 289
232 291
273 292
233 256
252 269
280 188
225 252
226 217
244 265
285 266
217 248
291 197
296 312
238 191
229 222
257 204
288 308
208 199
248 235
249 200
308 286
241 196
206 238
207 203
266 289
306 325
285 302
298 321
259 250
218 212
238 227
250 281
210 208
284 194
269 294
270 259
289 272
262 255
241 232
281 268
242 197
228 262
253 206
180 222
239 271
280 309
200 200
299 322
219 213
272 305
291 318
211 209
310 331
271 260
231 187
262 291
222 218
303 292
274 265
276 195
261 295
221 259
240 272
213 255
172 217
232 268
233 233
279 200
252 246
224 264
243 277
284 315
204 206
217 225
196 202
236 238
237 203
295 324
296 289
248 212
227 189
268 190
173 218
214 219
273 305
280 201
225 265
266 266
272 197
285 279
258 262
277 275
238 204
229 235
230 200
249 213
235 278
241 209
242 174
187 238
227 274
207 216
279 321
199 212
259 263
250 294
251 259
291 295
311 273
262 268
222 195
322 319
281 281
209 262
228 275
268 311
201 258
234 206
180 235
220 271
239 284
280 322
200 213
240 249
272 318
192 209
252 223
284 292
243 254
203 218
244 219
303 305
315 279
304 270
169 225
323 283
296 266
256 193
242 295
288 262
202 222
221 272
307 275
213 268
172 230
205 264
273 282
233 246
224 277
265 278
226 207
245 220
291 187
236 251
231 285
237 216
318 290
223 281
297 267
248 225
249 190
268 203
195 219
254 305
300 272
206 228
266 279
198 224
258 275
298 311
277 288
250 271
210 198
269 284
230 213
310 285
289 262
216 278
256 314
235 291
263 210
242 187
283 188
227 287
188 216
199 225
240 226
286 193
191 221
232 222
291 308
292 273
311 286
284 269
243 231
257 315
222 208
303 282
295 278
314 291
261 285
221 249
253 281
205 241
233 223
279 190
305 328
224 254
225 219
284 305
244 232
217 215
236 228
237 193
296 279
256 206
288 275
202 235
307 288
302 322
194 231
254 282
273 295
246 278
286 314
265 291
226 220
306 292
198 201
258 252
259 217
277 265
249 203
176 219
235 268
187 228
207 206
279 311
198 237
239 238
298 324
299 289
250 284
210 211
291 285
251 249
310 298
197 241
257 292
249 288
209 252
255 219
283 201
268 301
260 297
240 239
213 222
272 308
224 231
225 196
284 282
243 244
171 225
244 209
303 295
190 238
237 170
182 234
256 183
242 285
261 298
248 179
302 299
253 294
205 254
246 255
225 232
265 268
217 228
311 276
237 206
318 280
238 171
183 235
257 184
175 231
194 244
195 209
241 176
214 222
267 314
227 241
293 186
306 305
279 288
198 214
258 265
298 301
299 266
218 192
245 295
251 226
264 308
216 268
276 319
248 300
209 229
255 196
228 242
201 225
220 238
294 187
239 251
280 289
272 285
232 212
291 298
233 177
292 263
252 190
197 254
244 186
257 305
230 288
190 215
249 301
295 268
268 314
314 281
260 310
221 239
267 206
234 258
253 271
313 322
205 231
224 244
225 209
244 222
245 187
283 299
231 252
317 292
237 183
223 248
256 196
242 298
202 225
288 265
248 192
302 312
234 294
275 295
214 199
246 268
286 304
247 233
287 269
306 282
252 311
259 207
250 238
223 284
264 285
216 245
262 212
235 258
276 296
208 241
282 190
227 254
308 328
287 305
274 186
220 215
279 301
239 228
280 266
298 314
240 193
251 239
237 304
197 231
243 198
257 282
209 242
255 209
241 274
275 187
260 287
220 251
301 325
261 252
213 212
253 248
286 196
232 225
313 299
233 190
219 255
305 295
171 215
271 302
222 260
282 311
202 202
274 307
234 271
253 284
293 320
294 285
273 262
246 245
247 210
265 258
212 252
231 265
204 248
250 215
183 225
223 261
229 192
270 193
215 257
262 189
294 321
281 202
267 304
227 231
286 317
287 282
247 246
306 295
198 204
264 298
271 194
216 258
257 259
263 190
248 290
249 255
255 186
268 268
201 215
274 199
260 264
220 228
221 193
239 241
321 280
240 206
232 202
178 231
224 198
252 180
278 318
243 211
270 314
236 172
295 258
297 188
241 287
242 252
260 300
261 265
213 225
253 261
254 226
200 255
219 268
305 308
225 199
266 200
211 264
171 228
212 229
245 177
217 195
258 196
271 315
231 242
317 282
222 273
255 307
194 211
275 285
235 212
294 298
246 258
247 223
287 259
306 272
233 288
212 265
252 301
298 268
259 197
204 261
245 262
250 228
251 193
264 275
236 293
270 206
215 270
297 309
262 202
316 322
208 231
209 196
308 318
228 209
309 283
300 314
220 205
240 183
299 269
312 288
245 298
291 265
238 259
197 221
243 188
257 272
229 290
189 217
230 255
249 268
255 199
268 281
241 264
201 228
301 315
260 277
288 196
221 206
213 202
254 203
205 198
233 180
218 280
219 245
224 211
190 218
236 185
231 219
277 186
222 250
282 301
242 265
283 266
234 261
275 262
294 275
240 304
286 271
252 278
258 209
231 255
244 274
250 205
304 325
196 234
296 321
289 196
275 298
315 334
235 225
208 208
228 186
287 272
174 215
233 301
279 268
193 228
298 281
226 262
185 224
245 275
177 220
251 206
237 271
297 322
284 203
256 284
229 267
208 244
209 209
249 245
268 258
300 327
220 218
240 196
238 272
243 201
210 253
189 230
270 304
289 317
290 282
241 277
282 278
261 255
274 274
293 287
254 216
200 245
240 281
246 212
184 237
212 219
231 232
204 215
277 199
222 263
263 301
275 275
235 202
294 288
181 231
267 271
286 284
247 213
233 278
193 205
239 172
252 291
225 274
298 258
244 287
250 218
217 270
251 183
196 247
237 248
297 299
256 261
208 221
227 234
228 199
309 273
174 228
300 304
301 269
193 241
319 317
166 224
320 282
240 173
226 275
312 278
258 307
177 233
277 320
229 280
230 245
270 281
249 258
289 294
290 259
281 290
242 219
234 215
167 225
207 261
321 283
253 228
293 264
313 279
200 222
265 202
210 266
251 304
270 317
311 318
271 282
236 175
263 278
223 205
282 291
255 274
274 287
302 269
221 281
200 258
240 294
286 261
246 225
224 286
212 232
258 199
203 263
244 264
204 228
304 315
196 224
215 237
216 202
297 276
289 186
235 215
316 289
288 307
267 284
308 285
233 291
319 294
239 185
225 287
266 288
285 301
292 197
236 296
237 261
277 297
238 226
297 312
256 274
269 293
209 199
249 235
241 231
300 317
214 277
301 282
207 238
253 205
199 234
218 247
278 298
251 281
211 208
230 258
270 294
271 259
231 186
289 307
262 290
290 272
288 199
234 228
293 277
200 235
246 202
219 248
232 267
211 244
292 318
252 245
285 193
184 227
311 331
203 240
204 205
263 291
295 323
255 287
283 269
296 288
315 301
227 188
286 274
273 304
225 264
226 229
244 277
285 278
237 238
238 203
257 216
229 234
316 302
307 333
308 298
195 241
300 294
174 218
214 254
206 250
198 246
285 314
258 297
177 223
218 224
259 262
277 310
250 293
238 239
278 275
269 306
249 248
262 267
241 244
322 318
207 251
180 234
254 183
239 283
280 321
273 196
218 260
246 179
265 192
251 294
210 256
292 295
211 221
271 272
262 303
303 304
223 195
255 264
295 300
169 224
274 277
315 278
213 267
172 229
192 244
233 245
184 240
258 189
244 254
204 218
245 219
304 305
236 250
296 301
257 193
288 297
307 310
227 201
268 202
273 317
193 208
165 226
246 300
265 313
226 242
266 278
245 255
285 291
292 187
237 251
238 216
229 247
269 283
248 260
289 261
241 221
242 186
214 267
261 199
247 301
234 182
253 195
199 224
258 310
299 311
218 237
219 202
278 288
250 306
291 307
211 198
310 320
262 280
290 262
222 207
281 293
288 189
234 218
293 267
254 196
240 261
246 192
287 193
192 221
232 257
233 222
292 308
212 199
311 321
243 266
284 304
303 317
264 209
295 313
255 277
215 204
296 278
256 205
315 291
254 281
233 258
273 294
280 190
225 254
226 219
244 267
285 268
217 250
291 199
236 263
277 264
229 224
257 206
230 189
248 237
249 202
241 198
260 211
287 314
206 240
247 278
207 205
306 327
199 201
259 252
218 214
250 283
278 265
284 196
210 210
251 248
269 296
289 274
242 199
283 200
228 264
234 195
180 224
220 260
253 208
239 273
199 237
200 202
240 238
272 307
291 320
211 211
252 212
284 281
243 243
231 189
222 220
263 258
255 254
274 267
276 197
261 297
240 274
172 219
232 270
233 235
273 271
279 202
252 248
243 279
226 196
217 227
237 205
296 291
256 218
194 243
195 208
297 256
