281 310
280 309
279 309
278 310
282 310
283 310
279 308
279 311
281 308
278 309
281 311
284 310
283 311
285 311
286 310
280 312
282 312
282 313
283 314
281 314
284 313
285 314
286 313
287 312
280 315
280 316
281 317
282 316
283 317
284 316
285 317
285 318
284 319
284 320
284 321
284 322
284 323
284 324
283 320
282 319
281 320
283 323
285 320
287 311
278 308
279 307
278 306
280 306
281 313
283 316
285 313
283 325
280 308
285 322
280 317
281 306
282 305
281 304
282 303
281 302
280 304
279 318
278 319
281 315
283 309
283 318
280 301
279 300
278 299
280 299
278 301
285 315
286 314
280 310
285 324
282 307
284 326
283 327
286 323
280 319
279 302
281 299
282 298
281 297
280 297
282 296
283 295
282 294
281 295
284 296
285 297
284 298
279 320
283 302
284 301
284 303
280 294
279 293
278 292
280 292
278 294
277 295
280 303
282 300
286 316
285 326
286 325
278 296
278 297
279 295
281 292
282 321
281 322
280 322
281 301
279 313
279 322
281 319
283 304
284 305
285 306
286 307
285 308
277 297
280 296
283 313
282 293
285 310
284 312
286 309
280 305
283 322
285 319
286 318
286 327
278 298
279 297
282 314
281 294
287 310
278 307
282 323
281 324
280 324
279 306
281 303
281 312
283 297
283 306
277 299
276 299
283 315
280 298
285 312
284 314
286 311
283 324
285 321
276 294
275 293
274 292
273 291
274 290
275 289
275 291
276 288
277 288
272 290
271 289
272 288
271 287
273 288
274 287
276 290
278 287
274 289
276 292
278 289
278 290
279 288
277 290
274 291
278 291
279 290
280 290
278 300
279 299
281 296
282 325
281 326
281 305
283 299
285 296
277 292
283 308
280 291
285 305
284 307
278 321
272 287
283 326
284 325
286 322
276 287
278 293
282 309
279 292
280 321
282 318
279 301
281 298
279 310
282 327
275 288
283 301
285 298
284 300
277 294
280 293
285 307
284 309
286 306
272 289
283 319
284 318
286 315
284 327
286 324
273 290
276 289
282 302
278 295
280 314
279 294
282 311
280 323
282 320
279 303
281 300
279 312
283 294
275 290
277 287
283 303
284 302
277 296
283 312
285 309
284 311
286 308
272 291
281 321
286 317
282 295
286 326
279 296
281 293
280 325
279 305
282 322
283 296
284 295
275 292
277 289
283 305
280 313
284 304
282 304
277 298
281 323
271 288
280 300
282 297
276 293
274 293
285 323
279 289
282 306
280 318
282 315
279 298
282 324
278 302
283 298
273 292
284 297
278 311
275 294
277 291
283 307
281 307
284 306
278 320
277 300
279 319
281 316
284 315
286 312
281 325
271 290
273 287
280 302
285 316
282 299
280 311
282 308
285 325
279 291
280 320
282 317
282 326
275 287
283 300
284 299
277 293
281 309
284 308
279 321
281 318
284 317
280 295
281 327
273 289
274 288
283 321
282 301
276 291
278 288
280 307
279 287
285 327
