367 387
366 387
365 387
367 386
368 386
369 386
366 388
370 386
371 385
364 388
366 385
365 384
364 385
367 384
368 383
369 387
369 384
370 383
371 382
372 383
373 384
372 386
374 383
375 382
376 381
373 387
373 388
363 387
362 388
361 389
372 389
363 386
374 386
375 385
376 384
361 388
375 387
376 386
367 383
372 382
373 389
360 389
359 388
363 388
374 388
365 385
370 384
375 380
374 379
373 378
374 377
375 376
376 375
375 378
377 375
376 377
378 374
377 373
378 372
379 373
373 380
379 375
377 377
376 379
378 376
361 390
362 389
364 386
376 388
367 385
359 390
373 382
372 384
374 381
360 391
374 390
363 390
364 391
365 390
365 392
364 393
363 393
362 394
361 395
360 396
359 395
363 395
361 397
362 396
359 397
360 398
363 397
365 394
361 399
362 398
364 395
360 400
363 399
364 400
365 399
365 401
364 402
363 402
362 403
361 404
360 403
359 404
360 405
363 404
361 406
362 405
363 406
364 404
366 398
358 403
357 404
356 403
355 402
354 401
353 400
354 399
355 398
352 401
355 400
353 402
352 403
379 371
376 372
375 371
374 372
373 371
373 373
375 373
355 404
378 378
361 392
362 391
356 405
380 372
361 401
362 400
351 400
350 399
349 398
348 397
349 396
351 398
349 400
348 401
347 401
364 397
372 377
371 376
371 378
372 375
370 377
369 378
373 375
366 391
367 390
367 392
368 389
364 406
368 382
368 391
371 387
356 398
357 399
380 374
372 379
372 388
349 395
360 395
360 404
352 400
376 376
361 387
376 385
364 392
375 389
376 390
364 401
359 399
368 377
379 377
356 402
348 398
380 378
380 379
372 374
360 390
360 399
349 399
376 371
363 401
364 387
375 384
367 389
359 394
379 372
359 403
368 381
371 377
368 390
371 386
356 397
380 373
372 378
349 394
348 393
360 394
352 399
363 396
363 405
355 401
375 379
378 375
375 388
367 393
367 394
368 395
368 396
359 389
359 398
379 376
368 376
367 375
368 385
371 381
371 390
371 391
372 392
372 393
373 394
356 401
372 373
371 372
374 382
363 391
374 391
363 400
355 396
375 374
375 383
378 379
375 392
375 393
367 388
367 397
359 393
359 402
368 380
367 379
379 380
356 396
357 395
348 392
349 391
350 392
349 390
370 389
374 395
367 374
366 373
366 396
371 371
358 401
355 395
354 394
353 393
353 392
352 391
352 390
351 389
367 378
377 391
378 392
378 393
378 394
366 400
369 396
347 396
346 395
358 396
358 405
350 401
381 379
370 379
370 388
370 397
371 396
371 395
362 393
351 393
351 394
352 395
352 396
353 397
351 402
362 402
374 376
374 385
363 385
363 394
374 394
378 373
367 373
368 372
369 373
365 403
354 403
366 377
365 376
365 375
366 386
377 386
378 387
379 386
380 387
380 388
378 388
378 389
379 390
381 388
369 382
377 395
376 395
366 395
369 391
358 391
357 390
347 391
366 404
367 403
368 404
368 405
367 402
367 406
367 407
367 408
366 405
366 409
365 408
366 410
369 405
358 400
347 400
346 399
350 396
381 374
370 374
370 392
370 393
351 388
350 387
362 397
351 397
382 375
383 375
383 374
383 373
382 372
382 376
362 406
374 371
374 380
373 393
365 389
354 398
365 398
357 394
356 393
356 392
355 391
354 390
355 390
354 389
353 388
346 394
365 407
377 372
357 403
377 381
369 377
366 390
377 390
366 399
347 395
369 395
358 395
366 408
350 391
358 404
350 400
381 378
370 378
370 387
362 392
351 392
361 396
374 375
376 394
361 405
353 401
373 379
365 393
354 393
357 389
356 388
354 402
365 402
357 398
346 398
345 397
365 411
365 412
377 376
366 376
369 372
377 385
378 384
378 383
379 382
369 381
377 394
366 394
369 390
358 390
347 399
358 399
350 395
370 373
381 373
370 382
362 387
376 380
361 391
376 389
361 400
364 396
353 396
373 374
364 405
373 383
373 392
365 388
354 388
365 397
354 397
357 393
365 406
377 371
357 402
377 380
369 376
366 389
377 389
369 385
358 394
369 394
350 390
372 387
372 396
374 393
355 389
361 386
367 381
352 387
378 381
375 394
353 391
376 393
378 390
344 397
365 374
368 373
366 403
354 392
356 389
357 388
346 397
357 397
348 394
366 375
368 394
370 391
369 371
351 387
368 403
369 380
351 396
380 377
382 374
372 391
352 394
355 393
384 374
367 376
378 385
353 395
347 394
366 407
371 373
357 392
381 377
379 389
370 395
369 375
371 394
351 391
368 407
382 378
374 374
380 390
349 393
360 393
372 395
374 392
363 392
352 389
355 388
360 402
352 398
355 397
375 375
376 374
378 371
376 383
378 380
367 380
361 394
365 410
364 390
353 390
376 392
377 384
353 399
366 384
364 399
373 377
366 393
377 393
358 389
369 389
366 402
367 401
347 398
358 398
366 411
350 394
368 375
381 372
370 372
368 384
370 381
371 380
356 391
368 393
370 390
371 389
362 386
356 400
348 396
362 395
351 395
380 376
382 373
372 372
362 404
372 381
374 378
372 390
360 388
374 387
349 397
360 397
352 393
355 392
373 391
384 373
352 402
365 396
354 396
376 378
365 405
346 401
357 401
377 379
364 394
353 394
375 391
377 388
366 397
367 396
347 393
358 393
369 393
366 406
359 392
350 389
367 405
358 402
359 401
350 398
379 379
368 379
381 376
370 376
371 375
379 388
368 388
370 385
371 384
368 397
356 395
370 394
348 391
371 393
362 390
351 390
356 404
368 406
380 371
348 400
351 399
362 399
380 380
382 377
372 376
383 376
374 373
361 403
372 385
360 392
349 392
364 408
352 388
373 386
349 401
360 401
352 397
373 395
365 391
354 391
376 373
363 403
365 400
354 400
355 399
357 396
346 396
365 409
375 377
377 374
366 374
357 405
375 386
366 383
365 382
377 383
367 382
369 379
375 395
366 392
377 392
367 391
378 391
358 388
369 388
359 387
366 401
369 397
358 397
347 397
359 396
350 393
367 409
379 374
369 406
368 374
381 371
370 371
359 405
350 402
381 380
370 380
371 379
356 390
368 392
381 389
371 388
356 399
348 395
380 375
372 371
376 387
361 398
372 380
373 372
360 387
364 403
353 403
373 381
352 392
365 377
373 390
374 389
363 389
365 386
363 398
365 395
354 395
364 375
355 394
357 391
363 407
375 372
365 404
355 403
357 400
365 413
365 414
375 381
377 378
366 378
378 377
367 377
369 374
375 390
377 387
378 386
369 383
367 395
358 392
369 392
347 392
359 391
350 388
367 404
380 389
345 401
359 400
350 397
379 378
368 378
381 375
370 375
372 394
371 374
373 376
368 387
379 387
371 383
356 394
371 392
348 399
376 382
370 396
361 393
364 389
353 389
365 415
376 391
361 402
351 401
362 401
364 398
353 398
344 401
364 407
365 372
373 385
374 384
