528 327
528 326
529 326
527 326
526 325
525 325
524 325
525 324
529 327
530 326
531 325
532 326
533 325
523 326
522 325
521 326
520 325
519 326
534 326
535 325
536 326
537 325
538 324
539 323
540 324
541 323
528 325
529 324
530 323
542 324
530 325
534 325
535 324
534 323
519 324
518 324
517 325
528 323
516 324
515 325
516 326
515 327
517 327
518 326
520 323
519 322
520 321
521 320
520 319
521 322
533 326
519 320
522 326
524 323
538 322
537 321
536 320
537 319
538 318
539 317
538 320
540 317
539 319
536 322
540 319
539 321
516 328
515 329
514 329
530 327
532 324
534 327
536 324
535 326
537 323
526 323
518 319
517 318
518 317
517 316
516 319
515 318
515 320
517 320
519 317
520 316
519 315
520 314
519 313
520 312
521 311
522 310
521 313
523 310
521 315
517 329
518 328
519 329
520 328
521 329
520 330
519 331
518 331
517 332
516 333
515 334
517 334
518 333
516 335
537 326
538 327
538 328
539 326
537 328
536 329
535 330
535 331
534 332
533 333
538 329
540 326
539 328
515 336
514 336
513 336
534 334
536 331
535 333
537 330
517 336
518 335
520 332
533 335
538 331
539 330
516 337
515 338
514 338
534 336
534 337
535 338
522 319
533 328
522 328
514 324
533 337
514 333
534 329
518 312
534 338
518 321
518 330
538 317
537 316
515 324
530 322
519 312
521 331
541 318
522 314
541 327
541 328
533 323
522 323
514 319
533 332
532 331
522 332
522 333
514 328
514 337
534 324
537 320
518 316
537 329
518 325
518 334
515 319
517 338
518 339
518 340
540 321
529 321
540 330
532 335
522 309
541 322
522 318
541 331
541 332
522 327
533 327
514 323
513 322
525 323
533 336
514 332
513 331
537 315
518 311
537 324
518 320
536 328
536 337
517 333
540 316
521 312
529 325
540 325
521 321
521 330
532 330
513 335
541 317
522 313
541 326
533 322
532 321
522 322
514 318
513 317
533 331
514 327
513 326
539 329
518 315
536 314
536 323
517 319
536 332
517 328
528 328
520 324
517 337
520 333
540 320
529 320
528 319
521 316
540 329
529 329
529 330
521 325
532 325
513 321
532 334
521 334
521 335
522 336
522 337
513 330
522 308
521 307
513 339
513 340
514 341
522 317
535 336
525 322
526 321
526 320
525 319
525 318
514 322
524 326
525 327
525 328
526 329
526 330
539 324
516 331
536 318
517 314
536 327
517 323
536 336
537 335
538 336
537 334
517 341
517 342
516 340
540 315
541 314
542 315
541 313
541 312
540 311
532 320
533 319
534 320
533 318
533 317
534 316
534 315
533 314
533 313
532 312
532 316
531 315
530 314
530 313
529 315
529 316
528 314
532 311
531 310
530 309
530 308
529 307
529 306
530 305
531 306
530 304
530 303
529 302
532 307
533 308
534 307
534 306
533 309
534 310
534 311
534 305
533 304
513 316
532 329
513 325
533 303
534 302
535 303
534 301
533 300
533 299
532 302
531 301
530 300
530 299
513 334
523 338
512 338
539 310
538 309
538 308
537 307
537 306
537 310
537 311
537 312
538 313
536 309
524 321
524 339
525 338
526 339
525 337
524 340
525 341
525 342
536 304
539 337
539 338
540 339
540 338
541 337
541 336
540 335
540 334
539 333
536 313
528 318
527 317
526 316
526 315
525 314
525 313
526 312
527 312
526 311
526 310
525 309
525 308
526 307
527 308
527 307
526 306
525 305
525 304
528 309
529 301
528 300
527 299
526 298
527 298
526 297
526 296
525 299
525 300
526 301
526 302
527 303
540 310
541 309
542 310
541 308
540 307
540 306
541 307
542 306
529 310
529 311
521 306
522 305
523 305
522 304
522 303
521 302
520 305
519 304
518 303
519 303
518 302
532 306
529 319
530 318
542 338
532 315
513 320
533 298
534 297
534 296
533 295
533 294
532 293
531 292
531 291
532 297
531 297
531 296
530 295
530 294
535 317
543 339
525 303
535 335
512 333
523 333
524 307
539 305
538 304
538 303
537 302
537 301
538 300
538 299
538 298
537 297
537 296
538 295
538 294
537 293
537 292
537 291
536 295
535 294
539 314
536 290
516 321
524 334
525 333
526 334
526 335
525 332
524 335
516 330
539 332
524 343
524 344
523 342
522 342
522 341
521 340
521 339
520 338
520 337
520 341
520 342
520 343
521 344
536 308
516 339
528 304
517 304
536 317
517 313
516 312
515 311
514 310
515 310
514 309
514 308
515 307
522 302
523 301
515 306
522 300
514 305
515 305
522 299
514 304
513 307
513 311
512 310
511 309
511 308
510 307
513 312
514 313
514 314
515 315
515 316
510 306
528 313
517 322
528 322
520 318
528 331
528 332
528 333
529 334
529 335
528 336
528 337
528 338
529 339
529 340
530 341
529 338
528 341
528 342
529 343
529 344
529 345
529 296
529 297
528 295
520 327
532 292
529 305
540 305
541 304
541 303
540 302
540 301
531 324
521 301
520 300
532 301
527 335
531 333
530 332
542 333
521 310
520 309
519 308
518 307
518 306
516 303
510 310
509 310
510 311
510 312
511 313
509 309
508 308
507 307
507 306
506 308
506 309
507 310
507 311
507 312
508 313
508 312
506 313
506 314
507 315
507 316
508 317
508 318
506 317
506 318
506 319
507 320
507 321
508 322
506 322
506 323
506 324
507 325
507 324
509 319
510 320
510 321
511 322
505 317
509 314
509 323
509 324
510 325
510 326
511 327
510 315
510 316
511 317
511 318
510 317
505 312
505 321
509 318
509 327
509 328
509 329
510 330
510 331
510 332
510 333
509 333
510 334
510 335
511 336
510 336
509 337
509 338
510 339
510 340
510 329
509 332
508 331
507 330
507 329
506 328
506 327
505 326
532 310
531 342
532 341
533 342
534 343
532 340
533 341
532 339
532 343
532 344
532 345
531 343
531 338
535 344
519 340
513 306
512 305
543 307
544 308
545 307
546 308
544 309
545 310
544 311
545 311
546 312
546 313
544 312
544 313
544 314
545 315
545 316
546 317
544 317
544 318
544 319
545 320
545 319
547 314
548 313
549 313
549 312
548 311
548 315
548 316
549 317
549 318
550 319
548 310
548 319
548 320
547 319
551 320
551 321
552 322
552 323
553 324
548 314
543 312
547 309
547 318
513 315
543 316
535 312
543 325
543 326
544 327
544 328
544 329
544 330
545 329
544 331
544 332
544 333
545 334
545 330
546 331
547 332
547 333
548 334
548 335
549 336
549 337
550 338
527 342
548 338
548 339
547 338
551 339
551 340
548 333
547 337
543 330
547 336
550 337
554 325
553 326
552 327
552 328
552 329
553 329
551 326
552 326
551 330
551 331
551 332
552 332
553 333
552 331
551 325
550 324
554 326
555 327
556 326
557 326
556 325
555 328
556 329
556 330
557 331
556 332
555 333
556 334
556 335
557 336
557 337
558 338
555 332
558 337
559 338
560 337
560 336
559 335
559 334
560 333
560 332
560 331
561 330
558 333
527 329
527 327
544 310
559 330
559 329
560 328
561 333
562 334
554 330
555 331
558 336
523 319
543 334
539 300
505 307
524 320
516 316
536 294
517 317
530 336
525 307
532 300
563 333
509 313
519 314
564 334
550 314
520 322
540 300
532 296
527 330
531 337
543 311
541 306
560 327
535 307
537 318
559 326
563 332
512 323
513 337
541 299
541 298
540 297
523 332
547 317
539 313
526 343
526 344
505 320
504 319
546 321
546 322
516 329
557 330
536 307
528 303
515 333
531 314
550 327
549 327
549 326
542 323
561 336
508 330
527 343
519 339
511 335
523 309
543 324
544 323
545 324
535 320
512 336
545 333
524 310
516 306
546 334
538 330
542 297
549 339
542 300
542 301
508 307
527 320
519 316
511 312
531 327
543 298
542 336
543 301
544 300
535 297
512 313
545 325
503 319
523 322
526 333
546 326
547 327
505 310
504 309
546 311
518 329
538 307
549 316
515 323
507 319
542 296
541 295
527 297
530 339
531 304
550 317
551 317
552 317
542 313
561 326
508 320
527 333
511 325
523 299
556 333
535 310
522 340
534 314
553 327
560 330
550 335
504 322
545 323
506 331
506 332
505 330
518 342
546 324
557 333
530 316
507 332
527 310
519 306
531 317
541 330
552 339
553 338
552 337
553 337
544 335
544 336
523 312
545 336
537 332
538 297
530 293
515 313
507 309
530 329
531 294
542 303
529 333
508 310
506 333
519 319
532 338
507 334
511 315
552 316
553 315
522 330
514 326
533 339
534 304
553 317
525 335
526 300
545 313
537 309
544 337
503 323
506 321
526 336
518 332
559 333
545 338
552 318
541 305
552 336
541 324
524 298
519 336
507 331
553 319
553 320
503 309
554 320
524 297
538 310
530 306
508 338
515 326
531 302
503 318
508 337
534 294
561 329
534 339
548 325
542 307
553 314
553 313
503 317
502 316
548 324
535 340
501 317
500 316
499 316
503 316
528 345
507 322
548 323
527 300
560 334
521 342
522 307
541 320
513 338
533 316
525 312
544 325
556 336
522 343
514 339
534 317
526 313
518 309
537 322
515 303
506 334
529 323
548 336
499 317
499 318
521 319
540 332
541 297
500 318
504 315
503 314
532 328
533 293
534 292
522 320
541 333
514 316
549 322
552 313
503 313
502 312
533 329
544 338
537 299
506 311
551 319
501 312
530 296
517 326
500 313
501 314
536 339
528 335
529 300
520 331
540 309
537 339
499 312
498 313
538 340
532 305
510 323
529 336
521 332
513 328
541 310
527 341
549 314
499 311
498 310
533 306
552 319
525 302
544 315
519 337
519 323
503 322
502 321
551 335
516 317
542 320
499 315
526 326
498 319
499 320
543 321
502 318
555 330
499 321
547 326
526 303
500 322
558 335
524 342
541 296
521 318
536 301
544 322
549 319
555 337
511 323
503 308
502 307
551 312
552 311
553 311
553 310
559 325
558 324
558 323
559 324
551 310
559 323
560 322
559 321
561 323
562 324
560 321
560 324
516 338
536 316
559 336
517 339
509 335
529 313
548 326
521 309
540 322
513 305
532 318
543 333
513 341
514 306
525 315
547 339
557 322
556 321
557 320
556 323
539 335
509 312
540 299
532 295
510 313
562 323
541 300
513 318
550 310
560 323
561 324
563 323
564 324
564 325
565 326
566 327
563 326
563 327
564 327
567 327
554 319
555 318
533 296
565 328
565 329
502 308
535 342
555 320
547 316
566 329
539 312
558 325
505 319
524 332
536 306
528 302
551 322
509 325
550 326
529 303
520 334
561 335
521 299
540 312
532 308
498 315
497 316
497 315
543 323
562 336
563 337
564 337
535 319
554 332
512 335
504 331
504 332
523 344
524 309
516 305
539 325
505 332
546 333
516 341
517 306
536 319
528 315
520 311
531 326
550 339
542 335
503 333
543 300
513 308
512 312
523 321
563 338
556 317
543 336
535 332
539 302
564 330
563 329
505 309
568 327
569 327
524 322
516 318
536 296
530 338
557 317
509 315
550 316
496 316
495 315
494 315
494 314
495 313
494 312
493 313
495 312
496 311
496 313
529 293
542 312
561 325
508 319
532 298
527 332
519 328
511 324
531 339
543 313
496 312
493 315
503 332
502 331
492 315
562 326
535 309
501 316
565 331
512 325
504 321
523 334
563 328
556 316
524 299
564 329
495 314
567 330
568 330
569 329
570 330
571 331
571 330
572 329
571 328
573 330
574 331
572 328
572 331
574 330
570 332
573 332
573 333
574 333
575 333
576 333
539 315
505 322
546 323
497 318
538 319
557 332
549 328
549 329
528 305
515 335
520 301
527 309
531 316
550 329
542 325
561 338
508 332
519 341
511 337
523 311
535 322
553 339
504 334
545 335
524 312
537 331
516 308
546 336
538 332
530 328
531 293
542 302
508 309
527 322
519 318
511 314
531 329
572 330
571 333
564 326
572 334
543 303
575 330
554 312
533 338
512 315
576 331
553 316
524 318
571 332
548 330
549 331
572 333
575 329
570 326
547 329
504 311
560 320
523 324
496 315
561 319
502 330
502 329
502 328
503 327
502 326
501 327
500 327
499 326
500 326
503 326
499 328
499 329
500 329
503 329
498 325
497 326
501 326
500 328
501 329
503 328
496 325
495 325
494 325
494 324
495 323
493 323
492 323
492 322
496 323
491 322
490 322
490 321
491 320
490 319
489 318
488 317
489 317
488 319
487 319
488 320
489 320
491 319
487 321
488 322
493 322
486 318
485 319
485 320
489 319
492 324
492 325
493 325
485 321
495 324
488 321
499 330
489 322
491 321
494 326
494 327
484 318
483 318
483 317
483 316
484 316
482 315
481 315
480 316
480 315
479 315
478 315
480 317
480 318
481 317
503 331
495 327
487 323
556 315
574 332
566 328
567 329
570 334
536 341
498 314
562 335
502 320
494 316
547 328
505 331
551 334
498 327
497 328
490 323
543 335
551 311
529 292
562 325
554 321
554 322
573 334
565 330
502 310
555 322
566 331
558 327
497 317
550 328
561 337
527 344
498 317
562 338
535 321
554 334
501 328
493 324
512 337
504 333
524 311
516 307
539 327
505 334
546 335
517 308
549 340
549 341
528 317
520 313
486 320
527 321
478 316
531 328
550 341
542 337
543 302
535 298
535 299
512 314
504 310
523 323
535 334
568 331
568 332
539 304
558 317
505 311
524 324
516 320
557 321
536 298
530 340
531 305
550 318
569 331
542 314
561 327
508 321
527 334
500 317
519 330
511 326
531 341
523 300
564 338
543 315
535 311
554 324
501 318
493 314
512 327
553 328
504 323
523 336
524 301
546 325
497 320
496 321
538 321
557 334
530 317
549 330
496 324
515 337
520 303
507 333
527 311
519 307
531 318
550 331
542 327
489 321
508 334
500 330
519 343
492 326
492 327
511 339
523 313
481 316
493 327
534 328
539 294
526 324
545 337
537 333
516 310
482 317
515 314
546 338
538 334
530 330
531 295
542 304
508 311
527 324
511 316
572 332
564 328
543 305
544 305
556 324
535 301
477 316
522 331
501 310
500 309
499 308
499 307
500 308
500 307
501 308
491 318
533 340
492 318
512 317
484 319
495 328
483 320
494 329
553 318
525 336
504 313
545 314
534 341
526 337
487 324
546 315
538 311
496 320
495 319
557 324
530 307
549 320
488 316
496 314
507 323
496 329
497 330
527 301
499 319
496 330
488 325
560 335
531 308
542 317
488 326
508 324
521 343
489 327
500 320
541 321
492 316
511 329
499 325
491 326
537 317
534 312
495 330
494 331
552 330
495 332
495 333
496 334
496 333
495 335
494 335
495 336
496 336
497 336
498 336
498 335
494 337
493 335
492 335
496 335
494 336
495 337
498 337
499 338
497 338
491 334
490 334
490 333
490 332
490 331
491 330
489 330
488 330
487 329
486 329
485 329
488 329
487 331
487 332
488 332
491 332
484 329
483 328
484 327
483 326
484 326
486 328
482 325
481 325
480 326
479 325
478 325
478 324
479 323
488 331
480 327
480 328
489 332
481 327
491 331
484 328
487 333
487 334
488 334
477 324
476 323
475 322
474 322
473 322
473 321
472 320
471 319
476 322
477 322
472 319
475 324
475 325
476 325
471 321
474 321
477 321
477 320
477 319
470 318
473 323
476 324
479 324
472 321
483 330
475 326
476 327
486 330
485 331
485 332
478 326
478 327
479 327
489 331
492 336
492 337
481 326
493 337
485 333
482 327
474 323
496 337
488 333
480 329
480 330
477 323
469 319
468 319
468 320
468 321
469 320
467 320
466 320
466 319
466 318
489 334
470 320
481 329
544 326
523 303
556 337
522 344
514 340
534 318
553 331
526 314
545 327
518 310
484 317
503 330
495 326
515 304
487 322
506 335
506 336
530 320
496 327
542 294
488 323
507 336
548 337
480 319
480 320
527 314
540 333
519 310
511 306
556 314
556 313
522 321
541 334
514 317
533 330
534 295
525 326
544 339
491 333
537 300
483 329
503 307
494 338
494 339
534 331
506 312
526 327
567 328
518 323
537 336
538 301
484 330
557 314
558 313
558 315
558 314
559 315
530 297
570 333
549 310
476 326
495 339
536 340
468 322
468 323
515 317
487 335
507 313
499 309
560 325
571 334
563 330
510 324
529 337
521 333
500 310
513 329
541 311
532 342
533 307
552 320
544 316
564 331
469 322
556 327
502 319
522 334
514 330
533 343
534 308
525 339
553 321
526 304
545 317
537 313
503 320
495 316
506 325
559 337
551 333
530 310
517 340
496 317
509 336
529 314
548 327
499 322
498 323
540 323
560 338
532 319
498 326
510 337
522 311
514 307
533 320
552 333
525 316
491 323
483 319
502 332
494 328
547 340
526 317
539 336
518 313
559 314
538 291
539 292
484 320
476 316
495 329
536 330
487 325
486 326
560 315
561 315
562 315
510 314
548 340
521 323
540 336
513 319
541 301
532 332
533 297
552 310
479 326
544 306
471 322
471 323
490 335
490 336
502 309
522 324
535 343
514 320
555 321
534 298
525 329
524 330
566 330
472 323
558 326
491 336
537 303
524 333
503 310
475 328
506 315
567 331
559 327
551 323
517 330
536 343
509 326
528 339
529 304
548 317
520 335
521 300
540 313
532 309
498 316
510 327
521 336
522 301
562 337
513 332
554 333
533 310
525 306
502 322
494 318
555 334
547 330
505 333
497 329
517 307
487 315
486 316
528 316
486 319
551 336
509 339
557 313
495 338
496 339
480 322
488 335
499 335
480 331
480 332
479 333
550 340
529 317
513 309
532 322
479 316
498 329
490 325
540 298
477 325
469 321
481 323
500 336
492 332
481 322
473 324
470 322
473 318
501 337
493 333
482 323
474 319
473 325
543 337
493 336
539 303
558 316
484 333
483 332
482 333
483 322
475 318
536 297
482 326
539 339
476 329
559 317
551 313
536 333
509 316
465 319
464 319
528 329
569 330
557 318
477 329
506 337
529 294
506 338
560 314
480 321
499 334
568 328
498 338
472 322
562 322
491 335
483 331
475 327
494 340
484 323
576 328
470 319
484 324
476 319
484 332
570 335
570 336
571 337
487 328
534 321
476 328
493 321
536 342
569 328
468 324
469 325
468 326
498 333
562 321
569 337
467 326
470 326
577 327
577 326
576 326
485 323
499 332
575 327
578 327
563 320
468 325
577 329
540 303
467 319
486 332
532 299
478 328
531 340
543 314
562 327
554 323
479 329
565 332
471 325
512 326
523 335
564 321
565 320
565 319
564 318
563 317
563 318
566 320
524 300
555 324
547 320
539 316
558 329
568 336
567 335
567 337
566 337
567 338
568 334
505 323
524 336
497 319
516 332
536 310
528 306
563 319
564 320
500 337
477 330
500 323
567 321
501 324
568 322
568 321
569 321
570 322
570 323
570 324
571 324
520 302
550 330
542 326
521 303
508 333
519 342
511 338
572 325
573 324
543 327
535 323
554 336
571 323
572 324
578 330
560 318
500 333
571 327
465 318
571 336
480 325
556 320
512 307
573 326
492 338
494 317
566 333
472 326
473 327
491 339
491 340
489 333
490 338
495 318
567 334
496 310
488 315
548 329
485 325
563 336
498 328
490 324
491 316
527 340
502 325
491 325
577 328
494 321
483 321
502 334
502 335
503 336
503 337
475 317
494 330
504 329
567 320
559 316
578 329
484 322
495 322
570 325
476 318
487 318
487 327
560 317
486 331
571 326
563 322
541 294
479 319
498 332
544 299
552 312
490 328
479 328
471 324
490 337
502 311
555 314
574 327
534 291
555 323
558 319
491 329
577 332
566 332
483 325
472 325
558 328
475 321
494 334
483 334
483 335
483 336
484 337
484 338
483 339
539 301
483 340
484 341
484 342
562 317
503 312
475 330
474 330
475 331
476 332
476 333
476 334
477 334
475 335
475 336
493 316
476 337
475 338
476 338
516 336
569 324
497 313
519 332
492 319
475 339
475 340
475 341
476 342
476 343
477 343
478 335
474 342
473 331
473 332
472 330
471 329
485 342
482 336
481 335
474 332
477 342
484 336
477 332
470 329
469 329
468 329
469 328
472 329
483 338
475 334
484 339
476 335
479 335
471 331
471 332
472 332
483 341
475 337
485 341
482 335
474 331
467 328
466 328
486 341
487 342
487 341
488 342
473 343
473 344
472 342
471 342
471 341
472 340
474 344
475 345
476 346
476 345
475 347
489 342
490 342
470 328
481 337
480 338
480 339
473 333
473 334
474 334
477 344
478 345
479 346
479 345
478 347
479 348
480 349
480 348
481 348
481 347
482 346
481 345
482 345
482 348
483 349
483 348
484 347
484 349
480 350
470 341
469 341
468 342
468 341
469 340
468 339
469 339
467 339
466 338
469 338
470 339
467 338
470 338
466 340
487 343
487 344
488 344
480 340
469 330
468 331
472 341
483 350
476 347
468 343
468 344
465 337
464 336
465 336
465 335
464 338
464 339
463 335
462 335
461 335
461 334
460 333
459 334
459 335
460 335
461 336
461 337
462 337
458 334
457 334
457 333
457 332
457 331
458 330
457 329
456 329
455 329
458 329
458 332
456 328
458 331
490 343
472 331
465 327
464 326
465 325
464 328
463 325
462 325
461 325
461 324
460 323
459 322
458 322
457 321
458 320
460 322
459 324
459 325
460 325
462 324
463 323
462 322
465 324
465 323
458 321
461 326
461 327
462 327
464 327
457 323
460 334
479 347
471 343
471 344
472 344
464 340
486 340
486 339
486 338
478 336
478 337
460 324
479 337
471 333
472 334
482 347
474 343
467 340
459 336
459 337
478 349
456 330
455 331
454 332
454 331
455 332
454 333
453 330
452 330
452 329
452 328
451 327
450 326
451 326
449 327
449 328
450 328
453 328
448 327
447 328
450 327
451 328
449 329
449 330
450 330
460 337
485 343
485 344
463 324
482 337
474 333
466 329
466 330
467 330
486 343
459 326
456 320
455 320
455 319
454 321
454 320
455 321
470 340
462 336
481 349
473 345
473 346
463 337
482 350
455 333
474 346
447 329
447 330
488 343
477 333
489 344
470 330
462 326
481 339
454 322
454 323
473 335
484 350
463 327
455 323
458 333
477 346
450 329
469 342
461 338
461 339
451 330
462 339
561 317
492 339
484 340
476 336
468 332
468 333
487 345
487 346
465 326
457 322
488 346
458 323
477 336
469 332
461 328
472 343
475 348
475 349
453 329
476 349
468 345
465 339
457 335
449 331
449 332
450 332
568 324
567 325
479 336
472 333
464 329
464 330
483 342
476 339
465 329
478 348
460 336
479 349
471 345
471 346
452 331
452 332
472 346
453 332
467 329
486 342
478 338
478 339
460 326
479 339
471 335
463 336
482 349
474 345
453 322
466 341
466 342
467 342
459 338
459 339
456 332
448 328
460 339
489 343
481 338
485 345
463 326
482 339
455 322
474 335
466 331
466 332
465 333
464 332
463 333
467 332
459 328
478 341
490 315
477 345
456 322
501 330
493 326
539 293
512 339
485 322
504 335
451 329
524 313
470 342
516 309
462 338
454 334
454 335
453 336
482 316
473 347
505 336
546 337
497 332
538 333
517 310
463 339
509 306
455 335
474 348
447 331
520 315
561 316
540 293
486 322
527 323
478 318
531 330
542 339
543 304
535 300
554 313
501 307
565 322
512 316
504 312
523 325
481 328
568 333
547 310
493 339
539 306
534 340
485 335
505 313
546 314
497 309
497 308
516 322
557 323
536 300
482 329
528 296
474 325
466 321
530 342
531 307
550 320
569 333
542 316
488 345
508 323
480 341
480 342
479 343
527 336
500 319
511 328
477 335
523 302
469 331
543 317
535 313
501 320
512 329
553 330
504 325
545 326
524 303
470 332
462 328
481 341
454 324
454 325
453 326
546 327
538 323
530 319
476 348
549 332
455 325
456 326
457 325
496 326
542 293
515 339
507 335
527 313
499 331
519 309
465 338
511 305
531 320
542 329
543 294
489 323
535 290
575 326
508 336
500 332
492 328
511 341
512 306
458 335
477 348
523 315
450 331
469 344
461 340
576 327
481 318
568 323
534 330
539 296
545 339
518 322
451 332
454 337
453 338
452 338
453 339
451 339
450 339
449 338
450 338
449 340
452 340
452 341
453 341
454 341
455 342
455 341
456 341
457 342
458 342
448 337
447 338
451 338
454 343
454 344
455 344
457 343
457 344
458 344
459 345
460 346
461 347
460 345
459 347
462 347
463 346
464 346
465 346
462 345
465 345
463 345
465 347
466 348
467 349
464 348
464 349
465 348
467 348
466 350
466 351
467 351
450 340
464 350
464 351
453 340
446 337
467 350
459 346
456 340
456 339
456 338
448 336
448 335
460 347
452 342
463 347
455 343
447 339
447 340
466 352
456 343
448 339
458 343
461 348
461 349
451 340
462 349
454 345
455 346
446 336
445 335
445 334
446 333
446 335
444 333
444 332
465 349
457 345
457 346
449 341
449 342
458 346
450 342
464 352
453 342
446 339
459 348
459 349
456 342
448 338
460 349
462 348
463 349
455 345
447 341
447 342
448 341
466 344
458 345
450 341
461 350
461 351
451 342
462 351
454 347
446 338
465 351
457 347
449 343
449 344
458 348
450 344
468 334
468 335
467 336
487 347
465 328
457 324
480 344
458 325
469 334
472 345
464 341
464 342
463 343
475 350
475 351
453 331
476 351
468 347
465 341
457 337
449 333
460 348
452 343
452 344
487 337
453 344
479 338
471 334
472 335
464 331
483 344
468 337
467 341
478 350
457 327
544 295
544 296
456 331
460 338
471 347
545 296
452 333
452 334
464 344
463 348
453 334
459 350
459 351
458 352
456 344
448 340
460 351
482 338
567 333
467 331
486 344
459 327
478 340
498 318
456 321
554 335
460 328
479 341
471 337
491 315
502 324
494 320
555 336
481 350
452 323
505 335
497 331
517 309
463 338
455 334
474 347
466 343
486 321
478 317
562 316
467 344
541 293
459 340
573 325
479 318
565 321
498 331
544 298
490 327
456 334
448 330
555 313
574 326
493 338
566 322
558 318
485 334
577 331
451 341
475 320
462 350
536 299
454 346
482 328
474 324
551 315
463 351
455 347
569 332
447 343
561 328
467 321
486 334
478 330
498 308
489 345
562 329
501 319
565 334
471 327
512 328
504 324
523 337
524 302
470 331
481 340
547 322
473 336
473 337
539 318
558 331
485 347
505 325
524 338
497 321
516 334
557 335
536 312
463 328
482 341
528 308
455 324
474 337
520 304
466 333
531 319
550 332
542 328
543 293
467 334
508 335
459 330
500 331
511 340
477 347
523 314
456 324
543 329
469 343
554 338
501 332
493 328
539 295
512 341
485 324
504 337
451 331
524 315
470 344
516 311
462 340
536 289
454 336
482 318
473 349
472 350
472 351
546 339
497 334
538 335
530 331
463 341
509 308
455 337
496 338
569 322
542 305
447 333
561 318
466 346
527 325
532 291
478 320
519 321
465 350
531 332
543 306
562 319
489 335
535 302
554 315
501 309
565 324
492 340
512 318
458 347
504 314
523 327
450 343
470 321
461 352
460 353
461 353
481 330
568 335
473 326
539 308
534 342
485 337
526 338
505 315
546 316
451 344
497 311
538 312
557 325
462 353
549 321
482 331
528 298
474 327
515 328
466 323
527 302
530 344
531 309
550 322
542 318
488 347
561 331
480 343
508 325
527 338
500 321
519 334
492 317
511 330
458 324
477 337
523 304
469 333
556 338
535 315
461 329
461 330
501 322
493 318
534 319
553 332
504 327
545 328
524 305
470 334
462 330
481 343
454 326
473 339
546 329
538 325
557 338
530 321
476 350
549 334
468 346
496 328
542 295
515 341
488 324
507 337
499 333
527 315
519 311
465 340
511 307
457 336
531 322
564 319
543 296
489 325
535 292
575 328
500 334
541 335
492 330
512 308
458 337
477 350
523 317
450 333
469 346
576 329
481 320
568 325
526 328
537 337
464 353
538 302
484 331
557 315
530 298
549 311
454 339
487 336
507 314
453 343
499 310
560 326
530 334
571 335
531 299
550 312
563 331
542 308
488 337
462 332
454 328
473 341
468 348
465 342
457 338
449 334
458 339
450 335
469 348
461 344
487 338
453 345
488 339
480 335
446 342
457 351
461 321
472 336
498 311
483 345
484 346
468 338
465 332
457 328
456 350
471 348
545 297
450 325
561 321
472 349
464 345
453 335
468 351
446 332
466 349
457 341
449 337
456 345
460 343
461 320
470 336
460 352
464 322
468 328
453 348
452 348
453 349
453 350
453 351
452 352
453 353
452 347
486 345
505 308
465 322
520 310
538 314
460 329
479 342
493 334
471 338
456 349
452 324
472 339
464 335
475 344
452 351
453 325
467 345
459 341
456 335
537 340
448 331
505 338
460 342
566 323
471 351
470 351
464 321
452 337
567 324
559 320
452 346
578 333
579 332
551 316
570 329
451 337
463 352
458 341
455 348
467 322
517 324
486 335
478 331
498 309
562 330
459 354
517 315
557 327
479 332
565 335
471 328
490 341
456 348
502 315
547 323
566 336
470 350
558 332
485 348
486 349
487 349
464 325
497 322
463 329
482 342
474 338
466 334
551 329
550 333
467 335
486 348
459 331
478 344
498 322
490 318
456 325
515 322
460 332
501 333
493 329
483 315
524 316
470 345
462 341
482 319
473 350
451 350
450 350
452 327
580 333
497 335
463 342
561 320
455 338
569 323
474 351
447 334
466 347
540 296
581 334
486 325
478 321
489 336
457 348
562 320
554 316
459 344
573 329
479 322
565 325
492 341
471 318
512 319
523 328
448 334
535 339
481 331
555 317
547 313
566 326
539 309
451 336
558 322
485 338
470 349
505 316
451 345
524 329
497 312
516 325
462 354
461 355
462 355
463 319
497 314
536 303
454 350
482 332
528 299
474 328
466 324
530 345
509 322
550 323
455 351
455 352
455 353
456 353
569 336
542 319
561 332
467 325
508 326
527 339
459 321
478 334
519 335
498 312
511 331
489 340
477 338
543 320
562 333
535 316
554 329
501 323
565 338
493 319
512 332
485 315
504 328
523 341
524 306
470 335
462 331
481 344
454 327
473 340
539 322
451 349
450 348
505 329
546 330
497 325
538 326
517 303
463 332
549 335
455 328
528 312
474 341
520 308
466 337
507 338
486 315
527 316
531 323
550 336
542 332
543 297
489 326
535 293
508 339
500 335
492 331
512 309
458 338
477 351
523 318
450 334
469 347
461 343
535 329
576 330
481 321
568 326
501 336
493 332
534 333
539 299
485 328
524 319
451 335
537 338
470 348
516 315
557 316
462 344
536 293
482 322
454 340
474 318
454 349
538 339
530 335
531 300
550 313
569 326
542 309
447 337
561 322
488 338
508 316
480 334
500 312
519 325
446 341
511 321
531 336
457 350
477 328
564 333
469 324
543 310
489 339
535 306
501 313
512 322
553 323
458 351
469 351
504 318
523 331
470 325
461 356
462 357
462 321
481 334
473 330
526 342
546 320
518 338
511 311
538 316
484 345
557 329
530 312
463 322
549 325
476 341
496 319
515 332
466 327
507 328
499 324
527 306
519 302
465 331
531 313
542 322
489 316
508 329
480 347
500 325
519 338
492 321
511 334
552 335
458 328
477 341
523 308
450 324
469 337
461 333
461 342
450 351
553 336
485 318
526 319
545 332
472 348
451 325
538 293
462 334
503 335
454 330
495 331
515 309
549 338
453 352
468 350
496 332
582 335
583 334
584 335
585 335
586 336
464 337
497 310
505 328
585 336
584 334
542 299
488 328
480 324
508 306
499 337
527 319
508 315
480 333
446 331
465 344
500 311
446 340
457 340
572 327
449 336
511 320
477 318
534 303
564 323
552 321
457 349
556 319
489 329
477 327
575 332
535 296
564 332
469 323
556 328
541 339
492 334
522 335
534 300
514 331
525 331
533 344
504 308
534 309
545 309
450 337
491 338
553 322
525 340
537 305
526 305
545 318
461 346
537 314
481 324
568 329
483 343
473 320
462 320
503 321
495 317
526 332
546 310
506 326
526 341
537 341
538 306
484 335
518 337
546 319
557 319
530 302
476 331
538 315
549 315
484 344
468 327
530 311
496 309
476 340
549 324
487 340
468 336
496 318
507 318
453 347
515 331
499 314
527 296
579 334
507 327
548 328
499 323
527 305
465 321
531 303
519 301
465 330
563 335
457 326
488 341
529 342
480 337
510 338
521 338
489 315
500 315
541 316
522 312
533 312
541 325
552 325
457 353
492 320
533 321
544 321
477 331
502 314
564 336
552 334
479 350
523 298
525 317
458 327
469 327
461 323
491 324
522 339
461 332
514 335
532 327
502 333
534 313
525 344
513 323
526 309
472 338
534 322
545 322
518 305
526 318
464 334
472 347
483 347
545 331
518 314
464 343
537 327
475 343
503 325
538 292
578 328
484 321
495 321
452 350
503 334
487 317
476 317
506 330
487 326
515 308
453 324
518 341
453 333
551 338
484 348
530 315
560 316
476 344
468 340
496 322
571 325
488 318
563 321
468 349
542 298
548 332
582 334
488 327
499 327
538 305
540 328
529 328
480 323
519 305
521 324
465 334
540 337
541 302
457 330
532 333
571 329
449 326
511 310
457 339
572 326
544 307
449 335
477 317
564 322
556 318
522 316
541 329
575 331
514 312
460 341
456 352
541 338
552 338
525 321
514 321
471 350
460 350
544 334
533 334
534 299
553 312
525 330
491 328
537 295
483 324
545 308
472 324
502 337
491 337
537 304
464 320
483 333
494 333
475 329
498 334
503 311
506 307
452 336
526 322
567 323
506 316
518 318
559 319
452 345
464 347
538 296
567 332
578 332
518 327
484 325
530 292
570 328
559 328
476 321
551 324
484 334
495 334
570 337
536 335
530 301
487 330
476 330
515 312
517 331
507 308
496 308
475 342
453 337
487 339
528 340
445 333
507 317
548 318
520 336
453 346
527 295
579 333
499 313
540 314
560 329
465 320
563 325
510 319
563 334
529 332
510 328
521 328
529 341
513 324
446 334
479 340
521 337
459 353
532 337
533 302
513 333
552 315
479 331
541 315
525 298
460 327
533 311
449 339
490 340
552 324
544 320
556 322
471 336
456 347
448 343
522 329
514 325
502 323
555 326
460 354
494 319
525 334
514 334
555 335
566 335
526 299
472 328
545 312
547 331
491 341
537 308
464 324
526 308
483 337
472 337
518 304
475 333
464 333
503 315
483 346
495 311
503 324
506 320
495 320
536 321
452 349
487 316
567 336
506 329
559 332
453 323
551 328
517 335
551 337
468 330
509 331
528 344
529 309
520 340
548 322
521 305
529 318
448 333
533 301
540 318
486 347
548 331
532 314
521 314
478 343
540 327
467 343
513 310
457 320
498 321
532 323
490 317
479 317
498 330
544 297
449 325
490 326
521 341
522 306
541 319
456 333
543 338
460 331
533 315
522 315
448 329
479 344
525 311
514 311
533 324
460 340
544 324
471 340
574 325
456 351
525 320
566 321
471 349
545 298
502 327
491 327
577 330
537 294
483 323
494 323
502 336
475 319
494 332
547 335
452 326
539 331
506 306
518 308
452 335
567 322
586 335
484 315
559 318
475 346
578 331
517 312
474 350
551 314
570 327
536 325
476 320
487 320
528 321
517 321
536 334
463 350
520 317
509 317
453 327
528 330
529 295
540 295
486 324
520 326
540 304
445 332
560 319
486 333
478 329
563 315
498 307
510 309
563 324
529 322
510 318
540 331
529 331
467 347
513 314
521 327
459 343
533 292
573 328
562 328
479 321
459 352
532 336
544 301
479 330
490 330
552 314
565 333
525 297
471 326
456 337
490 339
456 346
502 313
514 315
555 316
460 344
448 342
574 329
534 293
547 312
566 325
555 325
472 318
558 321
547 321
566 334
537 298
472 327
483 327
524 328
558 330
485 346
475 323
464 323
505 324
524 337
536 302
475 332
506 310
536 311
452 339
567 326
482 340
528 307
474 336
559 322
551 318
570 331
559 331
551 327
463 354
536 338
509 321
455 350
528 334
529 299
529 308
569 335
455 327
509 330
548 312
528 343
540 308
467 324
520 339
548 321
486 337
532 304
459 320
521 304
467 333
478 333
486 346
532 313
459 329
478 342
531 345
498 320
510 322
490 316
543 319
585 334
562 332
456 323
513 327
543 328
554 328
460 321
533 305
479 334
565 337
554 337
525 301
471 330
460 330
501 331
512 331
525 310
471 339
523 340
512 340
491 317
502 317
504 336
494 313
524 314
470 343
555 329
494 322
547 325
555 338
566 338
473 348
547 334
485 350
558 334
451 348
452 325
524 341
497 324
454 353
505 337
536 315
478 346
497 333
463 331
482 344
528 311
517 311
463 340
474 340
520 307
509 307
455 336
466 336
528 320
474 349
447 332
466 345
540 294
486 323
478 319
509 334
529 312
531 331
542 331
521 308
510 308
467 337
521 317
459 333
532 317
562 318
467 346
513 313
554 314
498 324
459 342
533 291
573 327
479 320
490 320
565 323
490 329
456 327
543 332
535 328
456 336
448 332
535 337
501 335
555 315
493 331
539 298
574 328
485 327
547 311
493 340
566 324
539 307
485 336
558 320
451 334
470 347
577 333
516 314
505 314
524 327
462 343
451 343
536 292
482 321
516 323
451 352
462 352
474 317
482 330
539 334
454 348
528 297
474 326
466 322
497 337
538 338
463 344
509 311
455 340
528 324
569 325
530 343
463 353
520 320
447 336
509 320
550 321
455 349
529 298
569 334
486 327
520 329
527 328
532 294
467 323
478 323
486 336
527 337
532 303
478 332
531 335
519 333
531 344
543 309
489 338
535 305
543 318
554 318
573 331
562 331
535 314
554 327
565 327
460 320
471 320
512 321
501 321
469 350
565 336
458 350
493 317
504 317
512 330
523 330
470 324
504 326
535 341
523 339
524 304
481 333
555 319
470 333
568 338
473 329
462 329
547 315
481 342
539 311
547 324
473 338
485 340
539 320
505 318
485 349
451 347
524 331
516 327
505 327
557 328
546 328
462 356
463 321
497 323
536 305
482 334
454 352
528 301
463 330
549 333
482 343
466 326
455 326
528 310
474 339
520 306
515 340
466 335
531 312
550 325
531 321
542 321
550 334
561 334
467 327
542 330
508 328
480 346
543 295
459 323
489 324
500 324
535 291
459 332
511 333
492 329
477 340
523 307
458 336
469 336
543 322
477 349
523 316
535 318
469 345
554 331
543 331
501 325
461 341
535 327
481 319
512 334
501 334
485 317
553 335
493 330
504 330
539 297
523 343
451 324
485 326
524 308
470 337
516 304
524 317
462 333
451 333
470 346
481 346
454 329
516 313
462 342
473 342
536 291
454 338
482 320
451 351
473 351
580 334
546 332
497 327
517 305
530 324
463 334
538 337
455 330
530 333
496 331
531 298
550 311
466 339
455 339
486 317
447 335
488 336
527 318
499 336
508 314
465 343
478 322
465 352
511 319
542 334
531 334
583 335
543 299
572 335
489 328
477 326
535 295
543 308
489 337
535 304
554 317
492 333
501 311
512 311
458 340
504 307
512 320
450 336
523 320
458 349
469 349
504 316
461 345
450 345
523 329
576 332
470 323
461 354
473 319
481 332
534 335
568 337
485 330
473 328
526 331
534 344
546 309
485 339
526 340
546 318
518 336
451 346
462 346
482 324
454 342
484 343
474 320
463 320
515 321
549 323
454 351
474 329
515 330
487 348
466 325
507 326
527 304
530 337
550 315
531 311
542 311
488 340
480 336
527 331
500 314
519 327
508 327
480 345
457 352
511 332
564 335
458 326
469 326
556 331
477 339
489 341
535 308
461 322
523 306
469 335
522 338
461 331
501 315
512 324
553 325
525 343
458 353
493 320
504 320
545 321
450 349
485 316
470 327
462 323
481 336
553 334
