431 275
431 274
432 274
433 274
434 274
435 275
435 274
433 273
432 272
431 271
434 273
434 276
436 273
437 272
436 276
433 271
434 270
432 275
435 271
436 270
433 277
432 278
438 273
437 271
435 277
437 274
432 279
433 280
434 279
435 280
436 279
437 278
438 277
439 278
438 276
439 275
437 280
438 280
437 281
436 282
439 281
440 280
435 283
435 284
434 282
438 279
437 277
437 283
438 283
437 284
439 284
440 283
431 273
440 282
438 282
440 279
431 270
432 269
433 268
434 267
435 281
435 268
434 266
433 265
431 276
434 269
434 275
434 272
434 278
436 269
436 275
434 281
436 272
436 278
439 274
436 281
439 280
432 268
439 277
436 284
433 267
439 283
432 271
433 270
433 276
435 273
437 270
435 270
433 279
435 276
432 277
435 282
437 273
435 279
438 272
438 278
437 276
437 282
438 275
438 281
437 279
437 285
434 268
438 284
440 281
431 272
434 271
436 268
434 280
436 271
434 277
436 274
436 280
436 277
433 266
439 276
436 283
432 270
439 279
433 269
432 267
432 273
432 276
433 272
439 282
433 278
435 269
433 275
435 272
435 278
437 275
438 274
404 278
405 277
406 278
404 276
407 277
403 276
403 279
408 278
409 277
410 278
411 277
412 276
402 280
401 279
400 280
402 277
401 276
400 277
399 278
398 277
397 276
396 277
395 278
394 279
393 278
405 276
406 275
407 274
408 275
409 274
409 273
409 272
409 271
408 272
410 275
411 274
412 273
406 274
398 279
401 278
412 278
408 274
410 271
411 270
410 269
412 269
413 268
412 267
414 267
414 269
399 280
400 279
402 276
415 270
406 276
407 275
412 271
394 277
408 276
410 273
409 275
414 271
402 278
413 275
414 276
415 277
414 278
415 272
416 273
417 272
418 271
417 270
418 269
417 268
418 267
419 267
420 266
419 265
420 264
419 263
420 262
418 262
417 263
416 264
419 269
415 265
416 266
414 264
418 264
413 277
415 274
396 279
396 280
407 279
406 280
405 280
398 276
397 278
417 265
419 262
411 279
417 274
419 271
408 280
395 280
409 279
400 276
413 270
415 267
418 266
415 276
405 275
416 275
398 278
397 280
411 272
417 267
419 264
401 280
403 277
408 273
413 263
412 262
413 261
412 260
411 259
412 258
413 259
414 258
414 260
414 262
412 257
411 256
410 255
411 254
412 255
410 257
414 257
415 256
416 257
414 255
417 256
415 258
416 259
412 259
417 258
418 258
409 254
408 255
407 254
414 259
400 278
415 260
418 259
418 260
419 260
413 272
415 269
418 268
416 268
412 261
398 280
417 260
410 254
409 256
417 269
419 266
413 256
413 265
415 262
418 261
416 261
413 274
415 271
412 254
414 273
416 270
405 279
407 276
411 258
417 262
411 276
419 259
410 256
412 275
417 271
419 268
394 278
404 280
395 277
409 276
413 258
413 267
415 264
414 266
416 263
399 277
410 277
413 276
415 273
414 275
416 272
420 263
407 278
396 278
411 260
397 277
411 269
412 268
417 264
411 278
419 261
412 277
401 277
417 273
394 280
395 279
409 278
413 260
415 257
416 256
410 270
413 269
420 265
407 280
397 279
417 257
411 271
408 254
412 270
414 277
417 266
413 262
415 266
415 259
414 274
414 261
416 258
410 272
407 255
413 271
415 268
416 274
414 270
416 267
416 276
407 273
411 255
418 270
412 263
406 277
416 271
417 259
411 273
412 272
409 255
403 278
404 277
413 255
413 264
415 261
414 263
416 260
408 277
410 274
413 273
414 272
416 269
402 279
405 278
418 263
411 257
412 256
418 272
406 279
417 261
411 275
412 274
409 257
403 280
393 279
404 279
410 258
413 257
414 256
419 270
413 266
415 263
416 262
408 279
399 276
410 276
414 268
416 265
410 279
399 279
413 278
415 275
418 265
355 276
354 275
353 274
352 274
356 275
354 274
355 273
354 277
357 276
356 274
357 273
356 277
351 275
350 274
349 275
348 276
353 278
358 275
352 277
351 278
350 277
353 275
358 274
359 273
360 274
360 275
361 273
362 272
361 276
362 275
363 274
349 277
360 277
363 276
352 273
353 272
354 271
355 270
355 272
361 278
351 277
362 277
364 274
365 273
364 272
365 271
358 273
360 279
363 278
350 278
349 279
352 275
355 274
361 271
360 270
361 269
360 268
361 267
362 266
359 267
362 268
359 269
363 269
362 270
361 280
348 280
347 280
362 279
351 279
352 280
353 281
352 282
353 283
352 284
351 284
350 285
349 284
348 285
349 286
348 287
347 287
351 286
349 288
350 287
353 276
364 276
348 289
347 289
351 288
352 289
353 290
352 291
366 270
367 271
358 266
357 267
347 275
346 276
345 277
344 278
345 279
360 272
363 271
347 284
360 281
349 281
350 280
349 290
350 289
352 286
356 268
357 269
355 267
354 266
353 265
354 264
353 263
355 263
352 266
351 266
355 265
353 267
352 268
351 268
354 280
355 279
355 281
356 282
351 272
350 271
349 270
348 271
351 270
349 272
348 273
347 273
354 289
355 288
356 289
354 287
355 286
353 269
364 269
356 286
357 287
358 287
357 285
358 285
356 284
358 284
359 283
360 284
361 285
348 282
348 291
349 274
352 270
360 283
349 283
352 279
352 288
361 266
360 265
353 262
364 271
353 271
355 290
356 291
345 276
344 280
345 281
359 278
359 287
360 288
356 263
357 264
356 272
356 281
348 277
356 290
348 286
349 269
348 268
360 269
352 265
349 278
360 278
352 283
363 280
364 281
355 285
344 275
359 282
356 267
356 276
348 272
356 285
348 281
348 290
360 273
351 292
352 293
352 269
363 275
355 271
355 280
355 289
367 272
367 273
368 274
368 275
359 268
344 279
359 277
359 286
356 271
348 267
356 280
362 278
351 287
352 264
363 270
355 266
363 279
355 275
355 284
344 274
367 276
367 277
367 278
368 279
368 278
359 272
359 281
356 266
347 285
350 290
351 273
362 273
351 282
343 278
351 291
366 275
358 280
369 280
370 281
371 280
372 281
371 279
370 282
371 283
371 284
343 273
342 272
341 271
341 270
342 271
341 269
340 268
340 272
340 273
341 274
341 275
342 276
340 267
341 266
342 267
341 265
340 264
340 263
341 264
342 263
342 262
341 261
341 260
340 259
340 258
340 276
340 277
340 278
341 279
341 280
342 281
340 281
340 282
341 283
341 284
339 280
340 262
343 264
344 265
339 275
338 274
337 273
337 272
336 271
336 270
337 271
336 274
336 275
337 276
337 277
337 278
336 279
336 280
337 281
337 282
336 283
336 284
336 285
337 286
337 287
336 288
336 289
337 290
337 291
335 287
334 286
333 285
333 284
332 286
332 287
333 288
333 289
331 285
330 284
329 283
329 282
330 283
329 281
330 280
330 279
329 278
329 277
329 276
330 275
330 274
329 273
329 272
330 271
330 270
330 269
329 268
329 267
330 266
330 265
329 264
329 263
328 280
329 262
330 261
330 260
329 259
329 258
328 266
328 275
362 286
363 285
364 285
363 284
362 287
363 288
363 289
364 290
363 283
362 282
328 284
343 282
343 283
344 284
344 283
331 280
332 281
333 280
334 281
333 279
332 282
373 282
374 283
375 282
376 283
375 281
374 280
374 284
375 285
375 286
375 287
374 279
374 288
374 289
375 290
375 291
377 284
332 290
332 291
332 292
333 293
333 294
334 295
332 295
332 296
331 294
330 293
329 292
329 291
335 296
328 293
328 294
329 295
329 296
331 289
330 289
330 288
329 287
329 286
344 264
345 263
346 264
345 262
344 261
344 260
345 259
346 260
345 258
357 292
336 269
337 268
338 269
337 267
336 266
336 265
347 266
366 279
369 275
335 282
340 257
358 293
359 292
360 293
360 292
359 291
358 294
359 295
328 261
351 263
339 261
338 260
337 259
337 258
337 257
338 256
336 256
336 260
335 259
334 259
334 258
333 257
333 256
333 260
333 261
334 262
334 263
336 261
337 262
337 263
333 255
332 259
370 276
370 277
343 259
342 258
342 257
339 270
370 285
370 286
370 287
371 288
371 289
372 290
370 290
370 291
369 289
368 288
367 287
367 286
373 291
366 288
366 289
367 290
367 291
367 292
368 293
369 294
370 295
370 296
366 293
366 294
367 295
367 296
368 297
369 298
369 299
370 300
370 301
371 302
365 287
369 284
368 284
368 283
367 282
367 281
366 297
366 298
365 296
369 293
369 302
368 302
367 301
367 300
369 303
370 304
370 305
366 302
365 301
331 266
343 268
343 269
344 270
344 269
345 268
346 269
345 267
351 281
328 279
362 281
339 279
343 277
331 275
351 290
328 288
328 289
362 290
362 291
362 292
363 293
363 294
362 295
362 296
363 297
363 298
331 284
328 297
328 298
328 299
329 300
329 301
330 302
331 303
331 304
332 305
328 302
328 303
331 293
361 294
332 258
331 257
330 256
329 256
330 255
329 254
376 292
377 293
378 292
379 293
378 291
378 290
377 294
378 295
378 296
379 297
377 289
376 281
377 288
378 287
379 288
378 286
377 297
377 298
376 297
375 296
375 295
374 294
374 293
374 297
374 298
374 299
375 300
375 301
374 302
374 303
375 304
375 305
373 301
372 300
373 296
372 295
372 294
371 293
328 259
376 306
377 307
377 308
378 309
378 310
377 311
377 312
376 311
373 300
377 306
378 305
331 302
332 301
332 300
333 299
333 298
331 299
330 298
331 298
332 267
333 266
334 267
334 268
333 265
333 269
333 270
333 271
334 272
332 268
332 272
332 273
333 274
333 275
333 276
334 277
334 276
332 277
355 269
376 301
377 302
378 301
379 302
380 301
378 300
381 301
382 302
382 303
377 303
381 300
381 304
381 305
334 264
381 306
381 307
382 308
382 307
383 306
383 305
382 306
381 309
381 310
382 311
382 312
384 306
385 307
385 308
386 309
386 310
385 311
385 312
385 313
386 314
387 313
387 312
388 313
389 314
389 315
384 311
369 292
388 312
389 311
390 311
391 312
389 310
389 309
389 308
389 307
389 306
388 308
391 313
381 299
381 298
382 298
382 297
381 296
381 295
382 294
383 295
390 316
382 293
382 292
381 291
380 290
381 290
392 314
393 314
393 313
394 313
393 312
392 315
393 316
393 317
393 318
394 318
392 319
392 320
381 297
393 321
378 311
384 310
395 319
395 320
380 299
333 304
383 304
384 305
395 314
334 304
354 282
373 295
346 278
365 291
336 264
335 268
347 279
333 303
328 274
338 275
396 313
396 312
387 315
366 292
379 311
358 288
350 284
369 297
335 304
328 265
376 300
340 261
397 314
397 315
339 274
380 312
331 270
343 281
342 285
353 294
332 271
338 287
358 265
369 274
335 281
380 289
372 285
372 286
351 262
350 261
343 258
362 271
328 278
361 275
349 261
331 283
364 280
339 272
328 286
336 303
376 291
352 292
331 271
336 302
348 279
396 321
362 274
382 313
381 314
335 301
334 294
354 272
373 285
346 268
365 281
380 300
349 267
348 262
364 291
365 278
387 311
348 263
349 264
371 294
334 282
349 265
395 315
396 316
396 317
358 289
380 313
337 301
337 300
336 299
338 264
338 265
357 277
345 266
336 298
334 275
338 302
396 311
397 310
335 258
368 292
365 279
395 310
394 309
394 308
347 269
338 300
379 301
358 278
398 314
371 297
371 298
390 310
328 255
327 255
360 287
380 302
339 264
372 298
393 308
392 309
391 308
331 260
391 311
383 307
352 272
374 286
339 299
340 300
330 301
342 275
361 288
334 271
361 286
340 301
353 279
379 294
351 274
339 298
392 310
388 307
387 306
386 305
386 304
385 303
338 297
339 297
387 305
353 284
345 280
337 296
337 295
336 294
364 293
354 285
394 321
346 281
340 296
341 297
341 298
342 298
338 277
357 290
335 271
330 278
349 291
361 265
333 283
364 270
381 292
339 271
340 295
368 303
343 297
344 298
339 294
334 284
368 282
379 291
371 287
341 263
385 302
344 297
336 293
366 280
338 257
343 296
343 295
337 294
344 294
345 293
329 290
349 268
340 299
380 292
393 311
372 288
383 297
330 291
345 295
341 300
344 293
343 292
343 291
382 301
342 265
333 296
334 261
345 270
385 306
364 283
397 317
375 298
394 311
367 294
342 290
386 307
359 290
338 267
378 303
341 289
341 288
340 287
341 287
342 288
368 295
379 304
371 300
329 303
330 268
381 313
372 282
340 286
339 285
329 297
353 268
357 293
365 297
335 260
335 288
344 292
338 293
353 286
394 310
346 274
361 281
380 304
342 282
343 287
344 288
345 287
345 286
370 293
344 289
339 284
397 320
339 293
340 292
339 291
341 293
340 291
384 301
346 292
383 296
388 316
388 317
388 318
389 319
379 312
398 320
390 320
362 267
390 318
334 305
354 283
387 316
347 293
347 294
348 295
345 290
346 291
348 296
358 286
342 286
375 306
374 307
374 308
375 309
375 308
359 289
342 296
335 300
380 308
399 321
400 320
401 320
400 319
386 317
385 317
386 318
356 294
387 318
389 318
341 277
360 290
333 273
351 269
355 294
385 316
355 293
384 315
354 292
391 317
383 313
398 317
350 267
399 317
400 317
401 317
402 318
401 316
400 315
402 317
403 318
404 318
405 319
405 318
406 318
401 315
382 314
334 274
345 283
344 287
368 272
371 277
337 284
329 280
348 293
340 289
360 267
352 263
330 281
372 277
349 293
404 317
347 290
404 316
403 315
350 294
351 295
341 290
382 291
407 317
333 286
374 287
353 264
406 316
345 260
335 302
360 271
400 314
401 313
375 288
367 284
359 280
401 312
378 293
336 296
401 311
400 313
339 289
403 319
380 309
407 316
408 315
339 267
366 284
402 313
403 314
404 313
405 314
328 271
399 312
328 270
347 276
339 288
343 286
392 318
342 299
384 314
332 276
376 310
354 273
373 286
365 282
344 259
357 278
354 291
336 255
373 304
373 305
341 299
372 304
328 272
346 287
365 300
338 283
346 296
347 261
366 274
338 292
347 270
358 270
377 283
378 282
379 283
380 282
378 281
366 283
338 301
350 266
358 279
369 279
335 277
398 315
377 292
350 275
369 288
335 286
347 288
335 295
350 293
328 256
380 294
339 256
339 265
380 303
351 267
399 316
331 261
372 299
343 263
383 299
362 276
351 276
402 312
343 272
383 308
328 283
339 283
331 279
339 292
331 288
361 289
353 285
376 287
384 300
332 262
332 263
372 301
403 313
364 294
376 296
342 294
384 309
395 309
334 290
335 291
376 305
397 311
354 268
334 299
373 281
365 277
373 290
346 273
345 272
354 286
365 286
373 299
346 282
357 282
365 295
338 278
357 291
347 265
335 263
338 296
406 314
366 278
387 310
335 272
398 310
347 274
377 287
350 270
379 306
390 306
391 306
347 283
387 319
358 283
369 283
350 279
390 315
335 290
350 288
335 299
328 260
380 298
339 260
399 311
349 292
331 256
328 269
339 269
391 307
380 307
399 320
383 303
372 303
343 267
331 265
402 316
339 278
391 316
330 297
383 312
331 274
333 302
361 284
342 280
353 280
376 282
361 293
332 257
342 289
364 289
353 289
384 304
345 285
334 285
364 298
354 263
345 294
346 259
376 309
365 272
334 303
357 268
394 317
354 281
373 294
346 277
386 313
354 290
365 290
338 273
346 286
357 286
338 282
357 295
346 295
347 260
366 273
338 291
379 292
335 267
358 269
368 301
350 265
369 278
387 314
335 276
379 310
335 285
371 306
372 307
350 283
390 319
380 284
380 285
381 286
381 287
343 276
381 285
372 280
380 293
349 287
372 289
328 264
343 262
360 296
383 298
402 311
380 311
341 292
330 292
331 269
361 270
353 266
342 266
383 316
382 316
333 297
361 279
405 313
364 275
390 307
345 271
376 286
342 284
364 284
334 280
397 318
376 295
342 293
353 293
345 289
334 289
354 267
373 280
334 298
375 299
346 263
354 276
394 312
365 276
338 259
357 272
346 272
386 308
365 285
378 304
338 268
357 281
346 290
338 286
368 287
379 287
335 262
358 264
347 264
368 296
379 296
387 309
371 292
350 269
379 305
398 318
337 299
371 301
390 314
349 273
380 288
329 304
329 305
329 306
329 307
330 306
360 282
349 282
372 284
339 259
380 297
341 278
352 278
372 293
360 291
372 296
331 255
330 287
352 287
372 302
331 264
383 302
330 296
341 296
342 261
333 292
361 274
334 257
330 305
342 270
353 270
361 283
333 301
334 266
405 317
342 279
382 315
364 279
361 292
345 275
397 313
353 288
364 288
345 284
342 297
364 297
334 293
375 294
386 303
375 303
346 267
394 316
367 299
338 263
378 299
386 312
338 272
378 308
368 273
338 281
379 282
335 257
371 278
368 291
387 304
335 266
337 285
368 300
379 300
398 313
348 294
371 296
390 309
379 309
340 290
371 305
337 303
329 299
380 283
330 264
372 279
330 273
341 273
360 286
330 282
341 282
393 320
360 295
349 295
333 278
341 291
333 287
330 300
345 261
382 310
342 274
333 305
334 270
374 306
342 283
385 315
334 279
375 280
345 288
334 288
375 289
367 285
378 285
346 262
378 294
338 258
375 307
357 271
394 320
386 316
336 297
378 312
368 277
368 286
379 286
400 318
337 280
371 282
379 295
356 293
371 291
337 289
340 285
329 285
337 298
349 263
329 294
340 294
330 259
341 259
341 268
401 319
372 283
333 264
393 315
404 315
330 277
341 286
330 286
333 282
341 295
330 295
368 299
382 296
333 291
363 292
374 292
334 256
342 269
382 305
333 300
345 265
334 265
374 301
364 278
405 316
385 310
345 274
397 312
332 304
397 321
375 284
367 280
375 293
359 276
367 289
378 289
375 302
386 302
359 285
367 298
378 298
338 262
344 296
386 311
359 294
336 292
378 307
356 270
336 301
337 266
348 266
368 281
408 317
356 279
337 275
348 275
389 313
356 288
368 290
379 290
329 271
340 271
348 284
371 286
340 280
371 295
337 293
329 289
330 254
337 302
381 308
329 298
340 298
370 299
330 263
349 276
360 276
401 314
333 259
330 272
341 272
393 310
349 285
360 285
333 268
341 281
352 281
404 319
393 319
333 277
352 290
363 287
382 300
342 264
355 283
363 296
334 260
374 296
382 309
355 292
345 269
385 305
374 305
334 269
332 299
385 314
397 316
375 279
367 275
344 273
359 271
396 320
344 282
378 284
375 297
336 278
344 291
367 293
336 287
367 302
378 302
356 265
337 261
348 261
368 276
329 257
348 270
337 270
356 283
340 266
329 266
389 317
371 281
337 279
356 292
340 275
329 275
348 288
337 288
340 284
329 284
337 297
349 262
329 293
340 293
341 258
381 294
330 258
370 294
349 271
381 302
341 267
330 267
381 303
352 267
370 303
401 318
333 263
352 276
330 276
341 276
404 314
362 285
381 312
333 272
363 273
333 281
363 282
374 282
382 295
355 278
334 255
374 291
363 291
382 304
355 287
332 285
374 300
332 294
374 309
349 266
385 309
332 303
344 268
385 318
375 283
359 275
359 266
367 279
344 277
396 315
407 315
375 292
336 273
388 311
344 286
367 288
378 288
336 282
359 284
378 297
344 295
336 291
359 293
337 256
356 269
336 300
348 265
366 301
337 265
377 301
408 316
356 278
369 277
329 261
389 312
337 274
377 310
348 274
400 312
329 270
340 270
348 283
337 283
340 279
329 279
370 280
329 288
340 288
381 289
370 289
360 266
351 285
341 262
352 262
370 298
330 262
333 258
351 294
328 292
362 294
352 271
393 309
343 290
328 301
333 267
339 301
363 268
331 297
355 264
392 313
363 277
331 306
382 290
363 286
382 299
332 280
355 282
395 318
363 295
374 295
344 272
355 291
332 289
374 304
385 304
332 298
344 263
336 259
367 274
396 310
373 308
359 270
336 268
388 306
367 283
344 281
378 283
336 277
359 279
388 315
344 290
336 286
359 288
366 287
356 264
358 292
336 295
377 296
348 260
366 296
337 260
356 273
347 292
340 256
337 269
348 269
377 305
329 265
340 265
369 301
400 316
348 278
389 316
329 274
340 274
370 275
351 271
340 283
381 284
370 284
362 280
351 280
341 257
330 257
381 293
339 287
351 289
362 289
328 287
370 302
343 285
328 296
339 296
333 262
381 311
343 294
331 292
363 272
392 308
331 301
332 266
355 268
363 281
403 317
374 281
392 317
384 313
395 313
332 275
355 277
374 290
363 290
332 284
332 293
344 258
332 302
344 267
373 303
359 265
365 299
336 263
344 276
396 314
359 274
336 272
388 310
344 285
388 319
336 281
377 282
366 282
347 278
336 290
366 291
377 291
369 287
377 300
348 264
366 300
337 264
329 260
369 296
340 260
335 294
347 296
377 309
400 311
350 292
335 303
340 269
329 269
399 315
370 297
370 279
339 273
328 273
370 288
381 288
343 271
391 320
362 284
339 282
328 282
331 278
343 280
328 291
351 293
362 293
362 288
343 289
331 287
339 300
328 300
331 296
343 298
332 261
384 299
403 312
392 312
331 305
332 270
395 308
384 308
392 321
374 285
376 304
395 317
332 279
384 317
332 288
373 289
332 297
373 298
344 262
336 258
365 294
354 294
344 271
396 309
373 307
388 305
336 267
396 318
407 318
388 314
336 276
366 277
338 295
366 286
377 286
335 280
347 282
358 282
369 282
366 295
377 295
335 289
369 291
347 291
329 255
358 291
377 304
369 300
335 298
351 261
328 268
339 268
380 306
370 283
399 319
343 266
339 277
391 315
402 315
328 277
370 292
331 273
383 311
343 275
339 286
343 284
331 282
328 295
339 295
362 297
343 293
331 291
332 256
392 307
376 290
331 300
332 265
384 303
392 316
403 316
376 299
395 312
332 274
384 312
376 308
395 321
332 283
334 302
373 284
365 280
373 293
365 289
344 266
373 302
346 285
365 298
336 262
357 294
346 294
347 259
388 309
338 290
366 272
347 268
358 268
338 299
406 317
377 281
366 281
350 264
335 275
358 277
347 277
366 290
377 290
350 273
369 286
347 286
335 284
377 299
366 299
350 282
335 293
347 263
347 295
354 293
373 306
358 295
391 310
369 295
350 291
369 304
339 263
347 281
351 265
328 263
370 278
399 314
372 297
343 261
331 259
380 310
331 268
343 270
372 306
339 281
402 319
328 281
351 283
391 319
362 283
343 279
331 277
383 315
328 290
339 290
331 286
343 288
361 287
376 285
331 295
361 296
332 260
392 311
342 292
364 292
353 292
376 294
332 269
384 307
376 303
384 316
395 316
332 278
334 297
345 297
373 279
365 275
373 288
346 271
354 284
365 284
373 297
346 280
357 280
365 293
336 257
338 276
346 289
357 289
338 285
335 261
338 294
366 276
358 272
387 308
347 272
335 270
377 285
366 285
350 268
387 317
369 281
335 279
358 281
379 313
390 313
358 290
369 290
350 286
380 287
335 297
350 295
328 258
380 296
380 314
339 258
372 292
339 276
362 269
328 267
380 305
399 318
383 301
343 265
331 263
391 314
328 276
402 314
383 310
343 274
331 272
328 285
330 304
331 281
361 282
342 278
331 290
361 291
332 255
342 287
353 287
364 287
376 289
332 264
384 302
334 283
376 298
364 296
395 311
334 292
345 292
376 307
354 270
365 270
373 283
334 301
357 266
346 266
354 279
394 315
373 292
357 275
346 275
354 288
365 288
338 271
357 284
346 284
338 280
346 293
335 256
338 289
366 271
358 267
347 267
335 265
338 298
379 299
350 263
358 276
369 276
335 274
398 312
390 308
379 308
350 272
369 285
398 321
335 283
371 304
350 281
390 317
335 292
372 278
380 291
372 287
351 264
328 262
339 262
399 313
343 260
360 294
349 294
331 258
391 309
330 290
372 305
331 267
361 268
391 318
330 299
383 314
331 276
361 277
333 295
342 273
353 273
364 273
353 282
364 282
376 284
361 295
334 278
345 278
353 291
376 293
342 291
334 287
376 302
354 265
373 278
334 296
345 296
346 261
365 274
373 287
386 306
357 270
346 270
365 283
394 319
338 266
386 315
346 279
357 279
365 292
357 288
346 288
338 284
368 285
347 262
347 271
327 256
368 294
335 269
358 271
387 307
371 290
379 303
398 316
335 278
371 299
350 276
390 312
380 286
329 302
349 280
360 280
328 257
339 257
380 295
372 291
349 289
360 289
339 266
352 285
330 285
341 285
331 262
383 300
330 294
341 294
352 294
342 259
383 309
361 272
333 290
330 303
342 268
364 268
345 264
405 315
342 277
364 277
353 277
361 290
334 273
345 273
376 288
364 286
345 282
364 295
342 295
345 291
334 291
354 269
365 269
334 300
346 265
357 265
354 278
394 314
338 261
367 297
375 310
357 274
338 270
378 306
346 283
357 283
338 279
368 280
335 255
338 288
356 287
379 289
368 289
335 264
371 285
406 315
368 298
379 298
350 262
335 273
398 311
337 292
379 307
371 303
348 292
340 297
