205 377
204 377
205 376
206 377
207 378
208 379
207 377
208 376
207 380
204 375
203 374
205 374
204 378
206 375
207 374
208 373
206 381
205 380
204 381
203 380
206 378
209 377
210 376
209 374
210 373
211 374
212 373
213 372
214 373
215 373
203 376
202 377
208 372
207 376
212 372
211 371
212 370
213 369
214 369
213 371
215 368
214 367
215 366
216 367
217 366
206 374
209 376
211 373
217 368
202 379
201 379
200 380
199 381
200 382
201 381
203 378
212 374
213 373
215 370
199 383
198 384
197 383
196 382
204 379
205 378
196 384
209 378
211 375
197 385
198 386
200 384
202 381
201 383
202 384
203 383
204 384
205 383
203 385
202 386
201 386
200 387
199 388
200 389
201 388
199 390
204 386
205 385
200 391
202 388
201 390
203 387
199 392
205 387
206 388
207 387
200 393
198 393
197 392
196 391
197 390
196 389
195 388
194 389
197 394
201 392
202 393
203 392
204 393
205 392
203 394
202 395
201 395
200 396
199 397
200 398
201 397
199 399
205 394
206 395
207 394
208 393
207 392
209 392
209 394
200 400
198 400
197 399
196 400
197 401
205 393
201 399
203 396
207 396
208 395
210 392
211 392
211 391
210 390
209 390
211 389
212 388
211 387
213 387
205 396
193 390
194 391
208 388
208 397
209 371
209 380
201 376
197 387
209 389
201 385
209 398
209 399
201 394
213 368
205 373
205 382
212 390
213 391
217 365
204 395
216 369
217 370
208 374
208 392
209 375
197 382
201 380
209 393
197 391
201 389
197 400
212 376
213 377
213 378
196 386
216 364
196 395
197 396
197 397
216 373
208 378
193 389
208 387
208 396
209 370
208 369
209 379
201 375
197 386
201 384
197 395
211 388
200 388
200 397
203 393
212 371
204 376
212 389
204 385
196 381
204 394
196 390
216 368
196 399
208 391
207 395
197 381
199 400
200 383
200 392
203 388
192 388
200 401
200 402
201 403
201 404
203 397
212 375
215 371
204 380
212 393
212 394
212 395
213 396
204 389
204 390
196 385
204 398
204 399
204 400
205 401
216 363
215 362
196 394
216 372
208 368
208 377
193 388
208 386
209 385
209 384
208 383
208 382
207 390
210 395
199 395
211 369
200 378
211 396
211 397
212 398
212 399
200 405
200 406
200 407
201 408
199 404
203 401
203 402
204 403
204 404
212 379
212 380
211 378
196 380
214 397
215 398
216 397
216 396
215 395
215 399
216 400
216 401
215 394
215 393
216 392
216 391
215 390
215 389
216 388
216 387
216 386
215 385
215 384
216 383
217 384
216 382
215 381
215 380
216 381
206 402
207 385
218 385
210 381
207 403
208 402
209 403
208 401
207 404
208 405
208 406
210 404
211 405
212 404
213 405
212 403
211 402
211 406
212 407
212 408
212 409
211 401
211 410
211 411
212 412
212 413
210 409
209 408
214 406
210 399
210 408
199 408
199 409
200 410
200 411
198 407
197 406
196 405
197 405
196 404
196 403
195 402
219 386
220 385
221 386
220 384
219 387
222 387
223 388
224 387
224 386
223 385
223 389
223 390
224 391
223 384
222 383
221 382
221 381
220 380
220 379
219 378
219 377
220 376
221 377
220 375
220 374
221 373
221 372
220 371
220 370
209 381
219 373
222 378
223 379
224 378
225 379
224 377
223 380
222 373
222 382
211 382
211 383
212 384
212 385
222 391
221 391
220 390
220 389
222 392
223 393
223 394
219 391
219 392
220 393
220 394
218 390
219 395
219 396
219 397
220 398
220 399
221 400
222 401
222 402
223 403
223 404
224 405
219 400
219 401
218 399
222 405
222 406
223 407
223 408
223 409
222 410
222 411
223 412
223 413
222 414
222 415
222 416
223 417
223 418
218 394
221 414
192 387
191 386
190 385
190 384
189 383
189 382
189 386
189 387
189 388
190 389
188 381
222 400
223 399
223 398
222 397
222 396
211 400
215 361
214 360
213 359
213 358
212 357
212 356
213 355
214 355
213 354
213 353
212 352
223 374
224 373
225 374
224 372
223 371
223 375
223 370
224 369
225 370
224 368
224 367
223 366
223 365
224 364
225 365
224 363
222 364
221 364
221 363
220 362
220 361
221 362
220 365
220 366
221 367
188 387
221 368
220 360
221 359
222 359
221 358
220 357
220 356
220 355
221 354
221 353
220 352
220 351
221 350
219 359
203 405
203 406
203 407
204 408
204 409
203 410
203 411
203 412
204 413
204 414
204 412
203 415
203 416
204 417
204 418
215 379
216 378
216 377
215 376
215 375
202 409
216 362
217 361
214 392
206 397
195 406
195 407
196 408
196 409
197 410
218 371
207 371
198 402
198 411
198 412
199 413
199 414
200 415
200 416
199 417
199 418
198 416
197 415
196 414
197 414
196 413
195 415
195 416
196 417
194 414
193 413
192 412
193 412
192 411
191 410
191 409
192 410
207 389
218 389
219 354
188 385
199 385
210 385
222 350
207 398
207 399
218 398
219 363
199 394
210 394
207 407
207 408
207 409
208 410
208 411
209 412
210 413
210 414
211 415
211 416
212 417
212 418
207 412
207 413
206 411
210 417
209 417
210 418
209 419
208 416
208 415
207 417
207 418
206 416
206 406
206 415
191 390
219 372
210 403
199 403
211 368
210 367
209 366
209 365
208 364
208 363
209 362
209 361
209 360
208 359
207 359
206 360
205 360
205 359
205 358
204 357
204 361
204 362
205 363
205 364
205 365
206 365
207 366
204 366
203 367
202 368
201 367
200 367
199 367
202 367
201 366
201 365
200 364
203 369
203 370
202 371
201 372
202 372
201 371
201 370
204 371
205 370
205 369
205 368
200 369
200 373
199 373
204 370
208 358
209 357
210 357
209 356
208 355
207 354
206 355
206 356
205 355
205 354
208 354
222 368
200 368
219 381
219 382
210 396
218 380
210 412
199 412
211 377
222 377
200 377
199 376
191 408
192 407
193 408
193 407
192 406
191 405
190 404
190 403
189 402
189 401
202 366
189 405
189 406
188 400
188 404
187 404
186 405
186 406
185 404
199 410
222 358
185 403
223 357
224 358
224 359
225 360
225 361
226 362
184 402
227 363
227 364
228 365
203 373
222 386
223 351
205 419
217 393
202 413
194 409
214 387
206 383
195 410
187 406
206 419
207 384
201 413
213 388
228 366
224 410
227 367
198 415
199 380
218 393
219 358
210 389
222 363
221 404
213 400
212 355
211 354
224 409
203 386
215 360
202 390
225 410
226 375
195 387
214 400
206 396
207 361
198 392
218 370
210 366
209 407
188 384
187 383
199 393
191 389
211 367
203 363
221 417
220 417
220 416
213 413
205 409
225 387
217 383
202 403
214 377
206 373
195 400
194 399
208 419
198 405
199 370
198 370
198 369
210 379
197 409
222 353
201 416
221 394
213 390
205 386
224 399
225 364
217 360
190 406
202 380
214 354
225 400
226 365
217 396
183 403
182 403
182 402
194 412
206 386
198 382
218 360
210 356
209 397
201 393
221 371
213 367
224 376
190 383
221 407
220 406
213 403
205 399
224 412
225 377
217 373
223 416
206 363
208 409
220 383
209 410
201 406
221 384
213 380
224 389
202 370
204 416
220 408
196 412
216 390
210 354
229 367
230 368
228 364
193 406
198 372
185 402
186 401
209 387
220 396
221 361
213 357
186 403
205 353
224 366
197 412
210 416
198 379
222 403
188 386
205 388
221 387
206 398
210 372
198 385
218 357
217 357
210 353
186 383
209 352
216 358
215 357
205 389
225 367
217 363
220 403
212 397
198 367
197 367
196 367
195 367
194 367
194 366
195 365
194 364
195 364
223 406
215 402
215 403
214 357
227 376
228 375
227 377
206 353
216 403
208 399
209 364
228 377
220 373
197 389
189 385
201 396
221 374
213 370
205 366
224 379
211 409
190 386
223 383
212 410
204 406
196 402
216 380
220 350
197 366
201 373
220 386
221 351
207 416
219 390
224 356
225 355
224 354
225 354
226 353
225 352
227 354
228 355
226 352
226 355
228 354
222 395
200 413
192 409
212 387
184 405
203 418
204 383
223 396
196 379
215 392
216 357
227 366
196 415
216 393
208 389
209 354
228 367
220 363
185 405
218 402
218 403
197 379
213 360
205 356
200 390
219 403
192 386
211 399
203 395
222 408
223 373
215 369
224 396
225 397
226 398
227 397
228 398
228 397
227 399
227 400
228 400
229 400
230 401
230 400
231 400
212 400
204 396
196 392
215 405
216 370
208 366
193 386
185 382
186 381
185 380
184 383
186 380
209 367
201 363
207 406
199 402
219 380
210 411
211 376
222 385
200 403
211 412
212 377
203 408
204 373
223 386
215 382
227 356
193 363
192 364
226 397
229 402
229 403
195 409
220 353
187 405
206 418
207 383
198 414
218 392
197 369
196 370
196 369
210 388
230 403
188 406
207 419
199 415
191 411
219 393
212 354
231 367
232 368
233 369
233 368
232 370
222 398
223 363
215 359
225 409
226 408
225 407
227 409
227 410
228 410
226 407
216 360
208 356
214 399
226 410
188 383
219 370
191 388
210 401
211 366
212 365
211 364
212 364
203 362
222 375
221 416
213 412
192 389
212 367
203 398
204 363
223 376
215 372
202 402
226 387
227 387
228 388
228 387
227 389
195 399
214 412
215 413
216 413
206 408
207 373
198 404
199 369
218 382
210 378
222 352
199 405
200 370
219 383
211 379
203 375
222 388
223 353
225 399
226 364
217 395
183 402
229 369
229 370
202 415
194 411
214 389
206 385
226 400
198 381
218 359
230 370
195 412
228 409
207 386
198 417
199 382
218 395
219 360
210 391
211 356
222 365
221 406
213 402
205 398
224 411
225 376
204 353
203 353
202 392
194 388
214 366
225 412
226 377
195 389
214 402
187 385
207 363
198 394
218 372
210 368
209 409
201 405
221 383
228 403
191 391
224 388
203 365
205 411
225 389
191 363
190 363
189 363
189 362
190 361
188 361
187 361
187 360
186 360
185 360
184 360
183 360
182 359
183 358
182 357
183 357
185 359
186 358
185 357
186 357
226 354
217 385
202 405
194 401
195 366
214 379
187 362
187 363
198 371
228 399
188 363
220 395
199 372
219 350
218 350
217 351
217 350
186 402
197 411
189 407
189 408
222 355
221 396
213 392
233 370
234 371
235 370
224 401
225 366
217 362
190 408
182 404
202 382
214 356
226 367
217 398
216 402
195 379
194 379
194 378
194 377
194 376
195 377
193 376
192 377
191 376
192 376
195 376
191 378
192 379
227 411
227 412
207 353
218 362
210 358
228 412
229 413
230 413
183 382
182 382
182 381
182 380
183 380
181 379
180 380
179 379
178 379
177 379
177 378
178 377
177 376
176 377
175 377
175 376
178 376
180 379
176 376
179 381
179 382
180 382
175 378
215 414
215 415
216 415
217 416
218 415
219 414
218 413
219 413
228 389
229 390
230 391
230 390
231 390
232 391
232 390
233 391
233 390
229 392
230 393
232 392
232 393
233 393
234 394
234 393
235 393
235 392
235 391
224 355
190 362
225 356
217 352
217 353
231 399
231 398
183 359
194 368
227 401
197 378
197 377
197 376
190 375
190 374
189 373
190 373
189 375
188 373
187 373
231 412
230 411
232 413
233 414
234 414
235 414
235 413
231 410
233 413
232 415
235 415
236 416
237 417
234 416
234 417
237 416
238 415
239 416
240 417
238 417
240 416
236 418
236 419
237 419
239 418
239 419
240 419
241 420
242 420
238 416
241 421
241 422
242 422
243 422
234 418
215 404
227 378
227 379
193 385
193 384
193 383
216 405
217 406
217 405
218 405
228 379
229 380
230 380
201 362
201 361
201 360
202 360
200 360
199 360
198 360
198 359
199 359
200 358
200 357
202 359
202 358
202 357
198 361
186 382
178 378
234 395
234 396
219 415
231 389
230 388
231 388
231 387
202 362
235 395
236 396
236 395
237 394
238 395
239 394
240 395
240 394
239 396
238 394
237 396
240 396
241 397
228 356
229 357
229 358
230 358
230 357
231 357
232 358
232 357
233 356
233 358
233 357
229 359
229 360
230 360
232 359
232 360
233 360
234 361
235 360
236 361
237 362
237 361
238 362
239 361
240 362
240 361
236 363
239 363
240 364
241 364
242 365
242 364
238 361
237 363
240 363
235 359
235 358
193 398
192 397
193 396
191 398
191 399
192 399
190 398
189 398
189 397
189 396
189 395
190 394
188 394
187 393
190 396
186 393
185 393
184 393
185 392
186 391
185 390
186 390
188 393
187 395
187 396
188 396
190 395
183 392
183 391
182 390
183 390
182 392
181 389
180 390
179 391
179 392
180 392
186 392
239 365
185 394
184 395
184 396
186 359
197 368
189 364
189 365
230 402
178 391
177 391
177 390
177 389
177 388
178 387
177 386
176 387
175 387
175 386
178 389
174 386
173 386
172 385
171 384
170 383
171 383
170 385
173 385
174 384
173 383
174 383
176 386
169 382
168 382
168 381
169 380
167 380
166 380
165 379
164 379
163 380
163 379
166 379
167 378
165 381
165 382
166 382
172 387
162 379
161 378
162 377
163 377
164 377
161 376
164 376
160 378
159 377
158 376
159 376
162 376
175 388
175 389
164 378
176 389
157 375
156 375
156 374
156 373
157 373
155 373
178 388
171 385
163 381
163 382
155 372
174 385
166 381
167 382
190 365
191 366
192 366
231 366
231 365
182 361
231 402
232 403
232 402
233 401
233 403
234 404
235 403
235 405
236 406
237 407
234 406
237 406
238 405
237 404
239 406
239 407
240 407
241 407
238 404
238 407
240 406
236 408
239 408
240 409
241 410
241 409
242 410
243 411
243 412
244 412
242 409
238 406
241 411
241 412
242 412
216 359
235 372
236 373
236 374
234 373
236 375
181 401
180 400
181 400
181 399
180 402
179 402
180 403
178 401
227 368
227 369
193 375
192 374
193 374
193 373
226 409
237 418
229 414
229 415
228 369
186 372
185 372
184 373
184 372
183 372
182 372
182 371
182 370
182 369
183 368
182 367
181 367
180 367
183 367
183 370
181 366
183 369
185 371
185 370
185 369
186 368
186 370
186 369
218 404
238 419
230 415
219 405
212 366
184 384
184 385
231 379
230 378
231 378
232 380
232 381
233 381
234 381
235 381
235 380
231 377
233 380
232 382
235 382
234 383
234 384
235 383
234 385
234 386
181 378
181 377
181 376
237 395
214 411
214 410
174 375
174 374
173 373
174 373
172 374
172 375
171 373
170 373
170 372
171 371
173 375
169 372
168 372
168 371
168 370
168 369
167 368
166 367
169 370
167 367
166 369
165 369
166 370
167 370
169 369
165 371
166 372
164 368
163 367
164 367
164 366
163 369
163 370
162 366
161 366
160 366
159 366
160 367
160 368
161 368
167 369
159 365
170 374
170 375
171 375
163 371
173 374
166 371
185 384
158 367
158 368
177 380
238 396
230 392
188 395
234 362
234 363
167 372
180 391
159 368
218 417
217 418
191 400
191 401
231 356
230 355
231 355
231 354
223 352
169 381
172 386
192 401
233 402
184 397
244 411
196 371
196 372
216 349
215 349
235 362
162 378
181 391
154 374
173 387
193 365
165 383
165 384
226 399
185 361
184 362
184 363
245 412
246 413
237 408
229 404
229 405
230 369
195 411
155 375
166 384
206 420
186 362
230 405
240 418
192 378
184 374
184 375
231 369
181 368
180 369
179 370
179 369
180 370
179 371
178 368
178 367
177 366
176 365
175 364
176 364
175 366
178 366
174 363
173 363
172 362
171 361
170 360
169 360
168 360
168 359
167 358
166 357
171 360
167 357
170 362
170 363
171 363
173 362
174 361
166 359
165 359
177 368
167 360
169 359
172 364
172 365
173 365
176 366
168 361
171 362
164 358
163 357
164 356
163 359
162 356
161 356
160 356
160 355
159 354
158 353
157 353
156 353
156 352
157 351
156 350
155 351
154 350
157 350
159 353
155 350
158 355
158 356
159 356
161 355
162 354
154 352
153 352
164 355
164 354
157 352
160 357
160 358
161 358
163 358
156 354
174 362
177 367
167 359
159 355
170 364
170 365
171 365
152 351
151 351
151 350
151 349
151 348
152 347
150 347
149 347
149 346
152 349
149 348
149 349
150 349
152 348
162 355
173 364
233 415
165 360
165 361
225 411
226 376
217 407
217 408
236 420
229 381
229 382
155 352
214 401
174 365
166 361
226 412
185 374
158 357
230 382
180 381
159 358
200 359
218 407
203 364
169 371
161 367
172 376
172 377
213 414
213 415
192 391
205 410
233 392
212 369
225 388
204 365
236 397
236 398
215 374
202 404
162 368
181 381
194 400
173 377
214 378
165 373
226 389
237 398
238 363
229 394
230 359
176 388
195 401
214 414
187 397
187 398
188 362
206 410
207 375
179 393
179 394
198 406
199 371
218 384
191 367
191 368
210 380
157 374
222 354
168 383
168 384
188 398
201 417
201 418
180 394
221 395
240 408
200 372
191 403
232 404
232 405
192 368
211 381
184 364
224 400
243 413
243 414
203 377
190 407
223 355
169 384
161 380
181 358
180 358
179 359
180 359
178 358
177 358
177 357
177 356
176 356
175 356
175 355
175 354
175 353
176 354
174 353
173 353
172 353
172 352
171 351
170 350
171 350
170 352
173 352
174 351
173 350
174 350
169 349
169 348
168 347
169 347
168 349
167 347
166 347
165 348
165 349
166 349
168 348
172 354
171 352
164 348
163 347
163 346
164 346
163 349
162 346
161 346
160 346
160 345
161 344
160 343
159 344
158 343
161 343
162 344
159 343
162 343
158 345
161 345
164 345
160 347
163 348
174 352
166 348
167 349
159 345
162 345
173 354
233 405
165 350
165 351
225 401
226 366
244 414
217 397
183 404
229 371
229 372
202 417
194 413
195 378
214 391
187 374
187 375
206 387
166 351
198 383
218 361
230 372
188 375
228 411
207 388
180 371
220 407
199 384
239 420
239 421
219 362
191 380
210 393
211 358
203 354
222 367
150 348
169 361
161 357
221 408
153 353
153 354
240 421
172 366
213 404
205 400
233 382
224 413
225 378
217 374
217 375
183 381
162 358
202 394
154 354
194 390
173 367
214 368
206 364
226 379
216 414
176 378
195 391
187 387
206 400
207 365
179 383
198 396
199 361
239 397
239 398
218 374
210 370
168 373
209 411
201 407
160 369
160 370
180 384
221 385
240 398
241 399
241 400
241 401
213 381
213 382
232 394
233 359
224 390
190 397
236 364
236 365
169 374
182 393
182 394
161 370
213 417
233 395
205 413
246 414
246 415
225 391
226 356
217 387
237 365
183 394
229 361
202 407
175 390
176 355
194 403
193 404
235 404
195 368
214 381
187 364
187 365
247 415
248 415
179 360
179 361
198 373
218 351
164 380
176 391
209 388
168 350
168 351
188 365
228 401
180 361
220 397
239 410
186 404
232 371
232 372
178 400
177 399
178 399
176 398
176 397
175 398
174 398
173 398
172 398
172 397
173 396
172 395
171 394
170 393
169 393
168 392
167 391
166 390
171 393
167 390
170 395
170 396
171 396
173 395
174 394
173 393
174 396
169 392
168 394
171 395
174 395
167 392
170 397
173 397
168 393
169 394
197 413
169 351
161 347
242 421
221 398
213 394
233 372
205 390
224 403
225 368
171 397
217 364
231 411
183 371
175 367
175 368
194 380
214 358
206 354
164 357
176 368
216 404
235 417
208 400
227 413
227 414
228 378
207 355
210 360
157 354
149 350
149 351
209 401
228 414
160 359
221 375
205 367
224 380
171 374
190 387
150 351
182 383
182 384
202 361
205 403
217 377
212 411
204 407
183 384
215 416
215 417
235 394
227 390
227 391
206 367
193 397
239 364
164 370
216 417
208 413
228 391
201 374
220 387
221 352
240 365
167 381
186 394
232 361
232 362
178 390
224 357
197 403
170 386
170 387
189 399
190 364
182 360
201 410
242 411
234 407
234 408
213 384
233 362
200 414
224 393
225 358
171 387
217 354
190 400
203 419
231 401
163 383
223 397
183 361
202 374
175 357
175 358
235 371
204 420
164 347
196 416
176 358
216 394
235 407
208 390
209 355
227 403
228 368
174 397
220 364
193 410
186 371
157 344
156 344
197 380
238 418
189 376
189 377
230 414
209 391
241 423
241 424
201 387
220 400
221 365
213 361
205 357
224 370
219 404
171 364
190 377
163 360
163 361
222 409
207 362
182 373
242 424
152 350
212 401
231 414
204 397
223 410
196 393
215 406
216 371
208 367
227 380
227 381
193 387
185 383
164 360
216 407
208 403
209 368
228 381
201 364
220 377
167 371
186 384
159 367
178 380
218 416
197 393
170 376
170 377
189 389
234 397
234 398
200 404
219 417
192 400
171 377
211 413
212 378
231 391
203 409
204 374
223 387
215 383
235 361
181 390
227 357
227 358
193 364
212 414
204 410
196 406
216 384
208 380
248 416
248 417
155 374
228 358
174 387
220 354
193 400
166 383
167 348
185 396
186 361
177 392
178 357
197 370
238 408
170 353
170 354
230 404
189 366
189 367
249 417
250 417
250 418
250 419
241 413
201 377
188 407
221 355
234 374
234 375
167 384
213 351
199 416
200 381
219 394
224 360
223 361
171 354
211 390
190 367
231 368
163 350
163 351
222 399
223 364
200 417
192 413
212 391
204 387
223 400
196 383
215 396
216 361
235 374
208 357
181 403
227 370
174 364
193 377
166 360
226 411
185 373
177 369
177 370
237 420
229 416
229 417
230 381
209 358
220 367
219 368
207 397
167 361
186 374
159 357
178 370
218 406
219 371
238 421
170 366
210 402
230 417
222 376
234 387
200 394
219 407
151 352
151 353
192 390
211 403
184 386
184 387
212 368
203 399
231 381
204 364
222 412
223 377
162 367
181 380
173 376
152 353
165 372
226 388
196 396
195 397
237 397
216 374
229 393
208 370
174 377
214 413
206 409
166 373
185 386
158 369
158 370
218 383
197 360
196 359
196 361
196 360
238 398
230 394
188 397
234 364
234 365
207 410
180 393
199 406
159 370
200 371
191 402
219 384
192 367
210 415
211 380
231 358
222 389
223 354
169 383
215 350
215 351
161 379
172 388
172 389
192 403
233 404
212 381
244 413
196 373
236 409
236 410
215 386
216 351
235 364
162 380
202 416
181 393
173 389
214 390
174 354
193 367
165 385
166 350
185 363
226 401
158 346
158 347
245 414
177 359
177 360
237 410
229 406
230 371
195 413
188 374
167 351
198 418
159 347
218 396
178 360
219 361
191 379
211 357
222 366
240 420
192 380
232 416
232 417
211 393
184 376
184 377
212 358
231 371
203 389
204 354
223 367
169 396
215 363
162 357
181 370
154 353
173 366
233 417
165 362
165 363
225 413
226 378
217 409
217 410
229 383
229 384
208 360
195 390
155 354
174 367
214 403
187 386
166 363
206 399
207 364
198 395
158 359
218 373
210 369
230 384
231 385
232 384
241 393
207 400
180 383
199 396
200 361
240 397
219 374
191 392
210 405
211 370
203 366
222 379
169 373
161 369
213 416
172 378
172 379
233 394
205 412
184 389
225 390
204 367
217 386
236 399
236 400
235 401
196 363
197 364
198 363
237 364
183 393
162 370
202 406
194 402
173 379
214 380
165 375
247 414
206 376
226 391
237 400
238 365
229 396
230 361
176 390
195 403
187 399
188 364
206 412
179 395
179 396
178 397
180 360
198 408
239 409
218 386
219 351
191 369
191 370
190 371
210 382
157 376
222 356
168 385
168 386
169 350
234 367
235 368
236 367
180 396
181 397
182 396
221 397
200 374
240 410
172 355
172 356
213 393
232 406
232 407
231 408
192 370
193 371
194 370
233 371
224 402
184 366
243 415
203 379
190 409
236 376
236 377
235 378
234 377
233 378
169 386
215 353
202 383
162 347
181 360
173 356
233 407
165 352
225 403
226 368
217 399
236 412
229 373
202 419
176 367
194 415
195 380
235 416
155 344
154 344
153 344
153 343
214 393
187 376
187 377
186 378
206 389
166 353
179 372
179 373
178 374
158 349
218 363
210 359
230 374
231 375
232 374
209 400
168 362
168 363
188 377
228 413
220 409
220 410
219 411
180 373
199 386
239 422
191 382
219 364
232 383
211 360
203 356
222 369
150 350
169 363
161 359
221 410
153 355
153 356
213 406
172 368
205 402
233 384
224 415
225 380
217 376
183 383
162 360
202 396
175 379
175 380
174 381
194 392
194 393
193 394
154 356
214 370
165 365
206 366
226 381
198 362
164 369
229 386
216 416
176 380
195 393
208 412
187 389
228 390
179 385
207 367
198 398
199 363
239 399
239 400
218 376
197 402
168 375
209 413
160 371
201 409
240 400
213 383
232 396
205 379
233 361
184 356
224 392
225 357
171 386
190 399
236 366
182 395
161 372
202 373
194 369
205 415
246 416
246 417
245 418
225 393
226 358
217 389
204 419
237 367
183 396
229 363
175 392
176 357
194 405
235 406
195 370
214 383
187 366
227 402
206 379
247 417
179 362
179 363
178 364
193 409
198 375
218 353
164 382
168 352
168 353
160 348
160 349
180 363
181 364
182 363
167 393
191 372
232 373
170 398
170 399
190 376
169 353
242 423
161 349
153 345
234 419
234 420
233 374
171 399
236 379
231 413
183 373
175 369
175 370
174 371
194 382
164 359
156 355
156 356
216 406
176 370
235 419
187 379
227 415
228 380
179 375
157 356
220 412
232 386
224 382
219 416
171 376
163 372
163 373
162 374
182 385
202 363
183 386
229 353
228 352
215 418
175 382
195 360
194 360
193 361
194 359
194 358
235 396
227 392
227 393
228 357
198 365
193 399
239 366
239 367
185 395
164 372
249 416
228 393
167 383
213 350
213 349
186 396
232 363
178 392
170 388
170 389
169 390
171 353
190 366
182 362
242 413
234 409
234 410
233 411
171 389
217 356
231 403
182 398
183 363
175 359
194 372
235 373
181 402
214 350
246 419
245 420
244 420
245 421
164 349
156 345
156 346
235 409
228 370
186 373
178 369
157 346
238 420
189 378
189 379
230 416
241 425
241 426
240 427
213 363
219 406
171 366
190 379
231 380
163 362
163 363
162 364
182 375
242 426
202 353
152 352
231 416
215 408
235 386
236 387
237 388
236 389
227 382
174 376
185 385
177 381
177 382
197 359
238 397
241 402
241 403
240 404
167 373
186 386
159 369
232 353
178 382
218 418
170 378
234 399
192 402
184 398
184 399
183 400
231 393
163 375
216 350
235 363
181 392
227 359
227 360
173 388
193 366
185 362
245 413
237 409
248 418
248 419
228 360
174 389
193 402
166 385
167 350
185 398
186 363
159 346
178 359
238 410
197 372
170 355
170 356
169 357
230 406
189 368
249 419
241 415
234 376
171 356
231 370
163 352
182 365
169 395
234 412
181 369
233 416
152 342
151 342
151 341
236 421
236 422
235 423
234 422
233 423
232 423
233 424
232 425
232 426
233 426
234 427
234 426
235 426
235 425
234 428
231 422
230 421
231 421
231 420
230 423
229 423
230 424
229 425
228 422
228 421
228 420
227 422
227 421
226 420
225 420
235 428
236 429
236 428
237 427
238 427
237 429
237 428
238 429
239 429
230 425
233 425
226 422
225 422
232 427
187 384
235 427
227 423
227 424
228 424
238 428
231 424
226 421
229 426
233 427
225 423
226 424
228 423
232 419
231 423
227 425
230 426
231 426
226 423
235 376
155 353
174 366
193 379
166 362
226 413
185 375
158 358
177 371
177 372
237 422
229 418
230 383
241 392
201 356
167 363
159 359
218 408
178 372
170 368
230 419
242 393
234 389
192 392
151 354
184 388
231 383
196 362
162 369
181 382
173 378
165 374
226 390
237 399
238 364
229 395
174 379
214 415
166 375
158 371
197 362
238 400
230 396
241 405
188 399
234 366
180 395
191 404
192 369
184 365
231 360
163 342
162 341
163 340
223 356
169 385
215 352
161 381
161 382
181 359
172 390
172 391
173 355
233 406
184 401
225 402
244 415
196 375
236 411
216 353
202 418
162 382
227 362
173 391
174 356
193 369
166 352
185 365
226 403
158 348
177 361
237 412
229 408
230 373
188 376
167 353
180 372
159 349
191 381
170 358
211 359
203 355
169 362
234 379
221 409
200 386
240 422
172 367
232 418
192 382
233 383
184 378
224 414
212 360
203 391
204 356
223 369
236 388
215 365
162 359
181 372
154 355
173 368
233 419
165 364
225 415
226 380
217 411
236 424
237 389
229 385
176 379
155 356
195 392
214 405
187 388
166 365
206 401
179 384
198 397
199 362
218 375
210 371
230 386
168 374
228 425
188 389
234 356
180 385
199 398
200 363
240 399
219 376
191 394
232 395
211 372
203 368
222 381
169 375
161 371
172 380
171 381
213 418
205 414
233 396
225 392
226 357
217 388
196 365
236 401
237 366
183 395
229 362
202 408
162 372
175 391
194 404
195 369
214 382
165 377
247 416
226 393
198 374
218 352
164 381
238 367
229 398
230 363
176 392
195 405
187 401
228 402
188 366
179 397
207 379
180 362
198 410
239 411
239 412
199 375
218 388
219 353
191 371
210 384
168 387
167 388
169 352
161 348
221 399
240 412
172 357
172 358
213 395
192 372
232 408
205 391
233 373
224 404
184 368
225 369
171 398
236 378
215 355
162 349
202 385
181 362
154 345
194 381
173 358
214 359
165 354
225 405
226 370
217 401
237 379
229 375
176 369
235 418
155 346
195 382
214 395
187 378
206 391
207 356
179 374
198 387
158 351
218 365
210 361
157 355
168 364
168 365
209 402
188 379
228 415
201 398
160 360
160 361
220 411
180 375
221 376
191 384
232 385
211 362
224 381
203 358
243 394
242 395
190 388
150 352
169 365
211 418
161 361
221 412
153 357
172 370
213 408
205 404
233 386
224 417
225 382
217 378
231 425
236 391
183 385
229 352
202 398
175 381
194 394
154 358
195 359
214 372
206 368
198 364
164 371
230 353
176 382
216 418
208 414
187 391
228 392
179 387
207 369
220 388
199 365
239 401
238 402
239 402
240 366
191 361
186 395
210 374
197 404
157 368
189 400
168 377
209 415
201 411
160 373
159 374
221 389
240 402
213 385
232 398
233 363
205 381
184 358
224 394
225 359
171 388
217 355
190 401
236 368
163 384
163 385
182 397
183 362
202 375
194 371
214 349
246 418
226 360
217 391
237 369
183 398
229 365
175 394
216 395
176 359
235 408
195 372
227 404
227 405
187 368
247 419
179 364
198 377
193 411
218 355
164 384
210 351
157 345
168 354
167 355
228 405
160 350
160 351
220 401
180 365
221 366
239 414
213 362
232 375
224 371
197 417
170 400
170 401
190 378
182 374
161 351
242 425
153 347
234 421
213 398
172 360
233 376
225 372
212 402
236 381
231 415
223 411
183 375
175 371
215 407
194 384
235 385
214 362
206 358
164 361
156 357
156 358
176 372
216 408
235 421
208 404
209 369
228 382
179 377
220 378
186 385
178 381
157 358
189 390
189 391
168 367
209 405
201 401
221 379
213 375
232 388
205 371
224 384
219 418
171 378
211 414
190 391
231 392
236 358
163 374
182 387
181 387
202 365
194 361
212 415
204 411
196 407
175 384
216 385
235 398
208 381
227 394
226 395
187 358
228 359
174 388
193 401
185 397
164 374
177 393
177 394
197 371
238 409
208 417
249 418
209 382
228 395
241 414
201 378
220 391
221 356
167 385
213 352
186 398
232 365
178 394
224 361
197 407
170 390
171 355
189 403
190 368
182 364
242 415
234 411
200 418
205 384
171 391
217 358
212 392
231 405
204 388
183 365
223 401
215 397
175 361
235 375
227 371
227 372
193 378
164 351
237 421
156 347
155 348
216 398
208 394
209 359
227 407
228 372
201 355
220 368
193 414
167 362
186 375
178 371
197 384
238 422
170 367
189 380
230 418
201 391
241 427
234 388
213 365
200 395
205 361
219 408
171 368
211 404
190 381
203 400
163 364
231 382
182 377
222 413
223 378
202 355
234 424
152 354
212 405
204 401
223 414
196 397
215 410
216 375
235 388
208 371
174 378
193 391
166 374
185 387
177 383
177 384
238 399
197 361
230 395
209 372
201 368
241 404
167 375
207 411
186 388
199 407
159 371
232 355
178 384
224 351
219 385
170 380
189 393
231 359
163 341
222 390
234 401
200 408
192 404
211 417
184 400
212 382
231 395
203 413
223 391
196 374
175 351
215 387
216 352
235 365
162 381
181 394
227 361
173 390
174 355
165 386
165 387
193 368
185 364
226 402
245 415
196 410
237 411
229 407
208 384
248 420
228 362
195 414
174 391
220 358
166 387
167 352
185 400
186 365
159 348
177 396
218 397
178 361
197 374
238 412
170 357
189 370
188 371
230 408
241 417
242 418
243 417
234 378
200 385
219 398
192 381
151 343
151 344
211 394
171 358
212 359
203 390
163 354
231 372
204 355
223 368
215 364
181 371
152 344
233 418
225 414
204 391
236 423
196 387
215 400
216 365
208 361
227 374
155 355
214 404
174 368
193 381
166 364
226 415
185 377
158 360
177 373
176 374
237 424
238 425
239 424
238 389
229 420
230 385
241 394
201 358
188 388
167 365
207 401
159 361
200 362
218 410
191 393
219 375
170 370
210 406
222 380
234 391
192 394
211 407
184 390
203 403
204 368
223 381
196 364
215 377
162 371
181 384
227 351
173 380
165 376
193 358
192 358
191 358
191 357
191 359
192 359
190 358
189 358
189 357
226 392
237 401
238 366
229 397
230 362
195 404
214 417
187 400
206 413
166 377
198 409
158 373
199 374
218 387
219 352
210 383
170 347
171 348
230 398
189 360
222 357
188 401
234 368
207 414
180 397
200 375
240 411
219 388
191 406
192 371
211 384
184 367
163 344
243 416
231 362
222 393
223 358
169 387
215 354
161 383
162 348
181 361
172 392
173 357
233 408
165 353
184 403
225 404
226 369
244 417
217 400
196 377
236 413
216 355
229 374
162 384
155 345
195 381
214 394
174 358
206 390
166 354
185 367
226 405
158 350
177 363
218 364
237 414
229 410
230 375
188 378
207 391
180 374
239 423
159 351
199 387
218 400
219 365
191 383
211 361
203 357
222 370
169 364
161 360
221 411
240 424
172 369
213 407
232 420
192 384
151 346
233 385
212 362
184 380
224 416
225 381
204 358
236 390
215 367
202 397
162 361
181 374
154 357
173 370
214 371
233 421
165 366
225 417
226 418
227 417
226 382
217 413
236 426
237 391
238 392
239 391
229 387
176 381
195 394
155 358
241 361
214 407
187 390
206 403
207 368
179 386
198 399
199 364
218 377
191 360
168 376
209 414
242 362
188 391
234 358
179 389
239 403
186 397
232 364
178 393
157 370
168 379
160 375
172 359
242 414
172 349
232 400
232 410
233 365
206 384
171 390
214 384
236 370
231 404
182 399
183 364
175 360
194 373
214 351
165 346
246 420
164 350
175 396
195 362
176 361
235 410
195 374
227 406
187 370
228 371
179 366
195 361
164 386
157 347
168 356
228 407
160 352
213 364
232 377
171 367
190 380
150 344
182 376
161 353
202 354
153 349
214 365
234 423
240 391
231 417
183 377
215 409
217 417
175 373
194 386
188 368
180 368
235 387
214 364
227 383
162 342
164 363
156 359
216 410
221 369
227 419
228 384
230 356
239 393
167 374
186 387
232 354
178 383
224 350
170 379
243 363
189 392
165 347
190 357
160 365
234 400
191 373
233 355
207 372
225 351
171 380
224 374
190 393
225 398
231 394
236 360
163 376
182 386
182 389
194 363
164 340
168 389
235 400
227 396
210 377
228 361
174 390
193 403
202 414
166 386
209 395
185 399
186 364
177 395
179 399
156 372
238 411
227 416
197 373
230 407
236 403
189 369
168 346
249 420
241 416
160 342
167 387
186 400
232 367
178 396
170 392
171 357
209 418
190 370
163 353
182 366
242 417
234 413
152 343
231 407
175 363
235 377
227 373
193 380
185 376
226 414
226 363
164 353
198 403
237 423
156 349
229 419
228 374
233 379
201 357
167 364
186 377
159 360
218 409
194 396
178 373
238 424
170 369
230 420
224 349
242 394
234 390
225 362
218 358
184 361
219 410
192 393
171 370
163 366
231 384
182 379
181 383
152 356
215 412
235 390
183 374
227 386
233 375
228 351
214 416
174 380
193 393
239 360
166 376
185 389
158 372
177 385
197 363
238 401
170 346
230 397
189 359
167 377
159 373
178 386
224 353
170 382
190 360
231 361
163 343
234 403
231 397
244 416
196 376
216 354
235 367
162 383
181 396
173 392
174 357
193 370
226 404
185 366
245 417
177 362
237 413
229 409
209 351
174 393
166 389
167 354
186 367
159 350
177 398
178 363
238 414
170 359
189 372
230 410
241 419
234 380
240 423
192 383
151 345
184 379
212 361
231 374
163 356
181 373
173 369
152 346
233 420
225 416
217 412
236 425
237 390
155 357
174 370
166 366
185 379
226 417
177 375
237 426
238 391
229 422
230 387
241 396
188 390
234 357
180 386
218 412
191 395
192 360
169 376
172 381
192 396
233 397
184 392
196 366
236 402
235 357
162 373
181 386
227 353
173 382
226 385
165 378
193 360
226 394
238 359
237 403
229 399
230 364
176 393
187 402
188 367
179 398
158 375
170 349
211 350
168 388
188 403
234 370
180 399
240 413
232 409
192 373
211 386
184 369
212 351
203 382
243 418
231 364
223 360
169 389
215 356
162 350
181 363
154 346
172 394
173 359
233 410
165 355
225 406
226 371
237 371
244 419
217 402
236 415
237 380
229 376
208 353
155 347
195 383
214 396
174 360
166 356
206 392
207 357
198 388
158 352
177 365
218 366
227 420
210 362
229 412
230 377
228 416
188 380
207 393
180 376
199 389
239 425
219 367
191 385
210 398
211 363
203 359
222 372
199 358
169 366
161 362
221 413
240 426
213 409
172 371
232 422
205 405
233 387
224 418
184 382
225 383
204 360
217 379
236 392
162 363
202 399
194 395
173 372
165 368
206 369
225 419
226 384
217 415
237 393
229 389
230 354
176 383
195 396
241 363
214 409
187 392
188 357
206 405
179 388
207 370
198 401
199 366
218 379
191 362
210 375
157 369
209 416
168 378
234 360
160 374
201 412
180 389
221 390
240 403
213 386
192 363
232 399
233 364
184 359
224 395
203 372
223 350
190 402
236 369
169 379
161 375
202 376
172 384
173 349
205 418
233 400
225 396
226 361
217 392
236 405
237 370
183 399
229 366
202 412
175 395
176 360
194 408
195 373
214 386
187 369
166 346
206 382
247 420
179 365
198 378
218 356
164 385
210 352
230 367
176 396
168 355
228 406
188 370
179 401
220 402
180 366
239 415
199 379
219 357
191 375
232 376
211 353
197 418
222 362
168 391
169 356
161 352
221 403
153 348
213 399
172 361
232 412
233 377
205 395
224 408
225 373
243 421
217 369
183 376
162 353
202 389
175 372
194 385
154 349
214 363
165 358
206 359
226 374
164 362
229 379
176 373
216 409
195 386
235 422
227 418
187 382
228 383
207 360
179 378
198 391
239 392
218 369
210 365
157 359
209 406
168 368
228 419
201 402
160 364
220 415
221 380
239 428
240 393
213 376
232 389
205 372
233 354
224 385
225 350
171 379
190 392
236 359
182 388
161 365
194 362
205 408
225 386
226 351
217 382
212 416
237 360
183 389
229 356
175 385
194 398
195 363
235 399
214 376
187 359
227 395
206 372
198 368
164 375
156 371
208 418
209 383
188 360
228 396
220 392
221 357
239 405
167 386
191 365
186 399
232 366
178 395
224 362
157 372
197 408
170 391
189 404
190 369
169 346
160 377
201 415
161 342
242 416
221 393
213 389
172 351
233 367
224 398
225 363
171 392
217 359
190 405
236 372
231 406
182 401
183 366
223 402
175 362
194 375
214 353
164 352
156 348
216 399
176 363
235 412
187 372
227 408
228 373
179 368
220 369
186 376
210 355
157 349
238 423
189 381
209 396
168 358
160 354
220 405
221 370
160 363
213 366
232 379
205 362
219 409
224 375
171 369
190 382
150 346
163 365
225 349
182 378
202 356
234 425
153 351
152 355
217 372
212 406
231 419
204 402
223 415
183 379
196 398
215 411
175 375
216 376
235 389
227 385
206 362
188 358
198 358
193 392
185 388
164 365
216 412
156 370
208 408
209 373
228 386
201 369
220 382
239 395
240 360
167 376
186 389
159 372
232 356
178 385
224 352
197 398
170 381
189 394
190 359
234 402
213 379
200 409
205 375
192 405
225 353
171 382
217 349
212 383
203 414
236 362
231 396
163 378
182 391
223 392
183 356
202 369
175 352
215 388
194 365
235 366
181 395
204 415
245 416
196 411
216 389
235 402
208 385
227 398
228 363
179 358
174 392
220 359
193 405
166 388
185 401
186 366
177 397
178 362
197 375
238 413
230 409
189 371
209 386
241 418
201 382
160 344
221 360
167 389
213 356
232 369
178 398
224 365
219 399
170 394
171 359
211 395
190 372
163 355
231 373
182 368
222 404
242 419
234 415
152 345
212 396
231 409
204 392
223 405
196 388
215 401
175 365
216 366
235 379
208 362
227 375
174 369
193 382
227 384
185 378
226 416
177 374
156 351
237 425
238 390
229 421
208 398
209 363
228 376
241 395
201 359
220 372
207 402
167 366
186 379
159 362
178 375
218 411
238 426
197 388
210 407
170 371
230 422
189 384
242 396
234 392
200 399
219 412
192 395
211 408
171 372
184 391
231 386
163 368
203 404
204 369
222 417
223 382
215 378
181 385
227 352
173 381
193 359
204 405
196 401
237 402
216 379
208 375
227 388
228 353
214 418
174 382
193 395
166 378
206 414
239 362
185 391
158 374
177 387
238 403
197 365
170 348
230 399
189 361
241 408
188 402
234 369
207 415
167 379
180 398
199 411
159 375
200 376
191 407
219 389
170 384
171 349
211 385
212 350
231 363
163 345
203 381
182 358
222 394
223 359
169 388
234 405
200 412
172 393
192 408
233 409
184 404
212 386
203 417
204 382
244 418
223 395
196 378
236 414
215 391
216 356
235 369
208 352
181 398
227 365
173 394
174 359
193 372
166 355
185 368
226 406
245 419
177 364
237 415
229 411
230 376
209 353
167 356
159 352
178 365
218 401
219 366
170 361
210 397
230 412
189 374
222 371
234 382
240 425
219 402
232 421
192 385
151 347
211 398
212 363
184 381
231 376
204 359
222 407
223 372
162 362
181 375
173 371
233 422
165 367
225 418
226 383
217 414
236 427
237 392
229 388
208 365
155 359
195 395
241 362
174 372
214 408
206 404
166 368
185 381
226 419
177 377
218 378
238 393
229 424
230 389
241 398
242 363
188 392
234 359
207 405
180 388
199 401
200 366
218 414
191 397
219 379
192 362
210 410
231 353
203 371
222 384
169 378
161 374
172 383
192 398
205 417
233 399
184 394
225 395
204 372
196 368
236 404
162 375
202 411
181 388
194 407
227 355
173 384
214 385
174 349
165 380
193 362
185 358
226 396
237 405
229 401
230 366
176 395
195 408
188 369
206 417
179 400
207 382
167 346
198 413
199 378
218 391
191 374
219 356
170 351
210 387
211 352
222 361
168 390
169 355
188 405
234 372
180 401
221 402
240 415
200 379
232 411
192 375
184 371
224 407
212 353
203 384
243 420
223 362
169 391
215 358
162 352
181 365
154 348
172 396
173 361
233 412
165 357
225 408
226 373
244 421
217 404
236 417
229 378
195 385
155 349
214 398
187 381
206 394
166 358
158 354
198 390
218 368
210 364
230 379
188 382
210 400
240 392
228 418
180 378
220 414
239 427
199 391
160 372
191 387
180 387
219 369
221 388
211 365
240 401
200 365
191 396
232 397
203 361
192 361
222 374
184 357
169 368
161 364
169 377
221 415
240 428
161 373
172 373
213 411
232 424
233 389
205 407
172 382
225 385
226 350
205 416
233 398
217 381
225 394
236 394
183 397
176 384
226 359
237 359
217 390
183 388
229 355
162 365
202 401
237 368
194 397
229 364
202 410
214 375
175 393
194 406
165 370
206 371
195 371
226 386
187 367
247 418
182 400
206 380
238 360
198 376
229 391
218 354
164 383
176 385
195 398
241 365
230 365
176 394
187 394
188 359
206 407
179 390
187 403
235 420
228 404
199 368
239 404
218 381
207 381
191 364
180 364
239 413
199 377
157 371
219 355
210 386
211 351
222 351
197 416
168 380
160 376
222 360
201 414
161 341
169 354
221 392
240 405
172 350
161 350
221 401
192 365
232 401
233 366
153 346
240 414
224 397
213 397
243 410
184 370
224 406
236 371
225 371
243 419
217 367
161 377
236 380
202 378
194 374
162 351
202 387
173 351
214 352
205 420
194 383
154 347
246 421
173 360
214 361
165 356
217 394
206 357
236 407
226 372
237 372
183 401
217 403
229 368
175 397
176 362
194 410
229 377
235 411
195 375
214 388
187 371
176 371
195 384
179 367
198 380
158 344
187 380
206 393
179 376
207 358
198 389
239 390
218 367
157 348
210 363
168 357
157 357
188 372
228 408
160 353
168 366
220 404
209 404
239 417
228 417
201 400
160 362
191 377
220 413
180 377
232 378
221 378
239 426
211 355
213 374
232 387
150 345
224 383
203 360
169 358
190 390
161 354
221 405
169 367
153 350
172 363
161 363
213 401
202 364
232 414
205 397
172 372
213 410
225 375
231 427
233 388
205 406
175 374
217 371
231 418
225 384
183 378
217 380
236 393
202 391
237 358
194 387
154 351
183 387
229 354
202 400
175 383
235 397
206 361
214 374
187 357
206 370
164 364
198 366
164 373
176 375
216 411
235 424
208 407
228 385
179 380
220 381
228 394
