404 561
403 560
402 560
401 560
405 562
404 559
404 562
403 563
400 561
399 562
398 561
402 561
405 560
402 564
401 563
400 564
399 565
405 563
406 564
406 565
405 566
404 565
403 566
402 567
401 566
400 567
399 568
398 567
406 562
407 563
408 562
409 561
398 560
397 562
396 563
398 569
397 569
396 570
395 571
394 572
396 572
397 571
403 559
403 568
395 564
394 563
394 565
409 563
400 560
395 573
394 574
393 574
392 575
391 576
392 577
393 576
405 559
396 565
407 565
398 562
397 564
391 578
396 574
397 573
401 564
403 561
404 569
405 568
403 570
395 566
394 567
400 562
392 579
394 576
393 578
395 575
399 566
406 559
405 561
407 558
406 557
405 557
407 556
406 555
407 554
408 553
409 552
409 551
410 550
408 555
410 552
409 554
408 557
409 556
402 571
401 571
405 570
396 567
411 549
412 550
398 564
397 566
391 580
390 581
389 581
397 575
398 576
399 575
408 550
407 549
406 548
407 547
406 546
407 545
408 544
409 543
408 546
410 543
409 545
408 548
410 545
409 547
406 550
405 550
409 549
393 562
392 561
392 563
409 558
403 572
393 571
392 570
393 569
392 568
391 571
390 572
392 572
394 569
404 571
395 568
392 581
392 582
391 583
392 584
393 583
394 583
400 576
401 559
401 568
404 564
393 564
401 577
401 578
393 573
404 573
413 551
413 552
393 582
405 547
405 556
405 565
397 561
405 574
405 575
397 570
409 544
409 553
394 564
408 566
409 567
400 571
389 571
389 580
404 550
401 572
401 573
393 568
404 568
393 577
405 551
405 552
406 552
397 565
409 548
408 552
408 561
400 566
400 575
412 549
401 558
400 557
401 567
393 563
404 563
404 572
393 572
413 550
405 546
404 545
405 555
404 554
392 585
393 586
393 587
397 560
407 564
396 564
396 573
408 547
408 556
408 565
400 570
389 570
388 569
400 579
400 580
401 581
401 582
389 579
388 578
412 553
412 554
413 555
413 556
404 549
401 562
404 558
393 567
404 567
392 571
403 571
392 580
395 576
396 559
407 559
396 568
396 577
396 578
397 579
397 580
408 542
408 551
388 582
388 583
389 584
389 585
408 560
400 556
400 565
400 574
412 548
413 547
414 548
413 546
412 545
412 544
404 544
405 543
406 543
405 542
405 541
404 540
399 578
404 553
402 583
392 566
403 584
404 583
405 584
404 582
403 585
404 586
404 587
415 549
388 568
387 567
396 581
396 582
396 583
397 584
395 580
388 577
387 576
389 576
389 575
388 574
388 573
389 574
388 586
388 587
388 588
389 589
412 543
413 542
413 541
412 540
412 539
404 539
403 538
402 537
402 536
405 538
406 539
406 538
405 537
404 536
401 535
404 535
405 536
401 534
400 533
399 532
399 531
398 530
397 529
398 529
397 528
399 573
404 548
411 547
402 578
403 552
397 527
398 526
399 527
398 525
399 526
397 524
398 524
397 523
403 579
404 578
405 579
404 577
403 580
407 540
392 588
392 589
392 590
393 591
391 587
403 588
403 589
403 590
404 591
404 592
405 593
403 593
403 594
402 592
401 591
400 590
400 589
406 594
407 595
408 594
408 593
407 592
407 596
407 597
408 598
407 591
399 591
399 592
400 593
400 594
398 590
397 589
402 587
401 587
401 586
400 585
400 584
395 584
395 585
396 586
396 587
396 558
397 557
398 557
397 556
395 557
394 556
393 555
394 555
393 554
393 553
392 552
407 567
407 568
408 569
408 570
408 571
409 572
407 572
407 573
408 574
408 575
410 573
411 574
412 573
413 574
412 572
411 575
412 576
412 577
412 578
413 579
411 579
411 580
412 581
412 582
413 583
414 580
414 581
415 582
415 581
411 583
411 584
410 582
400 528
407 576
407 577
407 578
408 579
408 580
407 581
407 582
407 583
408 584
408 585
408 583
407 586
407 587
408 588
408 589
409 595
410 596
411 597
412 596
412 595
411 594
411 598
411 593
410 592
410 591
408 541
409 540
410 541
409 539
388 572
406 580
400 555
401 554
402 555
401 553
400 552
400 551
399 550
401 550
402 550
401 549
401 548
400 547
400 546
399 545
398 544
397 543
398 543
399 542
399 541
401 545
402 546
397 542
400 543
401 544
400 542
401 543
387 585
398 585
401 529
402 528
403 529
402 527
401 526
401 530
402 531
402 532
401 531
401 525
400 524
404 530
404 531
405 532
405 533
406 534
406 533
399 559
410 559
414 557
415 558
416 557
417 558
416 556
416 555
415 559
416 560
416 561
417 562
415 554
415 553
416 552
417 553
416 551
415 562
414 563
415 563
414 562
413 561
413 560
412 559
412 558
412 562
412 563
412 564
413 565
411 561
411 565
411 566
412 567
412 568
413 569
413 570
414 571
415 572
415 573
416 574
416 575
417 576
415 576
415 577
415 578
416 579
414 576
415 571
416 570
416 569
415 568
414 567
415 567
416 566
417 567
416 565
410 568
404 534
391 564
390 563
390 562
389 562
389 561
389 560
388 559
388 563
387 562
386 561
386 560
385 559
385 558
385 562
385 563
385 564
386 565
388 564
389 565
389 566
390 567
384 562
383 562
382 563
382 564
382 562
381 561
381 565
381 566
382 567
382 568
410 583
383 561
383 560
382 559
382 558
381 557
380 556
380 555
381 556
382 557
379 554
379 553
378 552
378 551
381 560
381 569
380 568
379 567
381 555
382 554
382 553
381 552
381 551
380 550
379 549
404 588
379 548
378 547
378 546
402 547
377 545
398 558
384 557
377 544
378 543
379 544
378 542
378 541
379 540
380 541
379 539
380 538
380 537
380 536
402 551
379 535
378 538
379 534
378 533
378 537
390 586
381 538
382 539
382 540
401 594
382 556
383 541
383 542
383 543
382 544
382 545
383 546
378 532
379 531
380 532
379 530
378 529
412 592
412 591
378 528
379 529
380 528
380 527
391 561
379 526
379 525
378 524
410 564
378 523
381 533
381 542
382 534
383 533
384 534
383 532
383 531
382 535
391 560
391 559
390 558
389 557
377 540
381 546
377 553
380 564
399 577
391 573
411 551
383 569
402 582
403 547
413 597
392 574
384 570
385 569
386 570
403 583
395 579
396 544
395 543
415 557
407 553
377 530
418 568
406 593
398 589
399 554
390 585
410 563
402 559
381 536
414 570
399 590
391 586
392 551
391 550
411 564
384 547
402 595
376 543
395 556
417 580
409 576
400 527
406 570
398 566
418 581
419 580
420 581
377 543
410 540
414 547
380 554
399 567
391 563
410 576
383 559
411 541
402 572
403 537
405 583
384 560
417 557
407 543
394 573
406 547
418 558
409 589
387 570
406 583
379 566
380 531
398 579
399 544
390 575
410 553
383 536
383 537
402 549
414 560
401 590
380 567
413 564
404 595
404 596
384 537
403 550
405 596
417 570
409 566
394 586
406 560
379 543
398 556
402 526
380 544
420 580
399 557
391 553
390 553
390 552
389 551
388 550
402 562
403 527
413 577
405 573
416 582
376 546
396 524
395 523
386 559
378 555
378 556
406 537
398 533
398 534
409 579
387 560
379 556
399 534
390 565
402 539
401 580
413 554
404 585
416 559
382 566
385 571
385 572
405 586
397 582
417 560
386 572
379 533
398 546
397 547
389 583
408 596
400 592
401 557
380 534
412 566
383 539
401 593
393 589
413 567
397 559
416 572
394 553
378 545
398 523
399 522
398 521
399 521
408 573
387 550
386 550
385 549
386 549
387 548
386 547
387 547
400 569
379 546
419 582
419 583
399 524
402 529
401 570
420 583
421 583
422 584
423 585
423 586
424 586
393 566
412 579
413 544
404 575
405 540
416 549
417 548
416 547
417 547
418 548
419 547
420 548
420 547
385 561
397 572
417 550
409 546
396 576
407 585
386 562
406 540
379 523
380 522
379 521
381 523
382 524
383 524
384 525
385 526
386 527
384 524
380 521
383 526
383 527
384 527
386 526
387 525
387 527
419 559
420 558
419 560
389 573
408 586
400 582
401 547
420 560
412 556
404 552
381 568
382 533
393 579
413 557
385 538
386 537
385 539
387 537
405 553
392 583
411 596
416 562
403 592
382 569
395 588
395 589
415 566
394 543
393 544
393 543
386 539
378 535
396 589
388 585
389 550
407 598
408 563
400 559
389 586
422 583
381 545
393 556
412 569
405 530
397 526
411 573
382 546
385 551
396 566
375 543
374 542
375 541
374 540
375 540
415 579
388 562
407 575
408 540
378 548
419 549
419 550
377 552
389 563
408 576
400 572
401 537
400 537
420 550
421 550
422 551
423 552
424 551
425 552
423 553
425 551
424 553
412 546
404 542
410 585
410 586
381 558
382 523
385 528
385 529
392 573
411 586
412 587
413 588
413 587
412 589
384 569
403 582
395 578
415 556
407 552
386 529
378 525
396 579
388 575
407 588
400 549
406 592
381 535
414 569
399 589
404 555
391 585
410 598
411 563
402 594
382 536
392 586
403 595
396 556
415 569
388 552
388 553
400 526
418 580
377 542
389 553
421 585
421 586
401 527
404 532
410 575
422 586
414 582
411 576
384 559
415 546
407 542
396 569
409 588
388 565
408 543
406 582
398 578
377 555
376 556
376 555
381 525
414 559
380 566
399 579
391 575
410 588
411 553
383 571
384 536
402 584
403 549
395 545
395 546
392 576
405 595
384 572
395 581
396 546
407 555
394 585
377 532
376 533
376 534
418 570
419 570
420 571
420 570
419 572
387 582
386 582
406 595
380 543
398 591
397 592
399 556
390 587
391 552
410 565
403 526
414 572
391 588
392 553
384 549
383 549
424 585
425 584
403 562
376 545
395 558
396 523
407 532
408 531
409 531
410 531
407 530
410 530
411 531
408 530
411 530
373 539
372 540
371 540
372 541
371 542
370 539
369 539
369 538
370 537
368 537
367 537
367 536
368 535
425 586
426 587
427 586
417 582
418 547
409 578
421 552
421 553
400 529
387 559
366 536
365 536
364 536
364 535
363 534
362 533
363 533
362 535
365 535
366 534
365 533
366 533
406 572
398 568
399 533
418 583
390 564
410 542
402 538
422 553
414 549
399 569
391 565
410 578
411 543
384 526
402 574
403 539
413 589
414 590
415 590
415 589
405 585
397 581
417 559
409 555
394 575
386 571
406 549
398 545
418 560
377 522
376 521
377 520
376 523
375 520
374 520
374 519
375 518
374 517
373 517
372 518
371 517
370 517
369 516
368 515
367 514
372 517
368 514
371 519
371 520
372 520
367 516
377 519
370 516
376 522
373 516
373 515
373 514
366 513
365 513
364 513
364 512
365 511
363 511
362 510
366 511
361 510
360 510
359 510
360 509
361 508
360 507
361 507
363 510
362 512
362 513
363 513
365 512
358 509
358 508
357 507
358 507
357 509
356 506
355 507
409 591
369 518
387 572
406 585
380 533
398 581
399 546
390 577
410 555
383 538
401 592
393 588
413 566
404 597
392 543
391 543
390 542
391 541
390 540
389 541
388 540
391 540
392 541
389 540
392 540
388 542
391 542
384 539
416 571
376 535
394 552
394 551
385 583
417 572
409 568
394 588
368 536
386 584
387 549
379 545
371 541
399 523
390 554
390 555
410 532
409 533
409 534
410 533
380 546
420 582
372 542
391 555
411 533
412 534
412 533
413 532
413 534
423 587
423 588
424 552
395 525
361 532
360 532
359 533
358 532
357 532
357 531
358 530
357 529
356 529
355 530
355 529
360 531
360 530
361 530
364 537
424 588
425 553
426 554
427 553
417 549
354 529
353 529
352 528
353 527
352 526
351 527
350 527
350 526
353 526
354 527
351 526
354 526
350 528
353 528
387 526
378 557
378 558
398 535
397 536
397 537
398 536
396 536
395 536
395 535
395 534
395 533
396 534
396 533
418 550
379 558
380 523
420 559
399 536
372 519
383 528
361 509
364 514
364 515
384 529
397 548
397 549
394 542
394 541
394 540
354 506
353 506
352 506
352 505
353 504
352 503
351 504
350 504
350 503
354 504
349 503
348 503
348 502
349 501
348 500
347 499
346 500
345 500
346 501
347 501
349 500
345 502
351 503
344 499
343 500
347 500
350 505
350 506
351 506
353 505
385 573
385 574
373 519
386 538
346 502
365 515
386 574
387 539
419 571
398 548
390 544
420 572
421 573
422 574
423 573
424 574
424 573
425 574
423 575
423 576
424 576
422 573
425 573
421 575
424 575
425 576
426 577
426 576
427 576
427 575
427 574
427 573
413 533
423 577
385 550
409 535
375 542
367 538
367 539
386 551
359 534
359 535
406 529
405 528
406 527
356 528
356 527
356 526
368 539
427 588
428 589
429 590
430 590
431 590
431 589
432 590
433 590
434 591
435 592
436 593
434 590
433 592
433 593
434 593
426 589
436 592
437 591
437 593
438 594
439 595
440 596
441 597
439 594
438 596
441 596
429 589
440 598
432 589
435 594
435 595
436 595
428 591
439 596
431 591
430 592
430 593
434 592
430 594
419 584
420 549
423 554
423 555
349 525
348 525
348 524
348 523
349 523
347 523
346 523
345 523
345 522
344 522
343 523
343 522
346 522
347 521
345 524
345 525
346 525
360 534
352 530
424 555
397 538
397 539
342 522
341 521
341 520
340 519
341 519
342 518
341 517
342 517
342 520
343 520
344 520
344 519
340 521
339 518
339 517
339 516
338 519
342 519
375 519
394 532
393 531
394 531
392 531
391 530
392 529
391 528
390 530
392 528
394 530
393 533
393 534
389 530
388 530
388 529
389 528
392 530
390 531
390 532
391 532
386 528
415 591
416 592
416 593
417 593
414 592
414 593
417 592
418 591
417 590
419 592
420 591
419 593
420 593
418 590
418 593
420 592
416 594
417 595
419 594
419 595
420 595
421 596
421 595
422 594
422 596
423 596
424 596
425 597
426 597
427 597
427 596
425 596
423 597
423 598
424 598
427 598
428 599
429 600
426 599
426 600
429 599
428 601
428 602
429 602
430 603
430 602
431 602
431 601
431 600
431 599
432 600
432 599
432 602
433 603
434 603
435 604
436 603
437 604
435 605
437 603
436 605
430 604
431 604
433 604
433 605
434 605
426 601
375 555
374 555
374 554
374 553
374 552
375 551
374 550
373 550
372 551
371 550
372 550
375 550
371 552
371 553
372 554
372 553
375 553
370 549
369 549
368 548
367 547
368 547
367 549
373 549
387 558
366 546
365 546
364 546
364 545
363 544
362 543
361 543
360 543
359 543
360 542
361 541
360 540
361 540
363 543
362 545
362 546
363 546
365 545
366 544
358 542
357 542
372 552
361 542
364 547
364 548
365 548
375 552
367 548
368 549
371 554
360 544
359 545
363 545
368 516
387 529
419 561
419 562
398 538
371 521
356 541
355 540
356 539
355 542
354 539
353 539
352 538
353 537
352 536
351 537
350 536
353 536
354 537
351 536
353 538
356 538
356 537
349 535
349 534
348 533
349 533
355 541
349 502
360 511
359 512
359 513
420 562
421 563
422 563
423 563
424 564
424 563
425 562
424 561
425 561
425 564
426 564
427 564
427 563
423 565
425 563
423 564
424 565
427 565
428 566
428 567
429 567
426 566
426 567
427 566
429 566
428 568
428 569
429 569
430 570
430 569
431 569
431 568
431 567
431 566
432 565
432 567
432 569
433 570
434 570
435 570
436 571
436 570
437 571
438 571
439 572
440 573
441 574
439 571
435 572
438 573
438 574
439 574
441 573
437 570
440 575
440 576
441 576
442 577
442 576
443 575
444 574
443 577
444 576
445 577
446 578
446 577
445 579
436 572
439 573
442 578
442 579
443 579
445 578
446 579
447 580
447 581
448 579
449 580
450 581
450 580
451 581
449 582
449 583
450 583
452 582
453 581
452 583
453 583
454 584
455 584
456 583
457 584
458 585
458 584
457 586
454 585
454 586
455 586
447 582
458 586
459 587
460 588
461 589
461 590
462 590
460 587
459 589
460 590
463 590
464 591
450 582
461 591
451 583
464 592
464 593
453 582
465 592
466 593
466 592
467 593
468 594
469 593
470 592
470 593
471 594
472 595
473 596
473 597
474 597
475 597
476 598
477 597
472 594
475 599
475 600
476 600
471 596
471 597
472 597
474 596
477 596
473 598
474 599
476 599
477 599
478 600
478 599
479 598
479 600
469 595
468 596
472 596
475 601
475 602
476 602
438 575
438 576
430 571
430 572
449 584
439 576
352 507
352 508
393 545
393 546
431 571
342 499
341 499
340 499
340 498
341 498
353 508
385 540
385 541
426 578
426 579
395 590
395 591
375 532
374 532
374 531
374 530
375 530
373 529
372 528
373 527
371 529
371 530
372 530
373 526
370 529
369 529
369 528
370 527
369 526
368 525
367 524
366 524
365 523
364 523
368 524
367 526
367 527
368 527
370 526
363 523
362 523
366 523
372 529
364 524
364 525
365 525
368 526
371 531
371 532
372 532
361 522
360 522
359 523
359 522
358 522
357 522
357 521
357 520
357 519
358 520
358 519
360 521
360 520
360 519
361 518
361 520
361 519
394 545
367 528
386 541
359 524
359 525
396 591
356 518
355 517
356 517
356 516
355 519
355 520
354 516
354 515
353 514
354 514
353 516
352 516
351 516
350 516
350 515
351 514
352 517
352 518
353 518
437 592
389 552
427 578
428 579
428 578
429 577
429 579
430 580
431 579
432 578
431 577
432 577
432 579
433 580
434 581
435 582
435 583
436 583
434 580
433 582
434 583
436 582
437 581
436 580
437 580
437 583
438 584
438 583
439 582
439 584
440 585
441 584
440 586
441 586
442 587
443 588
443 587
442 589
444 586
445 587
446 588
446 587
445 589
445 590
446 590
447 590
448 590
449 590
450 591
451 591
449 592
449 593
450 593
452 592
453 591
452 593
453 593
448 589
448 592
447 593
447 592
450 592
451 593
443 589
435 584
446 589
438 585
438 586
449 594
449 595
439 586
450 595
431 581
430 582
441 585
452 594
452 595
434 582
453 595
454 596
455 596
445 591
412 535
412 536
370 538
349 515
348 515
348 514
348 513
348 512
349 511
348 510
347 511
346 511
345 510
344 510
343 510
346 510
345 512
345 513
346 513
349 513
344 509
347 510
346 512
347 513
349 512
342 509
342 508
341 507
342 507
341 509
340 509
339 508
338 507
339 506
338 509
337 506
336 506
336 505
337 504
336 503
335 503
334 504
333 503
334 503
337 503
333 505
333 506
334 506
339 505
332 502
331 502
330 501
329 500
330 500
329 502
338 508
335 502
335 501
335 500
328 499
327 499
326 500
325 499
324 499
324 498
325 497
324 496
323 496
322 497
322 496
325 496
327 498
327 497
328 497
334 505
326 501
326 502
345 514
323 495
322 494
323 494
321 494
320 494
319 493
318 494
317 493
319 495
318 493
317 495
320 495
346 515
316 492
315 492
314 492
314 491
313 490
312 490
312 489
311 489
310 489
310 488
313 489
312 491
312 492
313 492
315 491
327 501
337 505
340 510
340 511
330 502
322 498
322 499
381 547
381 548
422 585
341 511
441 598
442 599
442 600
443 600
443 599
444 599
445 600
445 599
446 598
445 597
444 597
443 597
446 600
444 596
446 599
442 601
443 602
445 601
445 602
446 602
447 603
447 602
448 602
449 603
450 603
451 603
452 603
453 604
453 603
452 605
449 604
449 605
450 605
453 605
454 606
455 607
455 606
456 606
457 607
457 606
458 607
458 606
454 608
454 609
455 609
457 608
457 609
458 609
459 610
460 610
461 611
462 610
463 611
463 610
459 611
459 612
456 605
455 604
456 604
456 603
448 601
448 600
448 599
460 612
333 507
433 594
433 595
413 536
414 537
414 536
415 536
416 537
417 537
418 536
417 535
419 537
420 538
418 535
418 538
420 537
419 539
418 537
416 538
416 539
417 539
420 539
421 540
421 541
422 541
423 540
424 541
424 540
425 539
425 541
423 542
423 543
424 543
422 540
425 540
421 542
421 543
422 543
424 542
425 543
426 544
427 543
428 544
429 545
429 544
428 546
428 545
429 546
430 547
431 546
432 545
431 544
432 544
432 546
433 547
434 548
435 547
436 548
436 547
437 548
435 549
435 550
436 550
434 547
437 547
433 549
433 550
434 550
436 549
437 550
438 551
439 551
435 551
435 552
436 552
438 552
438 553
427 542
427 541
439 553
440 553
431 548
430 549
423 544
424 545
311 488
363 535
382 548
314 493
314 494
355 531
355 532
374 544
434 595
394 522
393 521
394 520
393 523
392 520
391 520
390 520
390 519
391 518
389 518
388 517
392 518
387 517
386 517
385 516
384 515
383 514
384 514
383 516
386 516
387 515
386 514
387 514
389 517
382 513
381 513
380 512
379 511
378 510
377 510
376 511
376 510
380 511
378 512
378 513
379 513
381 512
382 511
385 518
375 510
374 510
374 509
375 508
374 507
375 507
388 519
388 520
377 509
389 520
391 519
384 516
376 512
376 513
373 506
372 505
373 505
373 504
372 507
371 507
372 508
371 509
370 506
369 506
369 505
370 504
368 504
367 504
367 503
368 502
366 503
365 503
364 503
364 502
365 501
364 500
363 501
362 501
362 500
365 500
366 501
363 500
366 500
362 502
363 503
365 502
377 512
387 516
379 512
390 521
390 522
380 513
372 509
391 522
361 499
361 498
360 497
361 497
360 499
359 500
358 499
357 499
357 498
357 497
358 497
364 504
375 509
367 505
367 506
467 592
386 518
359 501
359 502
378 514
378 515
478 601
478 602
344 521
315 494
456 582
456 581
368 506
427 555
428 556
428 557
429 557
430 557
431 557
431 556
432 555
431 554
432 554
432 557
426 556
429 556
432 556
428 558
431 558
430 559
430 560
431 559
432 559
433 560
433 559
434 558
435 559
435 560
436 560
434 560
437 560
438 561
439 562
440 563
441 564
442 564
439 561
438 563
439 564
441 563
440 565
435 561
435 562
436 562
439 563
434 559
438 565
430 561
400 538
400 539
460 589
419 551
379 515
479 602
480 603
481 602
366 545
471 598
377 554
418 592
337 518
336 518
336 517
336 516
337 516
335 515
334 514
335 513
333 515
333 516
334 516
335 512
332 515
331 515
331 514
331 513
331 512
330 511
329 510
332 513
328 510
327 509
328 508
328 507
330 510
329 512
329 513
421 551
330 513
332 512
328 509
334 515
330 512
333 517
333 518
334 518
437 605
438 606
439 605
438 607
440 606
441 607
439 604
439 603
439 607
441 606
440 608
439 606
441 608
369 550
369 551
329 514
429 601
421 597
421 598
401 539
441 575
360 501
420 552
393 535
433 571
433 572
452 584
452 585
370 551
410 587
362 547
363 512
422 598
382 525
355 508
355 509
414 594
374 521
374 522
434 572
453 585
385 530
426 568
411 588
384 571
363 548
396 545
375 522
359 514
378 527
356 508
437 582
456 595
457 594
458 595
455 594
456 594
458 594
457 596
457 597
458 597
459 597
460 598
461 599
461 600
462 600
460 597
459 599
459 600
456 593
460 600
462 599
463 598
463 600
464 601
465 600
458 596
461 601
461 602
462 602
465 602
466 603
467 604
468 604
469 604
469 603
470 604
471 604
472 605
473 606
474 607
471 606
471 607
472 607
464 603
474 606
467 603
470 603
473 608
473 609
474 609
466 605
469 605
468 606
468 607
470 606
472 606
468 608
457 598
460 599
471 608
471 609
472 609
463 599
474 608
466 604
467 605
459 601
459 602
348 504
389 542
429 578
448 591
340 500
340 501
440 587
440 588
460 602
351 515
370 528
362 524
362 525
462 611
341 501
422 575
381 537
441 588
433 584
434 549
426 545
426 546
402 596
363 525
355 521
455 608
415 535
415 534
415 533
447 604
447 605
325 498
425 585
344 511
343 512
343 513
317 494
444 598
336 507
336 508
436 594
388 554
428 590
389 519
408 532
427 545
366 535
358 531
318 495
418 582
337 508
437 595
369 540
368 541
369 541
367 541
370 505
389 555
429 591
448 604
421 587
421 588
422 552
381 514
381 515
441 565
442 566
442 567
443 567
442 568
442 569
443 569
481 601
481 600
482 600
483 601
484 602
484 601
485 600
486 601
483 603
483 604
484 604
485 604
486 604
486 603
484 603
483 605
486 605
487 606
487 607
488 607
485 606
485 607
486 606
488 606
489 605
489 607
490 607
491 607
487 608
487 609
488 609
490 608
490 609
491 609
492 610
493 611
494 610
495 611
495 610
496 611
497 611
498 611
498 610
498 609
498 608
494 612
493 610
496 610
495 612
496 613
497 614
498 614
499 613
500 614
497 613
498 613
500 613
501 612
498 612
489 606
487 605
500 615
492 611
433 561
433 562
485 608
485 609
310 490
351 528
410 577
370 541
411 542
343 524
343 525
402 573
363 502
422 588
381 550
382 515
414 584
482 602
455 585
374 511
434 562
474 598
466 594
466 595
332 514
432 601
392 565
411 578
384 561
424 597
403 574
376 557
376 558
444 575
435 606
395 570
396 535
415 548
388 531
388 532
407 544
467 595
354 538
373 551
459 591
365 547
366 512
425 598
357 543
357 544
417 594
418 559
377 521
436 607
409 590
437 572
356 498
355 499
355 498
369 517
428 603
388 567
456 585
389 532
429 568
448 581
421 564
421 565
440 577
400 541
387 571
406 584
366 548
398 580
358 544
377 557
418 595
390 576
351 505
451 592
410 554
370 518
343 501
343 502
470 605
362 514
362 515
381 527
422 565
462 601
441 578
414 561
454 597
454 598
399 581
391 577
392 542
410 590
411 555
384 538
402 586
403 551
363 515
463 602
395 547
395 548
455 598
447 594
447 595
373 528
405 597
365 524
344 501
425 575
444 588
417 571
396 548
436 584
437 549
428 580
428 581
394 587
440 554
440 555
386 583
347 512
366 525
406 561
358 521
377 534
418 572
458 608
350 517
350 518
437 585
450 604
369 530
429 581
422 542
441 555
414 538
414 539
328 498
387 584
433 551
406 597
339 507
380 545
398 593
399 558
331 503
331 504
390 589
391 554
351 518
392 519
410 567
451 605
383 550
383 551
411 532
343 514
402 563
443 601
403 528
395 524
414 574
454 610
361 531
321 495
313 491
413 578
332 504
392 555
432 591
324 500
324 501
424 587
384 551
416 583
416 584
376 547
435 596
435 597
395 560
396 525
436 561
415 538
496 612
388 521
388 522
488 608
407 534
354 528
480 604
480 605
373 541
346 524
365 537
325 501
338 520
338 521
366 502
425 588
357 533
357 534
358 498
417 584
418 549
377 511
436 597
409 580
477 598
437 562
369 507
369 508
469 594
389 522
429 558
489 609
421 554
421 555
421 556
335 514
327 510
387 561
347 525
406 574
379 557
398 570
439 608
358 534
399 535
390 566
391 531
410 544
451 582
370 508
470 595
362 504
443 578
402 540
402 541
422 555
462 591
481 604
328 511
414 551
454 587
454 588
473 600
380 558
339 520
420 594
399 571
331 516
412 590
391 567
431 603
392 532
432 568
383 563
411 545
423 599
423 600
384 528
402 576
403 541
376 524
376 525
463 592
435 573
435 574
395 537
455 588
361 544
354 505
413 591
425 565
373 518
432 604
405 587
364 549
365 514
424 600
397 583
465 601
357 510
357 511
444 578
416 596
417 561
436 574
409 557
428 570
394 577
354 541
386 573
387 538
347 502
406 551
366 515
398 547
439 585
358 511
377 524
418 562
458 598
350 507
390 543
409 593
450 594
469 607
442 590
442 591
461 603
408 597
387 574
380 535
398 583
399 548
372 531
390 579
351 508
431 580
391 544
410 557
451 595
383 540
443 591
402 553
462 604
361 521
393 590
353 517
413 568
432 581
364 526
364 527
405 564
384 541
424 577
425 542
416 573
417 538
436 551
428 547
428 548
427 549
426 548
425 549
354 518
394 554
373 531
499 607
500 606
499 605
499 604
499 603
500 604
500 603
501 602
502 601
503 602
500 601
502 603
502 604
503 604
501 601
501 604
503 603
502 605
502 606
503 606
504 607
504 606
505 605
505 607
506 607
507 607
508 607
509 608
510 608
506 608
506 609
507 609
505 606
498 602
497 601
498 601
498 600
497 603
497 604
496 600
496 599
495 598
496 598
495 600
494 600
493 600
492 600
492 599
493 598
494 601
494 602
495 602
491 599
490 599
490 598
490 597
490 596
491 595
490 594
489 595
488 595
487 594
488 594
491 594
487 596
487 597
488 597
491 597
489 594
488 596
489 597
491 596
487 598
501 603
493 599
504 608
504 609
505 609
497 605
486 595
485 594
485 596
507 608
489 596
500 605
492 601
492 602
501 606
493 602
503 605
495 601
496 602
488 598
346 514
446 601
365 527
406 528
338 510
338 511
438 597
438 598
357 523
417 574
457 610
418 539
437 552
409 570
449 606
450 607
449 607
429 548
335 504
421 544
372 506
394 590
327 500
368 538
386 586
387 551
347 515
427 587
379 547
439 598
399 525
371 543
371 544
458 611
483 602
390 556
391 521
410 534
491 608
383 517
383 518
442 603
402 530
443 568
309 488
308 488
307 488
306 489
305 488
307 490
308 490
349 524
414 541
328 501
360 533
339 510
420 584
380 548
352 529
312 493
412 580
372 544
413 545
431 593
432 558
392 522
404 576
423 589
383 553
384 553
385 553
386 553
424 554
384 518
403 531
484 605
376 514
416 550
435 563
434 564
435 564
476 601
468 597
468 598
467 599
342 521
361 534
334 517
353 530
434 604
413 581
345 526
346 527
345 527
305 490
304 491
303 491
302 490
301 491
302 492
303 493
304 494
301 493
300 493
304 493
303 495
299 492
298 492
298 491
299 490
298 489
297 488
296 489
296 490
297 490
299 489
297 489
300 494
300 495
301 495
304 495
305 496
305 497
306 495
305 498
305 499
366 505
296 491
296 492
297 492
299 491
302 491
298 493
298 494
299 494
301 494
305 500
302 494
373 508
405 577
365 504
424 590
465 591
425 555
357 500
357 501
356 502
355 501
354 502
417 551
457 587
457 588
436 564
375 554
367 550
367 551
386 563
387 528
359 546
406 541
378 559
378 560
379 524
439 575
398 537
358 501
458 588
390 533
390 534
477 601
450 584
297 491
469 597
356 540
442 580
442 581
335 517
368 551
408 587
300 496
300 497
427 600
400 583
419 596
379 560
380 525
420 561
399 538
412 557
372 521
431 570
472 608
391 534
383 530
423 566
423 567
464 604
464 605
402 543
443 581
301 497
342 498
360 546
401 584
361 511
420 597
393 580
353 507
412 593
453 594
413 558
345 503
345 504
432 571
404 589
364 516
405 554
424 567
397 550
397 551
416 563
375 531
354 508
394 544
386 540
346 504
446 591
365 517
378 536
465 604
438 587
438 588
439 552
430 583
430 584
431 585
409 560
449 596
396 590
368 528
408 564
387 541
427 577
379 537
419 573
419 574
460 611
398 550
439 588
371 533
370 534
371 534
431 547
491 598
389 587
502 607
349 514
494 603
494 604
341 510
360 523
401 561
420 574
393 557
393 558
352 519
352 520
452 606
452 607
372 534
412 570
413 535
431 583
404 566
432 548
405 531
424 544
484 595
483 595
482 596
416 540
416 541
435 553
495 604
342 511
382 547
361 524
487 600
374 543
334 507
353 520
434 594
394 521
326 503
326 504
453 607
426 590
426 591
345 516
344 517
385 552
445 603
405 567
397 563
425 545
438 564
417 541
323 497
428 550
427 551
315 493
375 544
415 580
307 489
394 557
367 540
368 505
427 554
387 518
359 536
359 537
406 531
423 594
378 549
379 514
398 527
479 601
439 565
371 510
371 511
390 523
490 610
337 517
442 570
356 530
316 494
389 564
348 526
348 527
327 503
408 577
340 522
340 523
427 590
400 573
401 538
360 500
420 551
380 515
412 547
372 511
472 598
431 560
391 524
404 543
464 594
464 595
423 556
423 557
370 550
330 514
349 527
475 603
381 559
341 523
422 597
401 574
360 536
333 519
361 501
393 570
434 571
453 584
413 548
404 579
405 544
445 580
445 581
424 557
425 558
426 558
397 540
411 587
416 553
303 496
303 497
363 547
382 560
468 600
467 601
334 520
374 556
375 521
394 534
367 517
367 518
385 565
386 530
446 581
378 526
438 577
430 573
430 574
304 497
296 493
396 580
356 507
415 593
388 576
407 589
368 518
408 554
427 567
387 531
400 550
419 563
419 564
460 601
379 527
356 543
389 577
349 504
341 500
400 586
399 587
441 587
401 551
360 513
420 564
352 509
433 583
393 547
393 548
452 596
452 597
412 560
404 556
505 608
363 524
382 537
342 501
374 533
374 534
434 584
453 597
426 580
426 581
385 542
385 543
486 594
392 587
438 554
438 555
430 550
430 551
403 596
395 592
396 557
375 534
415 570
407 566
386 543
427 544
359 526
378 539
419 540
419 541
439 555
430 586
429 587
498 604
490 600
337 507
356 520
437 594
329 503
329 504
456 607
363 499
363 498
363 497
348 516
389 554
408 567
448 603
340 512
340 513
339 514
338 513
337 514
440 599
440 600
387 523
400 563
401 528
420 541
393 524
393 525
412 537
431 550
404 533
423 546
483 597
482 598
481 598
370 540
330 504
362 536
362 537
361 538
381 549
422 587
341 513
382 514
441 600
482 601
414 583
393 560
433 596
432 597
434 561
413 538
426 557
385 519
385 520
405 534
364 496
311 490
397 530
396 531
392 564
411 577
403 573
363 537
382 550
395 569
355 533
415 547
375 511
394 524
367 507
367 508
467 594
386 520
359 503
359 504
486 607
378 516
377 517
459 590
478 603
478 604
344 523
336 519
336 520
436 606
415 583
388 566
456 584
389 531
407 579
368 508
448 580
359 539
358 540
427 557
400 540
460 591
419 553
479 604
366 547
358 543
377 556
418 594
337 520
437 607
369 552
369 553
389 567
429 603
421 599
421 600
381 526
422 564
401 541
360 503
441 577
433 573
433 574
452 586
299 493
399 580
404 546
370 553
410 589
411 554
402 585
363 514
381 562
422 600
382 527
463 601
355 510
355 511
414 596
455 597
374 523
434 574
466 606
466 607
465 608
465 609
465 610
464 607
463 608
411 590
344 500
403 586
444 587
395 582
396 547
415 560
388 543
388 544
467 607
508 608
459 603
377 533
418 571
437 584
356 510
388 579
387 580
456 597
389 544
429 580
448 593
421 576
421 577
420 578
340 502
440 589
440 590
400 553
441 554
501 605
387 583
406 596
493 601
398 592
485 597
485 598
390 588
504 610
351 517
410 566
370 530
451 604
362 526
362 527
422 577
381 539
441 590
414 573
434 551
426 547
399 593
332 503
391 589
392 554
397 520
396 521
411 567
497 607
496 608
384 550
363 527
395 559
455 610
415 537
447 606
447 607
407 533
335 511
486 597
373 540
325 500
425 587
344 513
430 553
429 554
444 600
417 583
336 509
436 596
396 560
437 561
388 556
387 556
428 592
428 593
427 594
426 593
425 594
389 521
407 569
408 534
489 608
400 530
440 566
440 567
347 524
406 573
366 537
358 533
377 546
418 584
350 529
350 530
349 531
348 531
347 531
437 597
329 506
369 542
369 543
370 507
429 593
470 594
362 503
421 589
422 554
381 516
381 517
381 518
380 519
440 602
441 567
481 603
414 550
393 527
394 528
395 527
473 599
433 563
339 519
380 557
399 570
391 566
351 530
370 543
410 579
343 526
411 544
402 575
362 539
363 504
403 540
463 591
382 517
355 500
482 604
414 586
415 587
416 586
417 586
374 513
455 587
474 600
447 583
447 584
446 585
426 560
427 561
428 560
466 596
466 597
465 598
332 516
413 590
392 567
432 603
384 563
424 599
403 576
416 595
444 577
376 559
395 572
396 537
436 573
415 550
388 533
388 534
387 535
302 493
407 546
467 597
359 506
354 540
373 553
459 593
365 549
366 514
425 600
357 545
358 510
417 596
418 561
377 523
409 592
437 574
369 519
369 520
456 587
429 570
389 534
469 606
448 583
421 566
421 567
420 568
440 579
387 573
406 586
366 550
298 495
398 582
399 547
390 578
351 507
410 556
370 520
451 594
343 503
343 504
342 505
341 505
470 607
362 516
402 552
443 590
381 529
462 603
422 567
454 599
454 600
453 601
452 601
451 601
433 576
399 583
391 579
392 544
432 580
443 603
497 597
498 598
499 597
411 557
384 540
402 588
403 553
376 536
376 537
375 538
463 604
355 513
356 514
357 513
435 585
435 586
395 549
455 600
456 601
457 600
496 601
447 596
466 609
354 517
373 530
499 606
365 526
425 577
344 503
444 590
417 573
336 499
436 586
437 551
409 569
428 582
428 583
427 584
388 546
429 547
489 598
394 589
440 556
440 557
400 520
386 585
500 607
347 514
366 527
406 563
492 603
492 604
491 605
398 559
439 597
358 523
377 536
418 574
458 610
350 519
350 520
349 521
450 606
429 583
442 602
421 579
422 544
441 557
442 558
442 557
328 500
414 540
387 586
433 553
320 496
493 604
380 547
339 509
399 560
331 505
331 506
331 507
372 543
351 520
431 592
391 556
392 521
410 569
451 607
343 516
383 552
411 534
384 517
402 565
403 530
395 526
495 613
374 503
321 497
324 497
361 533
313 493
413 580
332 506
373 507
305 489
432 593
405 576
364 538
364 539
424 589
425 554
376 549
416 585
395 562
435 598
434 599
396 527
436 563
496 614
428 559
388 523
407 536
480 606
480 607
479 608
478 608
477 607
476 608
425 560
477 608
354 530
394 566
373 543
346 526
365 539
338 522
338 523
366 504
425 590
357 535
358 500
377 513
418 551
458 587
409 582
477 600
437 564
369 509
369 510
359 541
428 595
469 596
429 560
461 592
461 593
462 594
335 516
368 550
427 599
347 527
387 563
406 576
379 559
380 524
398 572
399 537
371 555
371 556
350 532
351 532
352 533
352 532
390 568
391 533
451 584
410 546
370 510
383 529
470 597
362 506
443 580
402 542
462 593
481 606
454 589
414 553
301 496
360 545
401 583
380 560
339 522
420 596
372 556
391 569
431 605
392 534
432 570
423 601
422 602
423 602
383 565
384 530
424 566
403 543
376 526
376 527
375 528
435 575
435 576
395 539
455 590
456 591
457 590
468 609
447 586
448 587
449 586
361 546
354 507
413 593
373 520
499 596
499 595
499 594
499 593
500 592
499 591
500 591
501 592
502 591
503 592
503 591
502 593
502 594
503 594
504 594
505 595
506 594
507 595
508 595
506 596
506 597
507 597
505 594
501 591
504 596
504 597
505 597
507 596
508 597
500 593
503 593
506 598
506 599
507 599
502 595
505 596
498 592
497 591
497 593
497 592
508 596
501 593
504 598
505 599
507 598
508 599
509 600
510 599
509 599
510 600
511 601
511 602
512 602
513 603
513 604
514 604
513 605
514 606
500 595
514 605
503 595
506 600
496 592
495 592
494 592
494 591
495 591
509 601
509 602
498 591
510 602
494 593
505 598
497 594
497 595
498 594
508 598
500 594
511 603
511 604
501 595
493 591
492 591
512 604
504 600
504 590
505 590
506 590
507 590
496 591
507 600
346 503
405 589
365 516
424 602
465 603
397 585
425 567
357 512
444 580
457 599
417 563
436 576
409 559
428 572
302 496
394 579
508 601
386 575
500 597
347 504
387 540
406 553
492 593
366 517
379 536
439 587
398 549
358 513
458 600
390 545
390 546
350 509
450 596
469 609
442 592
442 593
441 594
461 605
433 543
432 542
433 541
433 540
433 539
434 538
435 537
436 538
433 537
436 537
437 538
438 538
439 539
440 540
440 541
441 541
435 539
438 540
438 541
439 541
441 540
434 537
437 537
440 542
440 543
441 543
436 539
437 540
439 540
432 536
431 536
430 537
429 536
428 536
428 535
428 534
428 533
429 532
429 534
427 533
426 534
426 533
429 533
431 535
431 534
438 542
438 543
430 538
430 539
427 532
426 531
427 531
425 531
424 531
423 530
422 529
421 528
422 528
421 530
424 530
425 529
424 528
420 527
419 527
419 526
420 525
418 525
417 525
416 526
416 527
417 527
423 532
422 530
415 526
414 525
414 524
415 524
414 527
413 524
412 524
411 523
412 522
412 521
413 522
390 570
413 521
412 523
415 523
414 526
411 520
411 519
410 518
409 519
408 518
411 518
410 520
409 521
407 519
407 520
408 520
425 530
417 526
418 527
410 522
409 523
413 523
424 532
416 528
416 529
417 529
406 519
405 518
404 517
405 516
406 515
403 517
402 517
402 516
403 515
402 514
401 515
403 514
406 517
401 514
404 519
404 520
405 520
400 516
400 517
401 517
403 516
406 516
402 518
405 519
408 519
419 528
419 529
439 543
401 516
420 529
412 525
431 538
404 521
404 522
405 522
406 523
407 522
441 542
433 538
434 539
426 535
426 536
415 525
407 521
408 522
400 518
418 526
437 539
429 535
421 531
421 532
420 533
440 544
440 545
410 521
422 532
441 545
414 528
414 529
411 522
403 518
407 524
406 525
432 535
435 540
435 541
425 532
417 528
436 541
409 524
409 525
428 537
428 538
406 518
418 529
429 538
421 534
420 535
399 515
398 516
397 516
410 524
439 542
420 528
431 537
423 533
423 534
413 525
432 538
405 521
424 534
397 517
397 518
416 530
415 531
417 531
398 517
438 544
430 540
430 541
408 521
427 534
419 530
419 531
401 518
420 531
404 523
422 531
441 544
412 517
411 516
412 515
412 514
412 513
413 513
460 606
414 514
414 515
414 516
448 578
448 577
415 515
416 516
417 515
416 517
417 517
417 516
418 517
416 518
419 518
419 519
417 518
413 515
415 514
419 520
418 521
419 522
418 523
404 513
364 511
411 521
434 541
426 537
415 527
407 523
408 524
414 517
414 518
413 519
436 540
415 517
418 528
437 541
429 537
421 533
440 546
440 547
367 522
366 521
365 521
364 521
363 521
367 520
410 523
402 519
402 520
422 534
414 530
420 573
339 499
338 499
338 498
305 494
338 497
306 493
306 492
338 500
307 492
337 497
336 497
372 533
431 582
391 546
432 547
451 597
423 578
423 579
343 506
344 507
345 506
346 506
411 524
443 593
444 594
445 593
484 594
403 520
503 607
454 602
495 603
342 510
361 523
487 599
353 519
453 606
345 515
432 583
364 528
363 529
364 529
424 579
425 544
376 539
417 540
436 553
396 517
395 517
394 518
363 520
363 519
363 518
395 516
409 536
409 537
496 604
388 513
389 513
390 513
428 549
488 600
354 520
499 609
346 516
386 552
446 603
365 529
406 530
338 512
357 525
438 599
438 600
437 601
436 600
430 595
430 596
429 597
418 541
449 608
449 609
450 610
451 610
452 609
429 550
316 493
421 546
335 506
308 489
327 502
368 540
387 553
427 589
419 585
419 586
419 587
418 588
417 588
380 514
439 600
371 545
371 546
370 547
384 521
383 520
382 521
385 522
372 510
391 523
450 609
410 536
491 610
383 519
442 605
443 605
444 606
444 607
445 608
444 609
444 608
436 604
443 570
386 558
483 606
483 607
482 608
362 496
309 490
349 526
328 503
341 522
360 535
361 500
420 586
352 531
506 589
507 588
508 587
509 586
510 586
509 588
509 587
510 588
511 588
512 588
513 587
392 527
511 589
361 496
511 590
512 590
513 591
514 592
514 591
404 538
485 605
513 593
515 590
514 589
515 589
516 591
517 592
518 593
515 588
517 591
501 613
516 593
510 587
513 592
474 605
409 577
514 593
517 593
509 589
509 590
510 590
512 589
511 591
511 592
512 592
515 592
510 589
513 594
509 591
509 592
510 592
512 591
431 587
432 587
433 587
433 586
516 587
515 591
508 588
511 593
511 594
512 594
331 508
372 546
373 547
374 547
374 546
431 595
432 560
392 524
364 505
364 506
365 507
423 591
423 592
383 515
424 556
384 520
484 607
376 516
476 603
435 565
434 566
435 567
434 568
434 536
404 581
395 529
468 599
342 523
361 536
334 519
353 532
434 606
394 533
345 528
345 529
344 530
305 492
426 602
426 603
373 510
365 506
446 580
425 557
465 593
357 502
416 588
457 589
304 496
418 518
449 585
428 562
510 601
375 556
415 592
367 552
367 553
368 517
387 530
513 606
378 561
378 562
377 563
376 563
375 562
375 561
377 564
358 503
357 504
356 504
439 577
398 539
371 522
371 523
370 524
458 590
390 535
389 536
390 537
389 538
458 605
390 536
450 586
297 493
469 599
356 542
442 582
461 595
462 596
502 596
502 597
502 598
368 553
414 520
415 521
416 520
300 498
427 602
360 512
419 598
418 599
419 600
419 601
420 563
372 523
431 572
391 536
432 537
423 568
423 569
423 570
422 571
464 606
360 541
411 514
410 514
409 513
409 512
410 512
409 515
408 516
408 512
407 512
406 513
409 514
407 513
410 513
424 533
503 597
435 542
435 543
495 593
301 499
302 500
303 501
350 514
302 502
303 503
451 590
304 504
302 503
429 542
304 503
303 505
303 506
304 506
305 507
305 506
306 506
428 600
306 505
357 508
305 508
305 509
306 508
307 509
307 508
308 507
308 509
308 508
309 509
304 505
477 595
307 510
307 511
308 511
310 510
310 511
306 507
305 510
302 504
308 510
309 511
304 507
307 512
308 513
310 512
310 513
311 513
312 512
313 513
312 514
312 513
313 514
314 515
314 516
315 516
316 517
317 518
303 499
317 519
306 509
309 510
312 515
312 516
313 516
305 502
306 503
308 512
309 513
342 500
361 513
353 509
453 596
345 505
445 592
364 518
424 569
311 512
397 552
397 553
396 554
425 534
417 530
436 543
409 526
410 527
411 528
394 561
394 584
409 527
408 528
412 527
314 517
314 518
428 539
375 533
394 546
354 510
353 511
353 512
367 529
367 530
366 531
499 599
500 599
386 542
446 593
338 502
406 520
465 606
438 589
357 515
439 554
457 602
430 585
418 531
498 603
449 598
396 592
315 518
356 519
442 559
441 560
441 561
442 560
421 536
335 496
334 497
334 498
333 497
333 496
333 499
332 500
332 496
334 496
368 530
427 579
387 543
419 575
419 576
420 540
399 517
371 535
372 536
373 537
374 536
431 549
410 526
491 600
423 545
442 595
483 596
330 503
349 516
494 605
341 512
441 599
360 525
333 508
333 509
332 510
420 576
393 559
352 521
353 522
352 522
452 608
413 537
432 550
518 590
517 589
519 591
518 588
520 590
521 589
520 588
521 587
520 586
521 585
520 584
521 584
522 583
521 582
522 581
523 584
524 585
525 585
526 586
527 585
388 541
522 582
525 587
525 588
526 588
522 585
524 584
523 586
523 587
524 587
527 587
519 583
518 582
519 582
519 581
518 584
518 585
368 522
398 554
517 581
516 581
522 584
525 589
518 586
515 580
514 579
515 578
516 578
517 579
518 579
513 580
513 581
514 581
496 609
515 577
515 576
512 606
512 580
511 580
514 580
477 605
476 605
419 567
521 586
407 593
513 582
513 583
451 609
522 587
456 602
514 583
524 586
516 582
516 583
517 583
527 586
512 579
523 588
524 589
515 579
519 585
511 581
511 582
522 586
514 582
515 582
518 578
517 582
520 587
521 588
513 584
512 585
513 585
514 585
515 585
516 585
524 588
516 584
517 585
520 580
521 579
522 579
520 578
523 578
524 579
525 578
525 577
526 576
525 575
524 575
523 575
523 574
522 573
521 572
358 505
463 609
526 575
418 556
527 575
358 506
522 572
526 578
521 574
520 574
525 580
416 580
524 574
525 573
524 572
527 574
527 573
527 572
523 576
526 577
363 522
527 577
376 519
528 578
374 551
528 577
529 576
529 578
530 579
531 580
532 581
531 579
401 579
374 561
373 560
530 581
329 498
440 604
330 498
331 498
379 565
533 581
534 582
373 559
531 581
534 581
348 501
519 573
518 572
519 571
518 574
517 575
491 603
517 571
516 571
370 515
370 514
370 513
516 570
517 569
516 568
517 567
518 567
515 568
514 569
513 568
440 561
514 568
403 548
436 558
437 558
513 570
513 571
514 571
369 524
383 568
519 570
519 569
359 540
489 593
518 573
359 544
515 567
529 577
532 582
532 583
531 584
530 583
529 583
411 592
522 574
514 570
533 583
534 584
525 579
526 580
527 580
528 580
458 603
518 576
493 606
442 565
515 570
518 566
517 570
528 579
520 575
520 576
529 580
521 576
513 572
532 585
533 586
501 599
514 573
515 574
516 573
524 576
516 572
517 573
530 582
527 576
519 572
531 583
512 569
533 582
534 583
526 579
518 575
515 569
530 585
529 586
519 575
529 579
521 575
532 584
522 576
514 572
533 585
525 581
524 582
432 539
371 513
525 571
526 570
527 570
452 581
525 569
414 521
458 601
528 569
528 568
528 567
529 566
528 565
527 565
392 517
526 566
525 565
526 565
529 565
525 567
524 567
529 568
530 569
424 594
387 568
530 568
531 569
532 568
533 569
534 569
356 525
319 494
532 570
367 512
368 512
532 571
533 571
531 568
530 570
530 571
531 571
523 566
522 567
521 568
533 570
526 567
529 567
521 566
520 566
531 570
524 566
530 572
529 573
529 574
530 573
527 566
531 573
523 568
523 569
522 570
525 568
451 587
450 588
350 524
351 524
352 524
526 569
361 528
529 569
522 566
389 569
517 572
528 581
527 582
526 583
432 566
520 577
529 582
521 578
513 574
513 575
438 557
528 571
520 567
531 582
523 577
524 578
516 574
519 584
512 581
523 590
522 591
531 572
523 567
524 568
530 584
527 578
519 574
531 585
511 606
510 606
509 605
508 605
507 605
509 604
369 522
372 549
523 580
518 587
515 581
519 587
511 583
526 568
530 574
527 568
522 575
533 584
534 585
526 581
518 577
515 571
522 588
514 584
364 495
364 494
365 494
363 494
424 546
484 597
376 506
375 505
377 507
328 506
376 504
378 506
379 507
380 507
381 508
380 509
363 495
337 515
407 551
381 506
381 505
381 504
381 503
382 503
380 503
379 503
378 503
377 502
376 501
376 500
376 499
375 498
374 497
436 591
378 502
379 501
378 500
374 499
373 500
376 502
373 496
372 497
341 508
371 497
371 496
370 496
369 496
379 502
371 498
371 499
350 500
351 500
481 596
343 519
419 538
427 568
480 595
372 499
374 498
375 499
378 504
448 608
447 609
368 496
367 496
367 495
382 505
383 506
377 541
396 542
383 505
384 506
374 501
377 501
369 497
369 498
368 499
367 498
406 526
370 498
380 502
372 498
383 507
383 508
384 509
385 508
386 509
385 510
384 508
373 498
379 504
371 500
370 501
371 501
372 502
346 499
372 501
352 499
382 504
374 500
385 509
375 501
367 497
386 510
387 511
377 500
326 498
370 497
384 507
376 503
373 497
480 596
377 503
369 499
380 504
372 500
383 509
384 510
416 542
415 543
415 544
441 572
416 543
363 536
495 606
342 513
382 549
487 602
488 602
489 603
424 595
374 545
334 509
434 596
326 505
394 523
453 609
345 518
346 518
347 519
348 518
385 554
516 569
385 555
426 592
386 519
445 605
365 496
438 566
438 567
438 568
437 568
520 573
417 543
418 544
418 545
333 513
338 501
419 543
430 562
430 563
429 564
386 521
323 499
510 591
375 546
307 491
367 542
368 507
386 555
387 520
427 556
359 538
379 516
419 552
438 602
479 603
439 567
525 570
371 512
430 598
390 525
389 526
370 511
471 599
471 600
470 601
337 519
442 572
443 572
356 532
437 606
416 590
348 528
347 529
348 529
308 492
309 493
310 493
310 492
340 524
341 525
340 525
300 488
360 502
401 540
419 588
377 528
420 553
380 517
393 536
393 537
392 538
372 513
526 571
413 514
431 562
472 600
464 596
423 558
422 559
422 560
422 561
383 522
330 516
370 552
416 519
349 529
475 605
362 548
422 599
382 526
361 503
414 595
352 534
434 573
353 499
453 586
385 531
385 532
426 569
426 570
426 571
445 582
445 583
444 584
443 584
443 596
364 508
365 509
366 518
411 589
303 498
417 520
363 549
409 516
509 603
374 558
375 523
529 581
394 536
367 519
521 577
386 532
467 606
359 515
359 516
358 517
514 576
513 573
446 583
532 586
438 579
439 544
304 499
498 593
430 575
449 588
510 604
356 509
415 595
456 596
389 543
348 505
348 506
348 507
348 508
522 578
398 522
368 520
427 569
514 574
460 603
419 565
420 530
525 583
371 525
412 526
431 539
318 519
423 535
423 536
423 537
422 538
502 599
349 506
341 502
422 576
360 515
441 589
333 498
393 549
352 511
351 512
403 521
402 522
401 522
433 585
452 598
451 599
424 537
413 527
432 540
405 523
310 514
310 515
505 610
424 536
397 519
416 532
417 533
418 533
497 606
517 584
363 526
355 522
355 523
354 524
374 535
334 499
375 500
434 586
326 495
520 589
384 513
426 582
385 544
386 545
515 586
345 508
346 508
445 595
486 596
378 505
311 515
438 556
344 512
430 552
409 529
375 536
388 555
521 590
367 532
368 532
439 593
440 592
391 551
369 532
408 533
368 497
427 546
513 586
387 510
379 506
419 542
398 519
439 557
371 502
498 606
490 602
337 509
437 596
356 522
442 562
329 505
456 609
389 556
429 592
448 605
340 514
440 601
441 566
420 543
393 526
431 552
351 529
310 491
330 506
370 542
475 595
474 594
474 593
475 593
473 592
472 592
475 592
476 593
362 538
341 515
422 589
382 516
441 602
333 511
414 585
482 603
374 512
528 570
433 598
434 563
426 559
385 521
397 532
311 492
403 575
363 539
509 593
359 505
374 548
529 571
375 513
394 526
367 509
521 567
386 522
467 596
486 609
373 552
378 518
459 592
438 569
478 605
425 599
430 565
344 525
336 521
336 522
437 573
356 499
456 586
389 533
522 568
448 582
427 559
440 578
419 555
460 593
501 594
420 520
366 549
412 516
471 602
472 602
473 603
473 602
358 545
512 603
404 512
418 596
377 558
337 522
504 599
369 554
368 555
369 555
370 519
421 594
524 577
421 601
422 566
381 528
441 579
393 539
352 501
433 575
434 540
452 588
413 517
299 495
399 582
405 513
505 600
370 555
463 603
416 522
411 556
497 596
517 574
363 516
382 529
355 512
414 598
414 599
498 595
415 599
413 599
430 534
356 512
416 598
455 599
528 583
374 525
434 576
520 579
385 534
466 608
426 572
313 515
438 546
430 542
344 502
444 589
336 498
396 549
436 585
388 545
521 580
408 523
467 609
513 576
359 518
427 536
400 519
459 605
419 532
366 526
490 592
418 573
377 535
337 499
437 586
369 531
523 589
456 599
429 582
389 546
448 595
340 504
421 578
440 591
441 556
401 520
501 607
306 511
433 552
393 516
392 515
393 515
343 515
412 529
493 603
404 525
485 599
423 538
351 519
451 606
370 532
524 590
362 528
516 586
422 579
381 541
382 506
414 575
374 502
433 588
434 553
321 496
426 549
385 511
332 505
392 556
432 592
497 609
411 569
384 552
403 565
517 587
376 548
395 561
355 525
396 526
463 593
375 503
369 511
415 539
520 592
447 608
407 535
367 499
486 599
373 542
378 508
478 595
325 502
365 538
425 589
344 515
430 555
444 602
336 511
417 585
436 598
396 562
409 581
437 563
388 558
428 594
389 523
429 559
408 536
489 610
398 571
440 568
440 569
400 532
419 545
306 488
347 526
366 539
406 575
358 535
512 593
377 548
418 586
350 531
369 544
369 545
327 507
326 507
370 509
429 595
470 596
362 505
421 591
300 491
422 556
462 592
440 564
441 569
412 594
481 605
414 552
328 512
473 601
433 565
380 559
339 521
399 572
372 555
331 517
331 518
391 568
392 533
410 581
411 546
383 564
402 577
362 541
363 541
364 541
365 541
403 542
363 506
355 502
395 538
482 606
528 573
374 515
455 589
415 516
474 602
520 569
361 545
447 585
466 598
426 562
413 592
332 518
305 501
392 569
432 605
405 588
364 550
384 565
424 601
425 566
444 579
416 597
376 561
395 574
396 539
436 575
415 552
302 495
428 571
388 535
407 548
408 513
394 578
508 600
373 555
366 508
459 595
500 596
347 503
365 551
439 578
492 592
357 539
366 516
458 591
425 602
477 604
511 605
409 586
358 512
512 570
417 598
377 525
418 563
458 599
350 508
437 576
409 594
523 579
369 521
469 608
429 572
448 585
421 568
461 604
422 533
440 581
387 575
501 597
433 542
406 588
493 593
411 525
339 498
398 584
404 515
399 549
390 580
504 602
505 602
506 602
507 603
351 509
391 545
410 558
370 522
524 580
451 596
343 505
470 609
516 576
362 518
443 592
402 554
403 519
422 569
462 605
309 512
414 565
454 601
434 543
401 595
426 539
391 581
432 582
392 546
411 559
384 542
424 578
403 555
376 538
395 551
435 587
435 588
396 516
455 602
496 603
415 529
388 512
447 598
488 599
407 525
313 518
354 519
373 532
499 608
365 528
519 586
425 579
357 524
444 592
417 575
457 611
336 501
418 540
436 588
409 571
437 553
405 545
428 584
388 548
389 548
390 548
391 548
429 549
489 600
421 545
335 505
394 591
400 522
440 558
439 559
500 609
501 609
502 610
502 609
347 516
387 552
492 605
366 529
512 583
358 525
439 599
418 576
390 557
350 521
369 534
450 608
410 535
370 499
442 604
362 495
421 581
422 581
423 581
424 582
422 546
309 489
441 559
481 595
414 542
328 502
433 555
434 556
386 567
432 562
414 555
435 555
436 556
385 567
339 511
420 585
380 549
485 602
372 545
431 594
391 558
373 501
330 515
392 523
410 571
383 554
411 536
343 518
423 590
384 519
363 496
484 606
403 532
376 515
395 528
474 592
361 535
515 593
353 531
507 589
413 582
332 508
373 509
366 498
365 498
527 567
305 491
432 595
364 540
405 578
365 505
384 555
424 591
425 556
397 574
444 569
445 570
445 571
446 571
394 525
447 572
447 571
371 551
447 573
439 602
447 574
446 575
445 572
447 575
416 587
376 551
417 552
435 600
434 601
436 565
396 529
428 561
388 525
394 568
480 608
354 532
508 590
346 528
386 564
406 542
366 506
357 537
358 502
377 515
418 553
458 589
437 566
477 602
409 584
450 585
429 562
469 598
461 594
335 518
421 558
440 571
368 552
414 519
427 601
387 565
406 578
379 561
419 597
380 526
398 574
399 539
371 557
372 522
504 592
505 592
506 592
507 592
391 535
351 499
451 586
410 548
411 513
470 599
443 582
362 508
402 544
462 595
503 596
454 591
301 498
473 604
401 585
361 512
420 598
380 562
506 601
393 581
372 558
413 559
432 572
392 536
404 590
364 517
383 567
384 532
424 568
425 533
376 528
530 586
416 564
435 577
434 578
425 570
395 541
436 542
496 593
415 519
447 588
407 515
507 602
354 509
413 595
373 522
499 598
305 504
346 505
405 591
519 576
446 592
365 518
397 587
465 605
425 569
357 514
416 600
417 565
457 601
418 530
304 508
436 578
437 543
449 597
428 574
315 517
459 604
429 539
421 535
394 581
440 548
439 549
368 529
347 506
387 542
492 595
493 595
438 604
494 595
379 538
443 586
439 589
398 551
358 515
399 516
458 602
390 547
350 511
450 598
523 582
410 525
442 594
316 518
402 521
461 607
460 608
502 608
422 536
389 588
414 532
360 524
369 501
390 524
339 501
380 539
420 575
331 497
330 496
372 535
412 571
431 584
518 589
432 549
411 526
423 580
383 544
443 595
484 596
403 522
376 505
503 609
435 554
395 518
495 605
342 512
361 525
487 601
515 583
334 508
353 521
453 608
413 572
345 517
373 499
432 585
364 530
363 531
346 532
445 604
365 495
424 581
425 546
416 577
417 542
435 590
436 555
323 498
409 538
496 606
388 515
389 515
390 515
428 551
375 545
394 558
354 522
480 598
499 611
386 554
387 519
519 589
446 605
406 532
378 550
366 496
338 514
511 585
357 527
438 601
398 528
439 566
377 505
430 597
418 543
449 610
409 574
316 495
356 531
442 571
421 548
422 548
423 549
423 548
335 508
308 491
408 578
368 542
327 504
427 591
387 555
379 551
380 516
371 547
399 529
372 512
390 560
472 599
391 525
431 561
410 538
428 565
383 521
442 607
402 534
483 608
309 492
349 528
475 604
454 581
341 524
301 488
302 488
303 488
401 575
360 537
333 520
361 502
420 588
506 591
412 584
413 549
431 597
404 580
364 507
423 593
424 558
384 522
397 541
484 609
376 518
416 554
530 576
417 519
382 561
342 525
468 601
334 521
374 557
353 534
394 535
354 499
385 566
358 504
373 512
345 530
386 531
405 581
446 582
519 566
365 508
465 595
397 577
438 578
457 591
417 555
304 498
418 520
449 587
296 494
296 495
510 603
415 594
375 558
421 525
422 526
422 524
421 523
421 522
394 571
440 538
440 537
448 576
422 525
367 554
407 590
522 577
368 519
387 532
378 563
406 545
379 528
439 579
398 541
525 582
371 524
458 592
350 501
297 495
410 515
442 584
356 544
461 597
389 578
349 505
408 591
494 594
414 522
300 500
299 500
400 587
401 552
360 514
380 529
420 565
352 510
372 525
412 561
413 526
431 574
404 557
383 534
464 608
424 535
416 531
503 599
435 544
434 545
435 545
495 595
382 538
342 502
401 588
515 573
361 515
506 604
393 584
434 585
413 562
453 598
345 507
404 593
364 520
405 558
445 594
311 514
397 554
397 531
425 536
416 567
417 532
436 545
403 597
409 528
314 519
315 520
315 521
314 522
315 523
315 522
316 523
314 524
314 525
315 525
316 522
313 525
312 525
315 524
316 525
317 526
318 526
421 560
492 609
493 608
319 527
320 526
321 527
319 528
383 545
321 526
320 528
314 526
314 527
315 527
317 527
317 528
316 529
318 528
321 528
322 529
322 530
323 529
324 530
324 531
324 532
323 533
322 532
321 533
325 532
326 533
362 531
326 534
326 535
325 536
348 511
356 521
327 534
322 531
326 537
325 538
439 569
325 531
373 511
313 524
324 533
317 530
316 524
319 529
319 530
320 530
326 536
323 530
315 526
316 527
318 527
322 533
325 533
317 529
318 530
320 529
423 547
321 530
313 526
324 535
323 535
323 536
434 587
371 537
316 526
327 535
319 531
319 532
320 532
326 538
323 532
439 601
315 528
318 529
322 535
321 535
311 525
310 525
321 529
324 534
452 610
314 520
325 535
318 532
317 521
318 522
319 522
319 521
328 535
329 536
328 537
329 537
422 582
329 538
328 539
328 540
329 541
370 503
457 582
328 542
329 543
330 544
331 545
332 546
327 542
365 499
330 543
334 512
329 545
329 546
330 546
332 545
331 547
330 545
332 547
333 548
333 549
334 549
334 548
335 548
335 547
417 581
327 543
328 544
334 550
330 547
329 539
328 543
335 549
336 550
336 551
336 552
337 553
338 554
338 555
339 556
340 556
476 594
328 546
339 555
337 552
340 557
340 558
341 559
342 560
343 560
425 559
366 543
343 559
341 558
342 557
330 539
331 539
332 540
332 548
328 545
343 561
320 531
331 540
321 532
332 541
332 542
332 543
324 537
323 531
316 528
327 537
319 533
341 557
455 581
342 558
319 523
318 524
402 558
330 538
411 529
322 534
323 534
341 560
428 541
375 535
394 548
367 531
386 544
359 527
359 528
446 595
406 522
378 540
338 504
379 505
438 591
439 556
325 534
398 518
457 604
498 605
430 587
390 514
449 600
490 601
442 561
335 498
456 608
348 517
522 590
408 568
427 581
514 586
379 541
419 577
418 578
420 542
380 506
399 519
412 538
318 531
431 551
391 515
491 602
383 511
402 524
329 540
483 598
330 505
502 611
349 518
475 594
494 607
341 514
401 565
441 601
360 527
333 510
433 597
352 523
393 561
412 574
413 539
404 570
432 552
405 535
364 497
423 583
424 548
311 491
484 599
416 544
530 566
531 565
532 566
533 565
534 565
535 564
535 566
534 567
535 565
535 567
534 564
376 508
435 557
476 595
363 538
342 515
382 551
355 534
355 535
487 604
334 511
529 570
375 512
434 598
385 556
426 594
345 520
445 607
446 572
486 608
378 517
457 581
344 524
304 488
430 564
409 541
510 593
396 571
415 584
375 548
307 493
367 544
407 580
408 545
368 509
427 558
387 522
378 553
419 554
379 518
460 592
479 605
398 531
525 572
371 514
430 600
471 601
390 527
337 521
442 574
356 534
348 530
389 568
429 604
408 581
300 490
400 577
360 504
401 542
419 590
420 555
393 538
352 500
452 587
526 573
412 551
372 515
413 516
431 564
518 569
404 547
405 512
464 598
423 560
370 554
416 521
475 607
422 601
381 563
382 528
414 597
361 505
374 524
528 582
434 575
353 501
453 588
385 533
364 510
405 548
445 584
392 578
397 544
438 545
411 591
417 522
303 500
403 587
409 518
395 583
428 531
374 560
375 525
415 561
394 538
407 557
367 521
467 608
386 534
427 535
359 517
406 512
378 530
438 581
439 546
430 577
304 501
317 520
337 498
396 584
356 511
415 597
388 580
307 506
456 598
389 545
408 558
448 594
522 580
340 503
427 571
400 554
401 519
460 605
420 532
306 510
371 527
412 528
431 541
318 521
404 524
491 592
370 531
349 508
494 597
341 504
422 578
381 540
360 517
441 591
401 555
333 500
352 513
393 551
434 552
452 600
413 529
404 560
405 525
391 590
424 538
397 521
497 608
411 568
416 534
363 528
403 564
517 586
382 541
355 524
374 537
334 501
455 611
375 502
434 588
520 591
326 497
321 531
426 584
385 546
386 511
486 598
532 565
378 507
392 591
438 558
324 536
344 514
430 554
444 601
336 510
396 561
415 574
388 557
521 592
367 534
407 570
408 535
359 530
427 548
387 512
513 588
400 531
379 508
419 544
533 566
479 595
325 537
366 538
371 504
390 517
490 604
337 511
377 547
418 585
356 524
437 598
329 507
456 611
348 520
389 558
429 594
448 607
335 550
421 590
340 516
440 603
401 532
441 568
420 545
393 528
433 564
412 541
404 537
423 550
351 531
505 589
410 580
370 544
330 508
343 527
342 528
343 528
362 540
363 505
422 591
381 553
382 518
441 604
414 564
414 587
482 605
528 572
374 514
433 600
434 565
474 601
520 568
385 523
426 561
445 574
332 517
397 534
411 581
303 490
384 564
403 577
376 560
509 595
355 537
396 538
415 551
516 575
375 515
521 569
367 511
467 598
386 524
359 507
459 594
378 520
373 554
419 521
478 607
365 550
425 601
344 527
430 567
417 597
356 501
437 575
388 570
456 588
389 535
429 571
448 584
400 544
440 580
460 595
419 557
501 596
420 522
366 551
406 587
412 518
493 592
298 496
298 497
298 498
512 605
404 514
418 598
377 560
504 601
423 527
369 556
370 521
470 608
362 517
381 530
422 568
441 581
393 541
433 577
434 542
452 590
299 497
426 538
399 584
405 515
392 545
410 593
411 558
497 598
416 524
402 589
517 576
403 554
463 605
382 531
395 550
355 514
374 527
528 585
455 601
415 528
447 597
520 581
385 536
466 610
426 574
313 517
438 548
344 504
430 544
425 578
444 591
336 500
395 586
396 551
436 587
415 564
388 547
407 560
489 599
408 525
359 520
513 578
427 538
400 521
459 607
419 534
500 608
366 528
317 523
358 524
512 582
337 501
377 537
418 575
437 588
523 591
329 497
369 533
429 584
448 597
340 506
421 580
381 507
422 545
440 593
441 558
327 536
387 587
433 554
393 518
412 531
493 605
399 561
485 601
404 527
391 557
351 521
451 608
410 570
343 517
411 535
362 530
402 566
516 588
443 604
381 543
382 508
414 577
482 595
374 504
320 533
434 555
426 551
385 513
331 542
332 507
392 558
432 594
411 571
384 554
403 567
376 550
355 527
435 599
395 563
396 528
415 541
388 524
321 534
407 537
367 501
354 531
508 589
359 497
373 544
478 597
325 504
365 540
425 591
357 536
444 604
336 513
417 587
377 514
418 552
409 583
437 565
388 560
428 596
429 561
389 525
408 538
421 557
400 534
440 570
347 528
387 564
306 490
406 577
366 541
398 573
358 537
377 550
504 591
390 569
350 533
369 546
524 569
410 547
451 585
470 598
362 507
421 593
381 520
422 558
441 571
481 607
454 590
414 554
433 567
339 523
380 561
399 574
372 557
391 570
351 534
392 535
383 566
411 548
384 531
402 579
403 544
363 508
463 595
395 540
355 504
528 575
455 591
415 518
474 604
361 547
447 587
520 571
407 514
466 600
507 601
413 594
527 579
305 503
373 521
405 590
384 567
425 568
397 586
444 581
416 599
417 564
531 586
436 577
396 541
437 542
388 537
428 573
302 497
407 550
408 515
394 580
508 602
373 557
345 511
500 598
419 524
347 505
492 594
406 554
511 607
358 514
417 600
377 527
418 565
350 510
437 578
409 596
369 523
450 597
523 581
429 574
421 570
461 606
422 535
440 583
414 531
387 577
433 544
406 590
339 500
398 586
399 551
331 496
504 604
390 582
351 511
391 547
410 560
451 598
343 507
443 594
362 520
402 556
462 607
503 608
309 514
454 603
426 541
332 497
413 571
432 584
392 548
384 544
424 580
403 557
376 540
416 576
435 589
395 553
396 518
436 554
496 605
388 514
447 600
407 527
488 601
326 539
326 540
354 521
480 597
499 610
373 534
346 517
365 530
446 604
519 588
366 495
425 581
357 526
511 584
417 577
418 542
377 504
436 590
409 573
437 555
369 500
428 586
429 551
489 602
421 547
335 507
440 560
500 611
347 518
387 554
406 567
492 607
379 550
398 563
358 527
399 528
350 523
390 559
369 536
410 537
442 606
415 585
402 533
362 497
443 571
381 510
309 491
327 539
481 597
328 504
414 544
433 557
473 593
420 587
380 551
339 513
399 564
412 583
331 509
372 547
431 596
392 525
432 561
411 538
383 556
402 569
443 607
484 608
403 534
376 517
530 575
395 530
435 566
476 604
342 524
361 537
447 577
353 533
507 591
413 584
437 557
305 493
527 569
405 580
364 542
424 593
465 594
397 576
357 503
376 553
416 589
444 571
417 554
435 602
418 519
436 567
409 550
388 527
428 563
375 557
421 524
508 592
354 534
394 570
386 566
346 530
365 543
406 544
398 540
418 555
523 571
450 587
369 513
297 494
469 600
442 583
461 596
335 520
368 554
441 538
442 537
442 536
408 590
300 499
427 603
419 599
379 563
534 586
372 524
526 582
351 501
431 573
391 537
451 588
411 515
462 597
503 598
454 593
301 500
495 594
515 572
361 514
420 600
506 603
353 510
432 574
364 519
424 570
425 535
376 530
435 579
436 544
496 595
428 540
407 517
507 604
394 547
500 610
354 511
499 600
434 597
373 524
487 603
346 507
495 607
519 578
446 594
365 520
338 503
406 521
425 571
465 607
357 516
438 590
457 603
418 532
437 545
449 599
428 576
429 541
315 519
489 592
335 497
421 537
440 550
368 531
522 589
347 508
387 544
427 580
492 597
380 505
439 591
398 553
399 518
371 536
458 604
390 549
350 513
391 514
450 600
491 601
383 510
442 596
316 520
402 523
461 609
349 517
494 606
414 534
319 525
360 526
420 577
339 503
372 537
331 499
431 586
432 551
518 591
423 582
424 547
384 511
330 540
484 598
403 524
376 507
530 565
503 611
322 536
395 520
435 556
342 514
361 527
333 545
334 510
353 523
326 506
453 610
345 519
445 606
364 532
365 497
424 583
425 548
417 544
531 566
436 557
428 553
488 604
375 547
394 560
480 600
367 543
346 520
386 556
387 521
446 607
338 516
379 517
438 603
511 587
439 568
430 599
390 526
477 594
369 503
356 533
442 573
335 510
308 493
327 506
368 544
300 489
387 557
427 593
419 589
420 554
380 518
371 549
372 514
526 572
391 527
472 601
431 563
518 568
423 559
383 523
464 597
443 574
349 530
475 606
454 583
341 526
301 490
360 539
333 502
361 504
420 590
506 593
352 535
353 500
412 586
453 587
432 564
364 509
423 595
424 560
376 520
530 578
417 521
435 569
476 607
409 517
468 603
342 527
374 559
375 524
507 594
354 501
394 537
385 568
386 533
519 568
446 584
365 510
465 597
357 506
438 580
439 545
457 593
430 576
304 500
418 522
449 589
510 605
415 596
375 560
421 527
307 505
368 521
386 569
387 534
427 570
514 575
378 565
419 566
460 604
439 581
371 526
525 584
390 539
431 540
318 520
450 590
410 517
491 591
442 586
402 513
502 600
349 507
494 596
341 503
360 516
420 567
393 550
352 512
452 599
372 527
526 585
413 528
431 576
432 541
518 581
405 524
423 572
464 610
416 533
503 601
435 546
495 597
342 504
515 575
361 517
334 500
506 606
353 513
326 496
453 600
345 509
385 545
426 583
364 522
445 596
425 538
311 516
417 534
409 530
428 543
375 537
394 550
427 547
367 533
521 591
368 498
386 546
359 529
446 597
406 524
338 506
438 593
439 558
398 520
371 503
498 607
430 589
390 516
449 602
490 603
337 510
442 563
356 523
456 610
348 519
448 606
368 534
327 496
340 515
427 583
514 588
419 579
420 544
380 508
534 566
371 539
372 504
431 553
391 517
491 604
383 513
329 542
483 600
330 507
475 596
349 520
494 609
422 590
341 516
441 603
360 529
333 512
352 525
433 599
364 499
445 573
424 550
397 533
311 493
416 546
343 562
303 489
476 597
363 540
468 593
355 536
509 594
374 549
334 513
529 572
375 514
434 600
394 527
367 510
426 596
386 523
445 609
446 574
378 519
438 570
478 606
457 583
344 526
304 490
430 566
449 579
510 595
356 500
415 586
367 546
368 511
522 569
359 542
427 560
387 524
379 520
460 594
419 556
420 521
479 607
371 516
525 574
390 529
471 603
418 597
377 559
423 526
356 536
348 532
502 590
300 492
360 506
441 580
420 557
393 540
352 502
452 589
299 496
413 518
472 604
518 571
405 514
464 600
423 562
424 527
505 601
370 556
416 523
475 609
363 517
382 530
374 526
528 584
434 577
353 503
453 590
426 573
345 499
385 535
445 586
397 546
438 547
303 502
417 524
430 543
409 520
509 607
396 550
529 585
375 527
367 523
521 581
467 610
386 536
359 519
427 537
513 577
406 514
459 606
419 533
439 548
430 579
498 597
317 522
490 593
337 500
437 587
356 513
329 496
456 600
348 509
389 547
448 596
340 505
514 578
401 521
419 569
460 607
306 512
501 608
420 534
393 517
412 530
431 543
318 523
404 526
423 539
370 533
330 497
349 510
362 529
494 599
422 580
341 506
382 507
441 593
328 536
433 589
352 515
434 554
452 602
413 531
426 550
385 512
405 527
331 541
392 557
411 570
497 610
416 536
517 588
363 530
382 543
355 526
374 539
415 540
375 504
326 499
394 517
367 500
426 586
385 548
386 513
486 600
378 509
532 567
478 596
438 560
325 503
430 556
344 516
444 603
336 512
436 599
389 524
408 537
368 501
359 532
427 550
513 590
533 568
379 510
419 546
479 597
366 540
371 506
471 593
358 536
389 549
490 606
337 513
418 587
377 549
437 600
329 509
429 596
348 522
448 609
421 592
340 518
422 557
381 519
440 605
360 496
441 570
393 530
433 566
351 533
505 591
370 546
343 529
362 542
363 507
422 593
520 570
382 520
463 594
355 503
414 589
482 607
528 574
374 516
433 602
434 567
474 603
466 599
426 563
385 525
445 576
332 519
438 537
303 492
384 566
430 533
376 562
355 539
396 540
529 575
375 517
388 536
367 513
521 571
408 514
467 600
359 509
459 596
373 556
532 580
378 522
419 523
365 552
439 538
425 603
344 529
417 599
418 564
377 526
437 577
356 503
456 590
429 573
389 537
448 586
421 569
440 582
418 600
501 598
420 524
406 589
366 553
493 594
412 520
512 607
404 516
377 562
423 529
504 603
351 510
370 523
524 581
362 519
516 577
381 532
422 570
462 606
441 583
414 566
433 579
434 544
299 499
426 540
399 586
405 517
391 582
505 604
392 547
410 595
411 560
497 600
384 543
516 590
402 591
517 578
403 556
463 607
402 568
395 552
355 516
455 603
374 529
528 587
415 530
520 583
447 599
407 526
373 533
438 550
425 580
344 506
430 546
444 593
336 502
396 553
436 589
437 554
388 549
428 585
389 514
407 562
408 527
489 601
427 540
440 559
400 523
459 609
507 593
419 536
347 517
492 606
406 566
366 530
317 525
512 584
358 526
377 539
418 577
350 522
437 590
329 499
369 535
370 500
429 586
340 508
421 582
381 509
422 547
440 595
327 538
401 524
414 543
501 611
393 520
433 556
493 607
339 512
485 603
399 563
404 529
351 523
370 536
410 572
411 537
383 555
443 606
362 532
403 533
382 510
482 597
414 579
374 506
434 557
447 576
426 553
385 515
331 544
332 509
392 560
432 596
424 592
384 556
403 569
376 552
444 570
395 565
435 601
436 566
396 530
342 559
388 526
407 539
508 591
359 499
354 533
459 586
373 546
346 529
365 542
366 507
425 593
357 538
336 515
417 589
377 516
418 554
436 602
477 603
437 567
409 585
369 512
523 570
428 598
429 563
389 527
421 559
335 519
440 572
400 536
441 537
387 566
347 530
406 579
379 562
353 535
298 488
358 539
398 575
399 540
390 571
350 535
504 593
369 548
524 571
409 598
410 549
470 600
402 545
362 509
443 583
516 567
381 522
414 556
454 592
433 569
473 605
380 563
420 599
426 530
399 576
372 559
391 572
432 573
392 537
411 550
384 533
402 581
517 568
403 546
376 529
463 597
395 542
355 506
435 578
455 593
415 520
496 594
447 589
407 516
466 602
413 596
527 581
373 523
305 505
405 592
365 519
519 577
397 588
430 536
444 583
417 566
396 543
436 579
437 544
409 562
428 575
302 499
388 539
429 540
408 517
508 604
394 582
440 549
500 600
347 507
492 596
406 556
366 520
439 590
398 552
358 516
418 567
377 529
350 512
523 583
450 599
369 525
429 576
316 519
421 572
461 608
422 537
414 533
387 579
319 524
433 546
493 597
380 540
339 502
398 588
399 553
390 584
391 549
351 513
451 600
410 562
343 509
411 527
362 522
516 580
403 523
462 609
503 610
395 519
454 605
320 525
361 526
515 584
426 543
413 573
332 499
392 550
432 586
364 531
405 569
324 495
384 546
425 547
376 542
416 578
395 555
435 591
396 520
496 607
428 552
388 516
366 497
407 529
488 603
480 599
394 559
354 523
373 536
499 612
346 519
519 590
365 532
446 606
338 515
425 583
357 528
511 586
417 579
377 506
409 575
369 502
428 588
429 553
489 604
335 509
421 549
440 562
327 505
368 543
427 592
347 520
406 569
379 552
512 587
398 565
358 529
399 530
371 548
390 561
350 525
391 526
410 539
442 608
443 573
362 499
402 535
422 550
481 599
327 541
454 582
414 546
301 489
473 595
360 538
401 576
420 589
380 553
339 515
331 511
412 585
431 598
391 562
432 563
411 540
383 558
384 523
424 559
403 536
530 577
476 606
435 568
395 532
455 583
342 526
468 602
447 579
361 539
354 500
413 586
527 571
305 495
373 513
345 531
405 582
364 544
519 567
397 578
465 596
357 505
444 573
416 591
531 578
417 556
457 592
436 569
302 489
375 559
421 526
508 594
354 536
440 539
386 568
387 533
378 564
366 510
357 541
439 580
398 542
418 557
458 593
350 502
390 538
477 606
369 515
523 573
450 589
410 516
297 496
469 602
442 585
421 562
461 598
422 527
408 592
414 523
387 569
433 536
400 588
420 566
419 578
380 530
399 543
372 526
526 584
390 574
391 539
431 575
518 580
343 499
383 535
464 609
423 571
411 517
402 548
403 513
503 600
454 595
495 596
301 502
342 503
401 589
361 516
393 585
506 605
412 598
413 563
453 599
404 594
432 576
424 572
397 555
425 537
416 568
376 532
435 581
436 546
496 597
428 542
488 593
507 606
354 513
394 549
527 584
499 602
346 509
519 580
365 522
446 596
338 505
397 591
438 592
357 518
457 605
417 569
430 588
418 534
409 565
449 601
429 543
335 499
421 539
440 552
368 533
327 495
386 581
387 546
427 582
514 587
379 542
398 555
399 520
371 538
372 503
390 551
391 516
450 602
410 529
383 512
442 598
402 525
483 599
502 612
349 519
494 608
328 496
360 528
420 579
312 488
372 539
412 575
331 501
413 540
431 588
432 553
364 498
423 584
383 548
424 549
333 547
330 542
484 600
530 567
416 545
376 509
435 558
476 596
395 522
495 609
382 552
342 516
468 592
361 529
515 587
353 525
413 576
385 557
426 595
345 521
373 503
405 572
364 534
446 573
397 568
425 550
416 581
417 546
304 489
436 559
409 542
428 555
510 594
375 549
307 494
398 532
480 602
394 562
367 545
368 510
446 609
338 518
406 536
378 554
379 519
438 605
439 570
479 606
371 515
458 583
430 601
390 528
469 592
442 575
356 535
368 546
408 582
327 508
414 513
427 595
400 578
360 505
419 591
379 555
420 556
380 520
412 552
372 516
526 574
391 529
472 603
431 565
518 570
464 599
423 561
383 525
443 576
475 608
349 532
503 590
381 564
301 492
361 506
359 521
393 575
352 537
506 595
353 502
412 588
413 553
453 589
404 584
405 549
445 585
424 562
397 545
530 580
416 558
417 523
435 571
382 565
468 605
509 606
428 532
375 526
529 584
354 503
394 539
499 592
385 570
386 535
446 586
378 531
465 599
438 582
439 547
457 595
430 578
304 502
498 596
418 524
449 591
396 585
510 607
415 598
307 507
421 529
388 581
407 594
408 559
368 523
427 572
387 536
514 577
379 532
419 568
439 583
525 586
371 528
390 541
431 542
410 519
491 593
442 588
402 515
389 582
502 602
349 509
408 595
494 598
400 591
401 556
360 518
534 568
441 592
333 501
420 569
352 514
393 552
526 587
412 565
413 530
431 578
518 583
370 545
432 543
405 526
423 574
424 539
397 522
416 535
435 548
495 599
342 506
382 542
487 595
334 502
374 538
434 589
353 515
394 516
453 602
426 585
385 547
386 512
445 598
397 558
438 559
417 536
409 532
314 523
533 567
379 509
415 575
375 539
367 535
407 571
368 500
386 548
359 531
513 589
387 513
378 544
438 595
479 596
439 560
371 505
430 591
390 518
471 592
490 605
337 512
437 599
329 508
389 559
348 521
408 572
340 517
427 585
514 590
400 568
401 533
419 581
380 510
420 546
393 529
412 542
472 593
431 555
491 606
423 551
329 544
330 509
475 598
349 522
494 611
341 518
422 592
381 554
382 519
401 569
441 605
414 588
333 514
433 601
393 565
352 527
413 543
385 524
404 574
405 539
445 575
364 501
397 535
411 582
416 548
403 578
363 542
468 595
382 555
355 538
375 516
434 602
394 529
521 570
426 598
385 560
386 525
359 508
446 576
378 521
438 572
439 537
457 585
430 568
344 528
304 492
449 581
296 488
396 575
415 588
456 589
388 571
407 584
522 571
408 549
368 513
427 562
514 567
400 545
460 596
419 558
379 522
533 580
420 523
525 576
366 552
371 518
412 519
471 605
377 561
423 528
348 534
389 572
502 592
381 531
400 581
401 546
441 582
360 508
352 504
433 578
393 542
412 555
452 591
413 520
299 498
404 551
399 585
464 602
505 603
424 529
410 594
416 525
497 599
402 590
435 538
517 577
381 567
382 532
463 606
355 515
374 528
528 586
434 579
520 582
453 592
385 537
345 501
426 575
445 588
438 549
411 595
303 504
430 545
344 505
403 591
409 522
395 587
396 552
415 565
375 529
367 525
521 583
407 561
408 526
427 539
513 579
378 534
459 608
419 535
439 550
498 599
430 581
317 524
490 595
377 538
337 502
396 588
437 589
356 515
388 584
429 585
448 598
340 507
440 594
400 558
401 523
460 609
420 536
501 610
393 519
412 532
372 496
318 525
431 545
404 528
423 541
351 522
330 499
370 535
322 495
516 589
381 544
382 509
441 595
414 578
328 538
333 504
374 505
433 591
320 534
452 604
426 552
385 514
405 529
331 543
392 559
397 525
411 572
497 612
363 532
517 590
314 490
355 528
374 541
375 506
415 542
394 519
367 502
407 538
426 588
386 515
359 498
486 602
332 544
532 569
373 545
378 511
478 598
438 562
430 558
425 592
344 518
444 605
336 514
436 601
388 561
428 597
407 574
368 503
408 539
427 552
400 535
419 548
306 491
479 599
371 508
525 566
366 542
471 595
358 538
377 551
418 589
350 534
437 602
329 511
369 547
524 570
370 512
362 544
429 598
340 520
381 521
440 607
401 536
360 498
481 608
433 568
393 532
299 488
339 524
404 541
505 593
351 535
370 548
410 584
416 515
402 580
403 545
363 509
422 595
463 596
382 522
355 505
414 591
374 518
528 576
455 592
434 569
520 572
426 565
466 601
385 527
438 539
411 585
384 568
303 494
430 535
403 581
444 582
395 577
415 555
388 538
302 498
367 515
521 573
467 602
508 603
359 511
513 569
459 598
373 558
419 525
366 519
418 566
409 597
356 505
437 579
456 592
389 539
429 575
448 588
421 571
400 548
440 584
387 578
420 526
306 504
501 600
433 545
406 591
493 596
398 587
399 552
404 518
504 605
390 583
423 531
370 525
410 561
524 583
343 508
362 521
516 579
402 557
422 572
381 534
462 608
454 604
414 568
433 581
320 524
434 546
426 542
399 588
332 498
391 584
392 549
410 597
497 602
411 562
384 545
402 593
517 580
403 558
376 541
355 518
395 554
396 519
455 605
415 532
447 601
520 585
407 528
378 501
373 535
365 531
325 495
344 508
425 582
430 548
444 595
417 578
336 504
396 555
437 556
388 551
428 587
429 552
389 516
408 529
400 525
500 612
366 532
406 568
492 608
512 586
358 528
418 579
369 537
329 501
370 502
429 588
362 498
421 584
422 549
381 511
440 597
327 540
441 562
328 505
414 545
393 522
433 558
473 594
493 609
380 552
331 510
372 548
351 525
392 526
410 574
383 557
343 521
411 539
362 534
402 570
443 608
516 592
403 535
382 512
395 531
328 541
482 599
455 582
374 508
528 566
474 595
447 578
426 555
385 517
331 546
332 511
413 585
392 562
432 598
364 543
384 558
376 554
444 572
395 567
435 603
396 532
436 568
415 545
342 561
388 528
428 564
407 541
508 593
354 535
459 588
373 548
346 531
365 544
366 509
425 595
357 540
417 591
377 518
409 587
437 569
523 572
369 514
429 565
469 601
389 529
335 521
421 561
440 574
441 539
306 494
347 532
406 581
298 490
379 564
398 577
358 541
390 573
504 595
351 502
391 538
410 551
451 589
524 573
470 602
443 585
362 511
381 524
462 598
422 562
454 594
414 558
301 501
473 607
420 601
380 565
426 532
412 597
391 574
392 539
432 575
383 570
411 552
424 571
384 535
376 531
395 544
435 580
455 595
415 522
496 596
447 591
407 518
354 512
413 598
499 601
527 583
373 525
405 594
519 579
397 590
425 572
357 517
444 585
417 568
436 581
409 564
437 546
428 577
302 501
421 538
508 606
400 515
440 551
500 602
387 545
347 509
406 558
366 522
492 598
439 592
358 518
377 531
418 569
390 550
450 601
523 585
369 527
410 528
316 521
442 597
421 574
461 610
422 539
414 535
387 581
392 516
319 526
433 548
339 504
380 542
399 555
485 595
331 500
372 538
518 592
451 602
343 511
383 547
384 512
443 598
403 525
330 541
395 521
454 607
495 608
320 527
333 546
353 524
413 575
332 501
373 502
432 588
405 571
364 533
424 584
384 548
397 567
376 544
417 545
531 567
435 593
396 522
428 554
388 518
334 547
488 605
407 531
354 525
480 601
499 614
373 538
346 521
386 557
365 534
519 592
446 608
406 535
338 517
366 499
357 530
377 508
418 546
437 559
369 504
347 522
368 545
429 555
406 571
