240 115
239 114
241 116
240 114
238 115
237 116
239 113
239 116
242 115
236 117
235 118
234 117
233 118
232 117
238 114
237 113
236 114
235 115
234 114
233 115
238 117
243 114
244 115
245 114
246 113
247 112
248 113
241 113
242 112
232 119
231 120
239 115
242 114
234 119
236 116
247 113
240 116
241 115
243 112
244 111
243 110
244 109
246 111
232 121
245 115
246 116
239 117
242 116
243 117
244 118
243 119
244 113
247 115
249 112
238 112
250 111
249 110
251 110
240 118
241 117
232 114
231 113
230 113
232 112
231 111
232 110
233 109
234 108
233 111
234 110
234 112
245 108
246 109
245 117
251 112
252 113
253 112
254 113
255 112
253 114
255 114
256 115
257 114
258 113
257 112
259 112
259 114
257 116
258 115
260 112
261 111
260 110
259 110
261 109
260 108
261 107
262 106
263 107
262 108
263 109
264 110
262 110
263 111
255 116
264 112
265 113
265 114
266 115
259 107
232 108
258 106
257 105
259 105
257 107
256 108
255 107
254 106
253 105
252 104
253 103
254 104
255 103
255 102
256 101
252 106
251 106
255 105
253 107
265 111
252 108
251 108
266 110
267 111
268 112
251 103
259 116
262 112
239 119
255 100
255 109
232 107
240 120
232 116
243 116
246 118
266 114
247 110
235 108
236 109
258 110
250 106
235 117
247 119
247 120
259 111
251 107
262 107
255 104
243 111
232 111
254 108
231 115
254 117
266 109
265 108
258 105
258 114
235 112
247 114
250 110
259 106
251 102
250 101
251 111
262 111
239 118
242 120
243 121
254 103
265 112
231 110
254 112
246 108
231 119
246 117
266 113
235 107
258 109
247 109
250 105
235 116
247 118
261 110
253 115
234 111
234 120
235 121
235 122
236 123
265 107
254 107
265 116
265 117
266 118
266 119
254 116
231 114
246 112
246 121
246 122
247 123
247 124
258 104
259 103
259 102
258 101
258 100
250 100
251 99
252 99
251 98
251 97
250 96
235 111
250 109
235 120
257 117
258 118
258 119
258 120
259 121
238 113
260 122
230 118
241 118
261 105
242 110
261 123
261 124
234 106
242 119
234 115
254 102
253 101
254 111
253 110
231 109
246 107
247 106
248 106
247 105
247 104
246 103
265 120
265 121
265 122
266 123
266 124
265 125
265 126
265 127
266 128
266 127
231 118
264 124
258 99
259 98
259 97
258 96
258 95
259 94
259 93
259 92
258 91
258 90
259 89
259 88
258 87
258 86
259 87
250 95
251 94
252 95
252 94
251 93
250 92
250 91
235 106
236 105
236 104
235 103
235 102
250 104
257 103
249 108
257 121
257 122
258 123
258 124
259 125
260 117
260 126
260 127
261 128
261 129
262 130
253 96
261 118
262 117
263 118
262 116
261 115
261 119
261 114
234 101
233 100
233 99
232 98
232 97
231 96
261 127
262 126
254 97
255 96
255 95
254 94
254 98
254 93
231 95
232 94
233 95
232 93
232 92
233 91
233 90
232 89
232 88
231 91
234 92
235 93
265 106
266 105
266 104
265 103
265 102
267 125
268 126
246 102
247 101
247 100
246 99
246 98
258 85
259 84
259 83
258 82
258 81
264 119
264 128
264 129
265 130
265 131
266 132
266 133
267 134
268 135
268 136
269 137
269 138
270 139
268 139
268 140
267 139
235 92
236 91
237 92
236 90
235 89
235 88
236 87
237 88
236 86
236 85
235 84
235 83
236 82
237 83
236 81
250 90
251 89
252 90
252 89
251 88
250 87
250 86
235 101
236 100
248 120
257 98
249 94
260 103
249 103
268 125
269 124
270 125
269 123
268 122
268 121
269 120
270 121
269 119
269 118
269 117
270 116
269 115
269 114
268 117
268 116
257 125
257 126
256 124
255 123
254 122
254 121
253 120
253 119
253 123
253 124
254 125
254 126
254 127
255 128
253 128
253 129
254 130
254 131
256 129
257 130
258 129
259 130
258 128
257 131
260 131
261 132
261 133
261 134
262 135
260 135
260 136
261 137
261 138
230 108
260 121
249 121
250 120
251 121
250 119
249 122
250 123
250 124
250 125
251 126
249 126
249 127
250 128
250 129
251 130
268 134
269 133
269 132
268 131
268 130
269 129
270 130
269 128
230 117
249 130
249 131
248 129
247 129
247 128
246 127
247 126
246 126
246 130
245 130
246 131
246 132
247 133
245 129
248 134
249 135
250 134
251 135
250 133
249 136
252 136
253 137
254 136
254 135
253 134
253 138
253 139
254 140
254 141
253 133
253 142
253 143
254 144
254 145
252 141
245 133
245 134
246 135
246 136
246 137
247 138
247 137
248 139
249 140
249 141
250 142
250 143
250 144
249 145
249 146
250 147
245 138
249 144
248 143
247 142
246 141
246 140
245 142
245 143
244 141
248 138
248 147
247 147
246 146
246 145
248 148
249 149
249 150
250 151
250 152
245 147
244 147
245 148
246 149
246 150
246 151
245 152
245 153
246 154
246 155
247 156
247 157
247 158
246 159
248 158
249 159
249 160
250 161
248 157
249 158
244 146
245 156
245 157
244 155
248 135
260 94
248 161
247 161
246 162
245 162
248 162
249 163
261 93
262 94
263 95
264 96
249 164
249 165
262 93
245 161
244 160
262 92
263 91
263 90
262 89
262 88
263 87
264 87
263 86
263 85
262 84
262 83
261 92
263 82
263 81
262 80
248 166
250 162
248 167
249 168
249 169
230 91
261 91
248 170
248 171
251 163
252 164
252 165
261 113
234 96
253 109
231 90
267 129
258 80
244 145
245 110
264 123
237 106
257 84
248 115
260 89
238 107
257 120
256 119
248 151
249 116
241 112
260 125
261 90
251 162
271 140
263 136
255 132
234 109
267 106
233 113
252 126
244 122
236 118
256 96
244 158
243 157
242 156
241 155
245 123
237 119
238 84
256 132
257 97
248 128
249 93
268 106
260 102
247 169
230 116
229 115
271 117
263 113
253 99
252 103
255 145
267 119
252 139
251 139
244 135
243 135
243 134
242 133
241 132
245 100
244 100
264 113
256 109
229 92
229 93
248 105
247 146
259 120
230 93
270 129
249 106
262 125
261 80
260 80
260 79
259 78
258 77
251 152
271 130
263 126
255 122
252 116
251 117
243 147
244 112
264 90
236 108
246 158
245 113
258 132
258 133
237 109
269 141
269 142
257 87
256 87
255 87
254 87
253 86
256 86
248 118
260 92
247 159
259 133
250 164
251 129
270 142
262 138
255 99
240 119
232 115
252 93
255 135
267 109
254 139
233 116
264 103
263 104
262 103
263 103
236 121
237 86
256 99
248 95
247 136
250 141
270 119
262 115
251 142
271 120
272 120
273 120
243 101
243 102
242 100
241 99
263 116
240 132
239 132
239 131
240 130
238 130
237 129
240 129
233 93
244 102
246 148
266 126
258 122
237 99
236 98
237 97
236 96
237 96
238 97
239 96
240 97
240 96
250 118
269 131
247 149
239 108
240 107
239 109
259 123
251 119
270 132
262 128
263 93
240 109
242 155
253 164
254 163
253 162
254 162
254 129
233 106
232 105
233 104
232 103
233 103
246 125
266 103
236 111
246 161
266 139
265 139
265 138
266 137
265 136
266 136
259 100
250 131
251 96
262 105
239 121
249 171
242 132
253 141
232 118
273 119
265 115
231 122
231 123
236 88
254 142
246 138
247 103
266 116
258 112
250 108
269 121
262 82
239 98
239 99
251 109
262 118
263 83
249 148
261 122
240 99
232 95
254 119
246 115
265 128
258 89
250 85
251 84
252 83
235 105
247 116
258 125
259 90
245 155
250 121
251 86
257 129
262 95
248 160
268 138
260 134
239 111
249 161
241 157
242 122
241 122
242 123
243 124
243 125
244 125
261 135
234 118
253 131
254 96
265 105
231 112
235 82
254 132
246 128
266 106
258 102
250 98
269 111
238 129
249 138
241 134
241 135
261 112
253 108
231 89
242 135
253 144
254 109
246 105
265 118
258 79
235 95
259 80
245 145
262 85
257 119
248 150
249 115
228 92
227 92
227 91
228 90
227 89
226 88
225 87
226 87
225 89
224 89
225 90
226 90
228 89
224 91
268 128
260 124
261 89
249 151
261 125
253 121
254 86
265 95
266 94
265 93
266 93
231 102
230 103
267 141
267 142
252 161
258 92
244 157
245 122
250 88
264 135
256 131
257 96
248 127
268 105
260 101
261 100
245 158
238 119
257 132
230 115
248 163
249 128
268 141
241 124
260 137
261 102
234 85
234 86
253 98
255 144
234 121
254 99
252 138
244 134
235 85
245 135
237 131
236 131
238 96
256 144
257 109
230 92
248 140
249 105
268 118
241 101
241 102
260 114
261 79
251 151
271 129
242 102
234 98
253 111
252 115
231 92
243 146
242 145
241 145
241 144
242 143
223 88
222 88
222 87
223 86
221 86
220 86
267 131
252 151
253 152
254 152
245 112
264 125
237 108
256 121
257 86
229 104
229 105
248 117
260 91
250 163
238 109
270 141
230 105
249 118
241 114
253 88
251 164
271 142
272 143
273 142
263 138
255 134
267 108
240 154
239 154
239 153
240 152
238 152
237 152
236 151
235 151
234 152
234 151
237 151
238 150
236 153
236 154
237 154
252 128
243 159
244 124
236 120
264 102
256 98
248 94
247 93
246 93
246 92
247 91
233 151
232 150
233 149
234 149
235 149
232 148
235 148
233 148
245 125
237 121
238 86
239 86
240 87
240 86
239 88
257 99
229 117
248 130
249 95
268 108
269 109
269 108
270 107
271 107
270 109
260 104
251 141
271 119
263 115
255 111
234 88
240 131
252 105
243 136
243 137
244 101
267 121
226 89
244 137
245 102
264 115
237 98
256 111
229 94
229 95
257 76
257 75
256 74
257 74
256 76
255 77
254 76
253 76
253 75
254 74
248 107
260 81
247 148
259 122
250 153
250 154
238 99
251 118
230 95
270 131
262 127
261 82
240 108
219 85
218 85
217 86
217 85
216 85
215 85
215 84
216 83
218 84
218 83
218 82
219 83
219 82
251 154
271 132
272 133
272 132
273 132
243 113
263 128
255 124
240 144
239 144
239 143
239 142
239 141
238 140
237 139
240 142
238 139
237 141
236 141
237 142
238 142
240 141
236 143
237 144
233 105
252 118
244 114
236 110
264 92
256 88
255 89
255 90
254 164
255 165
256 165
256 164
257 163
256 162
257 162
257 165
258 165
259 166
260 167
261 166
260 168
261 168
259 165
258 167
258 168
259 168
261 167
246 160
247 125
266 138
258 134
258 135
237 111
250 130
269 143
269 144
257 89
229 107
270 108
249 85
248 85
248 84
248 83
248 82
247 81
246 80
249 83
245 80
244 80
243 79
244 79
245 78
244 77
245 77
247 80
243 81
246 82
246 83
247 83
249 82
242 79
241 79
245 79
235 150
239 120
259 135
250 166
251 131
270 144
271 109
272 110
273 109
263 105
255 101
240 121
243 126
245 92
244 92
243 92
243 91
244 90
243 89
242 90
241 89
244 89
245 90
242 89
245 89
241 91
241 92
242 92
244 91
239 133
240 98
243 103
243 104
253 153
253 154
273 131
273 130
273 129
225 91
244 104
217 87
217 88
256 78
255 79
254 154
255 155
256 154
257 153
256 152
257 152
226 92
235 140
234 139
235 139
235 138
234 141
234 142
233 138
232 138
239 110
218 87
272 144
272 145
257 164
255 91
260 169
260 170
240 111
252 85
244 81
242 157
261 170
262 171
262 170
263 169
264 168
263 171
234 153
234 154
253 166
273 144
274 145
275 145
276 144
275 143
277 145
277 146
278 146
279 146
280 147
281 148
282 149
280 146
276 143
279 148
279 149
280 149
282 148
283 147
283 149
284 150
285 149
276 146
278 145
281 150
281 151
282 151
285 151
286 152
287 153
284 152
287 152
286 154
277 147
280 148
265 140
231 147
230 146
231 146
231 145
230 148
229 148
230 149
229 150
228 147
227 147
227 146
227 145
228 145
226 145
225 145
224 144
223 144
222 144
222 143
223 142
222 141
221 142
220 142
220 141
223 141
225 144
226 143
221 141
224 146
224 147
225 147
220 143
223 143
269 110
270 111
228 114
227 114
227 113
227 112
228 112
226 112
225 112
224 112
224 111
223 111
222 111
222 110
223 109
222 108
221 107
220 106
219 106
218 105
221 106
220 108
220 109
221 109
223 108
219 105
225 111
226 110
218 107
217 108
221 108
224 113
224 114
225 114
220 110
240 88
243 93
242 134
221 111
273 121
274 122
275 123
272 122
272 123
275 122
276 121
275 120
277 122
277 123
278 123
276 123
278 122
274 124
274 125
275 125
277 124
277 125
278 125
279 126
280 126
281 127
282 126
283 127
284 127
285 127
285 126
281 128
283 126
282 128
285 128
286 129
287 130
284 129
284 130
285 129
287 129
286 131
286 132
287 132
288 133
288 132
289 132
289 131
290 130
289 129
290 132
291 133
292 133
288 134
288 135
289 134
291 134
291 135
292 135
293 135
294 135
295 136
296 137
296 136
297 137
298 136
299 137
299 136
295 138
295 139
296 139
298 138
298 139
299 139
300 139
301 140
302 139
303 140
304 141
304 140
303 142
297 136
300 141
300 142
301 142
303 141
304 142
296 138
297 139
299 138
284 131
284 132
295 140
233 85
232 85
232 84
232 83
232 82
233 81
232 80
231 80
230 80
233 83
231 79
231 82
230 83
229 83
229 82
230 82
233 82
229 84
230 85
231 124
232 125
232 126
233 126
230 125
229 125
230 126
228 125
227 124
228 123
227 122
226 123
225 123
224 122
225 122
228 122
224 124
231 125
223 121
222 121
222 120
223 119
221 119
220 119
220 118
221 117
226 122
229 127
229 128
230 128
219 118
218 118
217 119
217 118
218 117
219 116
218 115
219 115
221 118
232 127
232 128
233 128
234 129
235 128
225 124
217 120
217 121
235 127
235 126
228 124
220 120
220 121
221 121
234 130
234 131
223 120
259 79
216 117
216 116
215 115
216 115
215 117
214 114
213 113
214 113
214 112
213 115
213 116
212 112
211 112
210 111
209 110
208 111
208 112
209 112
210 113
210 114
211 114
207 111
206 111
205 112
205 111
206 110
205 109
206 109
206 108
207 109
207 108
209 111
213 117
205 113
205 114
256 153
235 130
208 113
208 114
227 126
228 91
220 87
220 88
239 100
272 134
272 135
238 141
257 154
258 155
258 156
259 156
260 155
261 156
261 155
260 157
260 158
261 158
262 158
263 159
263 158
264 158
265 159
266 159
259 155
262 160
262 161
263 161
265 160
265 161
266 161
267 162
268 161
258 157
261 157
264 157
264 156
264 155
209 114
268 163
269 164
267 164
270 164
271 163
270 162
271 162
271 165
272 166
272 165
273 165
274 165
275 166
275 165
276 164
276 166
274 167
274 168
275 168
277 167
278 166
277 168
278 168
279 169
280 170
281 171
282 172
280 169
279 171
282 171
283 170
282 169
283 169
283 172
284 173
284 172
285 172
286 172
287 173
286 174
286 175
287 175
285 171
281 173
284 174
284 175
273 164
273 163
273 162
285 174
287 174
280 171
272 167
272 168
283 171
275 167
286 176
286 177
276 168
287 177
288 178
288 177
289 177
241 146
241 147
260 159
221 88
252 75
251 74
250 73
249 73
248 73
248 72
249 71
248 70
247 71
246 70
249 70
251 73
252 73
247 70
250 75
250 76
251 76
246 72
247 73
249 72
252 72
252 71
252 70
245 69
245 68
244 67
245 67
243 68
243 69
242 67
241 67
244 69
240 66
239 66
239 65
240 64
241 68
241 69
242 69
248 74
238 66
237 66
236 66
236 65
237 65
251 75
240 65
243 70
243 71
244 71
236 67
242 147
283 148
234 143
273 134
274 135
274 134
275 133
276 133
277 133
278 134
278 133
277 135
275 135
278 135
279 136
280 137
281 138
281 139
282 139
280 136
279 138
280 139
282 138
283 137
282 136
283 136
283 139
284 140
284 139
285 139
285 138
285 137
285 136
281 140
284 141
284 142
285 141
286 142
286 141
287 140
287 142
288 143
289 142
290 142
291 143
292 144
293 145
294 146
292 143
291 145
291 146
292 146
294 145
293 147
289 144
288 145
292 145
287 141
280 138
291 147
286 153
247 82
266 95
267 96
267 97
268 96
269 96
270 97
270 96
271 95
271 97
269 98
269 99
270 99
268 95
271 96
267 98
270 98
271 99
272 100
272 99
273 99
274 100
275 100
276 101
277 100
278 101
278 100
277 102
276 100
274 101
274 102
275 102
278 102
279 103
280 104
281 103
282 104
282 103
283 104
281 105
281 106
282 106
280 103
283 103
279 105
279 106
280 106
282 105
283 106
284 107
285 106
285 105
285 104
281 107
282 108
284 108
284 109
273 98
273 97
252 160
252 159
285 108
286 109
286 108
287 107
287 109
288 110
289 109
290 108
289 107
290 107
290 110
291 110
292 111
293 112
293 113
294 113
292 110
291 112
291 113
292 113
294 112
290 109
293 114
293 115
294 115
295 116
295 115
296 114
297 114
296 116
296 115
297 116
298 116
299 116
300 117
301 118
301 117
302 117
303 117
304 118
304 117
300 119
301 120
303 119
303 120
304 120
305 120
306 120
306 119
302 116
301 119
304 119
300 121
289 111
288 112
292 112
303 121
295 117
295 118
304 122
305 123
305 122
306 122
307 123
307 122
308 121
309 122
310 123
309 121
308 123
311 123
308 122
309 123
307 124
307 125
308 125
310 124
310 125
311 125
312 126
312 127
313 127
314 126
315 127
315 126
316 125
316 124
316 127
314 128
315 129
313 126
316 126
312 128
315 128
316 129
317 130
317 129
318 128
319 129
319 130
320 130
318 130
321 130
322 131
323 130
319 131
319 132
320 132
323 132
324 133
325 134
322 133
325 133
324 135
318 129
314 130
296 118
231 137
230 136
231 135
229 137
229 138
230 138
231 134
231 133
228 137
227 137
227 136
227 135
227 134
228 133
227 132
226 133
225 132
228 132
228 135
226 132
225 134
224 135
224 134
225 135
226 135
228 134
224 136
230 137
223 133
222 133
222 132
222 131
221 130
220 129
221 129
220 131
223 131
219 128
218 128
218 127
219 126
221 131
219 127
269 100
276 145
287 154
288 155
288 156
289 154
290 153
291 153
292 154
293 155
294 156
289 152
291 155
291 156
292 156
294 155
290 152
293 157
293 158
294 158
295 159
296 159
297 159
298 159
290 155
292 155
295 160
295 161
296 161
288 157
291 157
291 158
292 158
294 157
279 150
279 151
226 144
264 170
265 171
266 172
267 172
268 172
268 171
266 171
265 173
268 173
269 174
270 175
267 174
267 175
270 174
271 173
270 172
271 172
271 175
272 176
273 175
273 174
269 176
269 177
270 177
272 177
272 178
273 177
274 178
275 178
276 177
275 176
277 178
278 179
279 179
280 180
281 181
314 127
280 179
276 176
279 181
282 181
283 180
282 179
278 178
277 180
280 181
283 181
276 178
271 174
274 179
274 180
275 180
267 176
237 153
256 166
255 167
255 168
229 149
228 104
227 104
227 103
227 102
227 101
228 100
226 100
225 100
224 99
223 99
222 98
221 97
220 96
225 99
221 96
224 101
224 102
225 102
228 102
220 98
223 98
226 99
219 95
218 95
217 96
216 95
215 95
215 94
216 93
215 92
214 92
213 93
213 92
218 94
219 93
222 100
212 92
211 92
225 101
217 97
217 98
214 91
214 90
214 89
226 102
218 97
210 93
228 101
221 98
213 94
213 95
224 103
225 104
214 94
216 94
280 151
240 78
239 78
239 77
239 76
239 75
240 74
238 74
237 74
236 73
235 73
234 73
236 75
236 76
237 76
240 76
233 73
232 73
232 72
233 71
232 70
233 70
235 72
231 69
230 70
229 70
230 71
229 72
235 75
234 76
234 75
237 75
238 76
230 72
233 72
236 77
236 78
237 78
232 74
238 154
230 150
242 124
302 138
302 137
273 111
274 112
275 113
272 112
275 112
276 111
277 110
278 111
275 110
278 110
277 112
277 113
278 113
279 113
280 114
281 115
281 116
282 117
282 116
281 118
276 110
279 115
279 116
280 116
282 115
283 114
283 116
284 117
285 116
276 113
278 112
281 117
282 118
274 114
285 118
286 119
287 120
288 120
289 120
289 119
290 120
284 119
287 119
290 119
286 121
289 121
288 122
288 123
289 122
290 122
291 123
291 122
292 121
293 122
294 123
292 123
293 124
293 125
294 125
295 126
296 126
297 125
296 124
298 126
299 127
297 124
297 127
299 126
298 128
297 126
292 122
295 127
295 128
296 128
288 124
277 114
278 115
280 115
299 128
300 129
300 130
301 130
301 129
302 129
303 130
303 129
304 128
304 130
304 129
300 131
300 132
301 132
303 131
303 132
304 132
305 133
306 132
307 133
308 134
308 133
309 134
310 133
311 134
311 133
307 135
310 135
311 136
312 136
313 137
314 136
315 137
315 136
316 137
314 138
314 139
315 139
313 136
309 133
312 138
312 139
313 139
315 138
307 134
316 139
317 140
318 140
308 135
311 135
314 140
314 141
314 142
315 141
317 141
317 142
306 131
306 130
318 142
319 142
291 124
291 125
310 137
292 125
246 94
246 95
219 140
219 139
218 138
219 138
218 140
217 141
216 140
215 140
215 139
215 138
215 137
216 136
216 138
214 137
213 138
213 137
218 139
222 145
223 110
276 122
287 131
247 95
279 127
279 128
212 137
211 137
210 136
211 135
210 134
209 133
208 132
209 132
208 134
208 135
209 135
211 134
212 133
211 132
212 132
212 135
209 134
212 134
208 136
211 136
298 140
256 143
256 142
256 141
257 140
257 142
257 141
216 107
215 107
215 106
215 105
216 105
214 104
213 103
214 102
213 105
212 102
211 102
210 101
209 100
208 99
207 99
206 98
205 99
209 99
208 101
208 102
209 102
211 101
212 100
211 99
204 98
203 98
203 97
204 96
214 101
207 98
210 103
210 104
211 104
213 104
206 100
205 101
209 101
202 97
201 96
202 95
201 98
201 97
212 101
208 103
228 81
228 80
227 79
226 78
225 77
226 77
225 79
224 79
228 79
227 81
223 78
222 78
222 77
226 79
224 80
224 81
225 81
227 80
280 128
299 141
272 124
278 167
238 131
257 144
258 145
259 145
260 145
261 146
261 145
260 147
260 146
261 147
262 148
263 149
263 148
264 148
265 149
265 148
266 149
266 148
262 150
265 150
265 151
266 151
267 152
267 151
268 151
268 150
268 149
268 148
267 153
267 154
264 147
263 146
264 146
264 145
230 127
289 176
289 175
289 174
290 173
290 175
268 153
269 154
269 155
269 153
270 152
271 152
272 153
273 153
273 152
270 154
273 154
274 155
275 156
272 155
272 156
275 155
276 154
275 153
277 155
278 154
278 156
276 153
276 156
278 155
274 157
275 158
277 157
277 158
278 158
279 159
279 158
280 157
280 159
281 160
282 159
283 160
281 161
283 159
282 161
269 156
276 155
279 160
279 161
280 161
272 157
282 160
283 161
284 162
284 163
285 161
286 162
287 163
287 162
286 164
286 165
287 165
288 165
289 165
289 164
290 163
289 162
290 162
290 165
291 166
292 166
293 167
294 166
293 168
294 168
291 167
291 168
292 168
284 164
287 164
290 164
293 169
293 170
275 157
294 170
295 171
296 171
297 170
298 169
299 170
296 169
299 169
298 171
298 172
299 172
300 172
301 173
301 172
302 172
297 169
300 174
300 175
301 175
297 172
299 171
302 171
302 170
298 173
301 174
302 174
303 175
303 174
304 173
304 175
305 176
306 175
306 177
307 178
305 178
286 166
276 158
241 136
241 137
281 172
242 101
221 78
254 75
219 117
325 135
326 136
326 137
327 136
327 135
327 134
327 133
328 134
328 133
328 136
329 137
329 136
330 137
331 138
331 139
332 139
330 136
326 138
326 139
329 138
329 139
330 139
332 138
211 113
271 164
317 131
317 132
290 177
291 178
292 177
293 178
294 179
292 176
294 178
293 180
292 178
294 180
295 181
296 181
297 180
296 179
298 181
298 182
299 182
297 179
297 182
299 181
298 183
299 184
300 184
301 183
302 182
301 185
302 184
303 185
304 186
305 186
306 186
306 185
304 185
303 187
306 187
305 188
305 189
297 181
222 122
222 123
263 160
242 137
282 173
283 138
255 156
255 157
274 169
274 170
275 134
294 147
295 148
296 147
295 149
297 147
296 149
298 148
299 147
298 149
299 149
296 148
297 149
299 148
295 150
295 151
296 151
298 150
298 151
298 152
299 151
300 152
301 152
302 151
301 150
303 152
304 151
303 153
304 153
305 153
306 153
306 152
304 152
303 154
286 143
286 144
247 72
306 121
252 150
252 149
252 148
212 114
298 117
298 118
231 127
318 132
250 77
250 78
223 123
216 84
275 170
235 97
276 135
227 93
287 144
279 140
278 140
280 105
239 67
239 68
238 69
238 70
298 153
226 134
299 118
272 101
272 102
251 78
291 114
264 160
237 143
238 108
256 156
229 139
229 140
248 152
249 117
240 68
253 87
313 138
259 167
218 129
217 130
217 131
218 130
216 130
215 130
215 129
215 128
215 127
216 126
215 125
214 125
213 126
213 125
216 125
216 128
214 124
213 127
213 128
216 127
212 124
212 123
211 122
212 122
211 124
210 124
209 123
208 122
209 122
208 124
207 121
206 121
205 122
205 121
206 120
207 119
205 123
205 124
206 123
208 123
209 124
207 120
305 134
305 135
304 136
305 137
304 138
238 144
278 180
210 125
210 126
270 176
230 140
231 141
230 142
231 143
232 140
271 141
262 172
262 173
290 154
282 150
302 128
301 127
302 127
302 126
274 146
274 147
293 159
293 160
254 88
294 124
240 153
273 101
246 84
246 85
219 130
265 97
211 126
212 91
271 177
243 158
231 104
263 173
223 100
304 174
283 151
255 169
215 96
215 97
275 147
276 112
235 74
294 160
307 179
267 143
247 85
287 121
233 150
306 134
279 117
279 118
278 119
252 163
225 146
244 159
245 124
217 142
217 143
264 137
236 155
236 156
237 120
285 115
285 114
256 133
297 171
216 97
268 107
214 136
214 135
214 134
300 176
300 177
301 141
247 170
280 118
226 147
237 156
278 157
238 121
257 134
270 153
289 166
288 167
288 168
289 167
290 131
281 162
281 163
242 91
260 139
301 177
261 104
234 87
253 100
293 136
293 137
218 142
219 107
210 138
211 103
271 154
231 81
203 99
203 100
290 167
222 112
263 150
303 186
223 77
282 163
255 146
255 147
283 128
265 157
274 159
302 141
275 124
303 173
294 137
267 120
286 133
246 97
233 127
212 104
252 140
204 100
244 136
245 101
304 187
264 114
236 132
236 133
297 148
256 110
276 125
288 179
288 180
287 181
288 182
235 87
300 153
300 154
300 155
328 135
320 131
226 124
266 160
285 173
245 137
331 140
332 141
277 169
277 170
237 133
238 98
256 146
257 111
229 129
269 165
269 166
269 167
230 94
248 142
289 143
249 107
268 120
241 103
241 104
240 105
242 68
260 116
301 154
261 81
321 132
207 110
253 77
253 78
313 128
218 119
259 157
219 84
305 124
305 125
278 170
210 115
210 116
251 153
270 166
271 131
289 179
262 162
262 163
290 144
222 89
222 90
263 127
282 140
242 104
283 105
234 100
274 136
274 137
273 138
272 137
302 118
275 101
294 114
254 78
240 143
246 74
286 110
286 111
232 139
278 109
265 87
211 116
252 117
231 94
243 148
243 149
263 163
223 90
264 91
215 86
296 160
275 137
235 64
234 64
234 65
316 138
276 102
267 133
287 111
233 140
273 176
279 107
252 153
265 172
225 136
226 101
244 149
285 150
217 132
217 133
236 145
264 127
269 139
237 110
238 75
256 123
297 161
298 161
257 88
229 106
248 119
249 84
268 97
309 135
241 80
241 81
214 126
260 93
301 131
247 160
206 122
226 137
266 173
305 121
312 140
271 108
258 169
258 170
259 134
218 96
278 147
238 111
250 165
210 92
229 142
269 178
282 114
230 107
270 143
289 156
262 139
262 140
262 141
290 121
281 152
242 81
228 146
261 94
274 113
234 77
207 123
293 126
293 127
253 90
239 155
239 156
259 170
218 132
219 97
251 166
211 93
292 167
271 144
231 71
303 176
303 177
263 140
282 153
281 154
283 118
255 136
295 172
295 173
275 114
221 143
294 127
267 110
240 156
213 139
213 140
232 152
233 117
224 148
252 130
225 113
243 161
244 126
245 91
217 109
217 110
304 177
264 104
236 122
237 87
296 173
297 138
256 100
288 169
248 96
248 97
300 143
300 144
214 103
206 99
225 149
226 114
266 150
285 163
258 146
258 147
237 123
277 159
238 88
278 124
257 101
229 119
270 120
230 84
289 133
249 97
241 93
281 129
281 130
214 139
301 144
260 106
207 100
218 109
259 147
299 183
278 160
210 105
251 143
291 179
291 180
270 156
271 121
290 134
263 117
222 79
222 80
282 130
255 113
323 131
234 90
274 126
221 120
240 133
200 97
199 97
232 129
232 130
233 94
292 180
252 107
224 125
224 126
243 138
284 176
284 177
244 103
223 80
304 154
236 99
296 150
256 77
297 115
288 146
288 147
316 128
267 123
308 124
327 137
254 153
300 120
233 130
273 166
319 133
319 134
265 162
265 163
265 164
225 126
226 91
217 122
285 140
245 104
277 136
277 137
237 100
238 65
256 113
297 151
229 96
229 97
257 78
248 109
249 74
289 110
309 125
241 70
241 71
214 116
301 121
260 83
247 150
206 112
320 134
266 163
218 86
259 124
278 137
250 155
251 120
269 168
268 169
230 97
270 133
271 98
289 146
262 129
290 111
263 94
242 71
282 107
228 136
274 103
274 104
273 105
272 104
271 105
270 104
216 134
293 116
220 132
220 133
239 145
240 110
219 87
272 179
272 180
271 181
232 106
251 156
252 157
253 156
292 157
252 84
243 115
284 153
284 154
263 130
304 131
255 126
283 108
295 162
295 163
296 127
315 140
275 104
276 104
277 104
221 133
261 169
307 136
307 137
286 113
213 129
212 130
253 165
232 142
273 143
233 107
205 125
205 126
252 120
225 103
244 116
245 81
217 99
217 100
285 117
264 94
236 112
237 77
296 163
256 90
297 128
229 73
229 74
316 141
248 86
308 137
254 166
300 133
300 134
214 93
273 179
247 127
306 176
226 104
266 140
285 153
258 136
258 137
259 101
238 78
250 132
278 114
269 145
269 146
229 109
228 110
270 110
230 74
249 87
289 123
216 139
235 152
281 119
281 120
227 148
227 149
228 113
247 163
239 122
239 123
280 160
218 99
299 173
259 137
250 168
291 169
291 170
251 133
292 134
271 111
262 142
261 143
260 143
259 143
303 143
249 172
250 173
251 172
252 172
252 171
249 173
252 173
209 136
282 120
228 149
221 110
240 123
213 106
213 107
205 102
205 103
233 84
292 170
252 97
224 115
224 116
225 80
244 93
236 89
296 140
202 96
288 136
288 137
302 183
254 143
273 156
246 139
265 152
225 116
266 117
226 81
285 130
245 94
237 90
238 90
239 90
277 126
277 127
269 122
229 86
228 87
248 99
330 138
276 167
235 129
322 134
322 135
214 106
227 125
287 176
206 102
247 140
306 189
279 172
278 173
279 173
277 172
299 150
305 174
306 173
307 173
278 127
250 145
270 123
311 124
262 119
263 84
209 113
255 80
255 81
228 126
268 162
314 129
220 122
220 123
221 87
280 173
326 140
240 100
272 169
232 96
292 147
224 92
224 93
252 74
284 143
284 144
243 105
243 106
244 70
304 121
295 152
323 134
296 117
315 130
242 146
288 113
288 114
261 159
215 126
221 123
307 126
307 127
253 155
254 120
233 97
273 133
205 115
204 116
265 129
225 93
244 106
217 89
245 71
285 107
236 102
231 136
237 67
277 103
318 141
297 118
256 80
223 132
308 127
309 127
310 127
275 179
254 156
246 152
247 117
265 165
264 166
263 166
266 130
298 162
298 163
258 126
259 91
277 139
250 122
278 104
251 87
264 169
269 135
270 135
270 100
310 136
289 113
216 129
262 96
262 97
263 98
251 170
252 169
276 180
235 142
281 109
208 125
208 126
207 127
208 128
207 129
227 138
228 103
220 99
220 100
280 150
239 112
240 77
272 146
272 147
251 123
291 159
291 160
292 124
238 153
271 101
311 137
243 82
243 83
284 120
284 121
257 166
271 148
263 97
303 133
303 134
302 135
209 126
249 162
255 93
295 129
295 130
268 175
274 106
273 107
241 158
241 159
260 171
261 136
221 100
240 113
253 132
213 96
272 182
271 183
232 109
240 160
233 74
273 110
224 105
252 87
305 179
305 180
243 118
244 83
304 134
236 79
296 130
242 159
261 172
234 155
302 173
253 168
254 133
294 169
273 146
246 129
247 94
266 107
285 120
212 136
258 103
231 149
277 116
250 99
223 145
269 112
215 141
215 142
216 106
235 119
276 157
227 115
227 116
287 166
247 130
306 179
279 162
279 163
239 89
280 127
299 140
259 104
250 135
251 100
291 136
291 137
270 113
216 142
262 109
257 143
249 139
209 103
268 152
228 116
201 99
201 100
220 112
260 148
260 149
280 163
240 90
232 86
292 137
224 82
224 83
284 133
290 176
242 136
261 149
234 132
234 133
233 134
293 181
253 145
252 146
254 110
273 123
246 106
265 119
225 83
212 113
236 92
231 126
318 131
223 122
202 99
283 173
215 118
214 119
215 119
213 119
212 120
211 120
329 140
302 186
275 169
235 96
276 134
267 165
267 166
246 142
286 178
287 143
247 107
266 120
279 139
258 116
259 81
299 117
250 112
245 146
251 77
264 159
269 125
310 126
256 155
216 119
262 86
276 170
235 132
208 115
208 116
268 129
228 93
220 89
220 90
280 140
240 67
299 153
272 136
292 114
238 143
311 127
243 72
243 73
284 110
284 111
257 156
303 123
302 123
301 123
300 123
299 124
230 139
249 152
209 116
295 119
268 165
241 148
241 149
240 150
242 113
261 126
221 90
253 122
232 99
231 100
230 100
273 100
233 64
219 129
265 96
211 125
244 73
271 176
231 103
296 120
222 134
221 135
222 135
220 135
219 136
263 172
242 149
283 150
274 181
275 146
254 123
294 159
286 155
286 156
285 157
284 156
283 157
246 119
247 84
265 132
264 133
263 133
266 97
306 133
212 126
285 110
252 162
298 129
298 130
258 93
231 139
250 89
223 135
264 136
215 131
216 96
255 110
235 109
276 147
227 105
287 156
279 152
239 79
239 80
238 81
280 117
299 130
226 146
272 113
272 114
245 159
291 126
291 127
251 90
264 172
237 155
238 120
256 168
257 133
229 151
229 152
248 164
249 129
209 93
208 93
208 92
207 91
208 91
206 90
205 89
205 91
205 90
207 90
205 92
205 93
206 92
268 142
228 106
241 125
241 126
260 138
301 176
261 103
240 80
272 149
271 150
270 150
218 141
292 127
238 156
210 137
230 152
271 153
290 166
241 161
240 162
282 162
242 126
261 139
302 140
234 122
274 158
253 135
293 171
293 172
254 100
294 136
273 113
246 96
219 142
265 109
211 138
212 103
231 116
204 99
223 112
283 163
215 108
215 109
214 110
213 109
212 110
275 159
235 86
276 124
294 172
267 155
267 156
227 82
227 83
247 97
287 133
279 129
279 130
278 131
298 142
245 136
250 102
264 149
237 132
297 183
256 145
216 109
257 110
248 141
268 119
228 83
260 115
301 153
280 130
321 131
332 140
278 169
238 133
324 136
324 137
323 138
323 139
323 140
322 141
323 141
321 141
320 140
321 140
322 137
321 138
320 137
257 146
230 129
270 165
289 178
249 142
290 143
281 174
281 175
241 138
242 103
261 116
234 99
293 148
293 149
254 77
246 73
219 119
211 115
325 137
271 166
231 93
317 133
290 179
263 162
222 124
223 89
282 175
283 140
255 158
255 159
256 160
257 160
258 159
302 153
274 171
217 129
234 135
235 136
233 136
236 135
237 135
238 135
239 135
275 136
294 149
267 132
286 145
286 146
285 147
247 74
287 110
233 139
306 123
212 116
252 152
298 119
298 120
298 121
298 122
258 83
245 111
244 148
318 134
250 79
223 125
264 126
236 144
297 160
216 86
256 122
235 99
276 137
267 168
266 169
287 146
280 107
239 69
299 120
226 136
272 103
245 149
277 181
237 145
238 110
256 158
257 123
229 141
230 106
249 119
289 155
268 132
242 80
260 128
207 122
253 89
313 140
218 131
259 169
305 136
219 96
210 127
210 128
210 129
210 130
230 104
251 165
270 178
271 143
231 70
290 156
262 174
262 175
261 176
263 139
292 165
292 164
222 101
222 102
282 152
283 117
302 130
274 148
274 149
274 150
253 125
293 161
294 126
254 90
240 155
286 122
286 123
285 124
284 123
283 124
282 124
246 86
219 132
232 151
211 128
252 129
212 93
231 106
243 160
263 175
264 176
265 176
238 77
265 175
223 102
304 176
283 153
215 98
296 172
275 149
235 76
276 114
286 158
285 159
287 123
306 136
233 152
279 119
225 148
226 113
244 161
217 144
217 145
217 146
217 147
218 148
219 149
216 148
215 148
216 149
219 148
215 150
218 150
217 151
218 151
219 151
220 151
221 152
222 151
223 152
222 153
222 154
223 154
221 151
214 147
276 99
276 98
213 148
220 153
220 154
221 154
282 137
223 153
216 150
219 150
222 155
222 156
212 147
211 147
210 147
210 146
211 145
210 144
209 145
208 145
208 144
211 144
212 143
212 145
207 144
206 143
207 142
206 141
205 144
205 145
207 141
209 144
270 163
205 146
208 146
208 147
209 147
211 146
204 143
204 142
203 141
204 141
203 143
202 140
209 125
274 123
201 141
203 142
223 156
224 157
224 156
225 155
226 156
227 157
226 155
227 154
226 153
228 155
229 156
230 156
231 156
231 155
225 157
228 157
229 158
230 159
231 160
232 159
232 158
233 159
232 161
230 158
231 158
233 158
229 160
229 161
230 161
309 137
232 160
233 161
234 162
235 161
235 160
234 163
234 164
262 149
231 157
235 163
236 164
236 163
237 162
238 163
239 164
240 165
241 165
242 166
243 166
244 165
245 166
289 153
243 167
242 165
238 162
225 138
244 167
245 168
237 164
240 164
245 167
238 164
230 160
233 160
209 143
225 156
236 165
214 146
214 145
226 157
229 162
228 163
227 163
226 163
207 143
218 152
217 153
210 148
210 149
200 140
211 149
212 150
213 150
285 135
239 165
221 153
240 166
213 149
232 162
232 163
231 164
224 158
223 159
224 159
248 104
202 139
202 138
233 163
225 159
214 149
206 145
235 162
227 158
227 159
209 146
228 159
201 142
201 143
200 144
220 155
219 156
221 156
202 142
224 138
223 139
212 146
231 159
223 155
215 151
215 152
214 153
213 152
212 153
212 154
211 155
210 154
212 156
209 155
208 155
212 155
210 156
210 157
211 157
207 154
206 154
231 98
205 154
204 154
203 154
203 153
204 152
254 118
203 151
204 151
212 121
206 153
207 152
206 151
207 150
207 151
202 150
201 150
200 149
199 148
199 147
200 146
201 151
201 152
200 148
256 120
243 145
198 149
198 150
199 150
228 156
208 156
293 110
294 110
208 157
207 158
209 157
201 153
212 157
213 158
214 158
215 158
216 159
216 158
215 160
214 157
214 156
214 155
210 117
211 118
213 123
214 122
214 121
216 160
236 130
204 153
285 170
285 169
285 168
208 159
207 160
300 127
197 149
196 148
197 147
196 146
197 145
198 145
195 145
196 150
195 144
194 146
214 133
194 147
195 147
197 146
196 149
207 153
199 149
221 85
221 84
273 148
210 158
210 159
200 150
211 159
203 155
195 146
214 159
213 160
206 155
205 156
205 157
206 156
198 151
198 152
207 156
261 174
199 152
209 156
205 158
205 159
202 152
194 148
194 149
194 150
194 151
193 152
192 153
191 154
192 155
190 154
189 154
189 153
188 152
189 151
190 151
193 154
188 151
187 153
331 137
203 96
229 113
190 153
210 102
193 153
193 156
194 156
195 155
196 156
197 156
197 157
278 121
188 153
195 149
238 82
208 158
197 148
209 159
193 155
186 152
216 152
208 148
201 145
211 158
212 159
249 91
204 155
196 151
196 152
195 153
193 145
192 145
191 146
190 147
189 148
191 147
192 147
192 146
191 148
192 149
208 161
208 162
228 152
227 151
189 147
237 165
230 162
200 139
200 138
200 137
219 152
211 148
203 144
203 145
222 157
212 149
204 145
215 154
207 155
199 151
210 160
210 161
210 162
200 152
192 148
211 161
286 168
233 162
225 158
217 154
217 155
214 148
206 144
226 159
229 164
295 109
294 108
295 107
295 106
295 105
296 104
295 103
296 103
297 102
298 103
298 104
299 104
300 105
297 104
299 103
284 105
296 106
227 155
298 105
298 106
299 106
300 107
252 127
301 107
302 106
303 107
304 108
269 172
304 107
238 138
239 137
229 91
303 109
262 81
294 102
294 101
216 124
294 100
293 102
292 101
291 100
292 100
269 160
262 113
268 159
269 158
270 158
217 152
291 102
217 149
307 176
297 103
300 108
300 109
244 153
243 152
242 153
205 110
301 109
290 99
291 98
292 98
290 97
289 97
289 99
288 100
298 147
282 127
287 99
286 99
286 98
286 97
286 96
287 97
232 149
285 96
284 97
284 96
209 149
287 96
271 138
237 163
289 98
304 109
305 110
305 111
306 110
307 111
307 110
308 111
308 110
309 111
310 110
311 111
256 97
247 92
269 148
307 112
307 113
269 162
308 113
271 171
270 170
310 112
310 113
311 113
306 109
229 116
309 110
267 117
305 112
305 113
308 112
309 113
311 112
296 105
288 101
288 102
307 114
285 95
297 106
308 115
289 101
299 105
310 114
310 115
292 102
311 115
312 116
312 115
313 114
313 116
314 116
294 177
294 176
329 135
315 116
316 115
315 114
316 114
285 125
316 116
317 117
318 118
319 119
320 118
319 120
236 136
320 117
241 123
321 118
322 119
291 131
292 131
323 118
225 110
202 146
320 120
207 97
207 96
286 140
323 120
322 121
318 117
262 151
262 146
321 117
210 112
277 143
278 142
278 143
227 153
317 119
317 120
294 134
294 133
238 67
289 138
318 120
225 131
320 119
321 120
323 119
245 66
245 65
245 64
236 129
319 121
249 81
319 122
320 123
319 124
318 125
319 126
294 120
305 187
218 93
212 131
208 100
320 122
322 122
322 123
314 117
314 118
323 122
324 123
325 122
325 121
244 88
324 122
253 173
232 104
254 172
254 171
212 95
273 150
325 123
326 124
227 77
228 77
327 123
327 122
250 139
268 147
328 121
283 115
243 80
328 124
329 124
330 125
265 104
331 126
332 127
329 126
329 127
330 127
332 126
316 136
306 128
218 149
254 174
328 123
331 128
331 129
300 140
332 129
327 125
326 126
190 152
250 69
330 126
315 118
318 119
258 158
329 128
284 98
284 99
309 128
308 129
309 130
310 131
311 130
311 131
207 117
309 131
319 138
259 164
324 131
318 138
325 131
288 99
262 132
321 119
313 115
332 128
324 124
324 125
323 126
322 125
302 105
302 104
245 131
298 101
297 100
298 99
291 121
213 157
325 125
317 121
287 98
306 111
298 107
298 108
298 109
298 110
297 111
297 112
299 108
239 163
325 132
209 130
327 124
309 112
328 125
301 108
320 121
312 117
312 118
311 119
311 120
311 121
331 130
290 98
321 122
293 103
293 104
293 105
292 106
313 118
277 164
305 114
304 115
324 127
256 159
262 152
261 153
260 152
259 153
256 163
323 128
272 164
283 95
282 96
281 95
282 95
281 97
282 98
280 95
279 95
278 95
277 96
278 97
278 98
210 145
302 108
294 104
286 100
285 101
284 101
283 101
286 101
234 97
292 142
293 141
293 140
293 139
246 64
247 64
248 64
249 65
249 66
248 67
247 68
287 102
250 65
211 100
251 64
250 63
235 134
268 114
251 63
252 63
253 64
289 128
211 123
253 63
254 64
285 158
291 174
290 128
272 154
289 163
254 63
251 66
253 65
253 66
254 66
220 137
255 67
255 66
243 100
256 66
256 65
256 64
256 63
257 64
258 143
242 164
243 163
223 150
230 147
257 66
258 67
259 67
260 67
261 67
289 130
250 137
249 62
249 61
267 150
262 114
212 97
249 60
248 62
281 170
228 111
245 154
255 68
255 69
252 62
251 61
252 61
286 160
287 160
252 60
256 68
257 69
258 69
258 68
320 135
226 86
227 85
259 69
260 69
261 69
225 133
251 65
254 65
247 62
246 62
250 67
257 65
260 70
260 71
253 67
252 68
254 68
287 101
279 97
312 130
243 151
288 159
289 159
326 127
326 128
326 129
240 85
240 84
249 67
241 83
323 121
315 117
295 175
296 175
266 102
267 101
268 102
268 103
267 100
256 67
297 105
316 118
248 63
308 114
327 127
300 110
300 111
299 112
319 123
257 68
289 100
249 64
309 115
281 96
301 111
302 111
303 111
290 138
312 120
313 120
283 134
282 134
270 168
278 130
252 137
216 91
294 142
294 143
314 120
290 101
282 97
293 106
259 68
229 76
230 77
231 77
283 123
282 122
281 122
280 122
330 128
322 124
311 114
303 110
255 70
254 71
255 71
256 72
278 164
244 133
287 118
287 117
287 116
303 108
314 119
326 130
327 131
328 131
296 178
298 143
298 144
219 113
218 112
296 180
258 153
284 95
303 151
217 112
216 112
216 113
232 136
252 64
304 111
295 142
296 143
323 124
294 111
296 107
315 120
288 103
287 104
288 105
298 114
299 114
288 104
268 104
301 151
307 116
308 117
306 117
218 134
258 151
258 150
257 150
256 150
255 149
254 150
258 149
285 97
297 108
248 66
300 113
301 114
302 114
242 99
243 98
243 97
281 168
314 115
241 90
236 115
261 108
230 157
187 152
289 103
290 104
290 105
295 102
291 104
281 99
280 99
302 115
288 116
289 117
290 117
291 117
230 102
269 102
326 120
325 119
293 134
244 131
242 78
242 77
326 118
325 117
263 92
326 116
326 115
326 114
327 113
325 113
324 113
240 72
324 112
325 111
220 139
324 110
253 84
254 84
266 157
284 158
221 139
298 102
323 110
322 111
321 112
320 113
321 114
203 117
202 116
206 127
275 103
203 118
204 119
251 160
232 71
204 118
322 110
325 110
322 113
327 112
327 111
328 110
328 111
202 117
328 113
269 175
231 154
300 115
321 110
320 109
320 108
319 107
240 117
286 117
274 111
293 98
318 108
317 107
320 107
321 108
322 108
323 108
323 107
324 106
230 68
297 123
231 67
217 104
274 154
216 103
260 166
319 109
284 165
304 178
231 86
246 124
318 107
303 182
304 183
232 157
251 68
247 167
297 158
223 97
276 175
276 174
223 96
224 132
297 157
296 156
212 111
316 122
277 141
276 141
321 107
203 115
276 165
300 183
236 152
317 109
316 110
234 89
323 109
249 147
253 74
316 106
315 106
314 106
313 107
253 130
312 106
314 105
227 98
315 104
229 146
241 120
313 104
312 104
316 104
314 108
313 109
274 133
262 144
312 105
313 106
315 105
327 115
322 112
314 107
315 108
325 112
317 108
318 109
328 112
321 109
313 105
324 114
324 115
325 115
249 167
229 126
252 142
317 111
317 112
318 113
318 114
318 115
316 105
327 114
255 153
319 110
319 111
320 111
312 107
311 108
310 107
309 106
307 177
327 120
291 172
313 108
288 108
284 166
283 167
303 179
302 180
301 180
300 179
299 179
326 117
323 111
315 107
316 108
327 117
319 113
217 102
255 83
301 137
224 95
225 96
225 97
288 163
234 94
322 114
311 104
310 103
309 104
260 153
301 113
310 104
308 104
307 105
306 105
213 144
222 105
221 104
307 104
208 129
260 99
305 104
305 103
304 105
291 141
290 140
253 140
237 130
307 103
314 109
232 76
325 124
295 132
307 106
306 107
224 109
225 108
226 107
327 118
281 158
247 61
305 182
306 182
309 109
308 108
258 70
258 71
318 121
250 66
329 130
259 71
230 119
299 107
291 103
251 67
234 91
310 116
310 117
322 127
321 128
261 106
291 139
268 170
292 104
284 100
303 113
260 151
207 145
218 154
197 150
210 150
209 151
244 64
243 64
242 63
241 111
229 110
225 98
200 142
321 129
199 142
198 143
203 147
203 148
204 149
202 148
205 148
206 148
215 121
202 151
279 142
280 143
280 144
281 156
281 142
282 142
227 156
270 169
291 116
310 129
195 148
206 157
198 153
198 154
199 155
200 156
199 157
209 121
209 120
219 125
221 140
254 85
273 96
201 155
232 66
231 65
285 113
325 114
317 110
199 154
191 150
318 111
255 171
256 171
289 169
292 175
293 174
245 126
285 162
264 139
236 157
236 158
237 159
238 160
262 104
281 137
251 72
310 106
237 122
238 87
256 135
297 173
229 118
262 66
261 65
260 65
259 65
274 166
269 159
214 97
262 64
261 63
260 63
262 62
216 137
262 61
262 60
234 69
233 68
235 70
295 120
255 163
264 101
264 100
217 140
198 144
263 60
264 60
265 61
220 144
245 85
265 60
238 157
297 135
231 121
297 134
266 175
224 143
276 115
317 116
266 60
243 133
236 159
273 173
261 59
262 58
263 58
264 58
260 59
245 97
210 121
213 156
264 59
282 147
263 62
259 59
258 59
257 60
256 59
246 79
220 152
241 166
296 123
210 131
255 59
234 67
290 126
289 126
260 60
260 61
261 61
220 145
219 146
239 158
263 61
264 61
288 126
287 126
264 134
236 69
262 63
263 64
255 60
254 61
265 99
244 87
243 86
242 87
250 170
243 85
217 148
258 60
259 61
258 62
257 100
208 95
209 96
210 96
226 111
210 95
248 131
249 96
268 109
214 138
300 178
301 143
260 105
321 121
226 149
272 116
273 117
261 142
260 141
259 141
274 116
275 117
276 118
313 117
259 146
218 108
278 159
238 123
324 126
229 154
270 155
289 168
249 132
290 133
295 99
296 98
281 164
280 165
280 166
302 109
281 165
295 178
241 128
242 128
243 129
243 128
315 125
314 124
313 124
318 135
248 137
219 157
218 158
285 103
219 159
203 152
265 94
218 160
215 146
219 160
270 161
271 160
272 159
319 127
242 93
282 129
252 86
228 158
302 107
265 147
266 146
266 145
252 82
252 81
252 80
319 128
253 80
267 145
207 135
206 136
205 137
204 137
247 69
241 109
247 122
263 114
205 136
289 118
234 138
205 135
206 135
205 138
204 139
216 153
226 154
204 135
206 134
293 138
253 102
294 103
254 67
200 96
246 63
218 144
219 109
292 179
211 105
325 127
271 156
203 101
203 102
295 146
296 145
317 123
231 83
263 152
303 188
303 189
302 190
303 191
304 191
302 192
293 142
301 193
302 193
235 71
284 128
310 121
288 153
260 172
241 156
206 149
296 168
297 167
298 166
217 137
226 105
221 95
264 132
221 94
222 93
302 154
249 155
229 159
302 194
303 195
304 196
305 196
231 129
307 121
301 195
300 195
256 85
224 130
223 129
223 128
244 154
288 176
218 146
304 195
305 194
304 193
327 132
299 194
298 194
299 193
298 195
222 92
224 128
298 165
248 154
223 79
319 118
241 105
268 157
282 165
283 130
255 148
302 143
274 161
275 162
276 161
277 162
275 126
221 155
294 139
267 122
213 151
286 135
287 100
232 164
205 147
233 129
306 113
279 96
224 160
225 161
224 162
224 161
225 125
244 138
204 102
245 103
304 189
264 116
236 134
256 112
297 150
257 77
288 181
202 141
248 108
309 124
214 115
328 137
260 82
279 132
280 133
280 134
281 132
282 132
280 97
320 133
266 162
226 126
312 129
285 175
217 157
245 139
291 106
277 171
238 100
278 136
257 113
229 131
230 131
265 89
230 96
248 144
289 145
249 109
281 141
242 70
214 151
260 118
261 83
234 66
206 147
207 112
321 134
253 79
313 130
218 121
259 159
299 195
219 86
305 126
278 172
324 139
251 155
271 133
290 146
262 164
263 129
222 91
209 158
283 107
255 125
201 154
274 138
275 139
274 140
273 140
302 120
234 102
254 80
221 132
294 116
267 99
240 145
246 76
247 76
248 76
244 66
286 112
232 141
224 137
252 119
243 150
223 92
264 93
255 161
215 88
296 162
256 89
235 66
288 158
316 140
267 135
308 136
254 165
287 113
233 142
205 160
273 178
279 109
320 110
265 174
226 103
244 151
245 116
285 152
217 134
236 147
237 148
238 148
239 148
208 119
237 112
277 148
277 149
277 150
276 151
297 163
245 93
256 125
257 90
229 108
202 154
319 137
230 73
248 121
249 86
268 99
241 82
214 128
300 168
301 168
260 95
301 133
261 60
247 162
206 124
321 111
258 171
258 172
257 173
258 174
292 172
304 181
256 174
257 174
271 151
259 136
218 98
250 167
278 149
210 94
324 116
251 132
270 145
230 109
271 110
289 158
290 123
263 106
242 83
282 119
228 148
274 115
207 125
253 92
293 128
293 129
277 98
239 157
240 122
219 99
251 168
292 169
211 95
252 96
271 146
231 73
317 113
243 127
222 104
263 142
264 143
265 143
265 142
303 178
304 143
295 174
255 138
256 138
283 120
274 151
275 116
316 117
221 145
267 112
240 158
286 125
213 141
253 118
327 126
232 154
273 155
306 103
233 119
252 132
224 150
225 151
225 115
226 80
244 128
217 111
304 179
236 124
237 125
238 125
239 126
238 127
237 127
239 125
264 106
237 89
297 140
256 102
229 85
257 67
248 98
249 63
309 114
300 145
328 127
214 105
250 171
301 110
206 101
247 139
306 188
226 116
266 152
312 119
285 165
258 148
259 113
277 161
278 126
229 121
269 157
270 122
230 86
289 135
216 151
249 99
290 100
235 164
281 131
241 95
242 95
243 95
227 160
227 161
206 137
207 138
207 139
208 138
207 102
253 69
199 98
199 99
199 100
239 134
280 172
218 111
259 149
305 116
291 181
251 145
271 123
262 154
263 119
222 81
221 82
209 148
283 97
255 115
323 133
228 161
201 144
274 128
302 110
220 157
221 122
294 106
240 135
213 118
286 102
246 66
232 131
233 96
252 109
224 127
225 92
284 178
243 140
242 141
244 105
245 70
236 101
296 152
256 79
297 117
288 148
287 149
287 150
205 116
258 162
259 162
278 128
288 149
289 150
290 150
291 150
292 151
293 152
291 149
267 113
260 161
293 151
316 130
248 75
302 195
308 126
213 154
254 155
327 139
300 122
273 168
205 150
279 99
319 135
225 128
226 128
227 129
227 128
266 129
226 93
212 158
217 124
285 142
252 170
245 106
236 137
277 138
237 102
238 102
239 102
278 103
297 153
296 154
257 80
269 134
229 98
202 144
248 111
249 76
289 112
276 179
235 141
241 72
281 108
214 118
260 85
206 114
247 152
266 165
312 132
313 132
207 159
314 132
315 132
258 161
259 126
218 88
278 139
250 157
251 122
269 170
271 100
289 148
290 113
262 131
263 96
208 160
281 144
282 144
230 135
242 73
282 109
255 92
268 174
228 138
274 105
220 134
221 99
239 147
240 112
272 181
292 159
224 104
284 155
244 82
189 146
304 133
209 161
295 164
296 129
269 136
201 157
202 158
263 154
300 151
203 157
275 106
276 106
263 168
285 111
277 106
242 158
315 142
316 107
288 125
261 171
267 102
307 138
306 139
306 140
307 141
299 102
306 142
305 109
225 130
307 139
308 103
253 167
213 131
327 116
232 144
233 145
233 146
234 145
285 119
273 145
205 127
319 112
224 140
225 140
237 115
305 177
260 165
265 141
225 105
245 83
217 101
231 148
237 79
277 115
296 165
256 92
297 130
229 75
288 161
248 88
247 88
288 162
311 109
308 139
309 139
229 111
310 139
254 168
214 95
300 135
260 62
246 164
206 91
265 177
265 178
300 138
256 128
264 179
263 179
253 94
266 179
267 179
264 178
264 180
204 94
265 181
265 182
266 182
267 181
268 182
269 183
268 181
252 167
263 181
262 181
227 110
251 82
263 182
266 181
262 183
234 150
265 183
265 184
322 138
266 184
216 92
268 183
263 183
266 183
264 182
267 178
269 180
266 142
306 178
312 109
285 155
298 174
298 175
298 176
298 177
258 138
277 151
238 80
278 116
264 181
269 147
270 112
230 76
289 125
216 141
235 154
208 137
240 89
241 85
281 121
227 150
228 115
207 92
220 111
253 59
280 162
239 124
299 175
305 106
272 158
210 97
291 171
292 136
238 165
271 113
243 94
304 110
209 138
295 141
323 123
228 151
274 118
315 119
220 147
221 147
222 107
222 147
221 112
261 148
307 115
240 125
213 108
273 122
233 86
205 104
205 105
205 106
248 103
224 117
225 118
225 119
256 140
238 118
226 120
227 120
292 128
262 159
225 82
284 168
243 130
244 95
295 177
296 142
305 127
297 107
256 69
288 138
316 120
202 98
248 65
302 185
308 116
294 181
327 129
300 112
273 158
319 125
265 154
226 83
285 132
217 114
243 120
212 148
231 161
204 144
277 128
276 129
275 130
276 131
223 157
229 88
215 153
289 102
330 140
216 118
276 169
235 131
281 98
322 136
227 127
287 178
206 104
207 105
207 106
208 105
279 174
278 175
278 176
216 120
279 175
239 101
299 152
291 148
311 126
216 154
262 121
263 121
290 103
257 155
303 122
208 150
282 99
209 115
255 82
228 128
268 164
314 131
260 160
220 124
293 108
292 108
221 89
280 175
240 102
272 171
292 149
252 76
224 94
243 107
284 145
244 72
304 123
236 68
295 154
323 136
296 119
201 147
242 148
288 115
261 161
234 144
307 128
213 121
253 157
273 135
200 151
205 117
225 95
266 96
211 160
285 109
212 125
217 91
218 91
245 73
231 138
203 156
237 69
277 105
256 82
297 120
223 134
269 101
275 181
254 158
214 85
267 177
300 125
287 155
212 161
298 164
299 129
204 157
278 106
264 171
318 123
196 153
310 138
270 102
216 131
289 115
256 167
262 98
263 63
235 144
208 127
209 92
228 105
220 101
219 102
219 103
220 102
193 147
280 152
240 79
326 119
299 165
272 148
232 75
291 161
292 126
238 155
311 139
243 84
284 122
257 168
263 99
230 151
303 135
209 128
295 131
323 113
268 177
241 160
242 125
315 109
260 173
221 102
213 98
233 76
205 94
273 112
224 107
219 141
305 181
244 85
189 149
264 63
263 184
296 132
297 132
298 132
222 146
242 161
288 128
283 162
329 129
302 175
234 157
308 106
253 170
294 171
300 102
301 101
302 102
324 129
300 100
319 115
286 167
247 96
265 144
212 138
285 122
298 141
231 151
259 70
277 118
223 147
229 78
215 143
330 130
216 108
276 159
322 126
208 104
227 117
227 118
228 82
287 168
306 181
279 164
280 129
239 91
239 92
239 93
239 94
238 94
237 94
226 158
299 142
272 125
272 126
271 127
291 138
264 184
292 103
311 116
238 132
257 145
229 163
303 112
208 140
209 141
229 90
252 158
210 140
211 140
209 105
295 108
255 72
228 118
268 154
201 101
314 121
313 122
314 122
260 150
220 114
221 114
236 103
257 139
222 114
221 79
220 80
240 92
326 132
272 161
292 139
218 153
224 84
252 66
284 135
325 136
230 164
304 113
290 178
295 144
296 109
315 122
282 174
242 138
261 151
234 134
302 152
307 118
308 119
309 119
253 147
294 148
273 125
205 107
200 141
223 124
219 154
225 85
211 150
285 99
212 115
203 146
231 128
277 95
318 133
222 159
221 159
283 175
215 120
302 188
275 171
235 98
276 136
267 167
227 94
227 95
227 96
286 180
285 181
215 93
287 145
279 141
298 154
298 155
299 119
204 147
250 114
278 96
291 115
251 79
264 161
310 128
256 157
216 121
322 139
208 117
248 153
227 130
228 95
214 160
220 91
279 177
280 177
281 177
282 177
239 104
238 104
280 142
240 69
326 109
326 108
259 160
245 84
326 107
326 106
326 105
326 104
326 103
241 152
219 101
327 103
325 103
328 103
329 104
329 103
330 104
331 104
332 104
331 105
331 106
267 173
329 105
328 106
328 107
329 106
289 116
330 106
310 134
332 105
329 108
324 104
327 104
255 86
328 105
330 105
329 107
325 104
328 104
327 106
272 138
232 65
291 151
292 116
238 145
311 129
278 181
306 174
243 74
242 75
284 112
257 158
230 141
303 125
249 154
295 121
241 150
260 163
221 92
207 157
254 89
199 153
273 102
233 66
219 131
224 97
191 149
265 98
211 127
271 178
231 105
236 71
318 110
263 174
222 136
222 137
223 101
283 152
255 170
288 118
234 147
275 148
294 161
299 123
267 144
200 154
286 157
247 86
287 122
192 150
266 99
306 135
212 128
298 131
203 159
259 60
277 108
276 108
275 108
223 137
264 138
269 104
310 105
215 133
256 134
216 98
262 65
276 149
322 116
208 94
267 180
227 107
287 158
279 154
280 119
239 81
226 148
299 132
272 115
291 128
237 157
238 122
311 106
256 170
257 135
229 153
303 102
209 95
255 62
295 98
268 144
241 127
301 178
260 140
220 104
207 134
232 78
218 143
219 108
284 125
210 139
208 118
325 126
230 154
271 155
317 122
290 168
222 113
263 151
296 99
282 164
283 129
302 142
274 160
307 108
293 173
294 138
273 115
286 134
247 63
219 144
306 112
212 105
258 72
203 136
202 136
204 101
250 68
222 149
221 149
223 114
304 188
283 165
329 132
215 110
275 161
276 126
267 157
227 84
286 170
287 135
233 164
279 131
280 96
225 160
226 125
299 109
217 156
251 69
291 105
264 151
237 134
310 118
216 111
256 147
229 130
208 107
209 108
210 108
211 108
210 107
228 85
214 150
301 155
220 81
206 146
280 132
321 133
226 161
272 128
313 129
218 120
259 158
278 171
284 102
324 138
303 115
270 167
289 180
290 145
295 111
241 140
281 176
282 141
242 105
302 119
207 147
293 150
254 79
199 143
246 75
218 156
219 121
265 88
210 152
325 139
211 117
271 168
317 135
222 126
221 126
263 164
223 91
283 142
255 160
215 87
329 109
274 173
275 138
235 65
276 103
294 151
286 147
287 112
233 141
306 125
279 108
252 154
212 118
225 137
204 114
244 150
250 81
236 146
215 123
216 88
297 162
276 139
202 153
322 106
321 105
320 104
319 105
318 105
240 148
322 104
272 97
213 114
227 97
309 136
268 98
214 127
300 167
279 144
239 71
238 72
280 109
299 122
226 138
266 174
312 141
311 142
312 142
200 143
310 141
309 142
272 105
245 151
291 118
292 119
293 118
237 147
278 148
229 143
269 179
248 156
289 157
195 150
281 153
242 82
260 130
261 95
206 159
234 78
234 79
249 80
215 144
207 124
253 91
198 155
313 142
259 171
218 133
305 138
219 98
251 167
325 116
211 94
270 180
271 145
231 72
290 158
262 176
222 103
263 141
282 154
242 118
283 119
255 137
188 147
187 147
187 146
302 132
275 115
293 163
221 144
294 128
254 92
240 157
286 124
246 88
191 152
232 153
211 130
224 149
252 131
243 162
231 108
244 127
223 104
264 105
255 173
215 100
296 174
275 151
235 78
288 170
289 171
288 171
276 116
245 128
267 147
287 125
328 126
233 154
279 121
298 134
225 150
226 115
244 163
285 164
251 59
264 141
310 108
237 124
277 160
238 89
297 175
241 119
256 137
257 102
229 120
248 133
249 98
268 111
241 94
214 140
300 180
260 107
207 101
321 123
253 68
272 118
313 119
218 110
259 148
305 115
278 161
324 128
210 106
251 144
270 157
230 121
271 122
289 170
262 153
290 135
241 130
281 166
282 131
283 96
228 160
274 127
207 137
220 156
253 104
294 105
254 69
240 134
200 98
246 65
219 111
210 142
292 181
211 107
271 158
317 125
243 139
231 85
222 116
303 190
223 81
255 150
283 132
274 163
275 128
294 141
221 157
267 124
286 137
213 153
247 66
327 138
273 167
306 115
205 149
233 131
279 98
252 144
225 127
298 111
244 140
250 71
245 105
217 123
264 118
237 101
256 114
297 152
257 79
202 143
248 110
249 75
309 126
214 117
328 139
301 122
260 84
247 151
206 113
266 164
312 131
217 159
285 177
258 160
277 173
237 137
326 111
278 138
250 156
324 105
269 169
229 133
230 98
270 134
249 111
289 147
290 112
281 143
241 107
242 72
260 120
261 85
234 68
321 136
207 114
293 117
253 81
239 146
280 176
218 123
259 161
305 128
219 88
251 157
210 119
324 141
325 106
271 135
290 148
262 166
263 131
209 160
255 127
290 125
283 109
302 122
201 156
275 105
293 153
221 134
294 118
240 147
286 114
213 130
304 124
246 78
232 143
220 125
233 108
252 121
224 139
203 116
244 117
245 82
190 146
264 95
250 169
236 113
296 164
215 90
297 129
256 91
235 68
316 142
288 160
248 87
267 137
308 138
309 103
254 167
233 144
273 180
279 111
280 111
281 111
282 112
246 163
320 112
266 141
312 108
285 154
217 136
245 118
236 149
225 84
237 114
238 79
256 127
297 165
257 92
202 156
230 75
248 123
289 124
249 88
194 152
268 101
235 153
241 84
300 170
214 130
260 97
301 135
261 62
206 126
247 164
321 113
266 177
258 173
259 138
299 174
218 100
305 105
278 151
251 134
324 118
269 182
270 147
271 112
289 160
262 143
263 108
282 121
242 85
209 137
228 150
234 81
274 117
220 146
293 130
254 59
239 159
240 124
232 120
211 97
292 171
252 98
284 167
231 75
244 94
263 144
303 180
295 176
255 140
296 141
275 118
316 119
267 114
213 143
265 153
327 128
232 156
205 139
233 121
273 157
224 152
252 134
245 95
225 117
226 82
244 130
285 131
217 113
264 108
236 126
237 91
296 177
297 142
256 104
229 87
288 173
248 100
309 116
214 107
328 129
301 112
320 125
206 103
247 141
266 154
312 121
285 167
259 115
277 163
238 92
250 146
229 123
230 88
270 124
289 137
290 102
262 120
281 133
241 97
272 172
208 149
227 162
240 103
228 127
207 104
293 107
253 71
280 174
239 136
240 101
259 151
272 170
305 118
210 109
251 147
292 148
271 125
262 156
222 83
209 150
283 99
255 117
323 135
295 153
201 146
274 130
315 131
220 159
221 124
261 160
240 137
286 104
213 120
282 146
327 105
232 133
233 98
224 129
252 111
225 94
284 180
243 142
244 107
245 72
217 90
264 85
237 68
297 119
256 81
316 132
288 150
248 77
248 78
308 128
254 157
214 84
234 156
300 124
273 170
205 152
246 153
265 166
226 95
266 131
217 126
212 160
285 144
258 127
277 140
204 156
237 104
278 105
257 82
229 100
270 101
289 114
236 125
249 78
235 143
276 181
241 74
281 110
227 139
227 140
260 87
301 125
247 154
206 116
193 146
258 163
259 128
218 90
250 159
278 141
251 124
324 108
270 137
274 107
311 138
271 102
262 133
290 115
257 167
281 146
282 111
209 127
255 94
323 112
228 140
268 176
234 71
220 136
293 120
221 101
239 149
213 97
233 75
292 161
252 88
224 106
197 152
284 157
244 84
303 170
304 169
274 142
305 170
305 171
304 135
264 62
236 80
295 166
296 131
242 160
316 109
288 127
221 137
261 173
267 104
307 140
308 105
253 169
213 133
254 134
300 101
273 147
319 114
224 142
225 107
266 108
217 103
285 121
190 149
231 150
237 81
277 117
256 94
223 146
229 77
269 113
257 59
248 90
330 129
254 170
300 137
301 102
260 64
246 166
320 115
234 80
206 93
287 167
247 131
266 144
306 180
312 111
313 112
314 112
315 112
270 114
314 111
258 140
277 153
250 136
278 118
251 101
269 149
264 183
230 78
289 127
216 143
235 156
208 139
281 123
280 124
209 104
227 152
228 117
293 97
253 61
220 113
280 164
240 91
326 131
299 177
272 160
232 87
291 173
292 138
252 65
243 96
284 134
230 163
304 112
209 140
323 125
295 143
296 108
315 121
220 149
261 150
307 117
213 110
253 146
232 123
233 88
273 124
219 153
224 119
252 101
197 151
284 170
244 97
285 98
236 93
296 144
222 158
297 109
256 71
288 140
283 174
202 100
302 187
307 153
308 153
309 153
310 153
308 118
254 147
300 114
273 160
246 143
286 179
247 108
265 156
266 121
226 85
285 134
258 117
231 163
259 82
204 146
277 130
250 113
269 126
215 155
249 68
289 104
262 87
235 133
276 171
241 64
281 100
280 101
281 101
228 94
287 180
279 176
239 103
280 141
259 118
299 154
250 149
251 114
247 155
292 115
228 130
311 128
216 156
257 157
262 123
303 124
263 88
208 152
282 101
249 153
209 117
255 84
268 166
314 133
314 134
274 97
275 96
220 126
260 162
221 91
240 104
272 173
232 100
233 65
224 96
252 78
243 109
284 147
244 74
304 125
236 70
295 156
296 121
315 134
242 150
257 137
303 104
288 117
261 163
234 146
307 130
253 159
327 108
254 124
205 119
273 137
200 153
319 104
246 120
265 133
266 98
211 162
212 127
217 93
245 75
258 94
203 158
231 140
277 107
237 71
223 136
269 103
248 80
215 132
276 148
235 110
322 115
214 87
227 106
246 156
247 121
287 157
279 153
258 130
259 95
299 131
204 159
245 160
250 126
278 108
251 91
196 155
264 173
310 140
311 105
256 169
216 133
262 100
263 65
281 113
248 165
209 94
255 61
227 142
268 143
228 107
314 110
220 103
193 149
280 154
240 81
270 149
326 121
299 167
272 150
232 77
291 163
311 141
303 137
284 124
257 170
230 153
307 107
234 123
234 124
304 102
249 166
323 115
255 97
295 133
268 179
241 162
315 111
242 127
260 175
261 140
213 100
253 136
254 101
233 78
273 114
205 96
305 183
219 143
265 110
211 139
231 117
236 83
318 122
222 148
256 61
223 113
297 99
242 163
283 164
288 130
329 131
296 111
234 159
302 177
275 160
294 173
254 137
300 104
286 169
246 133
210 118
247 98
287 134
266 111
212 140
258 107
231 153
277 120
204 136
250 103
223 149
269 116
264 150
215 145
216 110
235 123
208 106
322 128
227 119
228 84
287 170
279 166
280 131
298 179
299 144
226 160
272 127
305 107
251 104
291 140
292 105
303 114
311 118
238 134
243 63
257 147
229 165
230 130
249 143
209 107
255 74
295 110
268 156
314 123
241 139
220 116
261 117
221 81
240 94
207 146
253 113
272 163
232 90
218 155
224 86
219 120
284 137
243 99
210 151
325 138
271 167
317 134
290 180
222 125
242 140
282 176
288 107
283 141
274 172
234 136
307 120
253 149
254 114
294 150
273 127
246 110
247 75
265 123
306 124
211 152
212 117
217 83
258 84
231 130
277 97
250 80
223 126
283 177
215 122
216 87
275 173
235 100
276 138
322 105
267 169
286 182
245 150
247 111
287 147
279 143
280 108
239 70
298 156
299 121
259 85
250 116
251 81
264 163
196 145
310 130
237 146
216 123
219 90
262 90
257 124
248 155
249 120
268 133
228 97
260 129
220 93
206 158
239 106
240 71
272 140
232 67
313 141
292 118
238 147
243 76
284 114
303 127
230 143
270 179
249 156
323 105
290 157
295 123
242 117
261 130
188 146
302 131
234 113
253 126
293 162
254 91
273 104
246 87
191 151
219 133
305 173
265 100
211 129
212 94
258 61
271 180
231 107
318 112
222 138
263 176
223 103
255 172
283 154
215 99
275 150
235 77
294 163
267 146
286 159
246 123
287 124
192 152
306 137
266 101
233 153
279 120
252 166
298 133
258 97
259 62
244 162
250 93
245 127
269 106
264 140
215 135
256 136
297 174
216 100
262 67
235 113
322 118
248 132
208 96
267 182
227 109
268 110
279 156
239 83
280 121
226 150
299 134
272 117
245 163
291 130
238 124
256 172
229 155
230 120
248 168
209 97
249 133
255 64
295 100
268 146
314 113
241 129
242 94
260 142
207 136
218 145
219 110
210 141
211 106
325 128
271 157
231 84
317 124
290 170
222 115
296 101
263 153
242 130
282 166
288 97
283 131
274 162
234 126
275 127
293 175
294 140
246 100
286 136
247 65
232 165
306 114
211 142
252 143
212 107
203 138
204 103
244 139
250 70
304 190
223 116
264 117
215 112
329 134
275 163
283 144
235 90
215 89
276 128
267 159
217 158
245 140
227 86
287 137
328 138
279 133
280 98
225 162
298 146
226 127
299 111
285 176
251 71
291 107
264 153
310 120
237 136
238 101
256 149
229 132
248 145
208 109
268 123
241 106
214 152
300 192
300 191
260 119
220 83
261 84
207 113
321 135
272 130
313 131
218 122
238 137
324 140
284 104
243 66
325 105
230 133
271 134
295 113
290 147
262 165
281 178
241 142
242 107
282 143
261 120
302 121
274 139
234 103
207 149
241 86
253 116
254 81
294 117
199 145
240 146
246 77
219 123
265 90
266 91
211 119
271 170
231 97
317 137
222 128
223 93
255 162
274 175
275 140
235 67
276 105
294 153
267 136
286 149
287 114
247 78
306 127
233 143
279 110
252 156
225 139
298 123
244 152
250 83
217 135
236 148
264 130
297 164
216 90
256 126
257 91
202 155
248 122
227 99
268 100
309 138
300 169
214 129
301 134
260 96
206 125
239 73
226 140
266 176
272 107
291 120
237 149
278 150
324 117
257 127
229 145
269 181
230 110
270 146
249 123
290 124
195 152
281 155
242 84
301 170
260 132
261 97
207 126
253 93
198 157
259 173
218 135
219 100
305 140
251 169
211 96
325 118
270 182
271 147
317 114
231 74
290 160
262 178
261 178
261 179
263 143
282 156
271 124
283 121
262 155
255 139
274 152
302 134
234 116
293 165
294 130
221 146
240 159
213 142
246 90
286 126
232 155
233 120
306 104
252 133
224 151
258 64
298 100
243 164
244 129
250 60
304 180
223 106
264 107
296 176
215 102
297 141
256 103
235 80
288 172
267 149
287 127
328 128
233 156
279 123
320 124
225 152
299 101
226 117
266 153
285 166
291 97
236 161
237 126
238 91
297 177
256 139
257 104
229 122
230 87
289 136
249 100
268 113
241 96
300 182
214 142
260 109
206 138
207 103
321 125
253 70
313 121
259 150
305 117
278 163
251 146
324 130
230 123
270 159
289 172
290 137
222 82
263 120
242 97
282 133
283 98
228 162
274 129
234 93
220 158
253 106
294 107
240 136
200 100
246 67
286 103
232 132
211 109
252 110
284 179
317 127
231 87
243 141
303 192
222 118
263 156
223 83
255 152
296 153
316 131
267 126
286 139
213 155
327 140
205 151
273 169
233 133
279 100
319 136
225 129
298 113
260 123
226 94
244 142
217 125
245 107
285 143
264 120
236 138
237 103
238 68
297 154
256 116
257 81
229 99
202 145
248 112
249 77
241 73
301 124
260 86
247 153
206 115
226 130
266 166
312 133
285 179
218 89
259 127
277 175
250 158
324 107
269 171
229 135
270 136
249 113
289 149
290 114
281 145
282 110
242 74
261 87
228 139
234 70
207 116
253 83
293 119
198 147
313 134
259 163
218 125
305 130
265 57
266 58
267 57
267 56
267 55
267 54
268 54
269 53
270 54
270 53
271 54
272 54
273 54
273 53
269 55
271 53
270 55
271 55
269 56
268 53
268 56
274 52
275 51
276 52
274 50
275 50
277 52
278 51
279 50
280 49
281 50
279 49
280 50
279 52
278 49
277 49
279 51
277 50
280 51
278 50
266 56
268 55
276 50
272 52
267 58
274 51
275 52
277 51
278 52
274 54
251 159
292 160
325 108
271 137
317 104
262 168
303 169
222 95
209 162
255 129
283 111
295 165
201 158
302 124
275 107
221 136
267 103
240 149
213 132
286 116
232 145
205 128
205 129
233 110
224 141
252 123
225 106
243 154
244 119
304 170
190 148
264 97
237 80
296 166
297 131
256 93
248 89
307 175
308 140
309 105
254 169
214 96
300 136
273 182
259 96
246 165
320 114
225 142
266 143
312 110
245 120
217 138
285 156
258 139
277 152
278 117
229 112
257 94
248 125
249 90
194 154
309 141
235 155
214 132
261 64
247 166
206 128
207 93
321 115
253 60
313 111
258 175
259 140
218 102
299 176
278 153
324 120
251 136
210 98
271 114
290 127
262 145
263 110
209 139
282 123
255 106
234 83
274 119
220 148
293 132
221 113
239 161
240 126
232 122
233 87
292 173
252 100
224 118
203 95
243 131
284 169
244 96
255 142
256 70
316 121
288 139
307 152
267 116
213 145
327 130
254 146
205 141
273 159
233 123
224 154
265 155
226 84
244 132
217 115
285 133
231 162
236 128
277 129
237 93
256 106
297 144
223 158
257 71
229 89
288 175
248 102
309 118
214 109
300 149
320 127
247 143
206 105
287 179
266 156
312 123
258 152
259 117
277 165
250 148
251 113
269 161
270 126
230 90
289 139
216 155
262 122
208 151
281 135
282 100
242 64
228 129
274 96
253 73
293 109
239 138
251 149
292 150
252 77
243 108
284 146
222 85
263 123
209 152
323 137
255 119
295 155
201 148
274 132
315 133
275 97
261 162
307 129
240 139
213 122
286 106
253 158
327 107
232 135
273 136
205 118
224 131
243 144
217 92
245 74
237 70
297 121
256 83
316 134
288 152
248 79
308 130
268 57
254 159
214 86
300 126
328 108
273 172
319 139
265 168
226 97
285 146
217 128
204 158
277 142
278 107
238 71
229 102
196 154
270 103
230 67
216 132
262 99
235 145
241 76
281 112
227 141
206 118
193 148
280 153
218 92
299 166
291 162
271 104
311 140
257 169
303 136
263 100
209 129
282 113
323 114
268 178
228 142
274 109
315 110
220 138
260 174
221 103
239 151
189 150
213 99
233 77
205 95
292 163
224 108
197 154
284 159
244 86
303 172
304 137
295 168
296 133
256 60
242 162
316 111
288 129
261 175
234 158
307 142
302 176
308 107
213 135
253 171
300 103
273 149
319 116
225 109
265 145
285 123
217 105
245 87
212 139
231 152
277 119
223 148
257 61
229 79
248 92
330 131
276 160
309 108
214 99
260 66
301 104
246 168
206 95
287 169
312 113
279 165
258 142
298 178
299 143
250 138
278 120
269 151
311 117
216 145
235 158
281 125
208 141
209 106
255 73
228 119
268 155
293 99
220 115
221 80
239 128
240 93
326 133
272 162
291 175
292 140
224 85
252 67
284 136
244 63
230 165
304 114
209 142
323 127
295 145
296 110
201 138
315 123
242 139
288 106
261 152
221 116
307 119
253 148
213 112
205 108
273 126
305 195
224 121
219 155
232 102
273 103
292 153
225 86
244 99
211 151
285 100
217 82
236 95
296 146
222 160
222 161
256 73
202 102
288 142
283 176
248 69
302 189
275 172
308 120
254 149
300 116
286 181
255 174
215 101
265 158
212 152
331 103
231 165
277 132
204 148
250 115
251 80
223 161
264 162
196 144
215 157
216 122
289 106
276 173
235 135
322 140
281 102
241 66
227 131
228 96
287 182
220 92
279 178
239 105
326 110
240 70
299 156
272 139
251 116
291 152
292 117
238 146
243 75
284 113
257 159
303 126
208 154
209 119
323 104
295 122
268 168
314 135
241 151
274 99
260 164
220 128
221 93
240 106
272 175
233 67
305 172
224 98
197 144
284 149
244 76
304 127
271 179
236 72
295 158
242 152
288 119
261 165
307 132
234 148
253 161
294 162
327 110
273 139
200 155
319 106
247 87
192 151
265 135
266 100
217 95
212 129
231 142
237 73
277 109
223 138
269 105
229 69
215 134
216 99
276 150
322 117
227 108
287 159
306 172
279 155
280 120
239 82
298 168
299 133
291 129
196 157
264 175
310 142
270 106
237 158
311 107
216 135
257 136
262 102
303 103
208 131
227 144
255 63
268 145
228 109
301 179
220 105
193 151
280 156
240 83
326 123
272 152
232 79
291 165
292 130
238 159
243 88
284 126
257 172
303 139
230 155
304 104
323 117
295 135
290 169
296 100
241 164
315 113
242 129
288 96
307 109
234 125
213 102
273 116
205 98
233 80
219 145
305 185
211 141
212 106
203 137
318 124
222 150
223 115
297 101
283 166
329 133
215 111
302 179
234 161
276 127
294 175
267 158
300 106
286 171
287 136
212 142
298 145
299 110
204 138
251 70
223 151
264 152
310 119
215 147
256 148
289 96
276 163
235 125
208 108
322 130
227 121
228 86
274 53
287 172
220 82
279 168
239 95
226 162
299 146
272 129
291 142
292 107
238 136
243 65
284 103
257 149
303 116
230 132
209 109
289 181
295 112
255 76
268 158
241 141
314 125
242 106
260 154
301 192
221 83
207 148
199 144
218 157
224 88
219 122
210 153
325 140
271 169
317 136
263 165
296 113
222 127
242 142
282 178
283 143
288 109
274 174
253 151
294 152
200 145
286 148
247 77
219 158
306 126
211 154
252 155
212 119
203 150
231 132
204 115
277 99
318 137
250 82
269 95
283 179
215 124
216 89
275 175
276 140
322 107
267 171
279 145
239 72
280 110
298 158
226 139
272 106
251 83
291 119
264 165
196 147
310 132
256 161
229 144
208 121
228 99
195 151
220 95
301 169
261 96
206 160
240 73
326 113
272 142
198 156
232 69
259 172
292 120
305 139
238 149
243 78
284 116
230 145
270 181
262 177
295 125
290 159
241 154
282 155
302 133
207 161
293 164
294 129
273 106
246 89
191 153
305 175
219 135
211 131
212 96
258 63
271 182
222 140
263 178
223 105
283 156
329 123
302 169
275 152
235 79
276 117
294 165
267 148
286 161
247 90
192 154
233 155
279 122
252 168
298 135
299 100
259 64
244 164
251 60
264 142
236 160
310 109
239 85
216 102
297 176
208 98
322 120
227 111
228 76
214 141
300 181
280 123
321 124
226 152
272 119
245 165
291 132
292 97
237 161
238 126
278 162
311 110
229 157
303 106
230 122
290 136
241 131
281 167
242 96
260 144
301 182
254 70
200 99
218 147
224 78
219 112
305 152
210 143
325 130
271 159
317 126
290 172
222 117
263 155
223 82
282 168
283 133
255 151
274 164
234 128
275 129
293 177
221 158
286 138
247 67
287 103
306 116
233 132
252 145
212 109
298 112
203 140
318 127
250 72
304 192
223 118
215 114
276 130
267 161
227 88
287 139
328 140
279 135
320 136
280 100
226 129
299 113
272 96
285 178
217 160
291 109
237 138
310 122
277 174
238 103
256 151
229 134
230 99
241 108
300 194
214 154
220 85
261 86
206 150
207 115
321 137
253 82
198 146
313 133
218 124
219 89
305 129
210 120
284 106
251 158
325 107
270 171
271 136
290 149
262 167
222 94
263 132
281 180
242 109
282 145
283 110
274 141
234 105
293 154
254 83
294 119
223 95
286 115
265 92
266 57
211 121
252 122
231 99
243 153
317 139
318 104
222 130
255 164
283 146
215 91
274 177
275 142
276 107
235 69
267 138
307 174
286 151
306 129
273 181
279 112
298 125
225 141
226 106
245 119
236 150
297 166
257 93
262 59
202 157
248 124
249 89
194 153
309 140
300 171
214 131
260 98
301 136
280 113
247 165
266 178
226 142
272 109
313 110
259 139
218 101
278 152
238 116
324 119
229 147
270 148
230 112
289 161
249 125
195 154
241 121
281 157
289 105
215 156
242 86
261 99
234 82
207 128
293 131
253 95
254 60
239 160
259 175
218 137
305 142
251 171
210 133
211 98
325 120
271 149
231 76
262 180
263 145
303 181
282 158
255 141
302 136
275 119
221 148
294 132
267 115
240 161
286 128
306 106
205 140
233 122
224 153
212 99
252 135
258 66
204 95
245 96
250 62
304 182
236 127
264 109
215 104
256 105
297 143
257 70
288 174
276 120
281 49
248 101
308 152
227 78
309 117
300 148
214 108
328 130
279 125
320 126
225 154
226 119
266 155
312 122
245 132
217 150
291 99
237 128
238 93
278 129
229 124
257 106
230 89
249 102
268 115
241 98
281 134
214 144
301 149
260 111
206 140
321 127
253 72
313 123
259 152
218 114
305 119
278 165
324 132
210 110
251 148
271 126
290 139
262 157
222 84
263 122
282 135
283 100
255 118
228 164
302 113
274 131
234 95
220 160
293 144
221 125
254 73
294 109
240 138
246 69
286 105
232 134
211 111
252 112
243 143
284 181
244 108
303 194
223 85
264 86
255 154
296 155
275 132
288 151
316 133
276 97
221 161
267 128
287 106
273 171
233 135
205 153
279 102
298 115
265 167
226 96
244 144
217 127
285 145
245 109
264 122
236 140
237 105
256 118
297 156
257 83
229 101
230 66
202 147
248 114
249 79
241 75
301 126
260 88
320 139
206 117
321 104
266 168
312 135
258 164
259 129
277 177
250 160
238 106
251 125
324 109
269 173
270 138
271 103
289 151
290 116
262 134
281 147
242 76
228 141
234 72
274 108
207 118
253 85
293 121
239 150
219 92
305 132
265 59
251 161
210 123
292 162
197 153
271 139
317 106
231 66
222 97
303 171
263 135
295 167
255 131
283 113
274 144
275 109
294 122
221 138
267 105
240 151
213 134
286 118
327 119
232 147
233 112
252 125
243 156
244 121
245 86
304 172
190 150
264 99
237 82
297 133
256 95
288 164
248 91
308 142
309 107
214 98
301 103
246 167
247 132
320 116
206 94
265 180
226 109
312 112
258 141
277 154
237 118
238 83
229 114
269 150
230 79
270 115
216 144
249 92
235 157
241 88
281 124
301 139
261 66
247 168
207 95
253 62
313 113
239 127
218 104
259 142
299 178
251 138
210 100
270 151
271 116
262 147
290 129
263 112
282 125
255 108
228 154
302 103
201 137
274 121
276 51
220 150
221 115
294 99
240 128
213 111
232 124
233 89
252 102
224 120
284 171
244 98
245 63
303 184
236 94
295 180
297 110
288 141
316 123
202 101
248 68
267 118
213 147
254 148
205 143
233 125
273 161
246 144
225 121
266 122
272 53
212 151
217 117
245 99
237 95
277 131
297 146
223 160
257 73
269 127
202 137
249 69
276 172
309 120
241 65
214 111
301 116
260 78
320 129
247 145
206 107
266 158
312 125
258 154
332 103
299 155
259 119
278 132
250 150
251 115
269 163
270 128
289 141
216 157
290 106
262 124
263 89
208 153
282 102
242 66
209 118
255 85
228 131
268 167
274 98
220 127
293 111
239 140
280 178
272 174
232 101
292 152
252 79
284 148
244 75
263 125
304 126
209 154
255 121
295 157
296 122
275 99
315 135
242 151
209 131
261 164
221 128
307 131
267 95
213 124
253 160
327 109
232 137
205 120
233 102
224 133
265 134
285 112
245 76
217 94
264 89
236 107
237 72
296 158
288 154
248 81
308 132
254 161
300 128
214 88
319 141
246 157
320 106
265 170
266 135
285 148
258 131
298 167
277 144
238 73
250 127
251 92
269 140
264 174
230 69
270 105
262 101
235 147
241 78
281 114
208 130
227 143
228 108
193 150
280 155
326 122
240 82
299 168
259 132
272 151
251 128
291 164
292 129
271 106
238 158
243 87
262 137
257 171
303 138
263 102
304 103
323 116
255 98
295 134
228 144
268 180
241 163
260 176
220 140
261 141
221 105
213 101
233 79
205 97
252 92
224 110
305 184
243 123
284 161
189 152
304 139
236 84
295 170
296 135
256 62
288 131
316 113
261 177
234 160
302 178
308 109
254 138
294 174
273 151
246 134
247 99
266 112
212 141
217 107
258 108
237 85
277 121
257 63
229 81
235 124
276 162
322 129
260 68
301 106
247 135
206 97
287 171
306 184
279 167
258 144
298 180
299 145
259 109
250 140
251 105
270 118
216 147
257 148
290 96
208 143
259 86
255 75
228 121
275 53
301 191
293 101
220 117
280 168
239 130
240 95
326 135
232 91
291 177
252 69
224 87
284 138
244 65
304 116
295 147
323 129
290 181
296 112
201 140
261 154
234 137
253 150
254 115
273 128
233 92
224 123
265 124
225 88
211 153
217 84
285 102
236 97
203 149
231 131
318 136
297 113
256 75
223 127
288 144
283 178
248 71
302 191
275 174
254 151
300 118
267 170
286 183
246 147
287 148
266 125
258 121
298 157
277 134
204 150
278 99
250 117
269 130
264 164
270 95
215 159
289 108
262 91
235 137
208 120
281 104
227 133
228 98
220 94
279 180
239 107
280 145
326 112
272 141
232 68
291 154
311 132
243 77
284 115
257 161
303 128
230 144
249 157
295 124
255 88
323 106
314 137
241 153
220 130
261 131
213 91
253 127
199 156
233 69
219 134
224 100
265 101
284 151
244 78
236 74
263 177
222 139
296 125
242 154
288 121
283 155
329 122
253 163
294 164
254 128
273 141
200 157
319 108
247 89
265 137
306 138
258 98
259 63
231 144
277 111
250 94
223 140
269 107
229 71
215 136
216 101
276 152
235 114
208 97
267 183
287 161
279 157
239 84
298 170
259 99
226 151
299 135
245 164
251 95
264 177
237 160
256 173
257 138
303 105
208 133
248 169
209 98
249 134
255 65
295 101
314 114
220 107
301 181
280 158
326 125
232 81
292 132
224 77
252 59
238 161
243 90
325 129
304 106
249 170
295 137
290 171
296 102
282 167
315 115
242 131
288 98
261 144
234 127
293 176
254 105
273 118
205 100
246 101
219 147
225 78
211 143
212 108
203 139
318 126
222 152
223 117
283 168
248 61
215 113
302 181
275 164
235 91
267 160
227 87
286 173
287 138
247 102
279 134
212 144
258 111
204 140
250 107
245 141
291 108
264 154
215 149
216 114
257 115
322 132
208 110
248 146
227 123
268 124
228 88
300 193
220 84
279 170
239 97
280 135
272 131
291 144
292 109
311 122
278 174
243 67
257 151
303 118
230 134
255 78
295 114
268 160
241 143
281 179
242 108
301 194
260 156
261 121
234 104
253 117
254 82
199 146
218 159
219 124
224 90
265 91
210 155
244 68
317 138
236 64
263 167
222 129
223 94
242 144
282 180
288 111
283 145
234 140
274 176
275 141
294 154
200 147
246 114
286 150
287 115
247 79
266 92
211 156
258 88
298 124
277 101
318 139
204 117
250 84
223 130
264 131
269 97
275 177
276 142
235 104
322 109
227 100
287 151
279 147
239 74
280 112
298 160
299 125
226 141
272 108
251 85
264 167
237 150
257 128
263 59
230 111
248 159
249 124
268 137
314 104
260 133
301 171
220 97
261 98
240 75
259 174
218 136
305 141
238 151
284 118
210 132
270 183
317 115
262 179
290 161
222 106
282 157
242 121
283 122
274 153
293 166
294 131
254 95
273 108
246 91
286 127
219 137
211 133
212 98
258 65
243 165
318 116
222 142
263 180
250 61
223 107
283 158
215 103
329 125
275 154
235 81
276 119
294 167
286 163
287 128
233 157
306 141
279 124
298 137
225 153
259 66
226 118
244 166
250 97
251 62
264 144
236 162
310 111
297 178
216 104
248 136
249 101
228 78
214 143
239 87
206 139
280 125
321 126
272 121
218 113
292 99
238 128
270 160
230 124
289 173
249 137
295 104
241 133
281 169
242 98
301 184
302 112
207 140
293 143
254 72
246 68
219 114
211 110
271 161
317 128
231 88
290 174
222 119
263 157
303 193
223 84
282 170
283 135
275 131
293 179
276 96
294 144
221 160
267 127
246 104
287 105
306 118
279 101
252 147
258 78
244 143
250 74
304 194
236 139
264 121
215 116
256 117
297 155
330 103
235 94
276 132
267 163
227 90
299 115
291 111
309 129
214 120
279 137
320 138
280 102
226 131
266 167
272 98
312 134
285 180
245 144
277 176
237 140
238 105
257 118
229 136
230 101
248 149
249 114
268 127
241 110
261 88
206 152
321 139
198 148
313 135
218 126
305 131
219 91
278 177
265 58
210 122
325 109
270 173
317 105
290 151
262 169
222 96
263 134
242 111
283 112
255 130
302 125
274 143
234 107
293 156
294 121
246 81
232 146
266 59
252 124
231 101
243 155
318 106
244 120
263 170
304 171
264 98
255 166
296 167
275 144
276 109
267 140
308 141
233 147
279 114
298 127
265 179
225 143
226 108
244 156
245 121
217 139
237 117
256 130
297 168
257 95
202 159
248 126
194 155
241 87
300 173
301 138
260 100
206 129
207 94
321 116
266 180
272 111
218 103
305 108
250 172
251 137
324 121
210 99
230 114
271 115
195 156
281 159
242 88
261 101
228 153
234 84
274 120
207 130
293 133
253 97
254 62
294 98
239 162
240 127
219 104
251 173
210 135
292 174
317 118
231 78
243 132
262 182
222 109
303 183
263 147
255 143
295 179
283 125
274 156
275 121
221 150
240 163
213 146
286 130
306 108
233 124
205 142
224 155
225 120
204 97
245 98
287 108
254 160
217 116
250 64
304 184
264 111
297 145
256 107
257 72
300 150
328 132
301 115
320 128
247 144
206 106
226 121
312 124
291 101
277 166
238 95
257 108
270 127
249 104
289 140
281 136
241 100
242 65
260 113
206 142
207 107
239 139
313 125
273 52
259 154
218 116
219 81
251 150
324 134
271 128
290 141
222 86
263 124
209 153
255 120
283 102
201 149
275 98
293 146
221 127
267 94
240 140
286 107
246 71
233 101
252 114
244 110
303 196
223 87
269 54
264 88
236 106
296 157
215 83
297 122
256 84
316 135
267 130
308 131
213 159
328 109
205 155
233 137
319 140
279 104
320 105
265 169
266 134
226 98
236 142
237 107
229 103
257 85
202 149
248 116
194 145
268 94
235 146
309 132
241 77
214 123
301 128
260 90
206 119
320 141
321 106
266 170
312 137
258 166
259 131
277 179
278 144
251 127
324 111
270 140
262 136
290 118
263 101
281 149
228 143
274 110
234 74
293 123
239 152
219 94
232 113
252 91
197 155
284 160
231 68
243 122
263 137
222 99
295 169
255 133
296 134
275 111
316 112
267 107
213 136
286 120
253 172
327 121
233 114
319 117
224 145
265 146
244 123
245 88
217 106
236 119
237 84
296 170
257 62
206 96
229 80
288 166
248 93
254 173
328 122
214 100
301 105
246 169
247 134
306 183
266 147
312 114
285 160
331 127
259 108
277 156
238 85
269 152
270 117
230 81
216 146
235 159
281 126
208 142
261 68
228 120
293 100
239 129
280 167
326 134
218 106
299 180
259 144
251 140
291 176
292 141
201 139
271 118
315 124
276 53
