639 319
640 320
639 321
638 319
637 319
636 319
635 318
637 318
641 319
634 319
642 320
643 319
633 320
632 319
631 320
644 320
645 319
646 318
647 319
648 318
649 317
650 318
651 317
652 318
640 322
643 321
645 318
644 317
645 316
646 315
647 316
632 318
633 317
634 316
635 315
635 317
646 317
650 317
651 316
650 315
652 315
642 322
633 319
644 319
634 318
649 318
638 318
652 317
643 323
641 323
640 324
632 320
646 319
635 319
648 316
636 320
637 321
650 319
651 318
653 315
654 314
653 313
654 312
655 311
653 311
656 310
656 312
642 324
633 321
644 321
634 320
652 310
638 320
649 320
648 321
652 319
653 320
654 319
654 321
653 322
652 322
651 323
650 324
649 325
652 324
650 326
651 325
649 327
652 326
654 323
650 328
651 327
653 324
643 316
642 315
643 314
642 313
643 312
642 311
643 310
644 310
645 309
644 308
646 308
647 307
646 306
647 309
645 311
646 310
648 307
644 312
643 307
642 306
643 305
642 304
643 303
644 303
645 302
644 301
645 300
644 299
646 299
647 298
643 301
647 300
646 301
648 298
649 297
648 296
649 295
647 302
648 303
649 304
648 305
643 298
645 304
646 303
648 300
654 316
649 329
648 309
651 311
636 322
637 323
651 320
651 329
652 312
652 321
640 319
644 298
656 309
644 307
644 316
633 316
632 315
655 313
656 314
655 322
645 299
647 318
648 295
648 304
639 323
636 317
651 315
651 324
652 316
640 323
643 325
644 326
654 325
644 302
644 311
655 308
647 304
655 317
655 326
655 327
656 328
647 322
648 323
647 323
639 318
651 310
636 321
651 319
651 328
640 318
632 314
643 311
643 320
654 320
644 297
646 316
635 316
647 299
655 312
647 308
655 321
647 317
639 322
636 316
651 314
650 327
643 306
654 315
643 315
646 311
654 324
643 324
646 320
635 320
647 294
655 307
654 306
647 303
655 316
647 312
647 313
648 314
647 321
639 317
651 309
652 308
652 307
651 306
651 305
650 313
650 322
631 318
642 318
653 318
653 327
646 297
654 310
654 328
654 329
655 330
655 331
655 332
654 333
654 334
655 335
655 336
653 332
652 331
646 324
646 325
647 326
647 327
654 337
653 337
654 338
654 339
655 340
655 341
654 342
654 343
654 344
655 345
655 344
653 341
652 340
653 336
652 335
651 334
651 333
650 332
650 331
653 345
653 346
654 347
657 329
650 308
631 313
650 335
650 336
649 334
653 331
643 296
653 340
654 305
656 342
657 343
646 328
646 329
646 330
647 331
647 332
646 333
646 334
647 335
647 336
647 337
646 338
646 339
647 340
647 341
647 293
646 292
645 332
648 337
657 315
658 316
658 317
658 318
659 319
659 320
658 321
658 322
659 323
659 324
657 320
656 319
650 294
651 295
652 294
652 293
651 292
651 296
651 297
652 298
652 299
652 297
651 291
651 300
651 301
652 302
652 303
651 290
652 289
652 288
657 342
658 341
659 342
658 340
657 339
657 338
658 337
659 338
658 336
658 335
657 334
660 339
661 340
662 339
663 340
662 338
661 341
662 342
662 343
662 337
661 336
660 335
661 335
662 334
663 335
662 333
661 332
661 331
662 332
663 331
661 344
661 345
661 346
662 347
662 348
661 349
660 344
660 330
659 329
659 328
658 327
658 326
660 348
659 347
658 346
658 345
657 347
657 333
658 332
659 333
658 331
641 325
649 338
649 339
650 340
650 341
650 303
642 299
653 299
650 312
642 308
653 308
650 321
642 317
631 317
630 316
653 317
661 330
662 329
662 328
661 327
661 326
650 330
653 326
642 326
642 327
643 328
643 329
644 330
634 322
634 323
635 324
635 325
636 326
636 327
636 325
635 328
634 328
635 329
635 330
636 331
636 330
634 327
633 326
632 325
632 324
632 323
631 323
631 322
631 326
631 327
632 328
632 329
633 330
630 325
653 335
643 300
654 300
654 301
655 302
656 301
656 300
655 303
634 331
634 332
635 333
635 334
635 335
636 336
636 335
634 336
633 335
632 334
632 333
631 332
634 337
635 338
635 339
636 340
631 331
630 330
637 337
638 338
639 337
640 338
640 337
639 336
638 339
639 340
639 341
639 342
640 342
638 343
638 344
639 345
639 346
640 347
641 339
641 348
642 340
643 339
643 338
642 337
642 341
643 342
643 343
643 344
642 336
642 345
642 346
643 347
643 348
641 344
638 347
638 348
637 346
636 345
635 344
636 344
635 343
634 342
634 341
634 345
634 346
634 347
635 348
635 349
636 349
635 347
634 350
641 316
640 315
640 314
639 313
639 312
638 311
641 343
642 335
643 334
644 335
643 333
642 332
642 331
641 330
640 329
639 328
640 328
639 327
639 326
638 325
638 329
641 334
640 333
639 332
639 331
631 335
630 335
631 336
631 337
632 338
630 334
664 332
665 333
666 332
666 331
665 334
666 335
666 336
666 330
665 329
665 328
665 327
666 327
667 328
666 326
665 325
665 324
664 323
663 322
663 321
662 320
662 319
666 325
662 323
661 323
662 324
661 322
665 337
665 338
665 339
666 340
666 341
665 342
665 343
666 344
666 345
643 345
664 337
665 323
666 322
666 321
665 320
661 321
646 296
645 295
644 294
643 309
654 309
634 340
646 305
664 341
656 337
667 337
646 314
635 314
636 313
637 314
636 312
635 311
636 311
635 310
634 309
633 308
633 307
632 306
638 349
632 305
632 309
632 310
632 311
633 312
631 304
631 308
634 313
656 346
633 344
632 343
632 342
631 342
631 341
631 340
630 339
629 339
628 340
628 341
627 340
627 339
626 338
627 338
628 337
628 336
627 335
628 335
627 334
626 337
629 342
629 343
630 344
631 345
631 346
632 347
630 343
644 344
647 297
645 327
668 329
668 330
669 331
670 332
670 333
669 330
670 329
671 330
670 328
672 331
672 332
673 333
673 334
674 335
673 336
672 337
673 338
673 337
665 335
673 332
674 331
674 330
673 329
673 328
672 327
672 326
671 325
670 324
670 323
669 322
672 336
671 335
669 325
668 326
669 326
668 325
675 332
676 332
677 333
678 333
677 332
678 332
677 331
676 334
677 335
630 345
677 336
677 337
678 337
651 339
651 338
676 338
675 338
676 339
679 334
680 335
681 334
682 335
681 333
680 332
680 336
680 337
681 338
681 339
681 337
680 331
683 336
676 333
660 325
645 336
668 338
668 339
669 340
669 341
670 342
670 343
671 344
669 344
653 305
668 344
669 339
670 338
671 339
670 337
669 336
668 335
669 335
668 334
668 343
672 340
672 341
672 342
679 338
679 339
657 301
658 301
659 301
660 302
659 300
658 299
659 298
660 298
658 298
658 302
652 304
658 303
659 304
659 305
659 306
660 307
660 308
659 309
658 308
674 336
660 340
658 307
661 308
662 307
663 308
630 307
663 307
661 303
661 304
661 305
662 305
671 326
662 304
663 303
664 303
631 334
664 304
664 305
663 302
662 301
642 300
641 301
641 302
662 300
665 305
666 306
645 345
637 341
629 337
657 319
649 315
641 311
672 335
638 342
630 338
631 303
650 316
641 347
642 312
661 325
634 308
653 321
664 336
656 332
656 333
630 302
667 341
633 348
645 322
648 327
634 339
629 301
628 302
627 302
668 342
660 338
657 332
630 315
649 328
650 293
641 324
661 302
653 298
652 339
631 316
633 349
663 299
663 348
634 321
646 295
633 325
644 334
656 345
664 300
645 335
637 331
677 334
631 314
667 305
629 314
657 309
648 340
649 293
649 292
648 291
640 301
649 305
630 328
629 327
671 329
663 325
663 326
642 302
682 338
674 334
640 341
649 313
653 309
628 327
640 310
639 309
640 309
632 337
664 326
683 339
684 339
685 340
656 322
675 335
667 331
633 338
644 347
645 312
648 317
648 335
660 345
665 322
646 344
683 338
655 346
639 347
642 301
649 312
629 300
647 345
647 346
628 299
660 328
626 335
625 334
659 332
638 309
637 309
637 308
629 340
670 341
630 305
629 305
629 304
636 348
641 314
628 344
628 345
653 288
652 329
671 342
663 338
656 299
632 350
633 315
644 324
656 335
648 294
655 339
660 305
649 303
653 342
624 334
658 344
636 324
635 327
636 308
650 300
628 313
627 327
628 312
657 299
629 317
648 330
659 345
651 341
652 306
640 331
632 327
641 312
628 318
652 342
685 339
667 321
633 328
644 337
629 319
639 344
651 343
659 322
678 335
653 325
663 298
670 331
650 301
643 308
638 307
638 306
636 338
628 334
640 308
632 304
633 303
663 328
640 344
632 340
673 341
633 305
644 314
674 340
637 305
636 306
635 306
655 329
647 325
666 338
660 326
659 307
633 302
626 333
626 332
626 302
625 302
625 301
626 300
625 299
626 299
658 334
659 299
629 307
636 315
628 311
659 335
651 331
652 296
663 305
640 321
632 317
656 302
643 332
662 345
654 341
655 306
646 337
648 297
655 342
647 338
625 300
625 331
639 334
658 347
651 308
636 328
629 310
681 336
652 309
642 344
656 305
625 303
662 322
654 318
625 304
673 331
644 304
626 305
627 305
677 338
635 341
655 319
668 328
625 332
632 301
630 340
625 298
653 306
656 334
628 308
627 309
648 320
626 309
627 337
625 308
624 309
623 308
647 315
666 328
639 311
658 324
624 331
623 331
636 305
628 301
651 321
650 325
669 338
661 334
640 311
632 307
631 348
643 322
662 335
654 331
622 307
621 306
621 308
620 308
621 309
627 314
627 315
646 327
647 292
665 340
666 305
624 308
647 328
639 324
659 302
651 298
657 341
636 318
628 314
620 310
631 325
650 338
642 334
643 299
661 347
634 330
653 343
654 308
646 304
626 314
625 314
643 335
635 331
655 309
646 340
647 305
625 313
625 312
625 311
626 312
639 301
679 337
680 338
672 334
638 341
621 311
622 311
623 311
630 337
641 346
669 328
646 336
634 301
661 324
631 338
621 310
646 332
640 325
667 339
667 338
629 329
656 316
645 314
657 311
625 307
648 333
641 331
619 311
618 310
618 309
617 308
624 306
618 308
642 347
645 343
645 342
633 332
649 301
628 317
627 307
637 347
637 307
633 313
663 345
633 331
660 321
628 326
640 300
621 305
650 299
620 304
619 305
627 325
639 299
640 299
664 346
628 324
662 325
634 343
635 308
627 304
658 300
618 305
617 305
616 305
615 304
614 303
613 302
612 302
611 302
613 304
613 305
614 305
616 304
617 303
665 330
623 333
622 334
622 333
624 298
623 298
668 341
660 337
639 314
651 288
657 331
628 304
661 301
631 315
661 337
662 302
653 333
654 298
655 297
654 296
655 296
646 294
665 307
612 301
664 348
665 348
623 310
615 306
615 307
656 344
635 321
627 317
655 299
647 295
658 304
645 334
624 311
637 330
616 307
657 308
648 339
672 324
638 331
657 344
630 327
649 340
650 305
641 336
653 310
631 328
664 325
643 302
634 333
675 334
621 334
620 333
654 311
667 330
646 307
633 337
644 346
614 304
622 298
656 296
657 296
621 298
676 335
668 331
649 291
614 308
613 307
660 327
626 334
645 347
646 348
647 348
637 343
638 308
657 321
630 304
641 313
653 287
654 286
655 286
656 287
657 287
671 341
631 305
663 337
642 314
634 310
653 323
654 288
632 349
664 338
667 343
660 304
653 285
633 350
648 336
646 349
620 332
621 333
656 297
663 336
617 304
659 339
648 315
613 306
656 286
656 295
614 307
620 331
613 301
655 294
653 286
614 302
623 332
665 347
646 343
624 315
624 333
636 307
649 311
628 303
620 299
620 300
621 301
622 301
620 330
621 329
621 331
619 330
618 331
618 330
623 300
626 311
645 324
637 320
629 316
657 298
648 329
649 294
659 344
638 321
630 317
649 330
617 332
650 295
641 326
653 300
619 307
658 330
617 331
616 330
615 329
616 328
615 327
614 326
613 325
614 325
613 327
616 327
617 326
616 325
617 325
617 328
618 328
619 328
619 327
612 324
611 324
611 323
612 322
652 341
611 303
610 304
610 305
656 311
633 327
612 304
644 336
645 301
656 347
615 309
648 306
668 321
679 330
626 324
625 324
625 323
625 322
626 322
624 321
623 321
622 321
621 321
620 321
620 320
621 319
620 318
619 318
618 319
618 318
621 318
623 320
624 319
623 318
619 317
645 337
618 320
678 334
648 342
649 307
641 303
671 331
663 327
634 300
621 330
640 343
632 339
644 313
664 328
675 337
667 333
614 327
633 340
625 336
626 301
637 310
657 288
658 289
659 290
656 289
656 290
659 289
658 291
629 306
648 319
618 333
659 334
651 330
636 350
653 290
610 306
621 320
617 327
656 291
624 320
617 317
617 316
616 315
617 315
615 316
615 317
614 315
613 315
616 317
612 314
611 314
610 315
610 314
609 314
608 314
608 313
609 312
608 311
609 311
611 313
612 312
611 311
612 311
610 316
610 317
607 310
606 309
607 309
605 309
604 308
607 308
606 311
606 312
605 308
603 309
603 310
602 308
601 308
601 307
602 306
604 310
600 307
599 307
599 306
599 305
599 304
600 305
598 304
597 305
596 304
597 304
600 304
596 306
597 307
611 316
613 316
613 317
614 317
606 313
595 303
595 302
594 301
594 303
593 301
592 301
609 313
601 309
601 310
620 322
602 310
659 291
660 292
660 293
661 292
661 291
662 292
663 293
660 294
660 295
663 294
663 295
664 295
665 295
616 329
663 297
621 300
665 306
627 316
655 298
666 307
624 310
616 306
617 307
609 303
608 303
628 316
620 312
612 313
604 309
623 322
622 323
622 324
623 323
615 318
615 319
605 310
645 346
624 323
597 306
616 319
608 315
622 335
622 336
662 291
654 287
619 329
665 296
665 297
611 325
610 326
610 327
611 326
609 326
608 326
608 325
608 324
608 323
609 322
608 321
607 321
606 322
606 321
609 324
605 321
604 321
603 320
602 319
601 318
602 318
601 320
604 320
605 319
604 318
605 318
607 320
600 317
599 317
599 316
600 315
603 322
606 323
606 324
607 323
609 323
602 320
605 320
598 316
597 315
596 314
595 314
594 314
594 313
595 312
594 311
593 312
592 311
595 311
597 314
598 314
593 311
596 316
596 317
597 317
592 313
593 314
595 313
598 313
598 312
591 310
591 309
590 308
591 308
590 310
589 311
588 310
587 310
587 309
587 308
588 308
586 307
585 308
584 307
583 307
582 307
582 306
583 305
582 304
581 305
580 305
580 304
583 304
585 307
581 304
584 309
584 310
585 310
580 306
583 306
594 315
597 316
586 306
586 305
586 304
579 303
579 302
578 301
577 302
577 303
576 301
575 301
575 300
576 299
578 303
574 300
573 300
573 299
574 298
573 297
572 296
571 295
571 297
570 297
571 298
572 298
570 299
570 300
571 300
569 296
568 297
568 298
572 297
575 302
575 303
576 303
568 299
578 302
571 299
590 312
589 313
582 308
572 300
600 316
603 321
623 299
655 288
627 306
666 297
593 313
612 326
585 309
604 322
623 335
624 300
596 318
596 319
615 331
574 299
577 304
577 305
597 319
620 302
586 309
578 305
619 306
570 301
612 303
623 312
622 313
615 308
627 319
626 323
637 332
637 333
616 309
657 310
629 328
648 341
649 306
638 333
630 329
649 342
622 325
622 326
650 307
641 338
642 303
682 339
653 312
600 306
619 319
592 302
592 303
611 315
603 311
603 312
664 327
643 304
656 323
656 324
635 300
675 336
667 332
646 309
593 303
633 339
612 316
625 335
644 348
604 312
645 313
596 308
676 337
668 333
660 329
626 336
645 349
618 332
637 345
638 310
610 328
610 329
657 323
629 341
630 306
649 319
622 302
622 303
641 315
588 309
661 293
607 322
653 289
599 318
599 319
652 330
671 343
631 307
663 339
642 316
634 312
581 306
654 290
600 319
665 299
592 315
611 328
584 311
584 312
644 325
623 302
664 340
656 336
667 345
573 301
660 306
585 312
626 313
645 326
637 322
657 300
629 318
648 331
649 296
574 302
659 346
638 323
651 342
630 319
650 297
641 328
661 306
653 302
640 332
619 309
611 305
652 343
656 313
667 322
614 316
633 329
625 325
625 326
644 338
645 303
648 308
668 323
660 319
647 349
626 326
637 335
610 318
678 336
638 300
637 300
629 331
628 332
657 313
649 309
641 305
640 306
636 339
607 312
599 308
652 320
671 333
663 329
664 294
674 338
621 332
600 309
640 345
613 328
613 329
632 341
633 306
644 315
664 330
656 326
667 335
614 329
660 296
633 342
606 325
606 326
625 338
624 339
666 339
626 303
637 312
629 308
657 290
576 302
595 315
587 311
587 312
659 336
651 332
630 309
622 305
663 306
588 312
652 333
663 342
664 307
569 298
656 303
662 346
614 306
625 315
644 328
645 293
655 343
647 339
626 316
639 335
618 312
617 313
658 348
636 329
628 325
671 323
674 328
602 309
621 322
640 335
613 318
613 319
632 331
644 305
677 339
643 346
594 304
594 305
635 342
614 319
655 320
666 329
658 325
624 332
595 305
639 348
659 326
678 339
651 322
652 287
670 335
617 329
663 296
636 342
609 325
628 338
601 321
601 322
620 334
621 299
640 312
632 308
598 315
664 297
631 349
590 311
656 293
602 322
621 335
662 336
654 332
633 309
625 305
665 341
572 299
591 312
583 308
575 304
575 305
655 333
647 329
666 342
639 325
658 338
659 303
651 299
576 305
617 306
628 315
620 311
651 335
652 300
650 339
661 348
621 312
613 308
653 344
632 321
644 295
643 336
662 349
635 332
654 345
655 310
627 328
627 329
646 341
647 306
639 302
639 303
658 315
624 322
616 318
647 342
639 338
680 339
659 316
651 312
617 319
636 332
609 315
628 328
601 311
601 312
669 329
640 302
598 305
631 339
642 348
602 312
643 313
662 326
634 344
635 309
654 322
655 287
673 335
665 331
666 296
612 325
658 292
658 293
591 302
590 302
589 303
589 302
590 301
623 334
624 299
615 330
635 345
655 323
627 341
626 342
639 315
658 328
659 293
605 322
651 289
624 335
597 318
616 331
589 314
589 315
608 327
636 309
628 305
620 301
586 308
652 290
578 304
650 329
669 342
642 325
661 338
621 302
662 303
653 334
654 299
579 305
665 308
571 301
590 314
643 326
635 322
654 335
627 318
655 300
646 331
647 296
665 344
658 305
624 312
616 308
608 304
608 305
672 325
651 302
638 332
657 345
617 309
609 305
649 341
650 306
641 337
631 329
650 342
642 338
634 334
653 347
665 321
593 302
612 315
604 311
623 324
596 307
615 320
615 321
676 336
627 331
668 332
639 305
645 348
605 312
597 308
637 344
616 321
589 304
589 305
657 322
672 338
638 345
630 341
631 306
622 337
622 338
669 332
661 328
634 311
662 293
654 289
600 318
619 331
592 314
665 298
611 327
603 323
603 324
623 301
664 339
635 312
627 308
655 290
667 344
646 321
593 315
666 299
667 300
667 299
612 328
585 311
658 295
604 324
645 325
624 302
596 320
668 345
660 341
574 301
577 306
577 307
638 322
657 335
630 318
649 331
650 296
622 314
622 315
641 327
653 301
578 307
619 308
611 304
631 319
642 328
634 324
662 306
654 302
646 298
612 305
623 314
615 310
668 322
660 318
679 331
626 325
645 338
618 321
618 322
637 334
657 312
629 330
608 307
648 343
649 308
641 304
607 311
672 328
638 335
630 331
671 332
650 309
622 327
641 340
642 305
661 318
674 337
653 314
600 308
619 321
592 304
592 305
591 306
611 317
603 313
603 314
664 329
656 325
635 302
636 303
637 302
667 334
614 328
593 305
633 341
625 337
604 314
645 315
596 310
637 311
657 289
660 331
618 334
638 312
610 330
610 331
609 332
657 325
630 308
670 344
649 321
622 304
641 317
661 295
588 311
607 324
653 291
580 307
580 308
579 309
599 320
599 321
598 322
652 332
631 309
663 341
664 306
569 297
634 314
654 292
581 308
600 321
633 318
584 313
644 327
664 342
623 304
656 338
573 303
626 315
645 328
618 311
637 324
610 307
610 308
609 309
629 320
629 321
628 322
657 302
649 298
659 348
651 344
651 345
650 346
630 321
622 317
674 327
653 304
640 334
632 330
611 307
652 345
656 315
675 328
667 324
614 318
606 314
606 315
605 316
625 327
625 328
624 329
644 340
645 305
637 301
648 310
595 304
626 328
618 324
619 325
620 324
659 325
678 338
638 302
629 333
670 334
641 307
636 341
607 314
599 310
664 296
656 292
602 321
667 301
667 302
666 303
613 330
613 331
612 332
592 307
584 303
583 302
591 311
594 316
594 317
668 302
614 331
606 327
625 340
624 341
623 341
624 342
657 292
576 304
595 317
568 300
568 301
567 302
587 313
588 314
580 310
579 311
578 311
579 312
578 313
577 313
576 312
575 311
578 314
576 311
575 313
579 314
580 315
580 314
581 315
582 316
583 315
582 317
583 317
581 314
574 310
573 310
573 309
574 308
572 308
571 308
570 307
569 307
568 308
568 307
570 309
570 310
571 310
577 315
567 307
566 307
565 306
564 305
564 304
563 306
566 306
567 305
566 304
567 304
580 316
580 317
569 306
569 305
569 304
581 317
565 308
583 316
576 313
568 309
568 310
579 313
571 309
582 318
582 319
572 310
564 306
583 319
584 320
584 319
585 318
586 317
585 320
574 309
567 306
586 319
587 320
588 319
588 318
588 320
589 321
590 321
590 320
591 319
590 318
591 318
591 321
592 321
593 322
594 323
594 324
595 324
593 321
592 323
592 324
593 324
595 323
591 320
594 325
594 326
595 326
596 327
597 327
598 326
597 325
599 327
599 328
600 328
601 328
602 329
603 330
604 331
602 328
601 330
601 331
598 324
602 331
604 330
605 329
604 328
605 331
600 327
603 332
603 333
604 333
599 329
602 330
605 330
601 332
590 322
589 323
589 324
602 333
593 323
604 332
596 328
596 329
605 333
606 334
606 333
607 333
608 334
609 334
608 335
608 336
609 336
610 337
611 336
612 335
611 334
612 334
612 336
613 337
613 338
614 338
615 337
616 338
616 337
617 336
617 338
615 339
615 340
616 340
614 337
617 337
613 339
613 340
614 340
616 339
617 340
615 341
597 329
589 325
578 315
570 311
570 312
571 312
607 332
607 331
607 330
581 316
600 329
592 325
592 326
611 338
610 339
584 321
584 322
603 334
573 311
573 312
593 326
565 307
585 322
574 312
566 308
614 339
606 335
606 336
595 325
587 321
587 322
588 322
607 335
580 318
580 319
569 308
581 319
617 339
609 335
598 325
602 332
613 341
572 309
591 322
583 318
575 314
575 315
594 327
594 328
576 315
595 328
568 311
605 332
597 328
616 341
608 337
608 338
586 318
609 338
601 334
600 335
579 315
598 328
571 311
590 324
563 307
563 308
582 320
572 312
564 308
583 321
611 337
593 325
612 338
585 321
604 334
596 330
596 331
574 311
577 316
577 317
597 331
598 332
599 331
567 308
586 321
578 317
570 313
610 340
610 341
589 317
588 321
607 334
599 330
570 303
581 318
600 331
592 327
611 340
584 323
584 324
573 313
573 314
565 309
565 310
585 324
586 325
587 324
574 314
566 310
592 317
614 341
606 337
606 338
605 339
576 314
595 327
587 323
588 324
580 320
599 333
598 334
597 335
598 335
598 336
599 337
600 338
600 337
569 310
562 307
561 307
561 306
617 341
609 337
601 333
598 327
590 323
569 300
602 334
625 317
572 311
591 324
564 307
583 320
575 316
575 317
574 318
594 329
618 314
619 315
620 314
610 310
576 317
617 318
587 326
586 327
585 328
586 328
586 329
587 330
585 330
588 330
607 304
606 303
606 305
605 306
606 304
620 323
586 330
651 347
650 348
649 348
650 349
649 350
602 311
621 324
613 320
591 301
594 306
594 307
614 321
606 317
607 318
608 317
659 292
595 307
587 303
609 327
601 323
601 324
600 325
620 336
579 304
598 317
590 313
582 309
582 310
602 324
613 333
572 301
612 337
591 314
583 310
615 342
575 306
605 334
597 330
589 326
589 327
588 328
568 303
608 339
608 340
607 341
609 304
620 313
586 320
578 316
609 340
601 336
621 314
613 310
579 317
598 330
571 313
590 326
563 309
563 310
582 322
627 330
639 304
572 314
564 310
605 311
624 324
575 319
616 320
608 316
617 321
609 317
628 330
601 313
620 326
640 304
632 300
598 307
590 303
655 289
666 298
612 327
658 294
604 323
623 336
624 301
615 332
615 333
627 343
659 295
605 324
624 337
597 320
616 333
589 316
608 329
628 307
620 303
586 310
578 306
570 302
601 326
600 330
579 307
611 339
571 303
603 335
603 336
623 313
627 320
593 327
612 340
585 323
604 336
624 314
596 332
616 310
608 306
574 313
566 309
577 318
577 319
597 333
638 334
589 329
590 330
591 329
591 331
591 330
609 307
649 343
567 310
578 319
619 320
650 344
635 301
593 304
612 317
604 313
623 326
596 309
615 322
639 307
605 314
597 310
657 324
589 306
608 319
661 294
622 339
662 295
581 307
654 291
600 320
619 333
665 300
592 316
611 329
603 325
603 326
623 303
627 310
655 292
573 302
593 317
658 297
585 313
604 326
596 322
624 304
648 332
660 343
574 303
577 308
638 324
657 337
630 320
649 333
622 316
650 298
641 329
661 307
588 323
567 300
566 300
566 299
607 336
653 303
599 332
619 310
570 305
652 344
611 306
631 321
569 309
634 326
675 327
581 320
654 304
667 323
600 333
646 300
592 329
612 307
584 325
644 339
623 316
562 306
676 328
677 329
668 324
573 315
572 316
660 320
679 333
626 327
645 340
618 323
637 336
610 319
610 320
638 301
657 314
629 332
648 345
649 310
641 306
607 313
599 309
630 333
671 334
622 329
650 311
663 330
642 307
634 303
674 339
653 316
600 310
640 346
619 323
592 306
611 319
584 302
603 315
602 316
664 331
656 327
675 340
627 300
667 336
668 301
614 330
660 297
593 307
633 343
625 339
585 303
626 304
645 317
596 312
637 313
629 309
657 291
648 322
595 316
660 333
626 340
618 336
659 337
638 314
610 332
629 345
630 310
649 323
622 306
661 297
588 313
607 326
653 293
580 309
599 322
619 300
618 300
618 301
652 334
663 343
664 308
569 299
656 304
581 310
613 342
592 319
584 315
625 316
644 329
645 294
591 323
656 340
615 302
648 299
606 339
626 317
645 330
618 313
637 326
610 309
657 304
629 322
649 300
576 316
595 329
568 312
587 325
607 303
651 346
652 311
671 324
622 319
663 320
642 297
682 333
588 326
674 329
621 323
640 336
632 332
611 309
652 347
603 305
644 306
664 321
569 312
656 317
675 330
561 308
560 309
667 326
614 320
633 333
606 316
625 329
644 342
645 307
637 303
629 299
648 312
595 306
587 302
618 326
659 327
610 322
638 304
670 336
630 300
617 330
636 343
641 309
628 339
588 303
607 316
620 335
599 312
640 313
671 337
663 333
664 298
656 294
602 323
621 336
667 303
613 332
632 345
633 310
584 305
625 306
591 313
583 309
668 304
594 318
594 319
614 333
655 334
660 300
606 329
647 330
666 343
626 307
618 303
658 339
637 316
629 312
649 290
576 306
595 319
568 302
587 315
586 315
659 340
651 336
652 301
609 339
601 335
580 312
621 313
640 326
613 309
632 322
579 316
598 329
644 296
590 325
677 330
569 302
656 307
582 321
602 336
643 337
614 310
654 346
633 323
606 306
646 342
625 319
645 297
572 313
591 326
564 309
583 322
648 302
575 318
655 347
647 343
639 339
659 317
678 330
610 312
651 313
670 326
576 319
617 320
636 333
609 316
628 329
620 325
640 303
632 299
652 314
598 306
663 323
602 313
621 326
662 327
613 322
632 335
633 300
665 332
644 309
591 303
594 308
593 309
635 346
655 324
627 342
606 319
647 320
666 333
639 316
658 329
659 294
605 323
629 302
624 336
621 325
613 321
633 299
603 307
569 314
575 312
614 322
606 318
573 298
595 308
574 319
587 304
610 324
609 328
588 305
620 337
599 314
683 337
598 318
599 325
602 325
621 338
613 334
572 302
604 319
591 315
583 311
575 307
594 320
611 331
606 331
605 335
576 308
595 321
656 330
580 302
607 305
592 331
568 304
587 317
609 341
601 337
621 315
613 311
579 318
598 331
571 314
590 327
582 323
602 338
602 339
614 312
614 313
606 308
606 328
625 321
572 315
591 328
583 324
624 325
575 320
617 322
609 318
628 331
601 314
620 327
640 305
598 308
590 304
602 315
611 335
621 328
613 324
591 305
623 337
594 310
659 296
605 325
624 338
597 321
616 334
608 330
587 307
586 311
617 335
609 331
601 327
602 326
579 308
598 321
571 304
590 317
582 313
627 321
593 328
612 341
572 305
572 306
604 337
583 314
596 333
575 310
616 311
605 338
597 334
617 312
589 330
649 344
609 308
628 321
601 304
620 317
567 311
586 324
578 320
684 338
586 316
650 345
602 305
613 314
560 308
579 321
571 317
570 316
612 318
627 322
623 327
642 319
615 323
593 332
594 333
594 334
595 335
646 347
639 308
605 315
624 328
597 311
648 328
616 324
589 307
608 320
636 302
609 321
622 340
601 317
622 312
662 296
619 334
665 301
598 311
611 330
590 307
582 303
582 312
627 311
655 293
666 302
593 318
612 331
585 314
604 327
623 340
624 305
596 323
615 336
616 301
574 304
605 328
577 309
597 324
589 320
617 302
608 333
620 307
567 301
607 337
586 314
578 310
570 306
570 315
619 338
619 339
620 340
581 321
604 306
600 334
592 330
571 307
612 308
584 326
603 339
604 304
623 317
615 313
676 329
627 324
573 316
593 331
585 327
604 340
604 341
563 305
645 341
605 305
624 318
616 314
648 346
608 310
574 317
631 299
649 347
622 330
634 304
600 311
619 324
611 320
603 316
635 305
627 301
593 308
612 321
585 304
604 317
623 330
596 313
615 326
660 334
626 341
618 337
638 315
610 333
629 346
657 328
589 310
630 311
649 324
650 289
641 320
661 298
607 327
653 294
663 300
599 323
619 301
570 296
630 347
631 312
663 344
642 321
581 302
662 299
634 317
653 330
654 295
581 311
600 324
619 337
665 304
592 320
611 333
584 316
603 329
664 345
623 307
603 338
615 303
656 341
614 335
615 312
573 306
606 340
585 317
626 318
645 331
596 326
637 327
657 305
629 323
655 301
595 330
574 307
660 347
566 303
565 302
577 312
612 330
658 306
638 328
630 324
649 337
622 320
650 302
641 333
642 298
682 334
588 327
607 340
653 307
599 336
619 314
652 348
611 310
603 306
664 322
569 313
683 335
656 318
675 331
561 309
667 327
686 340
687 339
688 338
689 338
594 330
657 306
688 340
687 338
688 339
592 312
687 337
633 334
584 329
625 330
604 307
597 332
644 343
645 308
596 303
637 304
648 313
660 324
627 313
626 331
645 344
618 327
637 340
638 305
610 323
595 334
629 336
657 318
630 301
648 349
649 314
641 310
588 304
607 317
653 284
654 283
655 284
656 283
654 282
655 281
587 327
587 318
655 280
669 323
655 279
655 283
654 281
653 280
652 280
651 281
599 313
652 325
631 302
671 338
663 334
664 299
634 307
621 337
654 285
667 304
600 314
632 346
592 310
633 311
584 306
603 319
623 297
664 335
656 331
667 340
614 334
660 301
633 347
606 330
573 305
626 308
645 321
618 304
637 317
629 313
657 295
648 326
576 307
595 320
587 316
618 340
659 341
610 336
651 337
630 314
653 279
650 292
622 310
588 317
580 313
653 297
599 326
640 327
580 322
619 304
652 338
663 347
569 303
621 341
656 308
602 337
614 311
633 324
606 307
625 320
644 333
645 298
591 327
583 323
594 332
565 305
647 344
626 321
618 317
659 318
610 313
678 331
629 326
670 327
576 320
595 333
641 300
636 334
587 329
607 307
653 283
671 328
663 324
682 337
656 285
674 333
602 314
621 327
640 340
613 323
632 336
633 301
591 304
656 321
594 309
614 324
655 325
660 291
606 320
625 333
666 334
626 298
629 303
595 310
605 342
587 306
659 331
652 292
670 340
622 300
617 334
663 301
636 347
609 330
588 307
628 343
620 339
580 303
621 304
640 317
632 313
652 328
598 320
590 316
615 335
664 302
656 298
602 327
621 340
662 341
658 323
603 317
613 336
614 301
633 314
665 346
682 336
625 310
644 323
572 304
597 313
591 317
613 335
657 327
583 313
648 293
575 309
594 322
655 338
594 331
647 334
666 347
639 330
658 343
618 307
659 308
610 303
605 337
651 304
576 310
617 311
568 306
587 319
628 320
620 316
681 332
586 323
651 340
652 305
684 337
685 336
602 304
621 317
628 323
656 284
640 330
613 313
632 326
673 327
579 320
598 333
644 300
571 316
685 338
590 329
643 341
635 337
614 314
627 333
655 315
606 310
646 346
647 311
666 324
572 317
658 320
624 327
616 323
636 301
616 332
595 309
647 347
636 310
608 328
605 341
587 305
639 343
628 306
659 321
652 282
659 330
670 330
617 324
651 326
652 291
636 337
609 320
617 333
628 333
669 334
601 316
620 329
626 310
609 329
628 342
669 343
601 325
640 307
620 338
621 303
632 303
661 339
640 316
632 312
598 310
579 306
590 306
631 344
598 319
656 288
571 302
582 302
602 317
590 315
643 318
582 311
634 349
662 331
613 326
654 327
643 327
633 304
662 340
673 340
635 323
646 323
634 335
665 336
654 336
666 301
591 307
665 345
625 309
572 303
608 341
583 303
623 339
612 339
591 316
575 299
604 335
594 312
635 350
583 312
624 313
575 308
655 328
594 321
647 324
666 337
655 337
639 320
658 333
647 333
605 327
639 329
651 294
658 342
624 340
597 323
616 336
631 330
576 300
605 336
617 301
651 303
589 319
636 314
608 332
657 346
617 310
628 310
589 328
636 323
568 305
620 306
609 306
628 319
586 313
620 315
578 309
652 295
567 309
586 322
578 318
663 304
609 333
650 334
684 336
570 314
601 329
642 330
650 343
661 343
621 307
662 308
601 338
642 339
613 303
653 339
632 316
621 316
613 312
579 310
654 313
598 323
571 306
673 326
590 319
579 319
571 315
582 315
685 337
590 328
643 331
662 344
623 325
643 340
654 340
655 305
627 323
635 336
639 306
605 304
647 301
593 330
655 314
627 332
572 307
646 345
658 310
647 310
585 326
666 323
604 339
658 319
596 335
624 317
616 313
605 313
651 280
624 326
608 309
597 309
616 322
636 300
574 316
608 318
639 333
680 334
672 330
605 340
651 307
641 342
669 324
577 321
672 339
638 337
617 314
652 281
649 346
638 346
609 310
617 323
601 306
630 342
620 319
609 319
661 320
650 320
669 333
601 315
681 335
620 328
586 326
559 309
661 329
662 294
632 302
619 332
598 309
650 347
631 343
642 343
602 307
590 305
662 321
635 304
654 317
643 317
655 282
634 348
662 330
673 330
635 313
646 313
654 326
665 326
655 291
673 339
646 322
612 320
593 316
666 300
604 316
612 329
623 329
658 296
604 325
615 325
623 338
635 340
594 302
596 321
624 303
615 334
593 334
655 318
627 336
668 337
647 314
639 310
660 342
605 317
624 330
659 297
637 349
616 326
605 326
589 309
651 293
608 322
636 304
597 322
616 335
657 336
628 300
589 318
608 331
649 332
628 309
620 305
586 303
567 299
586 312
570 295
578 308
630 346
631 311
570 304
669 337
601 319
661 333
650 333
662 298
653 329
642 329
654 294
661 342
634 325
600 323
653 338
619 336
665 303
654 303
611 332
600 332
571 296
590 309
631 347
603 328
592 328
611 341
571 305
582 305
623 306
664 344
612 306
603 337
582 314
623 315
654 330
643 330
615 311
655 295
679 332
646 326
635 326
593 320
666 304
655 304
612 333
646 335
585 316
604 329
593 329
585 325
596 325
658 309
624 307
604 338
615 338
616 303
645 339
624 316
596 334
616 312
648 344
660 346
608 308
574 306
566 302
574 315
566 311
680 333
577 311
597 326
672 329
638 327
577 320
657 340
589 322
630 323
638 336
649 336
630 332
641 332
620 309
649 345
650 310
622 328
607 339
567 303
601 305
641 341
599 335
661 319
634 302
578 312
619 313
654 280
570 308
578 321
619 322
631 324
650 337
611 318
631 333
642 333
634 329
619 340
642 342
654 307
600 336
634 338
675 339
686 339
635 303
592 332
627 299
646 312
584 328
612 310
603 341
593 306
623 319
612 319
585 302
604 315
615 315
623 328
676 331
562 309
596 311
615 324
627 326
668 327
687 340
573 318
660 323
593 333
668 336
639 300
679 336
585 329
660 332
626 330
605 307
626 339
637 339
616 316
657 317
618 335
629 335
648 348
597 312
637 348
608 312
638 313
657 326
629 344
589 308
649 322
641 318
672 333
661 296
607 325
653 292
638 340
586 302
630 336
631 301
649 349
650 314
622 332
669 327
641 345
642 310
631 310
622 341
650 323
634 306
653 319
654 284
600 313
634 315
662 297
619 326
653 328
654 293
581 309
592 309
600 322
611 322
619 335
603 318
569 316
592 318
665 302
664 334
584 314
603 327
635 307
664 343
623 305
573 304
615 301
627 303
656 339
655 285
593 310
633 346
627 312
612 323
585 306
658 290
614 342
625 342
593 319
645 320
596 315
585 315
615 328
645 329
657 294
596 324
637 325
648 325
616 302
668 340
657 303
660 336
648 334
649 299
626 343
574 305
618 339
577 301
566 301
610 335
638 317
577 310
657 330
589 312
630 313
638 326
649 326
622 309
650 291
630 322
641 322
649 335
661 300
622 318
588 316
607 329
653 296
588 325
607 338
619 303
580 321
599 334
570 298
652 337
619 312
654 279
663 346
675 329
652 346
611 308
642 323
603 304
664 320
581 313
643 297
654 297
569 311
600 326
646 293
581 322
592 322
667 325
584 318
686 338
646 302
603 331
644 332
612 309
623 309
584 327
664 347
603 340
615 305
604 305
656 343
644 341
645 306
615 314
573 308
676 330
562 308
648 311
565 304
606 342
573 317
585 319
626 320
660 322
679 335
645 333
618 316
637 329
626 329
657 307
629 325
618 325
637 338
648 338
638 303
610 321
657 316
629 334
595 332
630 299
641 299
648 347
587 328
566 305
607 306
641 308
588 302
577 314
607 315
653 282
638 330
651 349
599 311
630 326
671 327
622 322
650 304
652 323
641 335
671 336
631 300
588 329
622 331
674 332
663 332
642 309
640 339
634 305
619 316
611 312
600 312
640 348
632 344
603 308
592 308
611 321
664 324
584 304
602 340
569 315
656 320
644 318
675 333
664 333
656 329
667 329
614 323
660 290
633 336
668 303
614 332
660 299
633 345
644 345
645 310
596 305
585 305
625 341
637 306
626 306
618 302
637 315
629 311
657 293
648 324
595 318
577 300
587 314
618 329
637 342
610 325
629 338
618 338
670 339
630 303
649 316
610 334
638 316
622 299
636 346
630 312
622 308
650 290
588 306
661 290
607 319
641 321
661 299
599 315
588 315
607 328
580 311
653 295
599 324
652 327
671 340
619 302
652 336
664 301
569 301
621 339
581 303
656 306
667 306
602 335
632 348
581 312
584 308
614 309
644 322
633 322
686 337
584 317
625 318
644 331
645 296
591 325
648 292
667 342
614 336
648 301
660 303
689 339
606 332
573 307
666 346
606 341
565 303
645 323
618 306
626 319
610 302
618 315
657 297
629 315
637 328
610 311
678 329
576 309
595 322
629 324
670 325
649 302
576 318
595 331
641 298
659 343
653 281
651 348
652 313
610 338
