283 280
283 281
284 280
285 281
286 280
284 279
283 278
285 278
286 277
282 279
282 282
287 281
288 280
287 278
288 277
289 281
290 280
291 279
289 278
290 277
291 276
292 277
293 276
281 280
280 279
279 280
278 280
277 280
276 281
275 280
274 281
273 282
292 280
283 277
282 276
294 277
284 276
295 276
296 275
297 274
275 282
286 282
285 283
284 283
283 284
282 285
283 286
284 285
277 279
290 282
280 281
282 278
293 278
296 277
298 274
282 287
274 283
273 284
288 282
279 279
294 279
283 279
285 276
284 278
295 278
286 275
285 274
284 274
286 273
285 272
286 271
287 272
288 271
287 274
288 273
283 288
281 288
280 288
284 287
286 284
275 284
277 281
290 275
291 283
292 282
290 284
282 280
293 280
296 279
288 275
282 289
274 285
273 286
272 286
271 285
271 287
270 288
271 289
272 288
292 275
284 271
283 270
282 269
283 268
284 269
282 271
283 272
285 269
289 285
288 284
286 268
285 267
286 266
286 265
285 265
286 264
287 263
288 262
287 265
289 262
288 264
287 267
288 266
292 284
293 285
294 284
295 283
296 284
294 286
295 285
293 287
292 287
291 288
290 288
290 289
289 290
294 275
288 289
292 289
296 286
288 291
295 280
284 289
285 290
288 268
289 269
296 281
273 288
287 290
299 273
280 278
291 278
280 287
291 287
272 283
284 266
292 279
284 275
295 275
292 288
295 284
284 284
288 263
288 272
287 276
287 285
276 285
277 286
279 281
291 282
280 282
280 283
272 287
292 274
291 273
284 270
295 279
283 283
294 283
287 271
287 280
276 280
287 289
286 288
299 272
298 271
280 277
279 276
291 277
291 286
280 286
279 285
272 282
284 265
295 274
294 278
283 287
294 287
275 283
286 283
287 266
287 275
298 275
298 276
299 277
299 278
300 279
287 284
276 284
279 289
279 290
280 291
280 292
299 276
291 272
292 271
292 270
291 269
291 268
291 281
290 285
271 290
272 291
272 292
272 293
273 293
282 290
293 290
283 264
294 273
283 273
286 269
283 282
294 282
286 278
294 291
294 292
295 293
295 294
283 291
283 292
286 287
287 261
287 270
298 270
298 279
298 280
299 281
299 282
299 283
298 284
298 285
299 286
299 287
276 279
275 278
287 279
279 275
287 288
298 288
298 289
298 290
299 291
299 292
298 293
298 294
299 295
299 296
279 284
291 267
292 266
292 265
291 264
291 263
290 271
271 294
271 295
272 296
272 297
294 295
294 296
294 297
295 298
293 294
292 293
291 292
291 291
286 291
286 292
287 293
287 294
287 295
286 296
286 297
287 298
287 299
286 300
286 301
286 302
287 303
287 304
286 305
286 306
286 307
287 308
287 309
287 307
286 310
286 311
287 312
287 313
285 304
284 303
283 302
283 301
283 300
282 299
282 303
282 304
283 305
283 306
281 302
280 301
279 300
279 299
279 298
280 297
280 296
279 295
279 294
278 297
278 283
289 292
278 301
278 302
279 303
279 304
280 305
280 306
281 307
282 308
282 309
283 310
283 311
282 312
282 313
282 314
283 315
283 316
283 314
282 317
282 318
283 319
283 320
281 316
280 315
279 314
279 313
279 312
278 311
278 315
278 316
279 317
279 318
280 319
277 314
276 313
276 312
275 311
275 310
276 309
276 308
275 307
275 306
274 309
275 305
276 304
276 303
275 302
275 301
274 300
274 304
281 311
280 310
279 309
279 308
281 320
281 321
274 299
274 308
277 309
290 266
281 297
278 310
281 306
293 271
278 319
278 320
278 321
279 322
277 318
276 318
276 317
275 316
275 315
274 314
275 319
274 313
274 317
281 315
290 293
290 294
293 289
282 298
283 297
284 298
283 296
282 295
282 294
283 295
284 294
271 298
271 299
270 297
293 298
292 298
291 297
291 296
293 299
294 300
294 301
290 298
290 299
291 300
291 301
289 297
290 302
290 303
290 304
291 305
291 306
292 307
293 308
293 309
294 310
294 311
295 312
290 307
290 308
289 306
293 312
293 313
294 314
289 301
283 263
284 262
285 262
284 261
284 260
283 259
274 294
274 295
275 296
276 295
276 294
275 297
276 298
276 299
276 293
275 292
275 291
276 290
276 289
275 288
275 287
274 290
282 307
293 307
294 306
294 305
293 304
293 303
294 272
295 271
296 272
295 270
274 303
294 281
274 312
275 277
276 276
277 277
276 275
276 274
275 273
274 276
273 275
272 274
273 274
272 273
272 272
271 271
275 286
286 286
288 305
273 316
272 315
271 314
271 313
271 312
272 311
272 310
271 309
271 308
297 283
287 260
288 259
289 260
288 258
287 257
287 256
288 255
289 255
288 254
288 253
287 252
286 259
285 258
284 257
283 256
285 257
284 256
287 251
288 250
289 251
289 250
288 249
286 250
285 249
284 248
285 248
288 314
289 315
289 316
290 317
297 292
298 269
299 268
299 267
298 266
298 265
299 264
300 265
299 263
299 262
298 261
297 260
296 259
296 258
295 257
295 256
296 255
296 254
297 255
296 253
295 252
295 251
296 250
297 251
296 249
296 248
295 247
295 260
294 261
295 262
296 263
295 261
298 252
299 253
299 254
294 259
298 256
298 257
299 258
299 259
300 260
299 257
300 256
294 263
294 264
295 265
295 266
296 267
296 268
298 251
298 260
300 288
285 299
277 295
300 297
285 308
293 300
277 304
277 313
301 280
301 281
302 282
302 281
303 280
304 281
303 279
305 282
305 283
306 284
306 285
307 286
306 283
278 278
278 287
289 287
301 289
302 289
303 289
303 288
304 287
302 287
305 288
306 289
306 290
306 291
306 288
305 292
305 293
305 294
306 294
288 287
306 293
302 286
301 290
302 291
294 260
302 292
303 293
305 287
302 290
301 285
302 284
303 284
307 291
305 291
308 292
309 293
310 292
311 293
310 291
309 290
309 294
310 295
310 296
309 289
312 294
313 294
314 293
313 292
312 295
313 296
271 300
272 301
272 302
313 297
314 298
315 299
304 286
295 314
313 291
312 290
271 303
271 304
271 305
271 306
272 306
270 302
271 286
270 306
312 289
311 288
310 287
310 286
309 285
309 284
309 283
310 282
311 283
311 284
310 281
311 280
312 280
289 296
290 261
281 292
282 257
293 266
313 281
314 280
315 281
271 284
270 283
282 293
283 258
274 289
294 267
286 263
296 313
297 278
288 309
308 287
300 283
285 303
277 299
289 273
309 288
281 269
280 268
301 284
312 293
278 300
270 296
269 295
311 297
290 274
281 305
282 270
293 279
284 316
304 294
288 286
273 306
298 250
285 280
277 276
297 291
296 290
300 296
301 261
277 312
278 277
289 286
290 251
281 282
292 297
271 274
270 274
269 273
270 273
284 293
295 302
295 303
283 248
282 248
274 279
315 280
294 257
293 256
292 255
291 254
286 253
273 283
296 303
297 268
288 299
316 281
300 273
285 293
277 289
289 263
301 274
280 300
291 309
291 310
270 286
269 286
269 285
311 287
290 264
303 283
282 260
281 260
281 259
280 258
279 257
314 292
293 269
292 310
284 306
304 284
296 280
315 293
288 276
307 289
273 296
285 270
297 281
276 307
300 286
299 290
269 298
289 276
281 272
280 313
272 309
295 292
296 257
273 273
296 293
297 258
300 263
269 275
289 253
276 320
281 249
280 248
280 290
291 299
292 264
295 269
314 282
292 300
284 296
295 305
296 270
315 283
294 309
285 260
276 297
287 306
279 302
299 280
310 289
280 303
272 299
311 290
284 273
303 286
290 316
295 282
314 295
288 279
283 313
275 309
300 253
287 283
298 292
276 310
279 315
280 280
299 293
272 276
272 277
291 289
292 254
284 250
284 251
295 259
284 286
296 260
283 290
288 256
294 299
273 276
286 295
285 250
276 287
287 296
279 292
280 257
299 270
291 266
310 279
280 293
272 289
313 290
292 267
284 263
295 272
290 306
282 302
302 280
293 311
283 303
275 299
294 312
286 308
287 273
306 286
279 269
279 270
298 282
276 300
309 297
308 297
309 298
310 299
310 300
311 300
279 305
280 270
278 309
295 249
268 295
267 296
267 295
281 314
282 315
274 311
302 293
301 294
275 276
294 289
286 285
287 250
298 259
275 312
276 277
287 286
279 282
298 295
299 260
291 256
277 321
268 272
267 273
313 280
271 283
290 296
282 292
283 257
274 288
293 301
294 266
286 262
283 293
275 289
294 302
286 298
279 259
279 260
298 272
297 313
298 313
299 313
309 287
301 283
280 260
312 292
278 299
270 295
289 308
290 273
301 282
300 270
301 271
302 271
303 271
304 272
304 271
303 273
303 274
304 274
305 274
306 274
306 273
302 270
281 304
313 293
305 289
271 296
290 309
282 305
302 283
274 301
293 314
298 249
297 290
308 299
307 299
308 300
300 295
299 250
300 251
300 250
301 251
285 315
286 316
287 317
287 316
286 318
277 311
278 276
309 300
301 296
278 312
271 273
290 286
281 317
302 260
303 261
304 262
304 261
303 263
274 278
293 291
294 256
286 252
296 302
297 301
298 302
299 301
298 303
299 303
275 279
316 280
287 253
279 249
298 262
285 292
297 303
301 273
312 282
278 289
270 285
289 298
290 263
281 294
282 259
293 268
292 309
304 283
283 260
274 291
315 292
316 291
315 290
294 269
297 280
288 311
316 293
317 294
318 294
308 289
300 285
285 305
277 301
269 297
289 275
281 271
301 286
270 298
311 299
290 276
282 272
293 281
294 246
293 246
293 245
284 318
296 292
297 257
288 288
307 301
300 262
273 308
285 282
277 278
297 293
269 274
289 252
300 298
301 263
278 279
270 275
289 288
290 253
281 284
282 249
293 258
292 299
284 295
304 273
283 250
295 304
296 269
315 282
301 253
286 255
287 318
269 282
268 282
267 283
273 285
285 259
296 305
297 270
316 283
317 284
317 283
318 282
319 283
320 284
318 284
321 284
322 285
323 285
323 284
319 285
319 286
320 286
323 286
324 287
325 288
322 287
325 287
324 289
288 301
300 275
266 282
266 281
265 280
266 280
265 282
264 279
263 280
262 279
261 279
260 279
260 278
261 277
260 276
259 277
258 277
258 276
261 276
259 276
262 281
262 282
263 282
265 281
285 295
258 278
258 279
277 291
278 256
278 255
277 254
276 255
275 254
278 254
277 256
276 254
274 255
274 256
275 256
269 287
289 265
281 261
280 302
259 279
272 298
291 311
291 312
292 276
311 289
303 285
282 262
295 281
314 294
292 312
284 308
296 282
315 295
288 278
300 252
273 298
278 269
277 268
277 267
277 266
276 265
275 264
278 267
276 264
275 266
274 266
275 267
276 267
278 266
274 268
310 301
310 302
311 302
312 303
312 302
313 301
313 303
314 304
315 303
314 305
316 303
317 304
318 305
319 306
320 307
318 304
317 306
317 307
318 307
320 306
321 305
320 304
321 304
321 307
319 308
320 309
315 305
318 306
304 263
305 264
306 264
306 263
318 283
266 272
265 272
265 271
265 270
265 269
266 268
266 270
264 269
263 270
262 270
262 269
263 269
266 269
262 271
262 272
263 272
298 304
298 305
310 278
310 277
311 277
309 277
308 277
307 277
307 276
306 276
305 277
305 276
308 276
309 275
307 278
307 279
308 279
299 305
300 306
301 306
311 279
303 275
314 284
261 278
304 276
317 295
317 296
318 296
319 296
320 296
321 295
320 294
321 294
280 269
268 294
267 293
268 293
266 293
265 293
265 292
268 292
266 292
265 294
321 306
313 302
273 265
272 264
273 263
272 266
271 263
270 263
269 263
269 262
268 262
267 263
267 262
270 262
271 261
269 264
269 265
270 265
317 308
306 298
305 297
306 296
305 299
304 296
303 296
268 271
268 270
272 278
292 256
284 252
284 253
261 268
261 267
260 266
259 265
258 264
259 264
258 266
259 267
261 266
257 263
256 263
260 268
259 266
258 268
325 289
326 290
326 291
327 290
327 289
328 288
327 287
328 287
328 290
329 291
329 290
330 289
330 291
331 292
332 291
331 293
332 293
333 294
334 295
334 294
333 296
335 293
336 294
337 295
337 294
336 296
337 297
338 297
339 297
340 297
341 298
341 297
342 298
340 299
340 300
341 300
339 296
330 290
341 299
333 295
342 300
343 301
344 300
334 296
326 292
326 293
344 299
344 298
337 296
329 292
329 293
340 301
340 302
330 293
341 302
343 302
343 303
332 292
344 302
345 303
346 303
347 302
346 301
347 301
317 285
317 286
336 298
302 305
301 304
302 304
303 306
303 307
304 307
305 307
306 307
306 306
302 303
304 306
303 308
306 308
307 309
305 309
305 310
306 309
308 309
309 308
309 309
305 311
305 312
306 275
318 286
264 278
264 277
280 259
257 275
257 274
256 273
257 273
256 275
255 276
254 275
253 275
253 274
253 273
254 273
252 272
251 273
250 273
250 272
249 272
248 272
248 271
251 272
250 274
250 275
251 275
247 272
246 271
249 271
268 284
267 285
260 280
321 296
322 297
322 298
323 297
324 297
325 298
325 297
324 299
324 300
325 300
323 296
322 299
322 300
325 299
324 301
261 281
273 255
272 254
273 253
272 256
271 253
270 253
269 253
269 252
270 252
273 252
269 254
272 255
325 302
326 303
326 302
327 302
276 266
267 297
267 298
279 271
279 272
299 249
264 291
263 290
264 289
263 292
262 292
261 291
260 291
260 290
260 289
260 288
261 287
259 287
258 286
261 289
257 286
256 286
255 286
254 286
253 285
254 284
253 283
254 283
256 285
257 284
256 283
257 283
252 282
251 283
258 288
258 289
259 289
261 288
254 285
257 285
253 287
256 287
255 288
255 289
309 299
268 261
267 260
268 260
266 260
265 260
265 259
266 258
265 257
264 257
263 257
266 257
268 259
264 256
266 259
265 261
301 295
280 272
320 308
312 304
312 305
292 246
291 246
291 245
257 288
321 309
322 310
322 309
323 309
324 309
325 308
325 309
313 305
302 295
267 274
267 275
306 265
307 266
307 267
308 267
305 266
305 267
308 266
309 265
308 264
310 266
311 265
310 267
311 267
309 264
309 267
311 266
307 268
308 269
310 268
310 269
311 269
312 270
312 269
313 268
313 270
314 270
315 270
316 271
317 271
318 272
319 273
319 274
320 274
318 271
317 273
317 274
318 274
320 273
321 272
320 271
321 274
322 275
323 274
323 273
316 270
319 275
319 276
320 276
322 276
322 277
314 271
314 272
323 276
324 277
325 277
315 272
318 273
321 273
324 278
324 279
325 279
326 280
327 279
328 278
329 278
330 279
331 280
332 281
327 277
330 278
329 280
329 281
330 281
332 280
328 277
331 282
331 283
332 283
333 284
333 283
334 284
334 283
335 283
336 284
337 284
330 280
333 285
333 286
334 286
336 285
336 286
337 286
338 287
339 286
340 287
341 288
341 287
342 288
340 289
341 290
342 287
341 289
342 290
343 291
343 290
344 290
345 290
346 291
347 291
348 291
349 291
345 292
345 293
346 293
348 292
348 293
349 293
350 294
351 295
352 296
351 294
350 296
344 289
344 288
344 287
329 282
340 291
330 283
351 296
343 292
343 293
332 282
344 292
317 275
347 303
264 268
263 267
264 267
264 266
256 264
255 265
255 266
256 265
254 265
253 265
253 264
253 263
253 262
254 261
254 263
252 262
251 261
250 260
251 260
252 260
250 262
250 263
251 263
252 259
251 262
254 262
250 264
251 265
297 302
300 307
300 308
328 289
320 285
280 249
339 298
338 299
338 300
331 294
331 295
257 265
268 274
301 308
321 286
313 282
332 295
305 278
305 279
263 281
302 272
275 255
294 268
252 271
252 270
276 256
316 292
327 301
327 300
327 299
328 298
328 300
329 301
330 302
331 303
330 301
329 303
332 303
329 302
330 303
328 299
331 304
331 305
332 305
333 306
333 307
334 307
334 306
333 308
335 305
336 304
337 305
334 304
335 304
337 304
336 306
336 307
337 307
335 303
337 306
336 308
319 297
319 298
279 261
264 281
256 277
255 278
248 273
328 302
320 298
259 288
271 262
289 310
262 293
262 294
346 292
263 294
323 308
323 307
323 306
255 290
275 268
315 304
267 264
267 265
335 282
335 281
335 280
347 293
252 284
251 285
250 285
249 284
248 284
248 283
248 282
248 281
249 280
247 280
246 280
246 279
249 282
245 279
244 279
243 278
242 277
241 276
242 276
241 278
244 278
245 277
244 276
245 276
247 279
240 275
239 275
239 274
240 273
238 273
237 273
236 274
236 275
237 275
243 280
246 281
246 282
247 282
249 281
242 278
235 274
234 273
234 272
235 272
234 275
233 272
232 272
232 271
233 270
235 271
234 274
245 278
237 274
238 275
233 271
244 280
264 258
263 259
262 259
263 260
262 261
261 258
260 258
260 257
260 256
261 256
259 256
258 256
236 276
236 277
316 305
308 301
309 266
328 279
301 262
319 310
320 275
339 288
338 289
312 271
312 272
285 317
331 284
237 277
290 252
309 302
281 283
301 298
342 299
321 276
293 257
313 272
305 268
345 304
345 305
278 314
271 275
263 271
281 319
282 284
283 249
255 267
255 268
302 262
274 280
293 293
294 258
286 254
346 305
252 261
338 301
304 308
296 304
297 269
288 300
316 282
335 295
308 278
327 291
287 255
300 274
319 287
319 288
285 294
277 290
256 267
297 305
289 264
309 279
301 275
320 288
312 284
259 278
278 291
251 274
270 287
271 252
289 300
290 265
262 283
262 284
281 296
282 261
274 257
274 258
293 270
334 308
326 304
326 305
292 311
284 307
263 284
304 285
323 298
283 262
315 294
275 258
307 290
286 267
273 297
252 274
285 271
297 282
288 313
316 295
308 291
349 292
300 287
301 252
247 281
266 294
285 307
258 290
258 291
259 255
277 303
278 268
250 286
250 287
269 299
270 264
289 277
262 260
281 273
281 274
342 289
293 247
293 248
334 285
239 276
239 277
280 314
326 281
326 282
259 291
345 294
345 295
251 287
271 265
311 301
303 297
303 298
263 261
282 274
323 275
314 306
314 307
302 252
303 253
315 271
294 248
240 277
346 295
232 273
284 320
304 298
296 294
297 259
315 307
316 272
288 290
335 285
308 268
327 281
300 264
273 310
319 277
266 271
285 284
258 267
269 276
269 277
289 254
330 292
309 269
281 250
281 251
322 288
322 289
341 301
301 265
333 297
333 298
299 304
259 268
278 281
251 264
270 277
311 278
290 255
262 273
281 286
282 251
342 302
314 283
293 260
334 298
326 294
292 301
284 297
304 275
295 306
323 288
296 271
315 284
288 267
307 280
307 281
254 274
273 287
265 283
265 284
285 261
318 295
277 257
277 258
337 308
338 309
339 309
340 310
340 309
341 310
342 310
343 311
344 311
344 310
344 312
339 308
339 307
339 306
341 311
342 312
297 272
288 303
329 304
329 305
308 281
300 277
247 271
266 284
258 280
277 293
278 258
250 276
250 277
269 289
268 290
270 254
310 290
289 267
330 305
281 263
322 301
280 304
272 300
251 277
291 313
292 278
311 291
271 255
303 287
314 296
261 290
253 286
273 264
284 310
304 288
297 249
337 285
307 293
348 294
348 295
254 287
300 254
340 290
273 300
246 283
246 284
266 261
306 297
258 257
258 258
277 270
318 308
269 266
269 267
330 282
349 295
235 273
276 311
322 278
322 279
341 291
301 255
247 284
333 287
333 288
279 316
259 258
299 294
291 290
270 267
310 303
311 268
303 264
303 265
314 273
314 274
334 288
280 317
272 313
292 291
304 265
344 301
295 296
323 278
296 261
336 297
315 274
288 257
307 270
254 264
273 277
265 273
265 274
285 251
318 285
337 298
297 262
329 294
329 295
276 288
300 267
340 303
287 297
306 310
266 274
279 293
298 306
298 307
299 271
310 280
289 257
330 295
268 283
280 294
299 307
272 290
291 303
292 268
332 304
311 281
284 264
303 277
295 273
261 280
253 276
253 277
273 254
325 301
317 297
317 298
296 274
283 304
288 270
275 300
294 313
254 277
246 273
286 309
306 287
285 264
298 283
318 298
264 290
276 301
287 310
279 306
280 271
299 284
272 267
272 268
291 280
292 245
310 293
238 274
257 287
303 254
303 255
249 283
295 250
268 296
241 279
241 280
260 292
260 293
261 257
321 308
272 303
313 304
292 281
305 300
305 301
284 277
325 278
271 307
344 291
304 255
305 254
305 256
305 255
306 255
307 254
308 255
308 254
309 255
310 254
311 255
311 254
307 256
310 256
310 257
311 257
312 257
313 258
314 259
315 258
314 260
316 258
315 260
313 257
309 254
312 259
312 260
313 260
315 259
316 260
317 261
318 262
319 263
320 264
318 261
317 263
320 263
321 262
320 261
321 261
321 264
322 265
322 264
323 264
324 264
325 265
325 264
324 266
324 267
325 267
326 268
327 267
327 266
328 265
328 267
329 268
330 269
331 270
332 271
333 271
334 272
334 271
335 271
336 271
337 272
330 268
333 273
333 274
334 274
336 273
336 274
337 274
329 270
332 270
335 270
331 272
334 273
326 269
326 270
323 263
323 262
323 261
335 273
308 256
327 269
319 265
309 257
337 273
330 270
322 266
322 267
333 275
311 256
314 261
314 262
334 276
315 262
325 266
336 275
336 276
318 263
337 276
338 277
338 276
339 276
340 277
341 277
342 276
341 275
342 275
342 277
343 278
344 278
344 277
340 278
340 279
341 279
344 279
345 280
345 281
346 281
343 280
343 281
346 280
347 279
346 278
348 280
349 279
348 281
349 281
347 278
347 281
349 280
345 282
345 283
346 283
348 282
348 283
349 283
350 284
351 284
352 284
353 284
354 285
355 285
356 285
356 284
356 283
356 282
354 284
352 285
352 286
353 286
356 286
357 287
355 287
355 288
358 287
355 289
310 258
347 280
350 285
350 286
328 266
339 275
339 274
339 273
351 286
343 282
321 263
313 259
332 272
324 268
324 269
325 269
353 285
354 286
346 282
338 278
338 279
316 259
335 272
327 268
347 283
319 264
309 256
328 269
320 265
339 278
312 261
312 262
313 262
357 281
349 282
341 278
352 287
352 288
342 279
334 275
353 288
326 271
326 272
345 284
323 265
315 261
307 257
307 258
316 262
308 258
327 271
337 275
356 288
357 289
329 271
329 272
348 284
340 280
340 281
330 272
349 285
322 268
341 281
333 277
311 258
314 263
295 286
296 251
336 287
336 288
282 316
242 280
315 264
261 293
302 294
234 276
234 277
294 290
273 267
231 270
230 270
229 269
230 269
229 271
228 268
227 268
230 271
226 268
225 268
224 268
224 269
224 270
225 270
227 269
227 270
228 270
318 275
337 288
283 317
329 284
275 313
276 278
287 287
306 300
279 283
298 296
299 261
291 257
291 258
310 270
343 304
343 305
257 264
268 273
260 269
260 270
301 307
280 284
321 285
291 293
332 294
292 258
311 271
284 254
324 290
324 291
290 297
295 263
261 270
253 266
293 302
305 313
325 291
344 304
317 287
283 294
302 307
275 290
254 267
294 303
267 286
267 287
286 299
287 264
306 277
298 273
318 288
264 280
351 285
256 276
276 291
287 300
328 301
279 296
280 261
320 297
339 310
299 274
272 257
272 258
291 270
331 306
331 307
310 283
257 277
289 309
249 273
268 286
260 282
321 298
332 307
305 290
324 303
284 267
325 268
344 281
271 297
317 264
317 265
290 310
336 277
263 293
282 306
283 271
274 302
293 315
294 280
286 276
347 292
306 254
252 283
318 265
283 307
275 303
316 304
276 268
267 299
286 312
285 313
287 277
319 309
279 273
298 286
299 251
339 287
285 316
245 280
291 247
291 248
264 293
237 276
256 289
229 272
229 273
343 294
248 285
248 286
268 263
309 301
260 259
260 260
301 297
280 274
320 310
321 275
272 270
312 306
312 307
313 271
332 284
292 248
278 313
238 277
324 280
324 281
230 273
249 286
295 253
294 254
290 287
281 318
282 283
261 260
302 261
293 292
313 307
346 304
325 281
271 310
282 319
274 315
302 297
294 293
335 294
267 276
267 277
286 289
287 254
306 267
347 305
348 305
279 250
279 251
298 263
264 270
256 266
297 304
309 278
328 291
300 309
300 310
279 286
280 251
320 287
339 300
312 283
291 260
331 296
278 290
257 267
249 263
248 263
289 299
268 276
355 281
354 282
281 295
301 310
302 311
303 310
342 311
321 288
313 284
332 297
305 280
290 300
263 283
282 296
255 279
255 280
283 261
302 274
274 292
275 257
293 305
294 270
347 282
252 273
350 287
350 288
275 293
288 312
276 258
316 294
267 289
266 290
335 307
308 290
327 303
328 268
319 299
319 300
339 277
285 306
331 273
331 274
264 283
277 302
351 288
256 279
309 291
268 253
267 253
267 252
267 254
328 304
301 287
320 300
321 265
312 296
313 261
259 290
332 274
305 257
305 258
305 259
278 303
251 286
324 270
270 299
271 264
289 312
262 295
262 296
281 308
282 273
274 269
274 270
293 282
294 247
240 276
346 294
338 290
338 291
243 281
243 282
284 319
263 296
264 297
265 296
304 297
283 274
274 305
315 306
275 270
307 302
307 303
306 304
305 303
304 304
335 284
267 266
286 279
327 280
273 309
306 257
347 295
233 273
252 286
298 253
225 269
244 282
264 260
236 278
297 294
316 307
308 303
309 268
300 299
328 281
301 264
320 277
339 290
226 270
312 273
312 274
311 275
285 319
277 315
237 279
270 276
289 289
290 254
281 285
282 250
301 300
302 301
303 300
342 301
334 297
293 259
313 274
305 270
345 306
345 307
344 308
343 307
342 308
271 277
357 280
357 279
358 278
359 278
360 278
357 277
360 277
361 276
360 275
361 275
361 278
362 278
363 279
364 280
364 281
365 281
362 280
362 281
363 281
365 280
366 279
366 281
367 282
368 283
369 284
370 285
368 282
367 284
370 284
358 277
361 277
364 282
364 283
365 283
368 284
360 279
359 280
359 281
361 280
363 280
359 282
356 276
355 275
356 274
355 277
354 274
353 274
352 274
352 273
353 272
351 272
350 271
354 272
349 271
348 271
348 270
349 269
348 268
347 269
346 269
345 268
346 268
349 268
345 270
351 271
344 267
343 268
347 268
350 273
350 274
351 274
353 273
346 270
347 271
349 270
352 275
352 276
342 267
341 267
340 267
340 266
341 265
340 264
339 264
338 265
338 264
342 265
337 264
336 264
336 263
337 262
336 261
337 261
339 263
338 266
338 267
335 260
334 259
335 259
335 258
334 261
333 261
334 262
333 263
332 260
331 260
331 259
332 258
330 258
329 258
329 257
330 256
328 257
327 257
326 258
326 257
325 257
324 256
325 255
324 254
325 254
327 256
327 255
327 254
328 255
328 254
339 266
341 266
334 263
353 276
326 259
326 260
337 263
329 259
329 260
348 272
340 268
340 269
330 260
341 269
351 273
343 269
343 270
362 282
362 283
332 259
363 283
325 256
344 269
336 265
354 273
365 282
357 278
347 270
366 283
358 279
350 275
350 276
328 256
339 265
331 261
331 262
351 276
332 262
324 258
342 266
361 279
353 275
345 271
345 272
364 284
364 285
354 276
346 272
365 285
338 268
338 269
335 262
327 258
328 259
367 285
356 275
330 259
349 272
341 268
360 281
333 264
333 265
352 277
342 269
334 265
353 278
326 261
323 255
322 255
322 254
322 256
363 282
355 278
355 279
344 268
337 265
356 278
329 261
329 262
340 270
330 262
359 274
358 275
366 282
351 275
343 271
343 272
362 284
332 261
324 257
325 258
344 271
362 274
354 275
346 271
365 284
290 290
263 273
303 309
282 286
255 269
255 270
254 271
283 251
323 287
302 264
274 282
293 295
335 261
286 256
346 307
347 272
366 285
338 303
252 263
358 281
304 310
350 277
296 306
297 271
288 302
316 284
335 297
308 280
327 293
300 276
328 258
319 289
279 253
266 283
339 267
285 296
331 263
331 264
277 292
278 257
297 307
343 274
344 275
345 274
269 288
289 266
330 304
309 281
281 262
300 312
301 277
342 278
321 255
320 255
319 255
319 254
318 255
317 255
317 254
320 254
333 309
312 286
353 287
259 280
332 264
278 293
251 276
324 260
270 289
271 254
289 302
290 267
262 285
281 298
282 263
274 259
274 260
273 261
293 272
326 306
354 288
346 284
292 313
338 280
338 281
337 282
284 309
323 300
255 282
296 283
275 260
315 296
316 261
267 256
268 257
269 256
335 274
307 292
308 257
327 270
273 299
319 266
319 267
265 295
285 273
277 269
297 284
288 315
308 293
309 258
349 294
328 271
300 289
301 254
320 267
247 283
266 296
312 263
285 309
258 292
259 257
277 305
278 270
250 288
250 289
249 290
269 301
268 302
268 303
270 266
289 279
262 262
262 263
261 264
281 275
228 269
342 291
293 249
293 250
334 287
280 316
239 278
239 279
326 283
326 284
325 285
272 312
305 260
306 261
307 260
345 296
251 289
252 290
253 289
292 290
311 303
271 267
263 263
264 264
265 263
303 299
304 264
295 295
323 277
274 272
314 308
315 273
294 250
307 269
240 279
368 285
338 293
339 294
340 293
224 271
304 300
350 267
296 296
297 261
315 309
288 292
316 274
307 305
308 270
348 306
348 307
327 283
300 266
273 312
360 280
266 273
285 286
258 269
258 270
257 271
277 282
250 265
269 278
269 279
268 280
330 294
289 256
281 252
281 253
322 290
322 291
321 292
301 267
302 268
303 267
341 303
342 268
333 299
333 300
332 301
361 281
334 264
353 277
299 306
259 270
345 273
291 302
251 266
270 279
290 257
262 275
303 276
282 253
323 254
314 285
314 286
334 300
335 301
336 300
293 262
354 278
326 296
346 274
292 303
338 270
284 299
357 283
303 312
304 277
295 308
323 290
296 273
315 286
288 269
356 287
307 282
335 264
254 276
327 260
273 289
246 272
319 256
319 257
265 285
265 286
264 287
285 263
318 297
277 259
277 260
269 255
329 306
329 307
328 308
330 271
349 284
341 280
320 257
247 273
333 276
266 286
352 289
352 290
258 282
278 260
250 278
269 291
270 256
330 307
322 303
342 281
334 277
353 290
326 273
326 274
325 275
345 286
291 315
304 254
323 267
242 279
315 263
261 292
307 259
253 288
273 266
265 262
231 269
317 309
317 310
337 287
316 264
329 283
348 296
348 297
308 260
254 289
340 292
246 285
265 298
264 299
263 300
264 300
263 264
264 301
265 302
265 303
266 303
263 302
262 302
263 303
264 302
266 302
262 304
261 301
261 300
260 299
261 299
260 301
259 299
258 299
257 298
256 298
255 299
255 298
254 298
253 298
253 297
253 296
253 295
254 296
254 295
256 297
256 296
256 295
257 294
257 296
257 295
263 304
255 300
255 301
252 294
251 293
252 293
252 292
251 295
250 296
250 295
251 296
250 297
249 294
249 293
248 292
247 291
246 290
247 290
246 292
249 292
245 289
244 289
243 288
242 287
241 286
242 286
242 289
244 288
245 287
248 294
243 290
243 291
244 291
247 292
242 288
245 288
248 293
244 290
245 291
256 300
258 300
258 301
259 301
251 297
243 292
244 293
254 297
246 293
246 294
247 294
257 297
260 302
260 303
261 303
253 299
245 290
264 303
256 299
248 295
248 296
257 300
249 296
259 300
255 302
255 303
252 296
244 292
245 293
247 293
258 302
258 303
257 304
250 298
250 299
249 300
259 303
251 299
262 298
261 302
254 299
246 295
246 296
245 297
247 296
250 301
249 302
248 302
249 303
247 303
246 303
246 302
248 304
247 302
246 304
249 304
247 304
245 303
266 263
306 299
258 259
258 260
257 261
318 310
269 268
330 284
349 297
235 275
322 280
322 281
321 282
227 271
227 272
341 293
333 289
259 260
272 279
272 280
292 257
311 270
257 299
262 265
303 266
249 295
228 272
314 275
314 276
260 304
261 269
326 286
359 283
359 284
358 285
325 290
344 303
304 267
336 299
315 276
356 277
307 272
308 272
302 306
348 273
348 274
254 266
273 279
265 275
285 253
318 287
337 300
329 296
330 261
349 274
322 257
322 258
321 259
320 259
340 305
341 270
360 283
333 266
333 267
332 268
352 279
298 308
258 272
259 273
259 274
260 272
278 250
257 276
322 293
323 294
324 293
268 285
342 271
355 290
355 291
354 292
260 281
334 267
335 268
336 267
326 263
321 297
345 276
332 306
324 302
344 280
323 257
261 282
253 278
253 279
252 280
273 256
325 303
317 299
317 300
316 301
318 264
337 277
356 290
329 273
329 274
328 275
348 286
254 279
340 282
339 283
339 284
340 283
246 275
266 253
265 253
264 254
263 253
262 253
261 254
265 252
318 300
269 258
264 292
310 259
310 260
256 288
330 274
341 283
333 279
280 273
272 269
292 247
311 260
238 276
257 289
230 272
303 256
249 285
268 298
241 281
241 282
240 283
314 265
260 294
259 295
261 259
321 310
313 306
359 273
359 272
359 271
359 270
360 269
359 268
360 267
361 266
360 265
361 265
358 267
357 267
357 266
358 265
361 267
362 268
363 269
364 270
364 271
365 271
363 268
362 270
362 271
363 271
365 270
366 269
365 268
366 268
366 271
367 272
368 272
369 272
370 272
369 273
369 274
370 274
371 275
372 276
372 275
371 277
373 274
374 275
375 276
375 275
374 277
374 278
373 279
372 277
364 272
365 273
375 277
367 273
367 274
368 274
363 270
356 266
355 267
355 266
366 270
358 266
369 275
369 276
370 276
362 272
373 276
365 272
357 268
357 269
366 273
358 269
254 294
254 293
368 273
371 278
371 279
360 268
372 279
361 269
364 274
354 266
367 275
367 276
356 265
368 276
360 271
370 275
363 272
355 268
355 269
373 275
366 272
358 268
255 292
369 277
369 278
370 278
372 278
361 268
364 273
373 278
365 274
357 270
357 271
356 272
354 267
358 271
376 274
377 275
378 274
368 275
371 280
371 281
370 282
360 270
372 281
361 271
353 267
352 267
352 266
378 273
378 272
378 271
378 270
379 269
379 268
380 269
381 268
382 269
382 268
379 271
381 270
381 271
382 271
380 268
379 270
380 271
382 270
381 272
381 273
377 269
376 269
376 270
380 270
379 272
382 272
375 269
374 269
373 270
372 269
371 269
371 268
371 267
371 266
371 265
372 265
372 267
373 267
374 267
370 266
369 266
369 265
369 264
368 264
367 264
366 265
372 266
373 266
374 268
367 265
370 265
381 274
374 271
373 272
376 271
376 272
377 271
369 267
369 268
369 269
368 270
380 272
372 268
373 268
375 268
368 265
379 274
371 270
372 271
367 277
305 302
325 280
344 293
304 257
317 276
317 277
316 278
336 289
336 290
335 291
242 282
356 267
307 262
302 296
234 278
253 291
368 278
273 269
265 265
306 266
347 304
371 283
252 295
231 272
318 277
337 290
329 286
340 295
360 273
306 302
280 250
339 299
245 292
291 259
310 272
256 301
257 266
343 306
248 297
248 298
363 284
268 275
355 280
301 309
260 271
326 253
325 252
321 287
313 283
292 260
332 296
324 292
303 269
344 270
249 298
336 266
261 272
302 273
253 268
359 286
325 293
317 289
318 254
336 302
337 267
356 280
329 263
302 309
276 257
340 272
267 288
335 306
306 279
279 262
279 263
278 264
264 282
351 287
256 278
343 283
343 284
342 285
248 274
248 275
322 260
268 252
328 303
333 269
374 270
320 299
280 263
272 259
331 308
331 309
332 273
257 279
289 311
249 275
268 288
355 293
354 294
353 294
354 295
375 271
321 300
367 267
332 309
378 276
324 305
325 270
344 283
317 266
317 267
316 268
290 312
263 295
336 279
255 291
275 269
306 256
347 294
252 285
318 267
244 281
264 259
329 276
370 277
316 306
276 270
362 273
267 301
308 302
328 280
339 289
226 269
245 282
285 318
331 285
331 286
291 249
264 295
237 278
256 291
257 256
256 256
255 257
255 258
255 259
229 274
229 275
228 276
227 276
228 277
226 277
225 276
227 278
227 279
228 279
229 279
230 280
230 279
231 279
226 276
229 281
229 282
230 282
225 278
224 278
228 278
231 278
231 277
231 276
227 280
230 281
231 281
232 282
232 281
233 280
234 281
235 280
235 282
233 282
235 281
223 277
222 277
222 276
222 275
222 274
223 273
221 273
220 273
220 272
223 275
219 272
218 272
217 272
216 272
215 271
216 270
215 269
216 269
218 271
219 270
218 269
219 269
220 274
220 275
221 275
223 274
216 271
219 271
215 273
233 281
226 278
229 283
218 273
217 274
217 275
230 284
219 274
221 274
232 283
224 279
224 280
225 280
217 276
214 270
213 270
213 269
213 271
212 268
211 268
210 268
210 267
209 266
208 266
208 265
207 265
206 265
205 266
205 265
206 264
205 263
204 263
203 262
206 262
204 262
203 264
205 267
205 268
202 261
201 262
208 267
208 268
209 268
204 264
207 264
210 269
210 270
200 261
199 261
198 261
211 270
206 266
198 262
197 263
196 263
198 263
199 263
209 267
228 280
201 263
201 264
220 276
220 277
221 277
205 269
202 263
231 280
223 276
215 272
216 273
208 269
208 270
209 270
230 283
219 273
211 269
203 265
203 266
222 278
222 279
212 270
204 266
223 279
196 262
196 261
225 279
214 269
226 280
229 285
207 266
199 262
218 275
210 271
200 263
211 272
221 276
213 272
213 273
212 274
224 281
224 282
223 283
202 262
225 282
226 282
227 283
227 282
214 272
206 268
198 264
232 275
227 281
209 269
228 282
201 265
201 266
200 267
220 278
213 275
214 276
212 276
211 276
212 277
211 278
210 278
209 277
208 276
209 276
208 278
212 279
213 279
214 279
215 279
216 280
216 279
215 281
215 282
216 282
217 283
218 282
218 281
219 280
219 282
217 284
217 285
214 278
207 275
206 275
205 275
204 275
203 275
203 274
204 273
203 272
202 272
201 273
201 272
204 272
206 274
207 273
218 284
202 271
216 281
208 277
209 278
201 274
201 275
219 281
212 278
204 274
215 283
215 284
216 284
207 274
218 283
210 279
210 280
200 271
200 270
199 269
200 269
199 271
198 271
197 270
196 269
197 268
196 271
195 268
194 268
194 267
195 266
194 265
193 265
192 266
191 265
190 265
189 264
190 263
189 262
188 263
190 262
192 265
188 262
191 267
191 268
192 268
187 264
197 267
197 266
190 264
196 270
193 264
193 263
193 262
189 266
219 284
220 285
221 285
222 285
223 285
222 286
192 267
211 280
203 276
204 277
205 278
205 277
206 277
193 267
217 286
217 287
195 267
214 280
213 281
213 282
206 276
198 272
198 273
188 264
207 277
199 273
218 286
191 269
220 286
220 287
213 283
205 279
205 280
202 273
194 269
194 270
195 270
216 283
208 279
208 280
197 269
189 265
209 280
201 276
190 266
219 283
211 279
212 280
204 276
196 272
196 273
215 285
193 266
186 263
185 263
184 264
184 263
197 272
215 275
207 276
199 272
218 285
210 281
210 282
200 273
219 286
192 269
211 282
184 265
184 266
203 278
185 265
221 286
217 288
195 269
214 282
187 265
187 266
206 278
239 273
198 274
198 275
197 276
196 275
195 276
188 266
207 279
199 275
217 278
209 279
220 288
191 261
205 281
206 282
207 283
206 284
206 285
207 285
206 286
206 287
205 288
204 287
203 287
203 286
203 285
203 284
204 283
204 285
202 284
201 285
201 284
204 284
207 287
208 288
208 289
209 289
210 288
211 289
211 288
212 287
211 286
210 285
209 286
212 286
212 289
213 289
214 289
214 288
214 287
210 290
211 291
209 288
212 288
208 290
211 290
212 291
213 292
213 291
214 291
215 292
215 291
216 292
217 292
215 293
214 290
210 292
200 284
199 283
199 282
198 281
199 281
200 280
201 281
199 279
202 282
200 279
200 282
202 281
198 283
197 280
196 279
197 279
197 278
196 281
196 282
195 278
194 278
200 281
196 283
193 277
192 276
193 275
192 274
193 273
194 272
191 277
191 278
192 278
193 274
190 277
189 277
189 276
189 275
189 274
188 273
187 272
190 275
186 272
185 271
186 270
185 269
184 272
186 269
188 272
187 274
187 275
188 275
190 274
183 271
183 270
183 269
182 271
255 284
186 271
192 277
185 273
184 274
188 274
191 279
191 280
190 281
189 281
192 280
193 281
194 280
181 270
180 269
181 268
179 270
179 271
180 271
181 267
181 266
182 265
178 270
177 270
177 269
177 268
177 267
178 266
179 267
176 266
175 266
178 268
175 267
175 268
176 268
178 267
180 270
290 281
213 293
213 294
205 289
205 290
202 283
194 279
176 267
195 280
214 293
187 276
206 289
179 272
179 273
180 273
181 274
182 273
191 282
190 283
209 290
201 286
201 287
356 269
190 276
182 272
183 273
175 269
194 282
193 283
193 284
212 290
204 286
193 276
185 272
186 273
178 269
197 282
189 278
182 275
181 276
208 282
254 302
207 286
210 291
200 283
192 279
211 292
184 275
184 276
203 288
203 289
181 269
204 289
193 279
185 275
177 271
177 272
195 279
214 292
206 288
198 284
197 285
198 285
188 276
207 289
180 272
199 285
191 281
192 282
181 272
210 284
213 295
213 296
205 291
205 292
204 293
204 294
203 295
204 296
204 295
305 261
203 297
202 294
201 293
202 292
201 295
200 292
199 292
199 291
200 290
198 293
198 294
199 294
200 291
204 297
205 298
206 298
217 273
206 297
206 296
206 295
207 296
208 297
208 298
208 299
209 299
210 298
207 295
263 268
207 298
209 298
208 300
208 301
209 301
207 297
199 293
200 294
202 293
206 299
205 300
198 295
198 296
197 297
199 296
209 300
201 296
201 297
202 296
208 302
209 303
209 304
210 305
200 293
203 298
203 299
204 299
207 299
199 295
210 304
200 296
205 301
206 302
205 302
202 295
206 301
198 297
184 268
183 272
202 285
194 281
176 269
195 282
206 291
179 274
209 302
201 298
201 299
200 300
180 275
202 298
213 285
202 275
194 271
208 291
208 292
207 293
187 268
188 269
189 268
197 281
209 292
201 288
190 278
182 274
205 294
204 298
183 275
194 284
208 304
197 294
201 301
202 302
200 302
199 302
200 303
198 303
198 304
199 304
197 303
196 302
197 301
196 304
195 301
194 301
194 300
195 299
197 300
196 303
200 304
201 305
202 305
203 305
204 306
204 305
203 307
203 308
204 308
205 308
206 308
206 307
207 306
206 305
250 304
207 308
208 309
209 309
210 310
211 309
212 310
210 311
212 309
211 311
202 304
208 310
208 311
209 311
212 311
204 307
207 307
210 312
210 313
211 313
203 309
195 300
206 309
205 310
205 311
206 310
259 298
259 297
198 305
198 306
207 310
199 306
200 307
201 307
209 310
205 312
205 313
202 306
194 302
194 303
195 303
345 289
208 312
208 313
345 301
197 302
209 313
211 312
212 313
204 309
196 305
195 306
196 306
193 299
192 299
191 300
191 301
192 301
192 300
191 302
190 299
189 299
188 300
187 299
197 305
189 301
207 309
199 305
210 314
210 315
334 292
200 306
192 302
211 315
212 316
212 317
212 318
212 319
308 265
203 301
195 302
206 311
327 278
198 307
198 308
199 309
188 299
199 308
209 312
315 301
201 308
201 309
213 318
205 314
206 315
207 316
206 317
206 318
207 318
208 315
202 308
194 304
187 301
186 302
186 303
185 304
186 304
187 305
188 306
189 307
190 308
191 308
192 309
193 308
188 305
307 297
338 261
191 310
191 311
190 273
304 292
190 272
190 271
192 311
190 307
193 307
190 310
192 310
193 310
194 311
195 310
195 309
194 310
195 311
345 291
365 269
191 312
191 313
259 286
332 269
192 313
194 312
194 313
195 313
196 314
197 313
198 314
199 315
199 314
200 313
199 312
200 312
200 315
201 315
202 315
202 314
188 304
188 303
289 307
281 303
198 316
197 316
281 313
200 314
199 316
202 316
300 255
203 317
203 318
204 318
201 317
195 265
201 318
202 317
204 317
203 319
204 320
205 320
197 312
197 311
197 310
190 309
204 319
270 261
196 315
193 309
185 305
197 315
200 316
192 312
193 312
195 312
198 317
197 318
198 318
199 318
202 318
191 271
186 305
197 314
190 311
213 308
212 307
205 304
212 312
208 314
197 304
189 300
209 315
201 311
202 312
203 312
203 311
190 301
193 311
197 317
205 271
200 305
211 314
203 310
202 265
194 261
212 315
204 311
196 307
216 285
208 281
193 301
197 271
189 267
209 282
201 278
199 317
189 303
190 268
182 264
200 318
212 292
204 288
196 284
193 278
185 274
208 294
209 295
210 294
186 275
178 271
197 284
189 280
253 301
252 301
252 302
252 303
252 304
200 295
205 261
212 269
203 300
231 282
204 265
223 278
215 274
204 301
196 297
216 275
208 271
227 284
226 285
227 286
226 286
197 261
201 268
202 269
185 276
203 268
207 311
199 307
200 272
219 285
191 303
191 304
190 305
210 316
209 317
210 318
213 288
211 281
203 277
200 308
192 304
211 317
212 282
203 313
204 278
196 274
215 287
193 268
185 264
195 314
207 288
186 265
199 284
210 293
189 270
200 285
192 281
211 294
184 277
183 278
183 279
182 280
206 263
182 281
182 282
181 283
183 282
184 282
185 282
185 281
186 280
185 279
186 279
186 282
357 275
183 281
186 281
182 283
185 283
186 284
187 284
188 283
188 284
189 285
190 285
181 280
180 279
179 279
178 278
177 278
252 258
261 255
323 295
177 277
178 276
176 276
181 278
180 281
179 281
316 279
175 277
175 278
353 292
176 278
177 279
177 280
376 277
178 280
174 277
173 277
173 276
173 275
174 275
174 274
175 273
176 277
250 294
179 282
179 283
178 284
180 283
213 280
183 283
175 279
175 280
176 280
179 285
186 283
178 279
334 305
181 279
174 276
177 281
177 282
178 282
180 282
181 282
173 278
184 278
176 279
179 284
180 285
187 278
182 284
176 282
178 281
181 281
174 278
177 283
203 290
181 271
226 279
229 284
174 268
206 300
185 277
177 273
218 274
230 285
207 301
180 284
199 297
200 262
219 275
210 306
211 271
336 262
203 267
222 280
221 281
212 272
204 268
196 264
215 277
202 307
181 284
214 281
195 304
187 300
188 265
206 313
207 278
198 309
199 274
218 287
191 270
210 283
188 301
200 275
191 306
192 271
211 284
184 267
203 280
248 287
247 288
363 274
268 265
195 281
309 303
355 270
214 294
187 277
260 261
301 299
258 297
206 290
321 277
312 308
198 286
313 273
332 286
259 302
305 269
238 279
324 282
251 298
230 275
271 276
241 284
242 284
243 284
244 284
188 278
261 262
302 263
207 291
253 258
180 274
199 287
305 305
191 283
346 306
210 296
211 296
325 283
338 302
366 284
317 279
358 280
304 309
255 304
254 305
340 262
335 296
267 278
213 307
327 292
306 269
347 307
205 303
279 252
184 280
252 298
225 281
244 294
217 277
264 272
351 277
183 284
256 268
297 306
343 273
202 297
309 280
328 293
300 311
214 271
301 276
206 267
280 253
320 289
321 254
339 302
312 285
331 298
330 299
332 263
278 292
324 259
257 269
176 281
301 312
260 274
206 303
207 268
321 290
198 299
313 286
199 264
354 287
218 277
324 295
210 273
325 260
262 280
317 256
263 285
336 269
377 270
209 314
255 281
323 299
302 276
201 310
275 259
267 255
200 265
213 284
192 261
347 284
252 275
203 270
190 300
350 289
370 267
202 274
276 260
316 296
267 291
327 305
328 270
205 316
279 265
319 301
318 302
319 302
320 266
266 295
339 279
245 272
244 272
243 272
242 272
331 275
331 276
351 290
256 281
343 286
269 300
202 310
194 306
268 255
195 271
214 284
187 267
206 280
320 302
321 267
198 276
312 298
313 263
259 292
332 276
373 277
278 305
324 272
251 288
270 301
271 266
289 314
262 297
290 279
263 262
281 310
282 275
209 291
188 268
274 271
302 253
293 284
294 249
199 277
240 278
191 273
346 296
232 274
338 292
366 274
243 283
345 275
358 270
263 298
304 299
350 266
350 265
255 294
296 295
369 279
315 308
314 303
275 272
316 273
335 286
307 304
267 268
286 281
329 256
327 282
347 297
346 298
347 299
274 274
364 279
205 293
273 311
233 275
319 278
320 279
319 279
252 288
225 271
298 255
285 285
236 280
237 281
238 281
239 281
264 262
351 267
256 258
297 296
183 274
316 309
202 287
362 276
363 276
364 277
365 276
263 266
364 276
175 270
175 271
194 283
308 305
309 270
328 283
300 301
301 266
247 295
339 292
226 272
312 275
258 304
331 288
259 269
277 317
250 300
278 282
229 277
270 278
289 291
176 271
290 256
262 274
195 284
208 303
281 287
282 252
187 280
228 281
342 303
179 276
293 261
334 299
354 277
326 295
305 272
345 308
346 309
347 310
346 311
347 312
347 267
347 266
347 311
346 313
347 313
354 270
353 269
348 309
352 269
346 273
251 301
292 302
271 279
197 293
357 282
303 311
263 275
282 288
255 271
233 277
323 289
295 307
283 253
201 300
274 284
315 285
294 262
221 278
335 263
286 258
213 274
327 259
205 270
347 274
224 283
252 265
338 305
358 283
304 312
350 279
296 308
297 273
288 304
316 286
202 264
335 299
308 282
315 298
327 295
300 278
328 260
205 306
320 256
225 284
339 269
266 285
296 285
212 314
285 298
299 308
217 280
258 281
331 265
330 266
277 294
204 310
278 259
269 290
270 255
330 306
289 268
376 273
195 261
322 302
281 264
281 265
281 266
214 274
301 279
342 280
206 270
321 257
193 300
198 266
353 289
259 282
345 285
278 295
251 278
324 262
291 314
270 291
271 256
311 292
262 287
290 269
263 252
281 300
208 316
282 265
209 281
323 266
201 277
314 297
274 261
293 274
354 290
326 308
346 286
292 315
338 282
197 306
284 311
243 273
242 274
324 275
189 302
190 267
304 289
377 273
323 302
297 250
201 313
316 263
288 281
335 276
267 258
307 294
308 259
213 287
254 288
327 272
205 283
273 301
200 317
319 268
318 269
319 269
265 297
266 262
285 275
190 303
372 280
318 309
277 271
277 272
297 286
183 264
288 317
202 277
194 273
308 295
349 296
309 260
300 291
341 292
301 256
320 269
247 285
361 270
266 298
312 265
353 266
258 294
259 259
277 307
250 290
278 272
364 275
269 303
270 268
310 304
310 305
310 306
290 246
289 247
288 246
288 247
289 246
262 264
208 293
281 277
228 271
342 293
179 266
293 251
292 252
250 293
334 289
193 313
280 318
239 280
326 285
272 314
345 298
186 274
373 280
251 291
292 292
197 283
311 305
357 272
284 288
263 265
189 279
303 301
304 266
209 294
255 261
295 297
323 279
296 262
201 290
314 310
315 275
261 304
307 271
286 248
253 300
232 277
273 278
224 273
225 274
226 274
227 274
243 286
285 252
304 302
190 280
350 269
182 276
296 298
297 298
298 298
297 263
337 299
316 276
288 294
307 307
348 308
349 273
254 301
340 304
300 268
273 314
319 281
246 297
360 282
306 311
266 275
352 278
285 288
331 255
332 256
185 280
333 256
334 256
258 271
277 284
204 300
183 277
269 280
289 258
330 296
216 274
281 254
280 255
281 255
322 292
341 305
342 270
247 298
361 283
333 301
334 266
280 295
353 279
326 262
259 272
250 303
291 304
292 269
311 282
262 277
303 278
208 306
282 255
209 271
323 256
228 284
201 267
314 287
314 288
220 280
326 298
346 276
292 305
255 264
178 283
338 272
197 296
379 273
284 301
304 279
295 310
315 288
356 289
307 284
335 266
348 285
327 262
254 278
273 291
205 273
246 274
319 258
318 259
192 303
265 287
266 252
380 274
211 316
212 281
372 270
277 261
276 262
277 262
318 299
269 257
329 308
215 286
330 273
279 307
194 263
276 302
349 286
322 269
322 270
341 282
287 311
247 275
333 278
352 291
351 292
312 255
313 254
314 255
258 284
259 284
260 284
299 285
204 313
250 280
278 262
196 309
343 279
310 294
270 258
311 259
216 287
262 254
376 276
281 267
322 305
208 283
268 297
342 283
314 264
334 279
193 303
280 308
326 275
272 304
186 264
345 288
365 266
364 266
363 266
296 252
364 265
311 295
197 273
189 269
303 291
304 256
295 287
296 288
323 269
314 300
201 280
315 265
242 281
288 248
261 294
307 261
253 290
368 277
273 268
265 264
211 293
371 282
190 270
231 271
318 276
182 266
297 253
337 289
283 318
329 285
348 298
275 314
308 262
254 291
329 297
340 294
300 258
301 258
302 258
246 287
360 272
266 265
306 301
352 268
212 294
258 261
298 297
372 283
277 274
204 290
269 270
310 271
289 248
330 286
276 315
235 277
322 282
227 273
341 295
361 273
333 291
174 267
288 296
193 280
279 320
280 285
299 298
272 281
291 294
251 258
364 278
292 259
310 307
311 272
284 255
257 301
303 268
208 296
249 297
295 264
314 277
313 278
327 284
189 283
220 270
221 269
222 270
261 271
207 300
253 267
186 277
359 285
178 273
338 262
284 291
325 292
189 282
304 269
344 305
317 288
336 301
296 265
337 266
356 279
288 261
307 274
302 308
348 275
348 276
253 303
294 304
254 268
340 271
200 297
273 281
324 307
265 277
306 278
211 306
285 255
212 271
231 284
262 278
203 302
204 267
277 251
276 252
223 281
318 289
223 280
337 302
383 269
384 270
384 271
329 298
215 276
330 263
276 292
349 276
322 259
340 307
341 272
287 301
360 285
173 279
333 268
279 297
280 262
299 275
204 303
245 304
291 271
196 299
310 284
216 277
257 278
208 273
249 274
268 287
355 292
316 275
260 283
334 269
375 270
206 312
280 298
321 299
326 265
367 266
272 294
313 295
177 285
292 272
332 308
378 275
324 304
284 268
303 281
344 282
323 259
295 277
290 311
336 278
315 255
261 284
302 285
207 313
253 280
368 267
273 258
200 274
191 305
219 287
265 254
192 270
325 305
211 283
371 272
317 301
203 279
318 266
337 279
283 308
329 275
275 304
276 269
267 300
340 284
200 310
286 313
246 277
192 306
266 255
279 274
212 284
298 287
203 315
299 252
204 280
245 281
264 294
269 260
196 276
310 261
310 262
215 289
256 290
330 276
343 295
343 296
276 305
322 272
375 273
363 273
268 264
333 281
193 270
279 310
320 311
280 275
185 266
299 288
272 271
291 284
292 249
332 285
311 262
238 278
257 291
303 258
230 274
249 287
295 254
268 300
314 267
241 283
260 296
261 261
188 277
207 290
367 279
253 257
199 286
313 308
359 275
305 304
210 295
325 282
323 291
271 311
344 295
317 278
222 269
336 291
282 320
283 285
288 251
234 280
302 298
274 316
348 265
275 281
294 294
254 258
200 287
286 290
265 267
192 283
347 306
306 268
252 297
184 279
298 264
231 274
203 292
318 279
223 270
264 271
329 288
275 317
349 266
276 282
362 285
181 273
287 291
328 292
333 258
279 287
352 271
280 252
298 300
226 281
299 265
339 301
245 294
291 261
331 297
310 274
256 303
257 268
343 308
229 286
230 287
229 287
228 288
248 299
247 300
246 300
249 264
268 277
355 282
174 270
301 311
260 273
321 289
326 255
207 267
198 298
272 284
313 285
177 275
332 298
292 262
218 276
305 281
324 294
210 272
284 258
325 259
271 288
344 272
290 301
295 267
336 268
282 297
261 274
302 275
274 293
207 303
293 306
253 270
294 271
199 299
200 264
219 277
210 308
325 295
211 273
317 291
318 292
319 291
203 269
318 256
222 282
221 283
337 269
283 298
329 265
348 278
275 294
276 259
294 307
335 308
340 274
267 290
213 319
286 303
327 304
287 268
306 281
205 315
279 264
298 277
204 270
217 289
217 290
284 272
264 284
196 266
351 289
256 280
343 285
202 309
322 262
248 276
248 277
194 305
309 292
268 254
328 305
214 283
374 272
301 288
206 279
280 265
320 301
321 266
272 261
312 297
291 274
331 310
332 275
278 304
324 271
257 281
270 300
249 277
289 313
290 278
281 309
314 257
241 273
187 302
260 286
188 267
321 302
207 280
293 283
367 269
198 311
313 298
275 274
199 276
359 265
218 289
219 290
191 272
325 272
344 285
271 301
317 268
290 314
336 281
263 297
282 310
255 293
283 275
302 288
274 306
275 271
267 267
200 277
192 273
347 296
306 258
233 274
184 269
252 287
298 254
203 282
244 283
190 312
264 261
236 279
351 266
297 295
256 257
370 279
276 272
316 308
202 286
362 275
267 303
308 304
328 282
300 300
279 277
320 278
299 255
339 291
226 271
245 284
331 287
291 251
237 280
277 316
310 264
256 293
343 298
257 258
229 276
248 289
176 270
195 283
268 267
309 305
355 272
260 263
301 301
226 284
187 279
206 292
179 275
321 279
313 275
259 304
332 288
305 271
278 317
324 284
251 300
230 277
271 278
290 291
263 274
336 258
283 252
188 280
302 265
253 260
180 276
293 296
286 257
346 308
347 273
252 264
338 304
317 281
243 295
243 296
358 282
222 272
304 311
350 278
329 255
296 307
316 285
267 280
335 298
286 293
213 309
327 294
287 258
306 271
347 309
205 305
279 254
319 290
252 300
225 283
298 267
339 268
244 296
217 279
285 297
264 274
351 279
297 308
256 270
343 275
202 299
309 282
214 273
328 295
301 278
206 269
320 291
321 256
339 304
312 287
198 265
331 300
259 281
332 265
278 294
324 261
229 289
270 290
289 303
262 286
354 289
290 268
281 299
282 264
207 270
293 273
198 301
313 288
199 266
326 307
218 279
305 284
191 262
346 285
210 275
325 262
292 314
271 291
317 258
263 287
377 272
209 316
282 300
323 301
255 283
283 265
201 312
274 296
302 278
275 261
315 297
294 274
335 275
267 257
213 286
286 270
192 263
347 286
205 282
286 247
338 294
252 277
244 273
294 251
190 302
350 291
207 294
297 285
370 269
202 276
316 298
288 316
362 265
308 294
309 259
327 307
328 272
300 290
205 318
279 267
319 303
320 268
339 281
266 297
312 264
245 274
285 310
331 277
258 293
277 306
278 271
269 302
343 288
248 279
289 280
194 308
195 273
309 295
281 276
214 286
260 253
187 269
301 291
342 292
321 269
312 300
198 278
313 265
259 294
332 278
345 297
278 307
324 274
251 290
365 275
270 303
311 304
271 268
262 299
281 312
209 293
282 277
255 260
188 270
201 289
274 273
314 309
302 255
180 266
293 286
240 280
191 275
232 276
366 276
224 272
243 285
358 272
304 301
190 279
350 268
255 296
369 281
296 297
315 310
288 293
335 288
267 270
307 306
308 271
254 300
287 248
273 313
205 295
319 280
225 273
244 286
217 269
285 287
236 282
351 269
277 283
256 260
183 276
343 265
344 265
345 265
202 289
308 307
309 272
300 303
328 285
341 304
301 268
247 297
320 281
361 282
312 277
331 290
259 271
277 319
278 284
250 302
270 280
289 293
176 273
290 258
262 276
281 289
208 305
282 254
187 282
342 305
228 283
179 278
293 263
334 301
220 279
326 297
354 279
345 310
346 275
251 303
292 304
338 271
197 295
271 281
304 268
357 284
284 300
263 277
303 313
304 278
209 306
295 309
255 273
283 255
274 286
201 302
315 287
221 280
307 283
335 265
213 276
286 260
327 261
205 272
273 290
347 276
338 307
252 267
251 268
224 285
380 273
350 281
351 282
352 282
352 281
296 310
297 311
298 310
297 275
288 306
202 266
316 288
194 262
308 284
327 297
300 280
328 262
319 293
247 274
320 258
266 287
339 271
312 254
217 282
285 300
331 267
258 283
204 312
277 296
278 261
250 279
196 308
269 292
270 257
216 286
289 270
330 308
376 275
195 263
322 304
342 282
206 272
334 278
193 302
198 268
280 307
313 255
353 291
373 269
345 287
251 280
291 316
365 265
270 293
271 258
311 294
262 289
303 290
263 254
208 318
209 283
282 267
323 268
201 279
314 299
274 263
186 299
185 300
185 299
346 288
347 288
347 289
348 288
338 284
366 266
197 308
243 275
284 313
189 304
304 291
190 269
323 304
296 287
369 271
297 252
315 300
316 265
288 283
307 296
335 278
308 261
327 274
254 290
300 257
205 285
273 303
246 286
319 270
265 299
266 264
212 293
285 277
372 282
236 272
277 273
183 266
297 288
269 269
202 279
330 285
194 275
276 314
309 262
235 276
300 293
341 294
247 287
333 290
361 272
266 300
312 267
279 319
353 268
258 296
259 261
299 297
278 274
250 292
270 270
289 283
262 266
290 248
208 295
281 279
228 273
342 295
179 268
293 253
334 291
280 320
239 282
326 287
354 269
345 300
272 316
186 276
346 265
365 278
178 272
292 294
311 307
357 274
284 290
303 303
209 296
295 299
323 281
255 263
296 264
201 292
315 277
288 260
221 270
307 273
253 302
232 279
273 280
205 262
224 275
265 276
211 305
285 254
190 282
231 283
296 300
182 278
337 301
297 265
308 274
348 310
349 275
254 303
340 306
341 271
246 299
360 284
266 277
352 280
212 306
331 257
298 309
258 273
204 302
278 251
196 298
175 275
216 276
330 298
208 272
281 256
322 294
341 307
227 285
342 272
174 279
333 303
361 285
334 268
353 281
326 264
299 310
345 277
177 284
251 270
197 262
208 308
209 273
323 258
228 286
314 289
274 253
201 269
220 282
261 283
207 312
326 300
368 266
273 257
178 285
338 274
379 275
197 298
210 317
325 304
371 271
337 278
356 291
316 255
348 287
327 264
254 280
200 309
246 276
319 260
192 305
265 289
266 254
211 318
212 283
372 272
203 314
277 263
318 301
204 279
269 259
215 288
330 275
349 288
322 271
341 284
247 277
333 280
352 293
193 269
204 315
250 282
364 267
196 311
270 260
311 261
216 289
257 290
262 256
303 257
322 307
208 285
268 299
314 266
334 281
260 295
193 305
239 272
326 277
185 301
367 278
186 266
197 275
189 271
344 294
304 258
295 289
323 271
201 282
314 302
242 283
315 267
356 268
261 296
307 263
234 279
253 292
368 279
254 257
200 286
273 270
265 266
211 295
371 284
231 273
203 291
318 278
182 268
337 291
223 269
329 287
349 265
340 296
246 289
360 274
333 257
266 267
306 303
352 270
212 296
258 263
298 299
204 292
250 259
269 272
310 273
330 288
256 302
235 279
322 284
363 285
227 275
333 293
174 269
334 258
193 282
353 271
326 254
185 278
299 300
345 267
177 274
292 261
311 274
257 303
303 270
230 286
249 299
314 279
261 273
207 302
253 269
199 298
178 275
219 276
210 307
325 294
189 284
344 307
317 290
336 303
222 281
337 268
356 281
329 264
302 310
348 277
254 270
340 273
200 299
265 279
306 280
211 308
212 273
203 304
318 291
277 253
204 269
223 282
196 265
383 271
215 278
329 300
330 265
349 278
322 261
341 274
333 270
352 283
280 264
298 312
272 260
196 301
257 280
208 275
249 276
268 289
195 305
241 272
314 256
260 285
375 272
206 314
326 267
321 301
367 268
198 310
332 310
218 288
197 265
324 306
325 271
344 284
290 313
336 280
315 257
242 273
261 286
188 302
207 315
253 282
368 269
199 311
273 260
200 276
191 307
219 289
265 256
192 272
211 285
325 307
371 274
203 281
317 303
318 268
337 281
329 277
348 290
276 271
340 286
267 302
286 315
192 308
184 304
183 304
204 282
245 283
291 250
264 296
196 278
310 263
256 292
257 257
343 297
322 274
248 288
363 275
309 304
268 266
355 271
214 295
260 262
193 272
321 278
185 268
312 309
332 287
292 251
311 264
238 280
324 283
257 293
230 276
303 260
249 289
314 269
241 285
260 298
261 263
188 279
207 292
253 259
367 281
313 310
359 277
191 284
305 306
210 297
325 284
344 297
317 280
336 293
222 271
356 271
255 305
329 254
302 300
234 282
348 267
254 260
267 279
340 263
200 289
347 308
306 270
252 299
184 281
203 294
318 281
244 295
223 272
264 273
351 278
256 269
330 255
181 275
341 264
333 260
328 294
320 290
280 254
339 303
226 283
245 296
331 299
310 276
229 288
257 270
343 310
248 301
268 279
355 284
260 275
206 304
321 291
207 269
198 300
313 287
199 265
332 300
218 278
210 274
324 296
325 261
344 274
317 257
336 270
263 286
302 277
207 305
253 272
199 301
200 266
219 279
192 262
347 285
211 275
252 276
317 293
203 271
318 258
222 284
337 271
350 290
329 267
370 268
316 297
276 261
254 292
340 276
267 292
327 306
205 317
279 266
339 280
245 273
217 291
196 268
264 286
351 291
256 282
343 287
202 311
248 278
363 265
194 307
195 272
268 256
328 307
214 285
374 274
320 303
206 281
280 267
321 268
312 299
272 263
198 277
313 264
259 293
332 277
278 306
324 273
249 279
195 308
241 275
187 304
261 253
302 254
207 282
180 265
367 271
198 313
199 278
313 300
359 267
218 291
191 274
305 296
346 297
210 287
325 274
366 275
317 270
336 283
263 299
255 295
369 280
267 269
335 287
287 247
192 275
233 276
347 298
306 260
252 289
184 271
225 272
244 285
236 281
264 263
351 268
297 297
370 281
256 259
316 310
202 288
362 277
181 265
308 306
309 271
300 302
328 284
320 280
339 293
226 273
312 276
245 286
291 253
331 289
229 278
257 260
343 300
248 291
176 272
363 278
309 307
268 269
355 274
187 281
301 303
260 265
342 304
206 294
179 277
321 281
313 277
332 290
305 273
345 309
324 286
251 302
271 280
263 276
336 260
209 305
283 254
255 272
188 282
302 267
180 278
221 279
346 310
347 275
252 266
224 284
338 306
203 261
358 284
304 313
350 280
296 309
316 287
267 282
335 300
308 283
327 296
328 261
205 307
279 256
319 292
225 285
339 270
217 281
331 266
264 276
351 281
297 310
256 272
343 277
202 301
195 262
328 297
214 275
206 271
320 293
321 258
272 253
198 267
331 302
259 283
332 267
278 296
324 263
251 279
250 291
270 292
277 308
331 279
271 257
312 266
289 305
262 288
290 270
208 317
281 301
282 266
274 262
207 272
293 275
199 268
326 309
354 291
305 286
191 264
346 287
210 277
338 283
271 293
197 307
243 274
284 312
317 260
263 289
304 290
377 274
209 318
255 285
323 303
283 267
369 270
201 314
274 298
275 263
294 276
307 295
267 259
335 277
286 272
327 273
205 284
273 302
252 279
244 275
190 304
350 293
264 253
297 287
370 271
183 265
316 300
202 278
362 267
194 274
308 296
309 261
327 309
328 274
300 292
301 257
311 273
319 305
247 286
187 271
320 270
266 299
285 312
258 295
237 272
278 273
269 304
270 269
289 282
290 247
195 275
281 278
260 255
301 293
342 294
321 271
293 252
334 290
198 280
313 267
354 268
259 296
305 263
345 299
373 281
324 276
251 292
365 277
270 305
271 270
311 306
357 273
262 301
290 283
303 302
323 280
255 262
302 257
274 275
201 291
293 288
180 268
294 253
240 282
286 249
232 278
346 300
347 265
338 296
224 274
366 278
243 287
358 274
304 303
350 270
182 277
296 299
369 283
297 264
316 277
288 295
267 272
307 308
335 290
308 273
327 286
300 269
205 297
233 279
273 315
319 282
246 298
225 275
266 276
285 289
217 271
331 256
277 285
256 262
297 300
343 267
269 281
202 291
175 274
330 297
289 259
309 274
300 305
301 270
341 306
247 299
320 283
361 284
333 302
312 279
353 280
299 309
332 257
278 286
251 269
324 253
270 282
176 275
289 295
290 260
208 307
281 291
282 256
209 272
342 307
228 285
274 252
179 280
293 265
220 281
334 303
354 281
326 299
345 312
346 277
292 306
338 273
284 302
357 286
263 279
304 280
209 308
255 275
295 311
323 293
296 276
201 304
275 253
315 289
316 254
221 282
307 285
335 267
213 278
327 263
273 292
205 274
319 259
252 269
265 288
380 275
285 266
350 283
296 312
297 277
202 268
316 290
288 308
329 309
308 286
194 264
349 287
300 282
328 264
319 295
320 260
247 276
266 289
352 292
312 256
285 302
258 285
331 269
204 314
277 298
250 281
278 263
269 294
196 310
270 259
216 288
289 272
262 255
281 268
322 306
208 284
342 284
334 280
193 304
336 292
198 270
353 293
280 309
326 276
373 271
272 305
251 282
292 283
365 267
197 274
271 260
311 296
262 291
263 256
303 292
209 285
295 288
323 270
274 265
314 301
315 266
261 295
240 272
186 301
346 290
338 286
284 315
243 277
189 306
304 293
296 289
182 267
297 254
315 302
316 267
288 285
307 298
348 299
308 263
327 276
300 259
273 305
205 287
319 272
246 288
265 301
266 266
285 279
212 295
372 284
258 262
277 275
204 291
183 268
269 271
330 287
289 249
194 277
235 278
276 316
322 283
301 260
341 296
247 289
333 292
361 274
334 257
279 321
353 270
258 298
299 299
259 263
345 266
251 259
291 295
270 272
310 308
257 302
262 268
290 250
281 281
342 297
228 275
314 278
220 271
293 255
334 293
280 322
326 289
354 271
345 302
186 278
346 267
292 296
178 274
338 263
284 292
357 276
303 305
304 270
344 306
295 301
323 283
296 266
201 294
315 279
221 272
307 275
335 257
253 304
254 269
327 253
200 298
205 264
224 277
265 278
211 307
285 256
190 284
231 285
203 303
277 252
318 290
337 303
297 267
383 270
288 298
329 299
330 264
349 277
300 272
340 308
341 273
246 301
287 302
266 279
372 274
277 265
212 308
298 311
258 275
277 288
204 304
278 253
250 271
196 300
269 284
310 285
216 278
330 300
281 258
208 274
322 296
341 309
227 287
342 274
333 305
334 270
280 299
353 283
326 266
299 312
272 295
345 279
177 286
291 308
292 273
197 264
311 286
303 282
209 275
323 260
314 291
201 271
315 256
220 284
261 285
207 314
253 281
368 268
199 310
273 259
219 288
265 255
284 305
325 306
371 273
317 302
337 280
283 309
316 257
307 288
348 289
254 282
340 285
200 311
273 295
286 314
246 278
319 262
192 307
265 291
306 292
266 256
184 303
212 285
203 316
204 281
318 303
196 277
269 261
215 290
330 277
349 290
276 306
322 273
341 286
364 269
287 315
333 282
279 311
193 271
352 295
280 276
185 267
299 289
250 284
291 285
196 313
292 250
310 298
311 263
216 291
257 292
262 258
303 259
208 287
249 288
295 255
268 301
314 268
260 297
280 312
326 279
185 303
367 280
186 268
272 308
313 309
359 276
292 286
197 277
284 282
189 273
303 295
282 321
304 260
344 296
295 291
296 256
315 269
242 285
288 252
356 270
261 298
307 265
302 299
348 266
253 294
368 281
254 259
200 288
273 272
265 268
192 284
203 293
231 275
318 280
182 270
337 293
223 271
329 289
330 254
275 318
276 283
349 267
340 298
341 263
246 291
287 292
360 276
333 259
306 305
352 272
279 288
258 265
298 301
299 266
250 261
245 295
291 262
310 275
256 304
343 309
276 319
322 286
248 300
281 248
227 277
342 264
268 278
355 283
334 260
280 289
326 256
299 302
272 285
345 269
177 276
291 298
292 263
332 299
311 276
284 259
230 288
303 272
344 273
249 301
295 268
201 261
314 281
261 275
207 304
253 271
199 300
178 277
219 278
210 309
325 296
211 274
344 309
317 292
318 257
336 305
222 283
337 270
288 265
283 299
329 266
302 312
275 295
348 279
294 308
254 272
340 275
200 301
286 304
287 269
306 282
211 310
212 275
298 278
203 306
318 293
204 271
277 255
223 284
264 285
196 267
215 280
330 267
276 296
322 263
341 276
287 305
328 306
333 272
374 273
279 301
193 261
280 266
299 279
272 262
291 275
310 288
257 282
249 278
268 291
195 307
241 274
314 258
187 303
260 287
375 274
206 316
321 303
207 281
367 270
198 312
313 299
359 266
218 290
305 295
210 286
324 308
325 273
189 263
271 302
344 286
317 269
290 315
336 282
200 278
242 275
282 311
283 276
234 271
307 255
274 307
207 317
253 284
294 285
368 271
199 313
273 262
191 309
265 258
306 259
211 287
184 270
371 276
203 283
317 305
318 270
337 283
283 312
329 279
370 280
275 308
276 273
340 288
286 317
287 282
360 266
306 295
279 278
298 291
299 256
245 285
291 252
196 280
264 298
310 265
290 305
256 294
343 299
257 259
248 290
363 277
268 268
309 306
355 273
260 264
301 302
206 293
321 280
185 270
272 275
313 276
177 266
292 253
332 289
238 282
278 318
284 249
324 285
303 262
230 278
249 291
290 292
295 258
336 259
260 300
261 265
188 281
302 266
180 277
253 261
367 283
293 297
359 279
305 308
325 286
271 315
317 282
336 295
222 273
337 260
283 289
356 273
302 302
275 285
348 269
294 298
267 281
340 265
286 294
287 259
306 272
279 255
184 283
298 268
203 296
244 297
204 261
264 275
351 280
215 270
330 257
256 271
297 309
343 276
276 286
202 300
181 277
328 296
333 262
279 291
280 256
320 292
299 269
339 305
312 288
272 252
245 298
291 265
331 301
332 266
257 272
343 312
248 303
289 304
268 281
355 286
260 277
206 306
321 293
207 271
198 302
199 267
313 289
332 302
218 280
305 285
378 269
191 263
324 298
210 276
325 263
344 276
271 292
317 259
263 288
336 272
282 301
283 266
302 279
274 297
275 262
293 310
199 303
200 268
191 299
192 264
347 287
211 277
252 278
203 273
244 274
318 260
350 292
264 252
329 269
370 270
275 298
316 299
276 263
362 266
267 294
327 308
328 273
205 319
279 268
319 304
298 281
339 282
285 311
245 275
331 278
264 288
351 293
310 255
256 284
343 289
202 313
248 280
363 267
194 309
268 258
195 274
309 296
328 309
301 292
260 254
374 276
187 270
320 305
206 283
321 270
198 279
312 301
272 265
313 266
332 279
305 262
238 272
278 308
270 304
271 269
289 317
295 248
262 300
241 277
187 306
188 271
302 256
207 284
180 267
198 315
294 252
199 280
240 281
359 269
191 276
305 298
346 299
210 289
325 276
338 295
366 277
317 272
358 273
263 301
255 297
369 282
274 310
275 275
294 288
267 271
335 289
287 249
327 285
205 296
306 262
233 278
347 300
252 291
184 273
298 258
244 287
217 270
264 265
351 270
370 283
297 299
256 261
343 266
202 290
362 279
308 308
309 273
300 304
328 286
301 269
320 282
226 275
339 295
312 278
291 255
331 291
277 320
278 285
257 262
229 280
270 281
176 274
289 294
290 259
281 290
355 276
187 283
260 267
301 305
342 306
321 283
293 264
334 302
313 279
354 280
218 270
305 275
345 311
251 304
324 288
325 253
344 266
271 282
357 285
290 295
263 278
282 291
209 307
255 274
323 292
201 303
302 269
274 287
275 252
180 280
294 265
286 261
213 277
346 312
347 277
338 308
316 289
252 268
203 263
358 286
350 282
296 311
377 276
297 276
288 307
276 253
202 267
267 284
335 302
381 269
286 274
308 285
327 298
287 262
328 263
300 281
205 309
279 258
319 294
339 272
266 288
285 301
331 268
277 297
351 283
297 312
256 274
269 293
202 303
289 271
330 309
194 299
195 264
309 286
214 277
374 266
206 273
320 295
321 260
312 291
198 269
313 256
259 285
278 298
251 281
324 265
270 294
271 259
262 290
290 272
263 255
209 284
282 268
274 264
293 277
199 270
354 293
240 271
186 300
191 266
346 289
338 285
366 267
197 309
284 314
317 262
243 276
189 305
263 291
255 287
283 269
323 305
201 316
275 265
316 266
335 279
267 261
213 290
327 275
347 290
205 286
273 304
319 271
252 281
265 300
244 277
190 306
264 255
350 295
236 273
370 273
183 267
297 289
202 280
316 302
362 269
194 276
308 298
309 263
300 294
328 276
301 259
319 307
320 272
266 301
339 285
312 268
285 314
331 281
259 262
277 310
278 275
229 270
270 271
289 284
290 249
262 267
195 277
187 273
342 296
228 274
179 269
293 254
198 282
313 269
280 321
326 288
305 265
346 266
251 294
292 295
365 279
271 272
311 308
262 303
303 304
209 297
282 281
295 300
323 282
274 277
302 259
315 278
221 271
294 255
286 251
346 302
232 280
338 298
224 276
366 280
243 289
358 276
304 305
350 272
369 285
182 279
296 301
297 266
288 297
335 292
348 311
308 275
254 304
327 288
328 253
300 271
205 299
319 284
225 277
266 278
339 262
285 291
331 258
258 274
277 287
278 252
183 280
269 283
175 276
289 261
309 276
281 257
322 295
301 272
341 308
342 273
247 301
333 304
312 281
353 282
299 311
259 275
345 278
278 288
251 271
291 307
324 255
270 284
311 285
290 262
281 293
209 274
282 258
342 309
228 287
274 254
201 270
314 290
220 283
293 267
354 283
326 301
346 279
178 286
292 308
296 278
338 275
197 299
284 304
357 288
304 282
255 277
295 313
201 306
315 291
316 256
288 274
221 284
335 269
307 287
327 265
254 281
205 276
273 294
319 261
265 290
211 319
285 268
372 273
277 264
297 279
288 310
202 270
194 266
308 288
212 320
349 289
300 284
341 285
258 287
287 314
247 278
320 262
266 291
312 258
352 294
331 271
204 316
277 300
250 283
278 265
364 268
269 296
196 312
310 297
216 290
289 274
262 257
281 270
322 308
208 286
187 263
342 286
334 282
193 306
353 295
280 311
326 278
185 302
272 307
373 273
186 267
304 259
209 287
251 284
292 285
311 298
284 281
357 265
303 294
189 272
263 258
323 272
295 290
274 267
201 283
315 268
261 297
307 264
240 274
253 293
368 280
232 270
273 271
338 288
284 317
243 279
371 285
304 295
296 291
182 269
297 256
337 292
316 269
307 300
300 261
273 307
