575 441
576 441
577 441
575 440
574 439
573 438
573 440
572 439
571 440
573 437
576 439
577 438
578 442
579 441
580 440
576 442
578 439
579 438
580 437
581 438
570 441
569 442
568 441
567 442
566 441
565 442
564 441
574 441
579 437
578 436
579 435
577 437
580 436
581 435
571 442
578 438
570 443
572 437
575 442
574 443
564 442
577 439
580 438
563 440
573 444
572 444
576 443
577 444
578 445
577 446
578 447
577 448
576 448
575 449
574 448
574 450
573 451
572 451
576 450
574 452
575 451
567 440
566 439
567 438
566 437
568 437
578 440
569 437
568 439
573 453
572 453
576 452
577 453
578 454
577 455
578 456
578 449
574 436
575 435
576 434
574 445
575 444
574 454
575 453
577 450
579 444
580 443
580 445
581 442
582 442
579 453
580 452
580 454
579 451
581 451
576 436
573 446
572 446
576 445
570 438
573 455
572 455
571 456
570 457
569 458
570 459
568 457
572 457
571 458
576 454
581 444
568 459
583 441
582 440
584 440
583 439
572 441
574 438
575 437
577 434
581 453
572 450
571 449
570 450
572 448
569 451
570 452
568 450
567 449
566 448
567 447
566 446
567 445
566 444
568 444
568 446
565 449
564 449
568 448
566 450
565 451
564 451
574 447
575 446
577 443
566 443
569 460
574 456
575 456
575 455
577 452
566 452
566 453
567 454
568 453
566 455
565 456
564 456
568 455
567 444
566 457
565 458
564 458
566 459
565 460
564 460
563 461
562 460
562 462
561 463
560 463
564 462
565 463
566 462
566 464
567 465
565 465
564 465
563 463
576 449
575 438
568 464
569 441
562 464
567 463
569 440
568 462
569 462
568 460
564 455
564 454
563 454
564 464
576 438
576 447
576 444
562 453
561 454
568 443
568 452
567 456
570 461
579 439
565 457
564 453
562 455
561 456
579 448
571 444
582 444
582 453
560 453
571 453
563 449
560 462
559 461
563 458
583 445
583 446
572 445
572 454
583 454
564 450
575 450
564 459
568 438
578 451
567 451
567 460
570 456
579 443
571 439
582 439
579 452
571 448
571 457
560 457
560 458
559 456
563 453
563 462
583 440
572 440
575 436
572 449
575 445
575 454
566 463
567 437
578 437
567 446
578 446
570 442
578 455
567 455
570 451
567 464
559 457
558 458
570 460
559 460
579 447
557 459
556 460
556 461
557 461
571 443
582 443
579 456
563 439
582 452
583 451
583 450
583 449
582 448
560 452
559 451
571 452
563 448
563 457
564 440
574 444
574 453
566 449
566 458
567 441
578 441
570 437
567 450
578 450
567 459
559 455
558 454
570 455
559 464
559 465
558 463
579 442
582 438
571 438
582 447
571 447
570 446
563 443
563 444
564 445
564 446
563 452
562 456
562 465
565 461
555 462
555 463
556 464
556 465
554 461
559 450
560 449
560 448
560 447
559 446
558 449
559 459
563 438
562 451
558 453
557 452
556 452
556 451
556 450
555 449
555 453
555 448
556 447
557 447
555 466
554 465
553 464
552 463
552 462
551 461
552 461
551 460
558 462
570 445
559 445
560 444
560 443
559 442
558 444
570 454
554 460
553 459
552 458
552 457
551 456
551 455
550 454
555 452
554 451
553 450
553 449
558 448
566 461
558 457
578 435
558 466
570 440
581 437
581 446
569 444
584 442
569 453
581 455
584 451
561 449
561 458
562 441
561 440
585 443
585 444
586 445
586 446
587 447
587 448
588 449
586 449
586 450
585 449
589 450
589 451
590 452
590 453
591 454
591 455
586 444
587 443
587 442
586 441
586 440
585 448
592 455
573 441
565 437
573 450
562 450
585 452
585 453
586 454
565 446
562 459
565 455
565 464
554 464
574 442
566 438
577 447
566 447
555 447
588 444
589 445
589 446
590 447
590 448
591 449
591 450
592 451
593 452
593 453
558 452
580 449
557 456
556 456
556 455
555 457
555 458
554 456
553 455
553 454
552 453
551 452
552 452
551 451
551 450
554 455
557 465
581 441
569 439
569 448
581 450
592 450
561 444
584 446
569 457
561 453
550 453
549 452
548 451
548 450
547 452
546 452
545 451
544 452
544 453
544 454
545 455
545 454
547 453
547 454
548 455
548 454
543 451
543 455
543 456
544 457
544 458
545 459
545 460
546 461
542 454
546 456
547 457
547 458
548 459
548 460
549 461
550 462
561 462
573 436
585 447
562 445
562 446
573 445
565 441
562 454
573 454
565 450
554 450
554 459
543 459
542 459
543 460
543 461
542 458
565 459
574 437
576 456
553 463
577 442
566 442
568 461
580 435
588 448
580 444
580 453
546 451
557 451
557 460
584 447
546 460
549 456
549 457
550 458
581 436
569 443
581 445
584 441
561 439
581 454
569 452
592 454
561 448
584 450
569 461
550 457
561 457
542 453
562 440
573 449
562 449
565 445
565 454
576 451
587 451
587 452
588 453
568 447
553 458
568 456
568 465
588 443
589 442
590 443
591 444
591 445
590 442
591 441
591 440
590 439
590 438
589 441
588 440
592 446
593 447
594 446
595 447
594 445
593 444
593 448
594 449
594 450
593 443
596 448
596 449
589 440
592 441
593 442
594 441
595 442
595 443
594 440
593 439
596 444
597 445
597 446
598 447
598 448
598 446
593 438
592 437
591 436
596 443
596 447
592 436
592 445
595 446
580 439
588 452
580 448
557 446
557 455
546 455
549 451
557 464
549 460
569 438
592 440
581 440
569 447
561 443
584 445
569 456
550 452
561 452
591 453
561 461
542 457
572 458
564 463
565 440
595 441
556 459
576 437
576 446
587 446
568 442
576 455
553 453
587 455
568 451
553 462
545 458
599 447
600 446
600 445
601 444
602 445
602 446
601 443
603 446
599 444
598 443
598 442
597 441
597 440
596 439
595 438
595 437
594 436
594 435
596 438
597 437
598 438
598 437
597 436
597 435
599 439
599 440
600 441
600 440
601 439
602 440
602 441
601 438
602 437
602 436
602 435
603 437
604 438
604 439
605 440
606 439
607 439
606 438
605 441
608 440
609 439
610 440
610 441
609 438
608 437
608 441
609 442
609 443
609 444
610 445
608 436
607 435
606 434
606 433
608 445
607 444
606 444
606 443
608 446
605 445
605 446
604 444
609 437
610 436
611 446
604 443
605 435
605 436
604 434
605 444
611 441
612 442
613 441
614 442
614 443
613 440
612 439
612 443
612 438
613 437
614 438
613 436
614 437
613 435
614 434
614 433
612 434
615 439
616 440
617 439
618 440
617 438
616 441
617 442
617 443
617 437
618 436
618 435
617 434
616 436
619 441
620 442
621 441
622 442
621 440
620 439
620 443
621 444
620 438
621 437
621 436
621 435
620 437
615 434
615 443
616 435
616 444
616 445
616 446
617 447
619 436
612 433
611 432
610 432
609 433
609 434
615 438
608 435
622 437
623 438
619 440
611 436
611 445
603 441
612 437
623 437
624 436
623 435
625 437
615 433
615 442
604 442
618 444
618 445
619 445
607 434
607 443
622 441
619 435
619 444
611 440
603 436
603 445
612 432
615 437
604 437
618 439
610 435
618 448
610 444
607 438
622 436
599 443
619 439
611 435
611 444
600 444
603 440
606 442
618 434
618 443
610 439
607 433
607 442
599 438
622 440
588 447
557 450
546 459
549 455
603 435
560 461
591 439
614 441
606 437
561 447
591 448
606 446
594 444
583 444
542 452
583 453
552 456
595 436
618 438
556 454
610 434
556 463
595 445
544 461
618 447
587 441
610 443
553 448
587 450
553 457
607 437
545 453
622 435
588 442
599 442
621 439
580 447
602 444
613 444
613 445
613 446
614 446
557 454
546 454
549 450
590 451
549 459
560 456
614 436
560 465
561 442
591 443
614 445
594 439
606 441
591 452
583 448
594 448
564 444
552 451
556 449
552 460
618 442
595 440
556 458
544 456
610 438
595 449
587 445
617 446
553 452
587 454
553 461
545 457
599 437
600 436
599 435
600 435
621 443
598 441
613 439
602 439
557 449
579 446
590 446
560 442
579 455
590 455
589 455
571 451
560 451
582 451
563 447
571 460
560 460
548 458
591 438
563 456
614 440
606 436
563 465
591 447
583 443
594 443
606 445
572 443
564 439
575 439
572 452
583 452
575 448
564 448
564 457
552 455
544 451
556 453
595 435
552 464
610 433
595 444
544 460
556 462
576 440
587 440
617 441
568 445
620 446
620 447
609 446
553 456
601 442
545 452
586 453
567 458
598 436
621 438
559 454
613 434
559 463
570 463
598 445
551 459
602 443
613 443
590 441
571 437
579 450
590 450
560 446
582 446
571 446
563 442
548 453
560 455
582 455
571 455
563 451
614 435
560 464
563 460
591 442
572 438
606 440
594 438
591 451
572 447
583 447
594 447
564 443
575 443
575 452
564 452
552 450
556 448
552 459
556 457
544 455
576 435
589 454
617 436
609 432
555 461
617 445
568 440
609 441
620 441
601 437
586 448
601 446
578 444
578 453
567 453
559 449
570 449
567 462
598 440
570 458
559 458
621 442
579 436
602 438
551 454
613 438
590 445
551 463
579 445
571 441
560 441
582 441
579 454
590 454
571 450
560 450
582 450
563 446
548 457
560 459
571 459
563 455
591 437
606 435
563 464
572 442
583 442
594 442
564 438
605 439
616 439
575 447
564 447
597 444
608 444
552 454
574 451
589 449
544 459
555 456
566 456
577 456
617 440
609 436
620 436
555 465
566 465
558 461
586 443
609 445
547 461
620 445
567 439
601 441
586 452
578 448
567 448
559 444
570 444
567 457
570 453
559 453
598 435
551 449
613 433
598 444
559 462
570 462
579 440
590 440
602 442
613 442
551 458
579 449
590 449
560 445
571 445
582 445
612 446
563 441
571 454
560 454
582 454
548 452
563 450
593 451
548 461
563 459
594 437
605 434
616 434
562 463
605 443
616 443
608 439
597 439
552 449
574 446
597 448
589 444
574 455
577 451
566 451
617 435
555 451
589 453
558 447
566 460
555 460
617 444
609 440
547 456
620 440
558 456
578 434
601 436
586 447
558 465
601 445
567 443
578 443
570 439
567 452
578 452
570 448
598 439
551 453
559 466
551 462
590 444
560 440
612 441
593 437
582 449
563 445
593 446
615 446
604 446
548 456
596 442
585 442
585 451
562 458
616 438
605 438
554 454
543 454
608 434
554 463
616 447
597 443
608 443
589 439
589 448
555 455
620 435
558 451
547 451
609 435
555 464
586 442
547 460
620 444
558 460
601 440
586 451
619 448
559 443
559 452
592 449
581 449
551 457
584 454
623 436
612 436
612 445
550 461
593 441
615 441
604 441
596 437
593 450
596 446
562 444
585 446
624 437
554 449
605 433
605 442
616 442
543 458
554 458
597 438
608 438
597 447
589 443
555 450
589 452
558 446
555 459
547 455
558 455
601 435
619 434
558 464
619 443
600 439
611 439
559 447
570 447
603 444
592 444
592 453
584 449
623 440
550 456
612 440
593 436
615 436
604 436
561 465
615 445
604 445
593 445
573 439
562 439
596 441
585 441
585 450
573 448
562 448
565 444
573 457
562 457
554 453
565 453
605 437
616 437
543 453
608 433
565 462
554 462
597 442
608 442
574 440
577 436
574 449
577 445
589 447
566 445
607 446
555 454
566 454
577 454
558 450
588 451
547 459
558 459
619 438
611 434
557 463
619 447
600 443
611 443
581 439
592 439
603 439
581 448
569 446
592 448
584 444
569 455
612 435
584 453
561 451
550 451
569 464
550 460
612 444
561 460
615 440
593 440
604 440
542 456
596 436
593 449
562 443
573 443
596 445
585 445
565 439
562 452
573 452
585 454
565 448
554 448
562 461
554 457
543 457
574 435
567 461
566 440
577 440
607 441
622 439
577 449
558 445
588 446
599 446
580 442
588 455
580 451
546 458
619 442
557 458
611 438
600 438
549 454
600 447
581 443
592 443
603 443
581 452
569 450
592 452
584 448
561 446
569 459
550 455
561 455
623 439
593 435
615 435
604 435
561 464
615 444
585 440
562 438
596 440
618 437
562 447
573 447
565 443
618 446
573 456
610 442
565 452
543 452
554 452
587 449
577 435
607 436
568 454
553 465
545 461
607 445
568 463
599 441
622 443
588 441
588 450
580 446
546 453
580 455
619 437
557 453
611 433
619 446
557 462
600 442
611 442
549 458
592 438
603 438
592 447
581 447
569 445
584 443
561 441
614 444
569 454
584 452
550 450
561 450
569 463
561 459
550 459
542 455
572 456
596 435
573 442
562 442
564 461
565 438
595 439
618 441
610 437
565 447
595 448
556 466
587 444
610 446
587 453
576 453
553 451
568 449
553 460
568 458
607 440
545 456
622 438
599 436
599 445
588 454
557 448
580 450
557 457
546 457
588 445
549 453
600 437
611 437
557 466
603 442
592 442
614 439
569 449
559 448
561 445
591 446
580 441
