408 385
409 386
408 384
410 387
411 388
412 389
411 387
412 386
411 390
409 387
409 384
408 388
410 385
411 384
412 383
410 391
409 390
408 391
407 390
410 388
413 387
414 386
413 384
414 383
415 384
416 383
417 382
418 381
419 382
420 381
407 389
420 383
411 389
412 388
410 390
413 389
414 388
416 385
411 382
410 381
411 380
410 379
411 378
412 377
409 378
413 378
414 377
412 379
409 380
413 380
415 377
414 379
416 376
415 375
416 374
417 373
417 375
421 384
422 383
420 385
412 381
411 391
412 390
408 386
419 386
418 386
422 385
423 386
424 387
423 388
424 389
423 390
422 390
421 391
420 390
419 391
420 392
419 393
418 393
422 392
420 394
421 393
410 383
413 382
414 381
416 378
419 395
418 395
422 394
423 395
424 396
423 397
410 392
414 390
418 372
418 390
406 388
405 387
406 386
405 385
404 384
403 383
404 382
402 384
405 383
403 385
402 386
401 386
403 387
404 386
402 388
401 388
400 389
399 388
399 390
398 391
397 390
396 389
395 388
394 389
397 388
395 390
394 391
393 391
392 392
391 393
392 394
393 393
391 395
401 390
392 396
390 396
399 392
391 397
403 389
425 386
426 387
425 395
417 391
418 374
418 383
418 384
418 392
406 390
410 378
414 376
422 389
421 388
399 387
398 386
414 385
402 383
391 392
390 391
411 379
424 398
417 377
425 390
417 386
425 399
425 400
409 382
417 395
394 393
395 394
409 391
418 378
418 379
418 387
418 388
406 385
421 383
418 396
418 397
398 390
421 392
390 395
410 382
414 380
399 391
402 387
405 389
417 372
425 385
417 381
425 394
424 393
409 377
394 388
417 390
418 373
418 382
406 389
398 385
421 387
390 390
410 377
402 382
413 379
424 388
413 388
416 384
405 384
424 397
397 389
417 376
425 389
417 385
409 381
394 392
417 394
416 393
418 377
406 384
421 382
422 381
422 380
421 379
421 378
398 389
420 386
390 394
420 395
412 391
423 391
401 391
402 392
402 393
403 394
393 396
394 397
394 398
395 399
413 383
416 379
424 392
413 392
413 393
414 394
414 395
405 388
397 384
417 371
416 370
425 384
424 383
417 380
409 376
417 389
416 388
394 387
409 385
394 396
419 398
398 384
399 383
399 382
398 381
398 380
399 379
399 378
399 377
413 396
413 397
413 398
414 399
412 395
397 379
416 392
427 388
428 389
429 388
429 387
428 386
428 390
428 391
429 392
429 393
428 385
428 394
428 395
429 396
429 397
427 393
389 389
401 381
423 381
393 386
392 385
391 384
391 383
391 382
390 381
390 385
390 386
391 387
391 388
392 389
390 380
391 379
392 380
391 378
390 377
423 399
422 399
421 398
421 397
412 399
411 398
410 397
409 396
410 396
409 395
412 400
413 401
413 402
409 394
408 393
393 395
404 395
404 396
405 397
405 398
406 399
406 400
406 398
405 401
404 401
405 402
405 403
406 403
404 400
404 404
403 403
402 402
402 401
401 400
404 405
401 399
400 398
399 397
399 396
398 395
397 394
398 394
397 393
416 369
415 368
414 367
414 366
424 382
425 381
426 382
425 380
424 379
424 378
416 387
397 383
396 382
395 381
395 380
394 379
394 378
394 382
394 383
393 382
393 377
397 392
417 370
418 369
419 370
418 368
417 367
417 366
418 365
419 365
430 389
431 390
432 391
433 390
433 389
432 388
432 392
432 393
433 394
432 387
431 386
431 394
431 395
432 396
432 397
415 400
394 377
430 398
431 399
431 400
432 401
427 383
408 379
407 378
406 379
406 380
406 381
407 382
405 379
405 378
404 377
419 379
427 392
419 388
389 384
400 384
408 397
407 396
406 395
406 394
405 393
408 398
409 399
409 400
409 401
410 401
405 392
404 391
408 402
419 397
389 393
388 392
387 391
387 390
387 389
386 388
386 392
386 393
387 394
387 395
385 391
384 390
383 389
383 388
383 387
382 386
382 390
382 391
383 392
383 393
384 394
385 395
385 396
386 397
386 398
387 399
387 400
386 401
386 402
386 403
387 404
387 405
385 400
384 399
383 398
383 397
382 399
382 400
381 398
380 397
379 396
379 395
378 394
378 393
379 394
380 393
380 392
379 391
379 390
378 389
378 388
385 404
385 405
386 387
387 386
388 387
387 385
386 384
386 383
385 386
384 385
383 384
383 383
378 392
381 393
382 385
381 384
380 384
380 383
379 382
379 381
380 382
379 380
380 379
382 394
382 395
385 390
385 399
386 382
387 381
387 380
386 379
386 378
385 377
385 381
384 381
384 380
383 379
383 378
388 401
377 391
376 390
400 393
420 371
421 370
422 371
422 372
421 369
422 370
421 373
421 374
422 375
422 376
421 368
422 367
422 366
421 365
420 367
423 372
424 373
424 374
425 375
425 376
389 402
389 403
390 404
390 405
391 406
423 367
420 380
412 376
411 375
410 374
410 373
411 372
411 371
411 370
410 369
410 368
409 372
410 372
409 367
409 371
412 372
413 373
414 372
415 372
414 371
413 374
409 366
423 376
431 389
420 389
412 385
401 385
423 385
431 398
404 381
403 380
402 379
402 378
401 377
393 381
381 379
423 394
412 394
401 394
401 395
402 396
402 397
401 396
393 390
404 390
434 391
435 392
435 393
436 394
436 395
437 396
437 397
437 398
436 399
436 400
437 401
435 398
435 397
436 398
435 401
435 402
435 396
438 398
435 391
413 368
413 369
412 367
411 366
381 397
404 399
393 399
393 400
393 401
394 402
394 401
434 400
433 399
413 377
424 377
426 396
427 397
416 373
405 382
416 382
382 380
382 381
397 378
382 389
381 388
380 388
380 387
385 385
415 386
385 394
415 395
438 397
396 391
407 391
430 393
396 400
407 400
388 396
419 374
388 405
427 387
408 383
419 383
427 396
400 379
389 379
388 378
419 392
408 392
400 388
389 388
408 401
420 366
400 397
389 397
389 398
390 399
390 400
391 401
391 402
392 403
393 404
393 405
394 406
393 407
394 407
395 408
396 409
397 408
398 409
399 410
398 408
397 407
396 410
397 411
397 412
397 413
398 414
399 415
398 413
400 416
400 411
401 410
402 411
401 409
400 408
400 412
401 413
401 414
400 407
399 406
398 405
398 404
397 403
398 403
397 402
401 408
403 412
404 412
405 412
405 411
404 410
404 409
404 408
420 375
420 376
389 406
389 407
389 408
390 409
400 406
401 405
402 406
401 404
400 403
400 402
399 401
398 400
398 399
397 398
397 397
396 396
423 371
412 371
420 384
412 380
401 380
423 380
423 389
401 389
393 385
404 385
381 383
404 394
381 392
434 395
411 393
426 391
381 401
380 401
399 404
416 368
411 402
392 398
426 400
403 398
392 407
403 407
384 403
383 402
399 411
395 403
385 380
415 381
396 377
407 377
406 376
415 390
407 386
430 388
415 399
416 398
416 397
388 382
407 395
430 397
396 395
388 391
396 404
396 405
419 369
388 400
427 382
428 381
429 382
429 383
428 380
429 379
429 378
429 377
428 376
428 375
430 380
427 374
426 373
430 384
430 379
396 413
395 412
394 411
393 410
394 410
393 409
419 378
408 378
427 391
408 387
419 387
389 383
400 383
408 396
419 396
377 390
389 392
400 392
420 370
400 401
423 366
412 366
422 398
433 398
423 375
412 375
399 405
404 380
393 380
399 414
402 410
426 377
426 378
427 378
381 387
434 390
392 384
403 384
426 386
411 397
434 399
392 393
426 395
403 393
395 389
384 389
403 402
392 402
415 367
395 398
384 398
403 411
415 376
407 387
395 407
415 385
407 381
396 381
430 383
415 394
438 396
439 395
388 377
396 390
430 392
388 386
396 399
407 399
437 400
388 395
427 377
396 408
419 373
427 386
388 404
408 382
400 378
389 378
406 412
389 387
400 387
420 365
422 384
377 394
433 393
422 393
412 370
423 370
414 389
399 400
410 400
433 402
391 396
380 396
414 398
399 409
411 374
391 405
402 405
381 382
411 383
383 401
392 379
403 379
426 381
434 394
411 392
403 388
426 390
392 388
411 401
395 384
395 385
396 386
384 384
392 397
426 399
403 397
395 393
384 393
403 406
392 406
415 371
395 402
384 402
415 380
395 411
430 378
407 376
415 389
407 385
396 385
430 387
388 381
407 394
396 394
437 395
388 390
418 391
429 391
419 368
388 399
408 377
419 377
421 396
387 403
400 382
398 412
422 379
377 389
390 408
414 375
399 386
410 386
422 388
433 388
414 384
422 397
433 397
399 395
410 395
414 393
380 391
391 391
402 391
411 369
414 402
380 400
379 399
391 400
402 400
399 413
383 396
402 409
391 409
426 376
434 389
435 388
426 385
392 383
411 396
395 379
384 379
426 394
403 392
384 388
403 401
392 401
415 366
395 397
384 397
425 398
376 393
375 392
395 406
407 380
396 380
388 385
429 386
437 399
429 395
406 393
406 402
387 398
398 398
422 365
406 411
398 407
422 374
390 403
414 370
399 381
391 377
402 377
433 392
391 386
380 386
399 399
410 399
433 401
383 382
402 395
414 397
380 395
399 408
411 373
383 391
402 404
391 404
383 400
402 413
426 380
392 378
403 378
392 387
384 383
395 383
403 396
395 392
384 392
425 393
436 393
415 370
395 401
436 402
417 398
428 398
428 399
428 400
429 400
394 405
388 380
429 381
437 394
421 377
429 390
387 384
421 386
406 397
429 399
421 395
398 393
387 393
379 389
390 389
398 402
387 402
422 369
410 367
390 398
379 398
380 381
398 411
410 394
410 376
422 378
390 407
414 374
422 387
399 385
402 381
391 381
433 396
422 396
399 394
383 377
402 390
391 390
414 392
380 390
399 403
383 386
411 368
380 399
391 399
402 399
380 385
432 400
411 377
383 395
402 408
391 408
426 375
392 382
403 382
395 378
384 378
425 379
405 410
384 387
395 387
397 406
425 388
428 384
417 384
425 397
436 397
376 392
417 393
428 393
409 389
394 400
418 367
409 398
386 396
394 409
418 376
429 376
430 375
431 376
432 377
433 376
433 375
432 378
431 375
434 376
435 376
436 375
435 374
433 374
434 375
386 405
421 372
418 385
406 383
429 385
387 379
421 381
398 379
418 394
406 392
429 394
421 390
398 388
387 388
406 401
390 384
398 397
387 397
406 410
390 393
379 393
387 406
387 407
398 406
422 373
410 371
390 402
414 369
398 415
422 382
399 380
410 380
414 378
410 389
399 389
414 387
402 385
391 385
410 398
383 381
402 394
380 394
391 394
432 395
383 390
424 391
413 391
383 399
424 400
413 400
435 400
403 377
416 396
405 396
425 374
436 374
382 403
395 382
425 383
397 401
417 379
428 379
425 392
436 392
397 410
409 375
408 374
428 388
417 388
394 386
436 401
417 397
428 397
394 395
409 393
386 391
375 391
394 404
418 371
409 402
386 400
421 367
418 380
378 396
429 380
406 378
421 376
418 389
406 387
429 389
421 385
387 383
398 383
406 396
390 379
421 394
398 392
387 392
416 390
379 388
390 388
398 401
387 401
410 366
422 368
390 397
379 397
420 398
410 375
433 377
390 406
414 373
410 384
399 384
401 403
391 380
380 380
402 380
401 412
402 389
391 389
393 408
432 390
383 385
413 386
424 386
432 399
424 395
435 395
413 395
416 391
405 391
397 387
405 400
382 398
397 396
425 378
405 409
417 374
425 387
385 403
397 405
417 383
394 381
428 383
436 396
425 396
397 414
386 377
409 379
394 390
417 392
428 392
409 388
386 386
394 399
418 366
409 397
386 395
394 408
418 375
378 391
429 375
386 404
421 371
406 382
429 384
387 378
421 380
398 378
406 391
421 389
398 387
387 387
390 383
379 383
398 396
387 396
400 415
379 392
390 392
431 393
420 393
410 370
390 401
414 368
401 398
423 398
412 398
432 376
393 394
401 407
424 372
413 372
404 403
393 403
383 380
413 381
424 381
432 394
416 377
405 377
413 390
424 390
435 390
382 384
405 386
416 386
413 399
424 399
435 399
397 382
382 393
405 395
416 395
425 373
397 391
385 389
382 402
417 369
385 398
397 400
425 382
428 378
417 378
425 391
397 409
409 374
417 387
394 385
428 387
409 383
386 381
394 394
417 396
428 396
375 390
386 390
409 392
394 403
418 370
386 399
421 366
405 390
427 400
378 395
406 377
421 375
387 382
398 382
389 401
390 378
420 379
400 410
390 387
379 387
420 388
431 388
423 384
412 384
401 384
420 397
431 397
423 393
401 393
412 393
393 389
404 389
412 402
401 402
413 367
404 398
381 396
393 398
401 411
424 376
413 376
404 407
432 389
416 372
424 385
413 385
432 398
416 381
405 381
382 379
413 394
424 394
435 394
397 377
382 388
385 384
397 386
405 399
416 399
382 397
425 377
385 393
397 395
385 402
397 404
409 369
428 382
394 380
386 385
386 394
427 395
439 397
378 390
408 400
387 377
398 377
389 396
400 396
420 374
389 405
400 405
390 382
400 414
423 379
401 379
431 392
431 401
393 384
412 397
401 397
381 391
404 393
432 375
401 406
413 371
424 371
381 400
393 402
404 402
416 367
424 380
404 411
435 389
382 383
397 381
385 379
416 394
382 392
405 394
385 388
425 372
382 401
417 368
397 399
385 397
415 398
428 377
430 396
409 373
394 384
396 403
386 380
427 381
396 412
407 412
386 389
427 390
427 399
389 382
408 395
400 391
389 391
420 369
400 400
389 400
423 365
431 378
420 378
400 409
423 374
412 374
431 387
420 387
401 383
423 383
420 396
431 396
404 379
393 379
412 392
401 392
423 392
404 388
393 388
381 386
401 401
412 401
413 366
393 397
404 397
381 395
434 398
435 375
413 375
424 375
404 406
393 406
416 371
424 384
416 380
405 380
382 378
403 410
392 410
382 387
416 389
397 385
385 383
382 396
385 392
438 395
415 393
430 391
385 401
409 368
396 398
407 398
430 400
388 394
427 376
396 407
419 372
427 385
388 403
408 381
419 381
427 394
439 396
400 377
389 377
419 390
408 390
400 386
389 386
408 399
389 395
400 395
377 393
420 373
389 404
400 404
423 369
412 369
420 382
400 413
401 378
423 378
412 378
431 391
420 391
401 387
423 387
412 387
393 383
404 383
381 381
423 396
412 396
393 392
404 392
381 390
434 393
413 370
426 389
381 399
411 400
434 402
416 366
426 398
416 375
392 405
403 405
382 382
384 401
385 378
397 380
415 379
395 410
430 377
385 387
415 388
407 384
396 384
430 386
438 399
415 397
396 393
430 395
407 393
388 389
407 402
396 402
419 367
388 398
427 380
396 411
408 376
419 376
427 389
388 407
419 385
427 398
400 381
389 381
419 394
408 394
400 390
389 390
420 368
400 399
389 399
420 377
431 377
423 373
412 373
423 382
412 382
401 382
414 401
393 378
404 378
399 412
404 387
393 387
381 385
411 386
434 388
424 365
426 384
381 394
434 397
411 395
392 391
403 391
426 393
403 400
392 400
382 377
395 396
384 396
392 409
403 409
415 374
395 405
385 382
415 383
396 379
407 379
430 381
415 392
438 394
430 390
396 388
407 388
388 384
396 397
407 397
430 399
388 393
427 375
396 406
419 371
427 384
388 402
408 380
419 380
419 389
408 389
400 385
389 385
400 394
377 392
389 394
420 372
433 391
422 391
423 368
412 368
399 398
433 400
423 377
414 396
399 407
434 374
402 403
391 403
381 380
399 416
411 381
402 412
392 377
426 379
381 389
434 392
392 386
426 388
403 386
411 399
434 401
384 382
426 397
392 395
403 395
384 391
395 391
392 404
403 404
415 369
384 400
395 400
403 413
415 378
395 409
430 376
415 387
407 383
430 385
396 383
415 396
388 379
407 392
430 394
396 392
437 393
388 388
407 401
396 401
419 366
408 366
388 397
427 379
418 398
429 398
408 375
419 375
388 406
419 384
389 380
400 380
398 410
422 377
422 386
414 382
380 398
399 393
410 393
422 395
433 395
380 389
414 391
410 402
399 402
411 367
414 400
402 398
391 398
411 376
383 394
391 407
402 407
392 381
426 374
383 403
411 385
403 381
426 383
434 396
411 394
384 377
395 377
403 390
392 390
426 392
395 386
384 386
403 399
392 399
426 401
395 395
384 395
403 408
392 408
376 391
415 373
384 404
395 404
415 382
415 391
396 378
396 387
388 383
