643 287
642 287
641 286
644 287
644 288
642 286
645 287
641 288
640 286
639 285
638 286
643 285
644 284
641 285
640 289
639 288
638 289
643 288
645 285
646 284
647 283
645 288
646 287
647 286
648 284
649 283
637 290
648 287
649 286
650 285
637 291
648 285
638 292
637 287
636 288
651 286
647 282
649 288
638 288
640 285
639 287
641 284
640 283
641 282
642 283
645 284
636 290
635 290
648 289
647 289
637 289
647 284
638 290
649 290
639 289
643 289
645 286
646 285
648 282
649 281
648 280
647 280
649 279
650 278
649 277
651 277
652 276
651 279
653 276
636 292
635 292
648 291
647 291
646 292
645 291
645 293
644 294
643 294
647 293
645 295
646 294
639 282
638 281
637 280
636 279
638 279
639 278
638 277
636 281
640 278
639 280
641 277
640 276
642 276
637 282
636 283
642 278
638 283
641 279
644 296
643 296
647 295
648 296
649 295
649 297
648 298
647 298
646 299
645 300
644 299
644 301
643 301
647 300
645 302
646 301
644 303
643 303
647 302
648 303
649 304
643 298
646 303
648 300
650 294
651 295
650 303
651 302
650 301
652 301
642 299
641 300
649 292
639 291
640 292
641 291
642 292
641 293
652 285
653 285
654 286
655 286
656 285
655 284
654 287
655 288
657 285
656 287
658 284
657 283
658 282
657 287
652 294
652 303
640 301
656 282
644 289
644 298
648 277
637 277
645 290
637 286
648 286
645 299
648 295
648 304
649 278
638 278
641 283
652 280
640 287
656 286
644 293
644 302
647 304
637 281
648 281
648 290
651 301
657 281
642 281
652 275
652 284
640 282
652 293
651 292
640 291
640 300
652 302
656 281
644 297
647 299
637 276
648 276
659 282
651 278
636 289
651 287
651 296
651 297
652 298
652 299
652 279
640 277
652 288
652 289
652 297
644 283
645 282
645 281
644 280
644 279
655 280
644 292
655 289
656 290
656 291
656 292
657 292
658 285
647 285
647 294
639 290
647 303
639 299
636 275
636 284
659 286
659 287
660 288
660 289
636 293
636 294
637 295
637 296
638 297
651 291
651 300
652 274
652 283
651 282
640 281
640 290
640 299
643 292
644 278
645 277
645 276
646 297
658 280
655 293
655 294
656 295
656 296
659 281
660 280
660 279
659 290
659 291
659 292
660 293
658 289
636 297
636 298
635 297
655 279
656 278
657 278
656 277
656 276
655 275
647 275
655 297
655 298
654 296
658 293
658 294
659 295
659 296
639 298
636 274
659 285
660 284
651 281
651 290
661 294
653 299
643 282
662 295
663 294
664 295
664 296
663 293
663 297
663 298
663 299
664 300
662 296
665 301
662 300
662 301
663 302
665 296
666 297
667 296
667 295
666 294
666 298
666 293
667 292
668 293
667 291
667 290
666 289
646 278
635 278
643 291
635 287
634 286
643 300
654 300
654 301
655 302
656 301
656 300
655 303
665 300
635 296
634 295
633 294
633 293
632 292
632 291
632 295
632 296
633 297
633 298
633 299
632 300
632 301
632 290
633 289
633 288
632 287
632 286
631 299
646 296
655 283
654 282
647 279
658 279
655 292
654 291
666 292
665 291
664 291
664 290
663 289
663 288
664 287
639 275
638 274
647 288
658 288
639 284
647 297
658 297
658 298
658 299
659 300
659 301
660 302
658 302
639 293
639 294
640 295
640 296
657 301
636 278
651 276
636 287
650 280
650 289
661 289
631 285
630 284
629 283
629 282
630 283
629 281
628 280
628 284
628 279
629 278
630 279
629 277
629 276
630 275
631 276
630 274
629 273
629 272
632 277
633 278
633 279
633 280
634 281
628 275
627 274
626 273
626 272
625 271
626 271
625 274
625 275
626 276
626 277
626 278
625 279
625 280
626 281
626 282
625 283
625 284
625 285
626 286
626 287
625 288
625 289
625 290
626 291
626 290
624 287
632 281
632 282
633 283
633 284
627 288
628 289
624 282
624 291
628 288
629 287
630 288
629 286
632 276
633 275
634 276
633 274
632 273
632 272
631 271
627 283
627 292
628 293
629 292
630 293
629 291
628 294
629 295
629 296
628 297
628 298
627 297
626 296
626 295
625 294
625 293
624 286
623 285
622 284
624 295
624 296
623 294
622 293
621 292
621 291
620 290
620 289
621 290
622 289
620 293
619 292
618 292
618 291
620 294
621 295
621 296
621 297
622 298
617 293
617 294
618 295
618 296
619 297
616 292
620 298
620 299
617 297
616 297
617 298
617 299
618 300
618 301
616 296
616 291
615 290
614 290
614 289
613 291
613 292
614 293
614 294
613 295
613 296
613 297
623 287
614 298
614 299
613 300
613 301
612 299
612 294
611 293
610 292
609 293
609 294
608 292
615 299
616 300
616 301
628 274
628 283
620 288
619 287
618 287
618 286
621 287
621 286
620 285
617 288
617 289
616 287
620 284
619 283
618 282
618 281
619 280
619 279
618 278
619 278
618 277
617 280
620 280
621 281
622 280
622 279
621 278
621 282
621 277
617 279
616 278
621 276
622 275
623 276
622 274
621 273
621 272
622 271
623 271
620 271
620 275
619 274
618 273
619 273
618 272
624 277
617 274
617 275
620 279
642 285
650 298
642 294
631 294
653 294
621 271
632 271
634 290
619 301
653 303
631 281
634 299
643 277
654 277
662 290
662 291
635 273
643 286
662 299
661 298
660 298
646 282
623 280
635 282
654 295
665 295
643 295
627 278
623 289
635 291
646 291
654 304
627 287
612 298
611 297
610 297
610 296
609 298
609 299
608 297
608 296
607 295
606 295
606 294
606 293
605 292
605 296
605 297
606 298
606 299
607 300
608 301
605 300
604 299
603 298
602 297
602 296
601 295
601 294
600 293
601 298
601 299
602 300
602 301
602 302
601 293
602 292
603 293
600 297
599 296
599 295
598 294
598 293
598 297
598 298
598 299
599 300
597 297
661 285
597 292
662 286
597 296
596 295
595 294
595 293
594 292
594 291
594 295
594 296
594 297
595 298
595 299
594 300
594 301
595 302
595 303
593 290
592 289
592 288
591 287
591 286
590 285
591 290
591 291
591 292
592 293
592 294
592 295
591 296
591 295
590 294
590 289
589 293
590 284
590 293
589 288
588 287
588 286
587 285
587 284
587 288
587 289
587 290
588 291
586 287
585 286
584 285
583 286
582 286
583 287
586 291
586 292
587 293
587 294
587 295
588 296
588 295
586 296
653 304
589 297
590 298
590 299
591 300
591 301
590 302
589 302
588 301
588 300
587 299
587 298
586 300
586 301
586 302
585 300
590 288
631 277
611 298
593 299
592 298
585 295
584 294
583 295
582 295
583 296
583 297
584 298
594 298
582 294
581 293
650 299
582 298
581 298
582 299
660 290
583 300
583 301
583 302
584 303
582 303
582 304
582 293
583 292
583 291
582 290
634 300
623 286
582 289
642 290
589 283
589 292
589 301
586 286
586 295
653 281
590 283
592 302
581 302
580 302
580 301
580 300
579 299
579 303
579 304
580 305
578 302
579 298
578 301
580 306
579 307
578 306
579 302
578 305
577 304
578 300
577 299
582 288
635 300
646 300
623 298
593 294
655 278
615 294
604 294
627 296
585 290
584 289
647 274
624 272
593 303
658 283
624 281
596 299
585 299
616 277
615 276
615 275
639 279
624 290
605 295
616 295
657 296
597 291
596 290
597 289
595 289
595 288
595 287
596 286
594 287
598 289
594 286
652 304
651 305
651 306
652 307
597 287
593 285
593 284
592 283
592 284
589 287
597 300
597 301
597 302
608 300
649 301
589 296
617 278
628 278
630 297
641 297
620 274
650 275
649 274
577 303
620 283
650 284
642 280
653 280
631 280
586 290
650 293
661 293
642 289
631 289
653 289
661 302
650 302
634 285
642 298
631 298
619 296
653 298
611 292
634 294
600 292
599 291
600 301
653 290
643 281
654 281
603 297
592 297
581 297
580 296
646 277
635 277
584 293
623 275
665 290
654 290
643 290
627 273
646 286
623 284
584 302
635 286
665 299
627 282
635 295
646 295
623 293
612 293
593 289
627 291
615 289
668 292
585 285
604 298
593 298
615 298
624 276
658 278
659 277
585 294
596 294
660 297
596 303
624 285
657 282
616 290
657 291
638 287
649 287
657 300
589 282
608 295
649 296
638 296
589 291
630 292
641 292
649 305
622 288
607 299
641 301
622 297
650 279
577 307
653 275
631 275
650 288
661 288
653 284
642 284
619 282
631 284
650 297
661 297
634 280
619 291
642 293
653 293
631 293
634 289
653 302
619 300
611 296
634 298
600 296
664 299
654 276
581 292
592 292
603 292
643 276
584 288
623 270
581 301
654 285
603 301
592 301
623 279
584 297
646 281
635 281
627 277
646 290
623 288
627 286
623 297
612 297
615 293
604 293
593 293
645 294
585 289
596 289
624 271
660 292
645 303
596 298
585 298
648 299
637 299
637 300
638 301
660 301
616 276
657 277
657 286
610 300
610 301
649 282
638 282
657 295
641 278
630 278
638 291
649 291
589 286
641 287
630 287
649 300
638 300
622 283
630 296
607 294
641 296
599 290
588 290
622 292
650 274
588 299
599 299
650 283
642 279
653 279
631 279
619 277
650 292
661 292
634 275
631 288
653 288
580 304
619 286
642 288
634 284
653 297
642 297
619 295
634 293
600 291
611 291
664 294
592 287
611 300
600 300
592 296
581 296
603 296
656 299
646 276
635 276
584 292
623 274
581 305
627 272
623 283
584 301
627 281
645 280
660 278
593 288
615 288
645 289
585 284
626 285
660 287
637 285
645 298
596 293
585 293
660 296
626 294
637 294
648 294
629 290
618 290
629 299
595 297
618 299
610 295
657 290
630 273
587 302
657 299
630 282
638 295
622 278
630 291
622 287
588 285
630 300
607 298
588 294
599 294
622 296
653 274
619 272
631 274
652 306
653 283
580 299
619 281
631 283
634 279
619 290
634 288
664 289
611 295
600 295
664 298
592 291
581 291
580 290
633 292
656 294
667 294
584 287
581 300
592 300
603 300
656 303
633 301
584 296
623 278
625 297
625 298
614 297
615 274
645 275
626 280
668 295
618 276
626 289
660 291
629 285
626 298
660 300
637 298
595 292
618 294
657 276
629 294
595 301
610 299
587 297
630 277
622 273
630 286
622 282
630 295
607 293
641 295
622 291
588 289
652 292
663 292
599 298
588 298
663 301
653 278
619 276
634 274
619 285
580 303
656 280
600 290
664 293
592 286
656 289
633 287
664 302
603 295
656 298
633 296
584 291
625 292
614 292
614 301
591 299
606 297
645 279
626 275
648 275
637 275
583 304
629 271
628 270
618 271
637 284
660 286
626 284
645 297
629 280
618 280
648 293
637 293
626 293
660 295
618 289
629 289
648 302
587 283
629 298
657 280
618 298
595 296
659 299
638 276
610 294
649 276
587 292
630 272
638 285
587 301
649 285
651 304
630 281
641 281
622 277
652 278
641 290
588 284
622 286
652 287
663 287
607 297
599 293
588 293
663 296
640 294
652 296
619 271
652 305
580 298
632 299
621 299
667 293
602 295
633 273
664 288
644 282
656 284
633 282
664 297
625 278
633 291
644 291
656 293
584 286
625 287
591 285
633 300
644 300
656 302
625 296
614 296
591 294
583 290
594 290
606 292
626 270
645 283
594 299
606 301
583 299
626 279
637 279
648 279
645 292
618 275
629 275
637 288
626 288
648 288
629 284
637 297
648 297
618 293
595 291
629 293
659 294
587 287
595 300
610 298
587 296
651 299
641 276
630 276
622 272
591 293
622 281
652 282
640 280
588 288
663 291
652 291
621 285
632 285
640 298
663 300
652 300
632 294
598 292
621 294
613 290
598 301
613 299
590 297
602 299
633 277
656 279
644 277
579 306
625 273
644 286
633 286
582 302
656 288
625 282
667 297
633 295
644 295
614 291
591 289
625 291
583 285
594 285
591 298
614 300
655 301
594 294
583 294
645 278
606 296
626 274
637 274
648 274
583 303
594 303
629 270
637 283
626 283
648 283
629 279
618 279
659 280
595 286
618 288
629 288
659 289
651 285
595 295
636 296
659 298
587 291
610 293
617 292
628 292
651 294
587 300
617 301
651 303
620 297
609 297
652 277
640 284
663 286
652 286
632 280
621 280
652 295
640 293
663 295
632 289
621 289
621 298
598 296
627 294
632 298
613 294
602 294
590 292
633 272
619 288
590 301
579 301
644 281
633 281
656 283
582 297
625 277
644 290
633 290
591 284
625 286
604 292
655 287
614 295
625 295
655 296
666 296
594 289
583 289
647 292
658 292
591 302
606 300
583 298
647 301
658 301
648 278
637 278
639 297
629 274
618 274
659 284
636 282
651 280
595 290
636 291
659 293
587 286
651 289
628 287
617 287
636 300
659 302
628 296
617 296
651 298
620 292
609 292
586 299
609 301
601 297
640 279
652 281
621 275
632 275
663 290
652 290
578 304
640 288
632 284
621 284
640 297
598 291
621 293
632 293
662 294
590 287
598 300
613 298
602 298
590 296
643 299
654 299
582 292
644 276
633 276
579 305
625 272
633 285
644 285
582 301
646 304
625 281
655 282
647 278
591 288
655 291
666 291
647 287
658 287
591 297
655 300
639 283
594 293
583 293
658 296
647 296
665 297
624 294
639 292
594 302
585 301
639 301
605 299
616 299
597 295
659 279
636 277
617 273
628 273
651 275
659 288
636 286
651 284
589 300
628 282
659 297
636 295
620 278
617 291
628 291
651 293
620 287
586 285
617 300
609 296
620 296
586 294
601 292
650 306
578 299
601 301
632 279
621 279
621 288
632 288
662 289
590 282
598 295
632 297
662 298
590 291
602 293
613 293
654 294
665 294
582 287
579 300
590 300
654 303
582 296
635 299
625 276
655 277
627 295
591 283
593 302
624 280
666 295
655 295
583 288
594 288
658 291
624 289
655 304
658 300
624 298
616 294
639 296
605 294
597 290
659 283
608 299
597 299
628 277
589 295
617 277
620 273
651 288
617 286
577 302
628 286
636 299
620 282
628 295
617 295
620 291
586 289
609 300
620 300
586 298
661 301
601 296
631 297
632 274
621 274
578 303
632 283
621 283
643 280
654 280
598 290
662 293
590 286
654 289
665 289
662 302
635 285
590 295
654 298
665 298
582 291
623 292
612 292
635 294
627 290
582 300
593 297
615 297
604 297
655 281
624 275
647 277
658 277
655 290
666 290
658 286
596 302
624 284
585 302
655 299
624 293
658 295
616 289
605 298
616 298
639 300
597 294
608 294
636 276
659 278
589 290
628 272
651 274
617 272
636 285
651 283
589 299
628 281
620 277
628 290
617 290
577 306
620 286
586 284
650 287
661 287
609 295
586 293
620 295
661 296
650 296
601 291
653 292
631 292
650 305
601 300
642 301
631 301
619 299
653 301
632 278
634 297
578 307
654 275
662 288
643 284
654 284
662 297
646 280
635 280
590 290
665 293
654 293
643 293
627 276
646 289
635 289
643 302
654 302
627 285
646 298
635 298
623 296
612 296
658 281
593 292
615 292
655 276
624 270
585 288
596 288
593 301
655 285
604 301
615 301
647 281
585 297
624 279
596 297
616 275
639 277
647 290
624 288
658 290
639 286
624 297
605 293
616 293
639 295
657 294
657 303
589 285
636 280
608 298
597 298
638 299
649 299
628 276
589 294
617 276
620 272
628 285
577 301
620 281
650 282
669 295
631 278
586 288
650 291
661 291
653 287
631 287
586 297
661 300
650 300
634 283
631 296
642 296
653 296
619 294
634 292
599 301
653 305
600 299
611 299
581 295
643 279
654 279
662 292
635 275
623 273
623 282
646 275
654 288
581 304
665 288
627 271
635 284
584 300
643 297
654 297
627 280
646 293
612 291
623 291
635 293
593 287
627 289
646 302
612 300
615 296
627 298
593 296
604 296
624 274
647 276
596 292
623 295
585 292
596 301
624 283
639 281
616 279
608 293
624 292
616 288
657 289
657 298
597 293
638 294
649 294
589 289
617 271
628 271
630 290
649 303
589 298
641 299
630 299
620 276
622 295
650 277
577 305
631 273
650 286
661 286
588 302
642 291
631 282
642 282
653 282
661 295
650 295
634 278
653 291
593 300
631 291
619 289
650 304
634 287
642 300
653 300
631 300
619 298
634 296
611 294
600 294
592 290
581 290
662 287
581 299
654 283
592 299
643 283
603 299
623 277
584 295
635 279
646 279
654 292
665 292
627 275
635 288
646 288
627 284
612 295
593 291
615 291
627 293
668 294
585 287
596 287
615 300
604 300
645 301
585 296
624 278
596 296
660 299
626 297
639 276
616 274
657 284
649 280
638 280
657 293
597 288
649 289
589 284
657 302
630 285
638 298
649 298
641 294
630 294
607 292
622 290
577 300
607 301
588 297
650 281
599 297
669 294
653 277
619 275
642 277
650 290
661 290
634 273
653 286
631 286
619 284
661 299
634 282
642 295
643 278
653 295
619 293
631 295
634 291
664 292
592 285
600 298
664 301
581 294
654 278
603 294
656 297
584 290
635 274
646 274
623 272
581 303
627 270
623 281
635 283
584 299
646 283
627 279
623 290
593 286
660 285
604 295
615 295
593 295
645 296
585 291
624 273
596 291
626 292
648 292
660 294
637 292
596 300
648 301
657 279
618 297
629 297
638 275
649 275
657 288
630 271
649 284
638 284
657 297
641 280
630 280
638 293
649 293
622 276
630 289
641 289
649 302
622 285
588 283
607 296
630 298
641 298
588 292
650 276
599 292
622 294
634 277
580 297
631 272
631 290
