251 156
252 156
253 155
250 157
250 158
251 158
252 159
253 158
250 159
249 157
250 156
249 160
254 156
255 155
254 159
256 156
257 155
258 154
255 158
256 159
257 158
258 157
248 161
247 160
247 159
246 161
245 160
244 161
259 158
253 160
252 161
258 156
250 161
257 160
254 161
256 158
255 160
252 154
253 153
252 152
254 152
255 151
254 150
253 162
252 163
251 163
244 159
245 158
244 157
245 156
244 155
246 155
247 154
247 156
243 158
242 158
246 157
248 154
254 154
256 151
255 153
254 163
243 160
242 160
255 162
246 159
248 156
259 153
253 164
252 165
251 165
243 162
242 162
241 163
240 162
240 164
239 165
238 165
242 164
243 165
244 164
245 165
246 164
247 163
244 166
243 167
242 167
246 166
248 163
244 168
243 169
242 169
241 170
240 169
240 171
239 172
238 172
242 171
240 173
241 172
239 174
242 173
243 174
244 173
244 175
243 176
242 176
241 177
242 178
244 177
243 178
245 172
246 173
244 170
247 172
240 166
241 165
255 164
256 165
257 164
258 163
257 162
259 162
260 162
261 162
240 175
241 174
243 171
259 155
251 151
252 150
250 150
249 151
248 152
250 152
252 149
253 148
253 147
252 147
253 146
252 145
254 145
255 144
254 143
253 143
252 143
251 142
250 143
261 161
260 160
242 157
253 157
253 166
253 167
254 168
242 166
242 175
254 149
254 158
246 154
245 167
246 168
245 176
250 142
248 172
257 150
257 159
260 155
249 155
249 164
249 165
238 164
241 160
238 173
249 173
249 174
241 169
241 178
261 156
261 157
253 152
242 161
253 161
254 144
244 179
256 153
245 153
245 162
256 162
248 158
245 171
249 141
257 154
249 150
257 163
249 159
260 159
241 164
241 173
253 156
242 156
241 155
252 160
244 165
244 174
245 157
256 157
248 153
256 166
256 167
257 168
257 169
245 166
248 162
245 175
248 171
257 149
256 148
249 154
260 154
261 153
261 152
261 151
260 150
260 163
260 164
261 165
238 163
249 163
241 159
241 168
253 142
254 141
254 140
253 139
253 138
240 172
253 151
243 177
252 155
252 164
244 160
244 169
244 178
256 143
256 152
245 152
256 161
245 161
248 157
245 170
256 170
256 171
255 170
248 166
248 167
249 168
249 169
257 144
257 145
248 175
248 176
248 177
249 140
248 139
247 138
247 137
257 153
249 149
248 148
247 147
246 146
246 145
260 149
261 148
261 147
260 146
260 145
251 149
261 146
260 158
249 158
241 154
242 153
242 152
241 151
241 150
253 137
254 136
254 135
253 134
253 133
255 156
240 167
255 165
240 176
252 141
243 172
252 168
252 169
253 170
253 171
256 147
245 147
245 148
246 149
246 150
244 146
248 170
260 144
261 143
261 142
260 141
260 140
249 144
249 145
249 146
250 147
248 143
247 142
246 141
246 140
252 136
251 135
250 134
249 135
249 136
255 169
252 172
252 173
252 174
251 172
256 142
257 141
258 142
257 140
257 139
258 138
258 137
257 136
257 135
256 134
256 138
256 133
245 142
245 143
248 138
245 151
244 150
247 170
248 147
250 175
257 134
258 133
260 139
261 138
261 137
260 136
260 135
261 134
262 135
261 133
261 132
260 131
260 130
262 158
251 167
251 176
255 137
255 146
263 159
263 160
264 160
243 153
252 140
244 145
252 158
244 154
244 163
256 137
256 146
247 165
258 165
248 142
247 174
259 139
248 151
250 170
259 148
258 147
262 144
251 144
259 157
262 153
251 153
259 166
259 167
262 162
251 162
239 169
238 169
238 168
251 171
263 136
264 137
265 136
266 137
265 135
264 138
265 139
265 140
265 141
266 142
264 142
264 143
265 144
265 145
266 146
267 143
267 144
268 145
268 144
264 146
264 147
263 146
263 141
267 138
267 139
268 140
268 139
269 138
270 139
269 137
268 136
268 135
267 134
266 133
266 132
265 131
265 130
264 129
268 134
269 133
269 132
268 131
267 147
267 148
268 149
268 150
264 132
264 133
263 132
264 141
271 140
272 139
272 138
272 137
271 141
271 136
255 132
263 145
255 141
263 154
263 155
264 156
264 157
265 158
255 150
240 161
239 160
243 157
255 159
240 170
252 135
255 168
243 166
267 133
252 144
243 175
267 142
252 153
254 172
244 149
243 148
244 158
246 177
256 132
258 151
247 151
258 160
248 137
247 169
258 169
259 134
270 134
250 165
247 178
259 143
250 174
262 139
251 139
250 138
259 152
262 148
251 148
259 161
251 157
262 157
271 135
251 166
239 164
263 131
239 173
251 175
263 140
255 136
263 149
263 150
263 151
264 152
264 151
265 150
266 151
265 149
267 152
267 153
255 145
240 156
240 157
255 154
243 152
240 165
243 161
252 139
243 170
267 137
254 167
244 144
246 163
266 141
246 172
266 150
247 146
269 146
269 147
258 146
258 155
247 155
250 151
247 164
258 164
250 160
247 173
259 138
270 138
250 169
251 134
262 134
259 147
251 143
262 143
259 156
251 152
262 152
239 159
251 161
262 161
271 139
239 168
263 135
263 144
255 140
242 170
255 149
243 147
243 156
252 134
265 153
265 154
266 155
254 153
254 162
246 158
254 171
266 136
246 167
258 132
266 145
246 176
269 141
269 142
270 143
271 144
247 141
258 141
266 154
250 137
247 150
258 150
250 146
258 159
250 155
258 168
247 168
259 133
270 133
250 164
259 142
270 142
250 173
251 138
262 138
259 151
251 147
262 147
262 156
239 163
263 130
262 129
261 160
255 135
242 165
253 165
242 174
253 174
254 139
243 151
265 148
254 148
246 144
265 157
254 157
246 153
254 166
266 131
246 162
266 140
246 171
258 136
269 136
266 149
269 145
247 145
258 145
250 141
270 137
259 137
250 168
262 133
257 167
262 142
249 172
261 155
242 151
261 164
253 169
254 134
265 134
265 143
246 139
265 152
246 148
254 170
266 135
258 131
266 144
246 175
258 140
247 140
269 140
250 136
258 149
247 149
245 179
250 145
250 154
259 132
270 132
262 137
249 167
238 167
260 167
249 176
261 141
261 150
261 159
242 155
253 173
254 138
265 138
254 147
265 147
246 143
265 156
246 152
266 130
266 139
258 135
269 135
269 144
258 144
250 140
245 174
250 149
257 148
268 148
257 157
260 153
249 153
257 166
238 162
249 162
241 158
238 171
249 171
261 136
241 167
253 132
261 145
241 176
253 141
261 154
253 150
242 150
261 163
242 159
253 159
242 168
253 168
254 133
265 133
254 142
265 142
254 151
265 151
246 147
246 156
264 155
256 160
245 169
256 169
248 165
245 178
257 143
268 143
248 174
249 139
272 141
257 152
260 148
249 148
257 161
260 157
257 170
241 153
260 166
238 166
249 166
261 131
241 162
249 175
261 140
241 171
253 136
261 149
253 145
261 158
242 154
253 154
253 163
242 163
254 137
265 137
252 167
246 142
244 172
264 150
245 146
264 159
245 155
256 155
256 164
245 164
248 160
245 173
268 138
257 138
248 169
260 134
249 134
272 136
268 147
257 147
248 178
249 143
260 143
257 156
249 152
260 152
257 165
260 161
238 161
249 161
241 157
238 170
249 170
261 135
241 166
261 144
241 175
253 140
253 149
242 149
265 132
254 132
267 151
248 168
260 133
257 146
268 146
264 158
259 165
249 142
260 142
260 151
251 170
241 156
256 145
270 135
263 153
240 160
255 167
264 149
262 131
267 132
248 141
267 141
267 150
244 148
252 170
264 135
264 144
272 140
256 140
239 161
264 153
248 136
245 149
256 149
248 145
247 177
257 132
268 132
254 173
268 141
259 160
260 137
249 137
271 134
271 143
251 174
263 139
263 148
240 155
263 157
252 138
255 171
267 136
244 143
267 145
244 152
267 154
264 130
264 139
256 135
264 148
245 144
256 144
248 140
248 149
259 146
270 146
257 137
260 132
262 151
259 164
262 160
251 160
271 138
239 167
251 169
263 134
263 143
255 139
263 152
255 148
243 146
263 161
240 159
255 157
243 155
240 168
252 133
255 166
243 164
267 131
240 177
252 142
243 173
267 140
252 151
244 147
267 149
244 156
264 134
266 153
256 139
258 158
247 158
247 167
258 167
248 144
250 163
247 176
259 141
270 141
250 172
251 137
259 150
251 146
262 146
259 159
262 155
251 155
259 168
239 162
251 164
263 129
271 142
239 171
251 173
263 138
255 134
263 147
255 143
263 156
240 154
255 152
243 150
240 163
256 163
255 161
250 162
243 159
252 137
243 168
267 135
252 146
254 165
244 151
246 170
266 148
247 144
258 153
247 153
258 162
247 162
247 171
259 136
270 136
250 167
262 132
259 145
270 145
250 176
262 141
251 141
259 154
251 150
262 150
259 163
251 159
262 159
271 137
251 168
239 166
263 133
263 142
255 138
255 147
240 158
242 177
243 154
243 163
267 130
254 160
254 169
266 134
246 165
266 143
246 174
258 139
269 139
247 139
266 152
269 148
247 148
258 148
252 162
250 144
247 157
252 171
264 136
250 153
244 167
258 166
247 166
259 131
264 145
244 176
256 141
245 141
247 175
259 140
270 140
264 154
250 171
251 136
262 136
256 150
245 150
259 149
248 146
262 145
251 145
245 159
248 155
251 154
262 154
256 168
245 168
257 133
268 133
248 164
262 163
245 177
257 142
268 142
248 173
249 138
260 138
239 170
263 137
257 151
268 151
255 133
249 147
260 147
255 142
249 156
260 156
253 172
242 172
241 152
243 149
260 165
261 130
241 161
265 146
254 146
261 139
263 158
254 155
265 155
253 135
246 151
254 164
253 144
255 163
246 160
240 174
266 138
255 172
246 169
258 134
269 134
250 139
258 152
247 152
252 148
266 147
267 146
246 178
247 143
258 143
269 143
252 157
244 153
252 166
264 131
250 148
244 162
247 161
258 161
252 175
264 140
244 171
256 136
259 135
250 166
245 145
270 144
259 144
251 140
262 140
245 154
256 154
248 150
245 163
248 159
268 137
262 149
