469 614
469 615
470 616
471 617
471 618
472 617
471 615
472 614
470 613
469 612
471 612
472 611
473 612
474 611
475 610
470 619
469 618
468 617
473 615
474 614
475 613
476 612
476 614
476 615
475 616
474 617
476 611
468 611
473 618
468 610
476 617
469 611
468 613
467 614
466 613
465 614
472 613
474 610
474 619
475 618
466 615
470 615
476 610
473 620
472 620
476 619
467 616
468 615
472 615
474 612
475 611
474 621
475 620
470 617
473 613
467 609
466 608
465 607
466 606
465 605
466 604
467 603
467 605
468 604
467 607
469 604
468 606
465 609
464 609
463 608
463 610
462 611
463 612
464 611
468 608
473 622
472 622
476 621
477 622
478 621
478 623
479 620
480 621
481 622
482 621
483 620
484 621
485 620
482 623
483 622
481 624
484 623
485 622
482 625
483 624
481 626
485 624
464 604
463 603
463 605
465 611
464 613
466 610
483 626
484 626
485 627
474 623
469 609
470 608
471 609
472 608
475 622
470 610
479 622
467 602
466 601
465 600
466 599
465 598
467 598
468 597
467 596
467 600
469 597
468 599
465 602
484 619
469 599
477 613
478 612
478 614
479 613
480 612
480 614
481 614
482 614
483 613
482 612
484 612
481 615
484 614
485 613
482 616
483 615
481 617
484 616
485 616
486 616
487 617
488 616
486 618
486 613
485 615
481 627
487 612
489 615
482 618
483 617
481 619
484 618
468 601
469 602
470 601
471 600
472 600
471 602
472 599
485 617
487 614
478 611
478 610
478 609
481 628
473 624
474 625
474 626
475 625
476 624
476 626
477 627
475 627
476 628
477 629
478 630
479 631
472 601
464 597
472 610
464 606
472 619
483 619
475 615
475 624
468 603
476 616
487 616
465 596
468 612
464 595
486 620
465 597
465 606
465 603
463 594
471 613
464 601
483 614
464 610
483 623
463 601
475 619
477 618
475 628
484 627
477 615
478 616
483 628
483 629
484 630
479 617
482 627
468 598
468 607
486 615
467 611
478 620
478 629
471 599
479 612
482 630
471 608
479 621
465 594
465 593
464 592
465 592
479 630
464 596
472 609
464 605
481 631
475 614
485 629
486 629
482 632
483 633
482 622
482 631
474 627
467 606
486 619
484 632
467 615
483 631
478 617
485 631
481 629
479 629
485 633
486 633
463 596
462 597
486 634
487 635
478 615
486 628
478 624
478 625
479 626
479 627
471 603
471 604
472 605
472 606
479 616
490 616
491 615
491 614
490 613
490 617
471 621
464 591
472 604
485 623
464 600
485 632
475 609
476 608
476 607
475 606
475 605
482 617
474 613
482 626
474 622
467 601
486 614
467 610
478 619
486 632
478 628
471 598
479 611
471 607
471 616
470 620
481 620
485 618
463 599
474 608
471 597
472 596
472 595
473 606
485 626
485 635
485 636
463 598
482 611
485 628
479 625
461 598
460 599
461 600
460 598
459 597
459 596
458 595
457 594
457 593
456 595
456 596
457 597
457 598
466 594
455 594
454 593
474 607
463 607
482 620
466 603
474 616
466 612
467 595
468 594
469 595
467 604
480 623
488 636
488 637
489 638
489 639
490 640
490 641
491 642
492 643
459 600
459 601
460 602
480 632
477 608
477 617
456 594
469 613
477 626
489 637
470 596
492 642
493 641
494 642
493 640
492 639
492 638
470 605
473 601
462 601
470 614
485 612
473 610
462 610
481 623
485 621
473 619
481 632
463 593
462 592
461 591
461 590
460 589
460 588
459 587
458 586
458 585
457 584
457 583
456 582
456 585
456 586
455 585
454 584
454 583
453 582
453 581
453 585
453 586
453 587
454 588
452 584
451 583
450 582
450 581
449 580
449 579
449 583
448 582
447 581
446 580
446 579
445 578
445 577
446 578
445 581
445 582
446 583
452 588
452 589
453 590
453 591
445 576
446 575
446 574
445 573
445 572
452 583
445 571
444 575
443 575
443 574
442 573
442 572
448 581
447 576
448 577
455 589
456 590
457 589
458 590
457 588
456 591
459 591
459 592
460 593
460 594
461 595
484 625
474 602
474 603
463 602
466 598
484 634
463 611
466 607
495 643
444 570
443 570
443 569
442 568
442 567
441 566
441 565
440 564
441 569
441 570
440 568
439 568
439 567
438 566
438 565
438 569
438 570
437 568
444 579
488 613
459 586
460 585
461 586
460 584
480 618
459 595
496 644
497 644
498 644
497 643
497 642
496 641
496 645
496 640
495 639
499 645
499 646
480 627
437 567
436 566
435 565
435 564
434 563
458 599
477 612
448 576
489 614
469 608
477 621
469 617
477 630
462 587
462 588
463 589
470 600
441 564
462 596
470 609
454 592
491 641
462 605
473 605
481 618
470 618
473 614
473 623
484 620
455 584
463 597
447 580
455 593
466 593
484 629
476 625
466 602
487 634
444 574
488 617
480 613
480 622
488 635
480 631
469 594
458 594
469 603
440 567
477 616
461 599
477 625
451 582
470 595
443 578
462 591
470 604
454 587
462 600
473 600
481 613
483 632
462 609
473 609
494 641
484 615
463 592
447 575
484 624
455 588
476 620
466 597
484 633
468 616
476 629
495 642
444 569
487 638
465 601
436 565
444 578
465 610
480 617
480 626
458 589
437 566
461 585
458 598
469 598
477 611
461 594
440 571
440 572
498 643
469 607
477 620
461 603
490 639
469 616
443 573
462 586
470 599
483 618
454 582
472 618
462 595
483 627
454 591
473 604
462 604
491 640
475 623
476 606
455 583
468 602
447 579
487 615
484 628
444 573
457 592
439 571
458 584
450 580
458 593
442 576
461 589
443 568
451 581
443 577
451 590
451 591
462 590
454 586
494 640
447 574
457 587
436 564
457 596
439 566
458 588
442 571
450 584
458 597
461 593
498 642
499 641
500 642
500 643
501 644
501 645
501 646
502 646
502 645
503 646
504 646
504 645
502 644
503 643
502 642
503 642
505 646
461 602
490 638
443 572
475 604
494 644
469 600
435 567
434 567
433 566
432 565
432 564
433 565
435 568
497 646
446 573
468 619
446 582
457 582
465 595
449 578
486 627
457 591
465 604
486 636
457 600
439 570
458 583
442 566
450 579
479 615
490 615
458 592
442 575
471 611
479 624
461 588
471 620
461 597
498 646
472 603
431 565
491 616
464 599
472 612
443 576
483 612
464 608
475 608
504 644
505 643
505 642
506 643
507 644
508 643
507 645
507 646
508 646
509 645
510 646
511 647
512 646
513 647
512 645
512 644
513 643
511 643
514 644
515 645
515 644
516 643
517 644
517 645
516 642
518 646
519 647
519 648
519 646
520 645
520 644
519 643
519 642
520 641
521 642
522 643
523 644
523 645
524 646
524 647
524 648
514 648
515 649
516 648
517 649
516 647
525 648
526 649
526 650
474 609
527 651
518 645
521 646
521 647
522 648
522 647
514 643
518 649
521 641
513 646
522 642
525 647
526 646
527 647
527 646
514 647
506 642
528 648
528 649
529 650
517 648
509 644
529 649
530 648
531 649
531 650
530 647
532 650
521 645
510 645
514 642
517 643
520 648
532 649
533 648
532 647
534 649
534 650
513 645
516 646
517 647
528 647
520 643
509 643
521 644
510 644
524 645
517 642
528 651
520 647
523 648
535 650
536 649
537 650
538 651
539 650
539 649
537 649
540 651
541 652
540 650
541 651
542 650
543 651
543 652
543 653
542 654
542 655
544 652
545 653
545 654
545 655
546 656
544 656
540 649
543 655
547 656
539 652
542 653
543 654
493 644
472 621
483 621
475 617
483 630
475 626
453 589
432 566
468 596
516 645
505 645
476 609
468 605
497 641
546 655
547 654
548 654
547 653
548 653
438 564
468 614
446 577
457 586
465 599
478 618
449 582
486 631
457 595
478 627
520 642
439 565
527 650
460 597
479 610
531 648
442 570
471 606
479 619
450 583
479 628
490 637
472 598
464 594
440 565
452 592
523 643
512 643
501 643
472 607
464 603
493 639
475 603
472 616
483 616
475 612
464 612
475 621
453 584
445 580
453 593
482 629
524 644
468 600
516 649
497 645
446 572
438 568
486 617
446 581
549 655
550 655
550 654
550 653
549 656
551 655
552 654
553 654
553 653
554 652
552 652
551 654
554 654
550 652
430 564
449 577
478 613
467 613
530 651
457 590
478 622
486 635
478 631
460 592
439 569
519 641
550 656
471 601
460 601
479 614
490 614
542 652
471 610
500 646
511 646
442 574
479 623
471 619
452 587
472 602
431 564
554 653
464 598
512 647
523 647
535 649
485 630
464 607
493 643
475 607
504 643
434 566
482 615
445 575
453 588
482 624
474 620
482 633
468 595
516 644
505 644
497 640
546 654
467 599
515 648
446 576
538 650
486 612
467 608
457 585
449 581
467 617
486 630
478 626
456 589
460 587
456 598
439 564
527 649
471 596
460 596
531 647
519 645
508 645
479 609
471 605
442 569
479 618
471 614
441 573
452 582
472 597
452 591
464 593
501 642
485 625
475 602
464 602
553 652
485 634
534 648
474 606
463 606
499 644
456 584
448 580
456 593
460 591
460 600
489 636
519 649
542 651
500 645
511 645
459 599
492 641
441 568
552 655
433 564
452 586
523 646
504 642
493 642
474 601
434 565
545 652
445 574
526 648
518 644
459 585
546 653
538 649
515 647
459 594
496 643
507 643
488 639
489 613
456 588
520 646
460 586
456 597
527 648
460 595
471 595
519 644
458 600
508 644
530 650
541 650
522 646
441 572
544 655
452 581
452 590
553 651
455 592
474 605
545 656
506 646
518 648
515 642
459 589
548 655
549 653
459 598
530 649
480 630
499 643
456 583
440 566
489 617
448 579
456 592
496 639
460 590
477 624
469 620
500 644
511 644
492 640
441 567
470 603
541 654
462 599
473 599
481 612
470 612
533 650
473 608
462 608
514 646
525 646
470 621
481 621
452 585
473 617
485 619
481 630
463 591
455 587
463 600
434 564
474 600
447 583
482 613
466 596
455 596
463 609
503 645
526 647
466 605
518 643
495 641
474 618
487 637
466 614
444 577
459 584
467 597
480 616
515 646
459 593
496 642
480 625
459 602
488 638
437 565
477 610
529 648
456 587
469 606
440 570
448 583
477 619
477 628
451 585
470 598
541 649
462 594
441 571
470 607
522 645
454 590
473 603
462 603
491 639
544 654
481 616
485 614
462 612
481 625
473 621
455 582
463 595
447 578
455 591
474 604
463 604
476 623
466 600
537 651
466 609
518 647
495 645
506 645
444 572
436 568
444 581
465 613
488 615
551 653
480 611
459 588
480 620
480 629
499 642
437 569
548 656
458 601
469 601
477 614
489 616
540 652
448 578
521 648
469 610
532 648
477 623
513 644
469 619
451 580
451 589
462 589
470 602
454 585
552 653
541 653
473 598
462 598
470 611
481 611
533 649
454 594
502 643
514 645
473 607
525 645
494 639
473 616
484 613
463 590
455 586
484 622
474 599
487 618
476 618
447 582
484 631
466 595
455 595
503 644
476 627
518 642
495 640
487 636
444 576
536 650
465 608
517 646
459 583
480 615
480 624
458 587
437 564
469 596
458 596
477 609
529 647
461 592
521 643
510 643
440 569
498 641
469 605
461 601
513 648
443 571
451 584
470 597
462 593
470 606
522 644
454 589
483 625
473 602
491 638
462 602
544 653
483 634
473 611
525 649
494 643
435 566
484 617
547 655
476 613
487 613
447 577
539 651
455 590
468 609
476 622
484 635
468 618
495 644
506 644
444 571
445 570
436 567
453 583
482 619
444 580
457 599
474 615
445 579
465 612
551 652
488 614
528 650
482 628
453 592
466 611
480 610
509 646
474 624
480 619
467 594
480 628
458 591
515 643
459 590
461 587
438 567
549 654
529 651
461 596
467 612
498 645
527 608
526 608
525 608
524 609
524 608
527 607
527 606
523 607
526 606
523 610
526 609
528 606
529 605
530 604
527 610
528 609
529 608
530 607
531 605
532 604
531 608
532 607
533 606
534 607
535 606
536 607
537 606
538 605
533 605
534 604
535 603
524 611
525 610
529 610
534 606
536 603
535 605
537 602
536 601
537 600
538 601
539 600
523 612
526 611
527 612
522 607
533 607
539 602
524 613
525 612
529 603
540 603
541 602
542 601
541 600
543 600
543 602
544 603
534 608
532 608
521 608
535 607
537 604
523 614
522 614
521 613
521 615
527 605
526 604
525 603
524 602
525 601
526 600
523 603
526 602
533 603
524 604
523 605
522 605
541 604
531 603
542 603
544 600
545 599
544 598
543 598
545 597
546 596
545 595
544 596
547 595
547 597
548 598
547 599
538 599
522 609
533 609
524 606
525 605
539 604
548 600
549 601
525 614
543 595
540 605
543 604
544 605
545 601
535 600
534 599
533 598
534 597
533 596
534 595
535 594
536 594
535 596
537 593
536 592
537 591
538 592
539 591
538 594
539 594
539 593
536 596
535 598
537 595
533 600
539 595
540 596
541 595
535 591
534 592
533 591
532 592
534 601
532 601
531 601
537 597
521 610
520 611
519 610
518 609
532 610
530 600
531 610
530 599
535 609
541 597
518 611
542 596
536 610
537 609
533 593
541 606
533 602
544 602
522 602
521 601
522 611
533 611
525 607
534 594
545 594
544 593
537 590
526 599
525 598
537 599
528 608
517 608
548 595
520 613
540 591
540 600
529 600
532 596
529 609
532 605
521 605
521 614
541 592
541 593
541 601
544 597
533 597
544 606
544 607
522 606
525 602
525 611
524 615
537 594
536 598
528 603
517 612
528 612
520 608
548 599
540 595
532 591
540 604
529 604
532 600
521 600
529 613
529 614
521 609
532 609
541 596
533 592
544 592
544 601
533 601
525 597
547 594
539 599
524 610
536 593
536 602
536 611
536 612
537 613
517 607
528 607
520 612
548 594
540 590
529 599
528 598
540 599
532 595
521 604
520 603
547 598
524 596
524 605
539 603
524 614
536 597
522 612
536 606
528 602
517 611
516 610
528 611
520 607
520 616
540 594
532 599
521 599
522 598
522 597
521 596
521 595
520 594
520 598
543 596
543 605
535 601
535 610
523 608
547 593
539 589
524 600
539 598
528 597
529 596
530 597
529 595
529 594
528 593
520 593
517 606
518 605
518 604
517 603
517 602
516 601
516 605
520 602
540 589
541 588
541 587
540 586
540 585
541 584
541 583
541 582
540 581
519 615
518 614
532 594
543 591
539 584
538 583
524 595
525 594
526 595
525 593
525 592
526 591
524 591
516 600
515 599
514 598
514 597
513 596
513 595
514 594
515 594
514 593
513 592
513 591
514 592
513 590
516 609
515 608
514 608
514 607
513 606
513 605
513 609
513 610
514 611
513 604
514 603
514 602
513 601
513 600
528 592
529 591
530 592
528 601
520 597
531 594
512 589
523 598
547 592
539 588
538 587
537 586
524 599
516 595
516 596
517 597
518 596
518 595
517 598
539 597
516 604
538 610
539 611
540 610
541 611
540 609
539 608
540 608
539 612
539 613
540 614
541 615
540 613
539 607
542 612
543 613
543 614
543 615
530 606
530 615
520 592
527 591
542 589
527 600
531 598
519 596
542 598
527 609
519 605
542 607
542 608
543 609
543 610
544 611
531 607
519 614
531 616
532 615
533 616
532 614
532 613
531 613
531 617
531 612
542 616
542 617
543 590
544 589
545 590
544 588
545 589
544 587
545 586
546 587
545 585
544 584
544 583
544 582
545 581
546 582
545 580
544 579
544 578
545 577
546 578
545 576
546 577
545 575
543 582
547 579
548 580
548 581
549 582
549 583
548 584
548 585
548 586
549 587
547 584
547 588
547 589
548 590
548 589
543 586
547 583
550 584
551 585
551 586
551 587
552 588
553 589
553 590
552 587
543 581
542 580
554 590
543 599
535 595
512 593
511 592
510 591
510 590
509 592
509 593
509 594
510 595
510 596
509 597
509 598
510 599
508 596
507 595
506 594
506 593
507 594
523 602
512 602
535 604
523 611
547 578
547 587
539 583
534 617
535 618
536 617
537 618
536 616
535 615
536 615
535 614
534 613
538 619
539 618
540 619
541 620
540 618
539 617
539 616
538 615
524 594
523 593
522 593
522 592
526 613
527 614
539 592
546 591
516 599
546 600
538 596
549 596
515 603
530 601
538 614
515 612
530 610
550 588
542 584
527 595
550 597
551 596
552 596
551 595
550 598
531 593
542 593
527 604
531 602
542 602
527 613
511 596
519 609
542 611
531 611
543 585
543 594
535 590
523 597
512 597
512 598
535 599
523 606
545 603
534 603
534 612
537 608
546 586
537 617
538 582
546 595
518 613
538 591
549 591
549 592
550 593
549 600
515 598
538 600
530 596
515 607
538 609
530 605
538 618
550 583
551 582
552 583
553 584
553 585
552 582
551 581
554 586
551 580
552 579
550 579
549 578
530 614
550 592
551 591
552 592
552 593
551 590
542 588
527 599
508 595
542 597
519 595
531 597
511 591
531 606
542 606
519 604
511 600
519 613
543 580
541 610
541 619
522 615
533 615
523 592
512 592
523 601
545 598
534 598
526 594
526 603
537 603
534 616
518 599
518 600
519 600
546 581
537 612
526 612
549 577
548 576
547 575
548 575
549 574
550 575
549 573
551 576
551 577
547 574
546 573
547 573
550 574
546 590
518 608
538 586
549 586
546 599
538 595
549 595
515 593
530 591
538 604
515 602
538 613
515 611
550 578
530 609
550 587
542 583
527 594
531 592
542 592
527 603
519 599
511 595
519 608
541 605
522 601
541 614
544 610
522 610
533 610
553 588
514 606
525 606
545 584
525 615
534 593
545 593
537 589
545 602
534 602
537 598
526 598
534 611
546 576
518 594
517 593
517 592
516 591
526 607
537 607
549 572
548 571
546 585
518 603
537 616
526 616
549 581
546 594
518 612
538 590
549 590
515 597
549 599
507 593
530 595
515 606
550 573
550 582
542 587
540 617
508 594
519 594
511 590
552 591
541 591
511 599
522 596
541 609
541 618
514 601
553 583
533 614
545 579
514 610
545 588
526 593
506 596
518 598
546 580
537 611
549 576
518 607
546 589
538 585
549 585
518 616
517 617
517 616
516 615
516 614
518 617
515 592
549 594
514 600
515 601
507 597
529 612
540 612
540 621
539 621
552 586
541 586
532 617
552 595
544 591
522 600
541 613
514 596
525 596
544 609
553 587
514 605
545 583
545 592
537 588
526 597
546 575
518 593
549 571
518 602
549 580
536 619
515 596
528 615
528 616
528 617
529 617
517 615
507 592
548 593
529 598
540 598
510 594
521 594
540 607
529 607
532 603
521 603
529 616
540 616
513 599
552 581
541 581
532 612
521 612
544 577
552 590
541 590
513 608
544 586
541 599
544 595
522 595
533 595
541 608
514 591
525 591
533 604
522 604
544 604
553 582
525 600
522 613
544 613
533 613
545 578
553 591
514 609
525 609
545 587
526 592
537 592
539 620
518 597
506 595
549 575
551 594
536 605
517 601
536 614
548 579
528 610
517 610
548 588
520 606
540 584
548 597
520 615
540 593
529 593
510 589
540 602
529 602
532 598
521 598
510 598
529 611
540 611
513 594
521 607
540 620
513 603
541 585
552 585
532 616
544 581
541 594
552 594
544 590
544 599
533 599
522 599
525 595
514 595
544 608
525 604
514 604
545 582
547 601
547 602
537 587
539 606
539 615
516 613
536 591
551 589
536 600
517 596
551 598
528 596
536 609
548 574
528 605
517 605
536 618
520 601
548 583
528 614
517 614
548 592
520 610
540 588
548 601
529 597
540 597
521 593
510 593
532 593
529 606
540 606
532 602
521 602
540 615
513 598
552 580
521 611
532 611
541 589
552 589
513 607
543 608
544 585
544 594
533 594
522 594
535 613
525 599
547 596
524 603
539 601
524 612
539 610
516 608
539 619
551 584
536 595
528 591
517 591
551 593
536 604
517 600
528 600
536 613
509 596
520 596
548 578
517 609
520 605
548 587
540 583
520 614
548 596
540 592
529 592
540 601
521 592
510 592
543 589
536 608
554 589
551 579
513 597
528 613
509 591
543 607
535 617
512 601
543 616
535 612
528 604
547 577
541 607
547 586
542 594
539 582
527 617
524 593
550 589
549 588
516 598
516 607
539 609
516 616
551 583
551 592
543 612
528 599
544 612
517 599
536 599
535 608
548 577
509 595
520 595
550 596
555 588
556 589
557 589
520 604
540 582
542 610
519 617
541 598
543 584
543 593
523 596
512 596
543 611
547 572
535 616
547 581
547 590
539 586
524 597
516 593
505 593
516 602
516 611
551 578
536 589
538 608
528 595
538 617
528 594
517 594
530 613
548 572
550 591
520 599
527 598
531 596
542 605
519 603
527 616
519 612
542 614
531 614
543 579
543 588
554 588
543 597
512 591
535 593
543 606
523 600
512 600
535 602
523 609
535 611
547 576
555 589
547 585
534 615
539 581
524 592
539 590
524 601
516 597
546 598
516 606
538 603
538 612
515 610
550 577
530 608
550 586
530 617
542 582
527 593
550 595
542 591
531 591
527 602
519 598
542 600
531 600
527 611
511 594
531 609
519 607
542 609
519 616
542 618
543 583
543 592
543 601
535 597
512 595
523 595
523 604
523 613
547 580
534 610
539 585
546 584
526 615
537 615
516 592
546 593
538 589
549 589
546 602
538 598
549 598
530 594
515 605
538 607
530 603
538 616
515 614
550 581
530 612
550 590
542 586
550 599
527 597
508 593
519 593
531 595
542 595
511 589
542 604
519 602
531 604
527 615
511 598
519 611
542 613
543 587
554 587
541 617
512 590
535 592
512 599
523 599
545 596
534 596
534 605
531 615
526 601
537 601
534 614
546 579
537 610
526 610
518 606
546 588
537 619
549 584
538 584
518 615
546 597
549 593
538 593
515 591
538 602
515 600
530 598
507 596
538 611
515 609
550 576
538 620
550 585
530 616
542 581
527 592
550 594
542 590
527 601
519 597
542 599
508 597
531 599
511 593
519 606
541 603
541 612
522 608
533 608
529 601
534 591
553 586
540 587
510 597
533 617
532 597
521 597
512 594
523 594
525 613
513 593
532 606
521 606
545 591
552 584
513 602
543 603
534 600
545 600
544 580
537 596
526 596
534 609
546 574
518 592
526 605
537 605
546 583
518 601
523 615
526 614
537 614
547 582
549 579
546 592
518 610
547 591
538 588
546 601
539 596
515 595
538 606
539 587
547 600
524 598
538 597
549 597
505 594
516 594
530 593
524 607
515 604
539 605
516 603
530 602
515 613
550 580
539 614
516 612
530 611
536 590
551 588
542 585
527 596
529 615
517 595
551 597
508 592
519 592
548 573
517 604
519 601
548 582
520 600
511 597
517 613
548 591
520 609
522 603
541 616
514 599
542 615
533 612
670 623
670 624
671 625
669 622
668 621
668 620
669 621
668 623
670 620
670 626
669 624
669 627
668 626
667 624
667 621
666 622
665 621
664 622
663 621
662 622
661 623
660 622
659 623
667 627
666 625
665 624
664 625
663 624
662 625
671 621
663 626
662 627
665 623
668 622
670 619
669 623
661 628
660 627
659 626
660 625
658 627
657 628
664 627
666 624
667 623
658 629
671 623
662 620
662 629
663 628
665 625
668 624
660 629
669 625
664 620
661 630
664 629
665 630
666 631
667 630
668 629
669 630
665 632
668 631
669 632
666 633
667 632
666 626
667 625
658 622
657 621
656 621
655 622
654 621
654 623
655 624
656 623
658 620
657 619
658 618
659 617
660 616
659 619
660 618
654 625
660 620
655 626
653 626
652 626
656 625
667 634
663 630
665 627
654 627
669 618
670 617
671 616
672 617
673 616
673 618
668 617
667 616
666 615
665 614
666 613
667 614
668 613
665 616
664 616
668 615
666 617
665 618
664 618
664 613
666 619
667 618
656 618
655 619
664 631
656 627
658 624
671 618
673 615
673 614
672 613
673 613
663 614
662 613
661 614
660 613
659 612
658 611
657 610
658 609
659 608
659 610
660 609
657 612
660 611
658 613
657 614
656 609
658 615
662 615
662 616
674 614
675 615
676 615
675 616
676 617
677 616
675 618
676 619
677 618
675 620
675 621
674 621
673 620
673 622
677 620
678 621
679 620
679 622
666 629
675 613
675 622
680 621
681 620
676 614
671 627
671 628
671 629
671 630
662 624
672 626
673 625
673 627
673 628
673 629
673 630
674 628
675 627
676 626
677 625
673 631
669 620
681 622
681 623
661 616
669 629
661 625
653 621
673 617
662 617
662 618
677 615
665 613
662 626
673 626
654 622
677 624
665 622
665 631
676 628
677 629
666 614
668 633
669 634
658 610
658 619
672 612
657 623
672 621
672 630
669 615
661 611
661 620
669 633
661 629
659 613
676 624
677 623
672 624
675 625
662 611
658 607
682 623
683 622
683 621
683 620
677 627
675 629
675 630
676 631
653 625
673 612
677 632
662 612
662 621
673 621
665 617
676 633
677 634
654 626
665 626
676 623
676 632
668 628
660 624
666 630
675 634
657 609
680 620
674 633
657 618
673 634
672 635
673 636
673 635
672 616
657 627
672 625
672 634
669 619
661 615
669 628
661 624
653 620
675 635
665 612
676 618
668 614
676 627
679 623
676 636
676 637
660 619
668 632
660 628
657 613
680 624
680 625
681 626
681 627
657 622
672 620
672 629
669 614
661 610
662 609
662 608
661 619
653 624
664 621
664 630
667 626
656 626
676 622
668 618
660 614
668 627
660 623
657 608
657 617
682 628
680 619
681 618
681 617
680 616
679 618
672 615
657 626
653 619
678 635
679 636
680 635
681 636
680 634
679 633
679 637
680 638
680 639
680 640
681 641
681 640
679 632
679 641
679 642
680 643
680 644
681 645
680 633
681 632
681 631
680 630
680 629
679 628
679 627
679 645
679 646
679 647
680 648
680 649
681 650
679 650
679 651
679 652
680 653
680 652
682 651
683 652
678 649
682 637
682 646
679 631
678 644
677 643
676 642
676 641
675 640
675 639
676 640
675 643
675 644
676 645
676 646
676 647
675 648
675 649
674 647
674 642
652 619
682 632
674 637
682 650
674 646
673 645
672 645
672 644
672 643
671 646
671 647
672 648
672 649
671 650
670 649
669 648
668 647
669 647
667 648
667 649
668 650
668 651
664 611
683 633
683 634
683 635
675 638
679 617
666 647
679 626
678 630
657 607
670 635
678 648
682 618
682 627
652 623
651 622
650 621
650 620
650 619
649 622
649 623
650 624
650 625
648 621
647 620
646 619
646 618
645 620
645 621
646 622
648 620
674 623
663 623
671 636
671 637
682 636
674 632
671 645
674 641
673 640
672 640
672 639
671 641
670 640
669 639
669 638
668 637
683 619
664 615
656 611
675 624
664 624
667 620
656 620
675 633
667 629
668 612
669 611
670 612
667 611
666 610
665 609
660 608
645 619
644 618
643 618
643 617
642 616
642 615
643 614
641 614
641 613
640 612
639 611
639 610
638 609
638 608
639 607
640 607
639 606
637 607
636 606
635 605
636 605
635 604
635 603
634 602
634 606
634 607
635 608
635 609
636 610
634 601
633 600
634 610
634 611
634 612
637 611
638 612
638 613
638 614
639 615
639 616
638 617
638 618
637 616
641 608
642 607
643 608
643 609
642 606
641 609
642 610
642 611
641 617
641 618
641 619
642 620
642 621
643 622
641 622
641 623
640 621
639 620
633 609
632 608
631 607
631 606
630 605
630 604
631 605
637 606
660 617
637 615
678 616
648 624
678 625
670 621
659 621
678 634
670 630
678 643
630 603
631 602
632 603
631 601
670 639
670 648
671 613
663 609
682 622
671 622
640 616
663 618
674 618
671 631
671 632
682 631
663 627
674 627
671 640
674 636
674 645
664 610
633 604
664 619
675 619
677 638
678 639
667 615
673 649
677 647
656 624
644 622
666 628
637 610
659 607
648 619
678 620
670 616
659 616
678 629
670 625
659 625
678 638
651 621
670 634
678 647
682 617
671 617
640 611
674 613
663 613
681 649
671 626
682 626
632 607
652 622
663 622
640 620
674 622
674 631
677 633
633 608
673 644
656 610
667 610
677 642
644 617
666 623
655 623
647 619
666 632
658 628
637 605
638 604
638 603
637 602
636 601
666 650
665 650
666 651
665 649
678 615
636 609
659 611
670 611
678 624
659 620
678 633
659 629
670 629
651 625
670 638
681 635
671 612
681 644
640 606
663 608
682 621
632 602
640 615
674 617
681 653
663 617
669 651
674 626
677 619
662 630
677 628
673 639
633 603
677 637
673 648
677 646
666 609
666 618
655 618
658 614
666 627
655 627
647 623
658 623
639 619
636 604
678 619
659 615
670 615
678 628
680 647
659 624
651 620
681 621
670 633
681 630
669 637
681 639
681 648
669 646
663 612
640 610
632 606
640 619
643 621
673 643
677 641
665 648
677 650
639 605
647 618
639 614
636 608
680 642
636 617
635 617
672 638
680 651
672 647
651 624
681 625
681 634
681 643
640 605
632 601
640 614
669 650
681 652
643 607
643 616
635 612
636 613
673 638
646 621
677 636
673 647
665 652
676 649
639 609
647 622
639 618
680 628
636 603
680 637
636 612
672 633
680 646
672 642
681 629
650 623
681 638
669 636
642 619
632 605
665 611
673 624
635 607
665 620
654 620
643 620
677 622
673 633
664 652
665 629
677 631
676 635
666 612
658 608
676 644
679 640
639 604
658 617
679 649
639 613
668 649
639 622
680 623
672 619
680 632
636 607
672 628
680 641
672 637
680 650
669 613
672 646
661 609
681 624
661 618
669 631
681 633
642 614
661 627
653 623
662 610
662 619
673 619
635 602
683 651
665 615
643 615
677 617
662 628
675 647
635 611
654 624
646 620
676 621
676 630
676 639
668 635
679 635
658 612
676 648
679 644
639 608
657 616
680 618
672 614
657 625
680 627
672 623
649 621
680 636
672 632
680 645
672 641
669 617
681 619
661 613
669 626
642 609
661 622
650 622
634 605
669 635
642 618
662 614
665 610
675 642
635 606
668 611
645 618
677 639
637 614
679 629
648 623
679 638
668 638
678 642
638 606
630 602
678 651
638 615
670 647
641 611
649 624
641 620
682 630
631 603
671 639
674 635
671 648
682 648
642 612
674 644
634 608
664 609
644 621
675 636
675 645
667 650
637 609
679 624
645 622
637 618
678 637
638 610
678 646
630 606
641 606
638 619
649 619
641 615
682 625
652 621
671 634
682 634
674 630
674 649
674 639
634 603
682 652
674 648
667 609
633 607
644 616
675 631
668 610
637 604
668 619
645 617
679 619
660 615
666 649
637 613
648 622
678 623
678 632
659 628
670 628
638 605
678 641
670 637
678 650
670 646
641 610
671 620
656 628
682 620
674 616
663 616
682 629
663 625
640 623
674 625
652 625
671 638
674 634
682 647
674 643
664 608
633 602
664 617
658 625
675 617
633 611
667 613
675 626
664 626
677 645
644 620
656 622
667 622
667 631
637 608
660 610
637 617
678 618
659 614
670 614
678 627
678 636
651 619
670 632
678 645
641 605
674 615
670 650
671 615
681 647
663 611
640 609
682 624
671 624
652 620
640 618
663 620
674 620
671 633
682 633
663 629
674 629
674 638
664 612
673 642
633 606
656 608
677 640
667 617
656 617
642 617
677 649
673 646
655 621
666 621
658 626
637 603
665 619
654 619
643 619
676 616
637 612
666 648
667 647
659 609
676 625
678 622
679 621
670 618
659 618
636 616
676 634
678 631
679 630
668 630
670 627
659 627
676 643
678 640
660 626
651 623
679 639
670 636
679 648
668 648
657 611
638 607
681 642
657 620
680 622
682 619
671 619
638 616
672 618
640 613
663 615
681 651
669 649
680 631
641 612
672 627
652 624
674 624
640 622
641 621
672 636
669 612
661 608
677 626
631 604
673 637
633 601
661 617
634 600
677 635
682 649
671 649
642 613
633 610
667 612
661 626
634 609
677 644
642 622
653 622
644 619
665 651
666 616
683 632
664 628
675 628
655 625
658 621
647 621
678 617
675 637
635 601
639 617
667 633
635 610
675 646
636 602
666 652
676 620
667 651
668 616
679 616
636 611
670 613
676 629
678 626
660 612
668 625
679 625
670 622
659 622
676 638
660 621
679 634
668 634
670 631
679 643
681 628
681 637
657 615
680 617
671 614
638 611
663 610
681 646
640 608
657 624
680 626
641 607
632 604
649 620
672 622
663 619
674 619
640 617
641 616
672 631
662 623
673 623
673 632
677 621
669 616
682 635
671 635
661 612
677 630
665 628
642 608
633 605
673 641
661 621
674 640
634 604
682 653
664 614
675 614
677 648
666 611
664 623
675 623
666 620
655 620
683 636
656 619
667 619
658 616
675 632
639 612
667 628
675 641
639 621
618 618
617 619
616 618
615 618
614 617
617 618
615 617
618 617
616 617
619 618
617 617
618 619
614 619
613 619
612 619
620 619
621 620
615 619
613 618
616 619
619 619
614 618
572 617
571 618
572 618
573 618
574 619
575 620
575 621
571 617
573 620
573 617
576 619
576 622
577 621
578 622
570 618
569 619
568 618
567 619
566 618
565 619
564 620
564 621
563 619
565 622
566 621
567 622
568 621
574 618
575 617
576 617
575 623
575 624
576 625
577 624
578 625
564 623
564 624
565 625
566 624
567 625
577 620
566 620
574 621
566 617
565 616
566 615
567 616
568 615
569 614
569 616
570 615
571 614
572 615
571 616
565 618
576 624
578 621
567 621
569 618
570 617
573 615
565 620
567 614
578 623
567 623
573 614
573 613
570 619
569 613
570 612
569 611
570 610
569 609
571 609
572 608
571 607
571 611
573 608
574 612
573 611
575 611
575 613
576 610
571 613
573 610
566 626
565 627
564 627
563 618
565 615
568 608
569 607
568 606
567 607
566 608
565 607
565 609
565 606
567 609
567 610
576 621
567 618
569 615
568 617
570 614
567 627
567 628
566 629
567 630
566 631
574 614
566 610
565 611
564 611
564 622
575 622
577 619
566 619
571 615
566 628
565 608
563 620
567 611
567 612
569 608
568 610
570 607
576 623
567 620
569 617
568 619
570 616
567 629
565 629
564 629
572 610
574 607
573 606
575 606
575 608
574 605
575 604
576 603
577 603
576 605
577 606
578 605
572 619
574 616
575 615
564 615
563 614
564 613
562 615
561 616
563 616
565 613
566 612
571 608
563 613
566 630
576 607
577 608
578 604
562 617
561 618
560 618
567 613
569 610
568 612
570 609
565 631
564 631
572 612
574 609
577 605
564 617
566 614
564 626
577 623
566 623
566 632
567 626
576 609
578 606
567 606
562 619
573 619
576 618
567 615
568 614
570 611
565 624
572 614
574 611
575 610
564 610
577 607
566 607
574 620
564 619
575 619
566 616
564 628
566 625
577 625
564 630
564 612
566 627
576 604
560 617
565 610
568 609
566 609
565 628
572 609
574 606
575 605
574 615
575 614
567 631
564 614
566 611
571 610
575 618
573 607
576 606
578 603
571 619
562 616
573 616
563 615
565 612
568 611
570 608
565 621
568 620
565 630
569 612
572 611
574 608
567 624
575 607
578 624
577 604
574 617
561 617
575 616
564 616
566 613
564 625
577 622
566 622
571 612
573 609
576 608
573 612
562 618
576 611
567 608
563 617
568 607
565 614
568 613
576 620
565 617
565 623
568 616
570 613
565 626
567 617
565 632
566 606
572 607
572 613
574 610
575 609
572 616
574 613
575 612
564 618
574 622
584 593
584 594
585 595
583 592
582 592
581 592
581 591
585 594
586 593
587 592
583 594
583 591
580 592
588 593
589 592
579 593
578 592
577 593
576 592
590 593
591 592
592 591
593 592
587 594
587 595
586 592
585 591
578 591
587 591
588 590
576 591
575 590
574 591
573 592
572 591
571 592
570 591
569 592
586 595
569 591
591 591
590 590
591 589
592 590
593 589
591 594
581 593
581 594
592 593
584 592
584 595
575 592
583 593
574 590
589 594
589 595
577 592
588 592
590 589
589 591
588 595
590 592
579 592
580 591
582 594
573 591
571 591
582 591
593 591
586 591
585 593
576 590
586 594
568 592
587 593
592 589
578 593
570 592
592 592
591 590
591 593
572 592
584 591
583 595
574 592
575 591
589 590
588 594
579 591
590 591
589 593
577 591
588 591
590 594
593 590
582 593
585 592
580 593
579 666
580 665
579 664
581 666
578 663
582 666
578 665
578 662
581 664
582 663
583 667
581 667
584 666
585 665
583 664
584 663
585 662
586 663
587 662
577 663
588 663
577 666
576 665
575 666
574 667
573 666
579 663
574 668
573 669
575 669
576 668
580 662
581 661
577 669
578 668
580 668
580 669
579 670
582 665
582 662
583 661
584 660
585 659
579 669
582 668
585 661
586 662
585 664
573 668
586 665
587 664
576 664
581 660
582 659
583 658
578 667
576 667
578 664
581 663
578 670
583 660
584 659
584 665
583 663
584 662
581 669
583 666
575 665
574 664
575 668
577 670
577 665
574 666
579 662
589 664
574 669
580 661
577 668
579 665
580 664
582 661
580 670
579 668
582 667
580 667
582 664
585 663
573 667
585 660
585 666
587 663
573 670
576 663
586 661
576 666
586 664
576 669
578 666
581 665
588 664
581 662
584 661
578 669
583 659
581 668
583 665
584 664
583 662
574 665
575 664
577 667
575 667
577 664
580 663
582 660
579 667
580 666
