173 493
172 492
171 492
170 492
169 493
168 493
168 492
171 491
172 490
173 491
174 490
175 489
176 490
177 489
167 493
166 492
165 493
164 494
163 494
162 494
163 493
178 490
179 490
180 491
179 489
180 488
179 487
181 489
182 488
179 486
174 489
175 488
174 487
176 487
166 494
168 491
173 490
176 489
178 486
177 485
178 484
177 483
179 483
180 482
180 484
181 485
179 485
167 495
165 495
164 496
170 491
174 491
175 490
177 487
180 486
166 496
181 487
176 482
175 481
174 480
176 480
174 482
173 483
173 492
162 492
176 491
178 488
165 497
164 498
170 493
161 493
160 494
159 493
158 492
157 491
156 490
157 489
158 488
159 489
158 490
156 492
155 492
159 491
157 493
160 489
161 488
160 487
161 486
156 494
155 494
154 495
155 496
154 497
153 498
152 497
183 487
184 486
185 487
186 488
187 487
188 486
185 489
188 488
187 489
189 486
183 485
189 488
174 484
175 483
177 480
178 479
177 478
176 478
178 477
177 476
178 475
179 474
180 473
180 475
179 476
180 477
179 478
180 479
175 492
155 489
154 488
153 489
155 487
152 490
151 491
153 491
152 499
151 500
166 498
155 498
156 499
157 498
158 497
168 495
157 495
181 480
159 487
182 479
182 481
183 478
184 479
185 480
186 479
187 478
188 479
160 491
183 480
183 489
183 490
175 485
152 492
187 477
176 477
175 476
179 473
176 486
187 486
179 482
164 493
156 489
179 491
156 498
180 474
160 486
190 487
163 497
183 484
182 483
175 480
152 496
151 495
176 481
179 477
186 485
156 493
167 490
167 499
159 495
160 496
182 478
182 487
163 492
151 490
151 499
183 479
175 475
183 488
175 484
152 491
179 472
186 480
187 481
187 482
156 488
186 489
189 485
178 485
167 494
159 490
170 490
190 486
182 482
182 491
151 494
163 496
175 479
152 495
174 492
155 488
166 497
155 497
158 493
186 484
178 480
189 480
167 489
178 489
167 498
159 494
170 494
170 495
190 481
190 482
182 477
182 486
151 489
163 491
151 498
175 474
176 473
176 472
185 478
174 478
189 484
170 489
171 488
172 488
171 487
171 486
170 485
151 493
162 490
174 473
186 483
185 482
189 479
190 478
190 477
190 476
189 475
188 474
187 473
187 472
186 474
186 475
185 473
184 472
183 471
182 472
182 473
183 474
183 475
167 488
166 487
170 484
169 483
168 482
168 481
171 483
171 482
170 481
167 480
170 480
171 481
167 479
151 488
152 487
152 486
151 485
151 484
152 483
152 482
173 485
150 484
162 485
163 486
164 485
164 484
164 483
163 487
163 488
164 489
164 488
165 490
154 490
165 499
154 499
174 477
173 476
185 477
177 473
185 486
174 486
177 482
166 491
155 491
177 491
158 487
166 500
172 493
186 478
158 496
178 474
189 474
189 483
170 479
171 478
172 479
171 477
170 476
170 475
184 481
169 492
150 488
149 487
149 486
148 485
148 484
147 483
148 488
148 489
148 490
149 491
147 487
147 482
147 491
147 492
148 493
148 494
146 486
145 485
145 484
144 483
144 482
144 486
144 487
144 488
145 489
145 490
144 491
144 492
145 493
145 494
143 490
142 489
143 485
142 484
141 483
141 482
140 484
140 485
141 486
141 487
146 495
147 496
147 497
148 498
148 499
147 500
147 501
147 502
148 502
146 500
145 499
145 498
144 497
144 496
143 489
143 498
142 498
143 499
147 486
147 495
184 490
161 497
150 497
149 496
181 475
153 493
181 484
173 480
173 489
162 489
165 485
162 498
146 481
165 494
154 494
185 472
146 490
174 481
146 499
185 481
177 477
185 490
166 486
167 485
168 486
167 484
166 483
166 482
177 486
143 484
188 483
143 493
143 494
142 493
141 492
141 491
158 491
147 481
149 500
169 478
168 477
168 476
184 476
169 487
172 483
184 485
150 483
149 482
169 496
169 497
161 492
150 492
153 488
142 488
150 501
153 497
142 497
181 479
173 475
172 474
181 488
173 484
162 484
162 493
154 489
165 489
146 485
165 498
154 498
185 476
146 494
174 476
177 472
146 503
145 503
144 502
144 501
146 504
166 481
177 481
188 478
143 488
158 486
188 487
180 483
191 483
191 484
192 485
157 490
168 490
168 499
160 495
149 495
184 471
192 484
169 482
172 478
184 480
169 491
184 489
172 487
161 487
150 487
142 483
161 496
150 496
142 492
181 474
153 492
181 483
173 479
173 488
162 488
165 484
154 493
185 471
146 489
164 497
188 473
143 483
145 502
188 482
180 478
191 478
168 485
180 487
149 481
168 494
157 494
160 490
149 490
149 499
169 477
184 475
169 486
150 482
184 484
172 482
169 495
161 491
172 491
150 491
153 487
142 487
150 500
142 496
153 496
181 478
173 474
176 476
187 476
146 484
187 485
176 485
179 481
164 492
145 488
156 497
145 497
188 477
168 480
191 482
168 489
149 485
168 498
149 494
184 470
169 481
172 477
172 486
150 486
142 482
183 483
142 491
144 500
187 480
164 487
145 483
145 492
145 501
188 481
191 486
168 484
149 489
149 498
169 476
171 495
150 481
172 481
153 486
141 490
144 495
176 475
187 475
176 484
187 484
179 480
164 491
156 487
145 487
156 496
145 496
188 476
180 472
168 479
157 488
168 488
149 484
190 485
160 493
149 493
171 490
182 490
148 497
163 495
183 473
183 482
175 478
183 491
152 485
141 485
175 487
152 494
144 490
144 499
176 479
187 479
179 475
187 488
164 486
179 484
145 482
164 495
156 491
145 491
145 500
167 497
190 480
171 476
182 476
182 485
148 483
171 485
171 494
148 492
140 488
163 490
147 503
190 483
171 479
148 486
151 482
163 484
140 482
148 495
162 497
146 498
170 496
166 485
143 492
186 472
167 482
160 492
143 501
186 481
189 477
167 486
170 482
170 487
147 489
147 498
159 496
171 474
182 474
148 481
140 486
151 486
165 488
174 475
146 493
185 475
146 502
185 484
143 487
166 489
143 496
186 476
158 494
178 472
167 481
189 481
178 481
170 477
159 486
170 486
147 484
147 493
169 490
184 488
150 495
161 495
181 473
151 481
181 482
173 478
181 491
162 487
173 487
165 483
162 496
154 492
165 492
146 488
185 470
185 479
146 497
174 479
177 475
174 488
185 488
166 484
177 484
143 482
166 493
155 493
143 491
158 489
186 471
143 500
158 498
189 476
178 476
147 488
184 474
169 485
184 483
169 494
150 490
161 490
142 486
150 499
153 495
142 495
181 477
173 473
181 486
173 482
162 491
165 487
154 487
148 501
146 483
151 497
154 496
165 496
183 477
174 474
185 474
146 492
175 473
183 486
174 483
185 483
146 501
175 482
177 479
175 491
152 489
141 489
166 488
177 488
143 486
144 485
152 498
188 485
143 495
144 494
180 481
176 474
187 474
144 503
180 490
157 497
168 497
179 479
145 486
186 487
167 483
178 483
169 480
172 476
184 478
167 492
169 489
159 488
170 488
161 485
172 485
184 487
150 485
169 498
170 497
159 497
172 494
161 494
150 494
153 490
142 490
181 472
190 484
181 481
142 499
153 499
182 480
171 480
173 477
181 490
171 489
182 489
148 487
162 486
173 486
140 483
163 485
151 483
165 482
148 496
162 495
151 492
165 491
154 491
183 472
146 487
176 488
165 500
183 481
146 496
175 477
177 474
175 486
141 484
152 484
152 493
188 480
180 476
144 489
168 483
180 485
144 498
191 485
155 495
166 495
157 492
186 473
160 488
149 488
186 482
160 497
149 497
189 478
178 478
169 475
184 473
167 487
189 487
178 487
169 484
170 483
184 482
172 480
167 496
159 492
147 490
172 489
150 489
161 489
153 485
142 485
147 499
161 498
150 498
190 479
153 494
142 494
181 476
140 487
182 475
171 475
148 482
182 484
171 484
173 481
148 491
171 493
163 489
151 487
165 486
148 500
146 482
187 483
176 483
151 496
163 498
183 476
146 491
164 490
179 488
164 499
156 495
145 495
152 488
188 475
141 488
145 504
144 484
174 485
185 485
188 484
180 480
144 493
168 478
177 490
155 490
166 490
157 487
180 489
168 487
149 483
166 499
155 499
143 497
168 496
157 496
186 477
158 495
149 492
178 473
186 486
149 501
189 482
178 482
169 479
170 478
184 477
172 475
167 491
178 491
169 488
147 485
172 484
167 500
147 494
150 493
