368 84
367 84
369 84
370 85
366 85
365 85
370 84
371 83
371 86
370 87
364 86
366 86
367 85
366 83
367 82
368 81
369 82
370 81
371 80
369 85
372 84
372 81
365 82
364 83
369 88
368 87
367 88
367 89
368 90
367 91
366 89
366 92
372 87
363 84
362 83
361 84
360 85
368 83
370 80
371 79
370 78
372 78
368 92
370 89
361 86
371 88
362 85
364 82
369 81
372 80
367 93
366 94
369 90
372 89
360 87
373 90
368 85
370 82
371 81
365 95
368 94
370 91
371 90
362 87
364 84
366 87
360 83
367 86
369 83
372 82
366 96
367 95
369 92
372 91
373 83
374 84
373 92
365 88
364 89
365 97
364 98
368 96
369 97
370 96
371 95
372 96
373 97
370 98
371 97
369 99
368 99
367 100
366 101
365 100
365 102
368 101
366 103
374 82
367 102
365 104
368 103
369 104
370 105
371 104
372 103
373 104
369 106
371 106
371 99
375 81
376 82
377 83
376 84
377 85
378 86
379 85
380 84
379 83
380 82
379 81
381 82
382 81
381 80
382 79
381 78
383 78
384 77
384 79
383 80
385 77
380 77
379 76
380 75
379 74
380 73
381 73
382 72
381 71
381 70
381 69
382 70
382 74
385 79
366 98
369 94
369 103
381 68
381 77
370 77
369 76
370 86
372 105
373 106
362 82
364 100
373 78
374 79
373 87
365 83
373 96
365 92
373 105
365 101
377 84
366 84
369 80
366 93
369 89
369 98
381 72
372 100
373 101
364 95
364 104
373 82
373 91
365 87
373 100
365 96
365 105
365 106
369 75
368 107
369 108
380 81
381 67
372 86
372 95
372 104
384 78
361 85
376 83
364 81
364 90
364 99
373 77
373 86
373 95
365 91
368 93
368 102
369 79
371 98
380 76
371 107
380 85
381 86
381 87
383 81
372 90
360 88
372 99
372 108
372 109
373 110
384 82
384 83
385 84
361 89
361 90
362 91
362 92
364 85
364 94
364 103
373 81
365 86
368 88
368 97
368 106
367 105
380 71
371 102
380 80
383 76
372 76
372 85
372 94
371 93
364 80
363 79
362 78
362 77
361 76
361 75
362 74
363 75
362 73
362 72
361 71
364 76
365 77
366 76
366 75
365 74
365 78
366 79
366 80
365 73
366 74
361 93
361 94
361 95
362 96
360 92
365 72
366 71
367 72
366 70
365 69
365 68
364 67
363 66
364 71
363 70
362 69
362 68
368 74
380 66
383 71
360 96
360 97
361 98
361 99
359 96
384 72
384 73
384 74
385 75
361 70
360 69
359 68
358 67
358 66
358 65
357 64
357 68
357 69
358 70
358 71
364 66
361 79
361 80
360 78
364 75
374 107
365 67
366 66
357 72
357 73
357 74
358 75
358 76
357 77
357 78
357 79
358 80
358 81
358 79
357 82
357 83
358 84
358 85
375 108
376 107
377 107
376 106
375 109
359 91
358 90
358 89
357 88
357 87
357 91
357 92
357 93
358 94
356 90
355 89
354 88
354 87
353 86
353 85
354 86
353 89
353 90
354 91
354 92
354 93
353 94
353 95
354 96
354 97
352 93
351 92
352 88
351 87
350 86
350 85
353 98
352 98
353 99
353 100
354 101
354 102
353 103
353 104
353 105
354 106
354 105
352 102
351 101
350 100
350 99
349 101
349 102
350 103
350 104
348 100
347 99
346 98
346 97
346 96
347 95
347 94
346 93
346 92
345 91
345 95
345 90
345 99
345 100
346 101
346 102
347 103
347 104
352 97
351 96
350 95
350 94
349 93
349 92
352 106
352 107
353 108
353 109
354 110
354 111
345 94
345 103
345 104
345 105
346 106
346 107
347 108
345 108
345 109
345 110
346 111
346 110
348 109
349 110
350 109
351 110
350 108
349 107
349 111
349 106
352 111
352 112
353 113
353 114
354 115
352 115
352 116
353 117
353 118
353 119
354 120
352 120
352 121
353 122
353 123
354 124
344 107
343 106
342 105
342 104
342 103
341 102
341 106
341 107
342 108
342 109
340 105
348 95
348 104
349 87
349 88
350 89
350 90
348 86
347 85
347 84
346 83
346 82
347 81
347 80
346 79
346 78
345 81
346 77
346 76
347 76
347 75
346 74
346 73
345 72
345 76
349 96
349 97
352 92
349 105
352 101
341 101
342 100
343 101
342 99
341 98
341 97
340 100
339 99
338 98
339 98
338 97
341 110
340 110
341 111
341 112
342 113
342 114
341 115
341 116
341 117
342 118
342 119
342 117
341 120
341 121
342 122
342 123
340 119
340 114
340 109
339 108
338 107
338 106
337 105
337 104
338 103
339 103
338 102
338 101
337 100
340 118
339 117
338 116
366 99
352 110
345 71
344 70
343 70
343 69
343 68
342 67
342 71
337 106
342 66
343 65
344 65
343 64
343 63
353 84
354 83
354 82
353 81
353 80
352 79
351 78
351 77
350 76
350 75
351 74
351 73
350 72
350 71
350 70
351 69
352 70
353 69
353 68
351 68
350 67
349 68
354 69
355 70
355 71
350 66
353 67
354 68
349 74
353 71
354 72
354 73
354 74
354 75
354 76
355 75
353 76
354 77
354 78
349 69
352 74
358 86
352 83
351 83
351 82
350 81
349 82
350 80
349 79
349 83
349 78
353 66
353 75
345 80
344 79
343 79
343 78
345 74
342 80
342 81
343 82
343 83
341 79
342 84
342 85
342 86
343 87
343 88
342 89
342 90
343 91
343 92
341 88
341 83
355 112
356 113
356 114
357 115
357 116
358 117
356 117
356 118
355 117
345 89
346 88
347 89
347 90
346 87
345 86
345 85
355 121
356 122
356 123
344 93
367 104
344 102
344 111
368 78
356 76
379 78
336 107
379 87
379 88
380 89
380 90
381 91
382 90
383 90
384 91
384 92
385 93
384 93
383 94
383 95
383 96
382 97
381 96
384 97
349 108
380 95
384 96
385 95
380 94
379 93
386 95
387 95
388 95
389 96
388 94
387 93
387 96
379 92
380 93
383 98
348 81
380 70
379 69
371 101
337 108
383 75
340 113
341 78
360 91
352 87
343 124
363 102
355 98
374 111
386 85
378 81
344 88
375 112
376 112
377 112
367 108
368 73
387 86
388 86
389 87
390 88
391 89
379 82
371 78
344 124
345 124
346 125
356 98
357 98
358 99
348 94
360 68
351 105
382 92
374 88
353 65
352 64
351 63
385 97
355 111
375 89
386 98
359 81
378 94
344 101
356 75
347 112
347 113
348 114
349 115
337 98
336 97
370 95
349 72
348 71
347 70
346 69
340 103
341 68
340 68
340 67
382 69
352 77
339 107
385 74
343 114
363 92
355 88
374 101
386 75
344 78
389 86
359 94
346 124
379 72
378 72
378 71
366 102
377 111
369 107
348 84
340 80
381 81
347 125
351 95
370 108
363 69
382 82
374 78
339 120
338 121
355 101
375 79
376 79
377 79
367 75
359 71
378 84
344 91
356 65
355 66
355 65
347 102
350 107
351 72
362 81
381 94
339 97
351 108
343 104
363 82
355 78
374 91
344 68
354 118
346 114
345 114
346 115
347 79
357 123
358 122
358 121
358 88
350 84
347 115
358 124
359 124
360 124
351 85
343 81
362 94
339 110
338 111
338 110
342 121
388 88
388 89
354 95
373 108
345 126
345 127
346 91
366 69
357 100
357 101
377 78
369 74
370 73
389 89
346 127
347 92
366 105
358 101
350 97
370 75
362 71
381 84
343 94
384 95
363 72
355 68
342 98
353 107
373 85
365 81
354 108
346 104
347 69
366 82
338 100
357 113
358 78
350 74
369 87
372 98
351 75
343 71
362 84
349 114
360 123
361 122
360 121
361 121
361 88
352 119
351 118
350 118
350 117
364 93
342 111
361 124
362 124
363 125
364 126
364 127
365 127
353 120
354 85
345 116
373 98
346 81
365 94
357 90
368 105
347 82
358 91
371 110
371 111
350 87
391 88
392 87
381 74
348 126
349 125
348 127
360 100
360 101
372 111
392 89
384 85
383 85
376 81
349 127
341 123
340 123
342 88
361 101
353 97
345 93
373 75
364 106
365 71
357 67
354 98
346 94
366 72
358 68
377 81
350 64
369 77
380 92
372 88
351 65
383 97
349 104
341 100
361 78
352 109
353 74
384 98
342 101
353 110
345 106
373 88
346 71
365 84
357 80
368 95
347 72
380 69
371 100
350 77
337 107
383 74
356 120
348 116
348 117
349 81
340 112
360 90
339 67
338 68
338 67
352 86
372 101
384 75
349 117
341 113
342 78
361 91
352 122
353 87
345 83
364 96
375 111
367 107
346 84
387 85
344 123
390 90
390 91
356 97
348 93
368 108
391 91
337 120
336 120
336 119
337 118
336 117
335 117
334 118
333 117
334 117
333 119
333 120
334 120
349 94
341 90
340 90
361 68
352 99
353 64
364 73
342 91
355 110
375 88
354 65
345 96
386 97
378 93
357 70
344 100
387 98
388 99
389 99
390 100
391 99
392 100
390 101
392 99
391 101
359 116
379 94
337 97
356 110
357 111
358 111
348 106
349 71
340 102
341 67
360 80
352 76
351 117
362 126
362 127
341 103
342 68
361 81
374 100
375 99
353 77
345 73
363 127
355 123
375 101
376 102
377 101
367 97
359 93
387 75
388 76
389 77
390 78
391 79
389 76
388 78
389 79
391 78
392 77
391 76
392 76
392 79
393 80
393 79
394 79
394 78
378 106
379 105
378 104
379 104
380 103
379 102
381 104
381 105
382 105
383 105
384 106
385 107
386 108
380 102
383 107
383 108
384 108
386 107
387 106
387 108
380 105
382 104
385 109
385 110
386 110
379 71
344 113
390 80
336 109
336 110
356 87
348 83
368 98
340 79
347 124
380 72
371 103
337 110
383 77
370 107
349 84
340 115
341 80
360 93
352 89
339 119
363 104
362 104
355 100
374 113
375 78
367 74
386 87
385 87
378 83
344 90
356 64
368 75
379 84
356 100
348 96
360 70
352 66
351 107
343 103
363 81
382 94
374 90
385 99
355 113
375 91
376 92
376 91
377 91
367 87
386 100
359 83
365 126
366 125
344 103
336 99
356 77
348 73
340 69
340 70
347 114
393 81
393 82
366 127
367 128
368 129
369 130
369 131
370 131
371 131
372 132
372 131
373 131
368 128
371 133
371 134
372 134
367 130
370 130
373 130
358 123
350 119
350 120
369 132
370 97
362 93
381 106
341 70
382 71
339 109
385 76
351 120
343 116
363 94
382 107
355 90
374 103
394 81
395 82
395 81
396 80
396 82
386 77
378 73
344 80
389 88
346 126
366 104
338 122
338 123
358 100
377 113
378 114
379 115
376 114
376 115
379 114
380 113
379 112
381 114
382 115
380 115
382 114
378 116
378 117
379 117
381 116
381 117
382 117
383 118
384 118
385 119
386 118
387 119
387 118
386 120
369 109
369 110
370 74
340 82
335 116
335 115
335 114
381 83
347 127
351 97
370 110
343 93
363 71
382 84
355 67
374 80
339 122
355 103
388 100
388 101
367 77
354 107
366 81
357 112
377 90
377 89
377 88
356 67
389 101
358 113
359 114
360 113
361 112
360 111
361 111
372 133
384 107
396 81
361 123
364 128
364 129
389 78
373 133
374 134
375 134
346 116
365 129
338 112
338 113
357 125
377 103
376 104
347 117
380 114
392 88
383 119
349 126
339 112
376 116
388 90
388 91
334 119
345 128
357 102
357 103
377 80
389 91
346 129
358 103
359 104
359 103
360 103
351 64
335 119
339 89
338 88
339 87
338 90
337 87
336 87
336 86
337 85
392 101
393 102
394 101
395 102
396 103
396 102
395 104
395 105
396 105
397 105
398 105
398 104
399 103
398 102
399 102
399 105
396 104
399 104
376 93
376 94
395 106
361 113
362 114
363 115
364 114
365 115
365 114
366 115
364 116
364 117
365 117
363 114
366 114
362 116
362 117
363 117
365 116
366 117
367 118
368 118
369 119
370 118
364 118
347 71
377 93
335 96
334 95
335 94
333 96
333 97
334 97
332 96
331 96
331 95
331 94
331 93
330 92
329 91
332 94
328 91
327 91
326 91
327 90
328 89
327 88
328 88
330 91
329 93
329 94
330 94
332 93
325 90
324 90
328 90
368 130
327 92
326 93
326 94
339 66
338 65
339 65
337 65
336 65
336 64
339 64
337 64
336 66
380 104
371 135
392 78
383 109
383 110
349 116
395 83
395 84
360 125
359 126
359 127
372 136
384 110
396 84
397 85
398 84
388 80
361 126
377 70
376 69
377 68
376 71
375 68
375 67
374 68
374 67
387 120
379 116
371 112
371 113
391 90
337 119
383 86
383 87
348 128
348 129
340 124
340 125
360 102
380 117
339 79
338 78
338 77
339 77
338 80
337 77
336 77
336 76
336 75
336 74
337 75
335 74
334 75
333 74
334 74
337 74
333 76
339 76
339 75
339 74
332 73
332 72
331 71
332 71
331 73
330 71
329 71
331 72
338 79
335 73
334 72
335 72
335 71
328 70
327 70
326 71
326 70
325 70
324 70
324 69
324 68
324 67
325 66
324 65
323 65
322 65
325 65
325 68
321 65
320 64
321 63
320 62
319 64
318 63
317 62
318 62
321 62
317 64
323 64
316 61
315 61
314 60
313 59
312 58
311 58
310 58
310 57
309 56
308 55
313 58
309 55
312 60
312 61
313 61
315 60
316 59
308 57
307 57
311 57
314 62
314 63
315 63
325 67
317 63
318 64
310 59
321 64
313 60
306 56
305 55
306 54
305 57
304 54
303 54
303 53
304 52
303 51
302 51
301 52
300 51
299 51
301 51
300 53
300 54
301 54
306 53
299 50
299 49
305 56
302 50
302 49
316 60
327 69
327 68
327 67
328 66
328 68
328 67
319 65
319 66
309 57
301 53
320 66
312 62
312 63
372 113
392 91
393 92
394 91
395 92
396 93
396 92
395 94
395 93
396 94
397 95
398 94
399 93
398 92
399 92
399 95
400 96
400 95
401 96
402 95
403 96
403 95
402 97
402 98
403 98
401 95
400 97
400 98
401 98
403 97
399 94
402 99
402 100
384 87
403 100
404 101
404 100
405 99
406 98
407 99
408 100
408 99
407 101
405 101
408 101
409 102
410 102
410 101
411 100
410 99
411 99
411 102
412 102
413 103
413 102
412 104
412 105
413 105
414 106
414 105
415 105
415 104
415 103
414 107
414 108
411 101
415 107
416 108
416 107
417 108
417 107
406 97
406 96
418 108
419 108
410 103
409 104
409 105
349 129
350 130
350 129
351 128
351 130
352 130
353 130
354 129
353 128
354 128
354 131
355 131
356 131
356 130
354 130
352 131
352 132
353 132
356 132
357 133
357 134
358 134
355 133
355 134
358 133
357 135
357 136
358 136
359 137
359 136
360 136
360 135
360 134
360 133
361 132
361 134
361 133
361 136
362 137
363 137
364 137
365 138
365 137
366 138
367 138
368 139
369 140
370 141
368 138
364 139
367 140
367 141
368 141
370 140
366 137
369 142
369 143
370 143
371 143
372 142
373 141
364 138
365 139
368 140
367 142
359 138
359 139
368 143
341 125
360 138
333 121
361 103
313 63
354 64
302 53
367 119
387 97
398 106
397 107
397 108
398 107
390 102
390 103
356 109
356 108
356 107
335 86
334 85
333 84
332 84
331 84
331 83
332 82
331 81
330 82
329 81
332 81
334 84
335 84
330 81
333 86
333 87
334 87
329 83
332 83
335 83
335 82
335 81
328 80
328 79
327 78
328 78
327 80
326 81
325 80
324 80
324 79
324 78
325 78
323 77
322 78
322 77
327 79
331 85
321 77
320 77
319 77
319 76
320 75
319 74
318 75
317 75
317 74
320 74
321 73
320 72
321 72
321 75
318 74
321 74
317 76
320 76
334 86
326 82
326 83
323 76
323 75
323 74
316 73
315 73
314 73
314 72
315 71
313 71
312 71
312 70
313 69
316 71
311 70
310 70
310 69
311 68
310 67
309 66
308 65
309 65
308 67
307 67
308 68
309 68
311 67
307 69
308 70
306 66
305 65
306 65
306 64
305 67
305 68
304 64
303 64
309 67
312 72
312 73
313 73
305 69
302 63
301 62
302 61
300 63
300 64
301 64
302 60
302 59
299 63
298 63
298 62
298 61
298 60
297 59
299 61
297 58
296 60
295 60
296 61
297 61
299 60
295 62
301 63
294 59
315 72
297 60
308 69
327 82
300 65
300 66
319 78
399 107
400 108
400 107
401 106
401 108
402 108
403 108
402 109
402 110
403 110
404 111
405 112
405 111
404 113
406 110
405 109
406 109
407 111
407 112
408 112
409 112
410 112
410 111
411 110
410 109
411 112
406 108
408 111
411 111
407 113
410 113
409 114
409 115
410 114
411 114
412 115
412 114
413 113
413 115
414 116
415 115
413 114
409 116
409 117
391 103
383 99
330 93
309 70
301 66
360 115
333 98
333 99
363 126
374 135
374 136
334 99
375 100
326 95
386 109
378 105
338 69
398 83
398 82
399 82
323 89
322 88
323 87
322 90
321 87
320 87
319 87
319 86
320 85
319 84
318 85
317 84
321 85
316 84
315 84
314 83
313 82
312 81
313 81
312 83
315 83
316 82
315 81
316 81
318 84
311 80
310 80
310 79
311 78
309 78
308 78
307 77
306 77
305 78
305 77
308 77
309 76
307 79
307 80
308 80
314 85
304 77
303 76
304 75
303 74
304 74
317 86
317 87
306 76
306 75
306 74
318 87
320 86
313 83
305 79
305 80
302 73
301 72
302 72
302 71
301 74
300 74
301 75
300 76
299 73
298 73
298 72
298 71
299 71
297 71
296 71
295 70
294 70
293 70
293 69
294 68
293 67
292 68
291 68
291 67
294 67
296 70
297 69
292 67
295 72
295 73
296 73
291 69
294 69
323 86
323 85
297 70
316 83
308 79
300 75
319 88
319 89
309 80
301 76
320 89
290 66
290 65
289 64
290 64
289 66
288 67
289 65
293 71
322 89
311 79
314 84
304 76
296 72
315 85
288 68
375 136
376 137
376 136
377 136
378 137
379 137
380 138
381 137
382 138
382 137
381 139
380 137
378 138
378 139
379 139
382 139
307 81
307 82
359 128
387 110
388 111
389 110
390 111
391 112
389 109
391 111
392 110
391 109
392 109
392 112
393 112
394 112
394 111
390 113
389 111
392 111
391 113
394 113
395 114
395 115
396 115
393 114
393 115
394 114
396 114
395 116
395 117
396 117
397 118
397 117
398 117
398 116
398 115
399 115
399 117
400 118
401 118
402 118
403 118
397 119
379 106
398 119
399 84
400 85
401 84
400 86
402 85
403 86
401 83
401 86
403 85
402 87
403 88
404 89
404 88
405 89
405 88
406 88
407 89
407 88
408 89
401 85
404 90
404 91
405 91
407 90
407 91
408 91
409 92
410 91
411 90
410 89
411 89
400 87
410 90
411 91
412 92
412 93
413 93
414 93
415 93
415 92
415 91
413 92
412 94
415 94
416 95
415 96
414 96
414 95
415 95
417 95
418 94
416 97
414 97
414 98
403 87
409 93
409 94
406 87
406 86
406 85
391 80
337 109
410 93
297 73
402 89
308 82
348 118
413 104
392 81
405 100
370 142
289 68
416 109
416 110
362 138
362 139
382 116
334 76
374 112
326 72
326 73
394 90
394 89
373 67
372 68
371 68
371 67
370 67
372 67
417 110
304 53
363 139
409 106
323 66
322 67
322 68
355 135
315 62
375 113
307 58
307 59
367 109
367 110
387 87
359 105
359 106
378 118
406 100
398 96
397 97
344 125
343 126
343 127
390 92
390 93
336 121
336 122
337 86
356 99
316 63
308 59
368 110
327 72
300 55
340 91
340 92
401 107
412 116
391 93
404 112
337 122
383 89
330 83
322 79
322 80
341 92
360 105
333 88
333 89
405 113
311 69
397 109
397 110
303 65
303 66
363 116
314 74
314 75
334 89
375 90
394 103
393 104
386 99
378 95
378 96
304 66
323 79
296 62
336 98
315 75
307 71
359 118
387 100
379 96
371 92
366 126
318 86
337 99
297 63
356 112
329 95
329 96
348 108
349 73
340 104
341 69
360 82
352 78
393 116
393 117
413 94
299 72
405 90
351 119
310 81
310 82
397 86
397 87
330 96
370 132
343 115
362 128
362 129
363 93
382 106
342 70
374 102
353 79
394 80
385 111
385 112
345 75
386 76
292 69
311 82
303 78
363 129
295 74
355 125
375 103
367 99
386 112
359 95
387 77
378 108
373 142
406 90
379 73
419 109
419 110
398 86
371 69
371 70
344 115
336 111
296 75
337 76
356 89
329 72
329 73
348 85
340 81
401 97
347 126
420 110
421 111
421 112
421 113
393 93
393 94
366 139
412 106
372 70
358 135
404 102
404 103
350 131
350 132
370 109
330 73
349 86
322 69
362 105
362 106
381 118
381 119
341 82
382 83
352 91
339 121
413 107
385 88
385 89
405 103
351 132
311 59
343 128
303 55
303 56
363 106
382 119
355 102
314 64
375 80
415 116
394 93
367 76
386 89
359 72
359 73
378 85
325 79
304 56
344 92
336 88
336 89
356 66
389 100
408 113
368 77
400 109
400 110
379 86
366 116
371 82
358 112
318 76
337 89
348 98
349 63
348 63
348 62
381 95
360 72
401 110
352 68
299 62
351 109
310 71
343 105
362 118
363 83
382 96
355 79
355 80
374 92
321 86
385 101
332 95
324 91
324 92
344 69
376 138
376 139
355 115
396 116
375 93
388 112
388 113
408 90
359 85
354 119
373 132
365 128
325 92
344 105
357 124
317 88
336 101
377 102
337 66
356 79
348 75
389 113
340 71
401 87
347 116
306 78
393 83
393 84
366 129
298 74
298 75
358 125
318 89
404 92
377 138
350 121
350 122
351 86
370 99
362 95
381 108
382 73
374 69
374 70
339 111
299 75
385 78
351 122
343 118
384 119
363 96
355 92
374 105
375 70
415 106
361 135
407 102
407 103
353 131
386 79
373 109
378 75
377 76
364 140
364 141
325 69
344 82
317 65
317 66
336 78
389 90
408 103
354 132
400 99
346 128
347 93
306 55
365 141
366 106
338 124
338 125
357 137
358 102
318 66
377 115
350 98
369 111
370 76
335 118
381 85
347 129
299 52
339 88
351 99
370 112
411 113
343 95
363 73
403 109
382 86
355 69
321 76
339 124
385 91
313 72
332 85
324 81
324 82
396 106
302 62
388 102
388 103
354 109
359 75
346 105
365 118
325 82
357 114
377 92
389 103
335 95
347 106
306 68
366 119
298 64
379 138
358 115
399 116
350 111
351 76
343 72
343 73
381 98
309 79
328 92
320 88
339 101
380 139
312 84
312 85
331 97
372 135
392 113
343 108
384 109
376 105
355 82
395 118
396 83
342 112
388 79
361 125
321 89
407 92
407 93
353 121
313 85
332 98
305 81
373 99
345 117
345 118
364 130
364 131
344 72
377 69
396 119
302 75
389 80
408 93
294 71
354 122
346 118
347 83
365 131
338 114
358 92
377 105
350 88
369 101
335 108
334 109
381 75
368 142
414 109
414 110
328 69
320 65
380 116
339 78
372 112
331 74
331 75
351 89
392 90
411 103
343 85
384 86
403 99
349 128
395 95
395 96
341 124
360 137
361 102
321 66
352 133
352 134
313 62
332 75
305 58
305 59
373 76
364 107
364 108
324 71
396 96
342 125
388 92
302 52
361 138
334 121
353 134
354 99
373 112
345 130
346 95
365 108
366 73
338 91
338 92
357 104
358 69
377 82
350 65
369 78
316 72
335 85
368 119
327 81
306 58
347 96
399 106
350 101
391 102
351 66
410 115
370 79
362 75
402 111
402 112
309 69
328 82
301 65
320 78
360 114
339 91
312 74
312 75
392 103
384 99
403 112
376 95
376 96
342 102
361 115
293 60
293 61
334 98
353 111
313 75
345 107
373 89
346 72
357 81
323 88
302 65
375 135
294 61
367 131
367 132
346 108
387 109
347 73
338 104
378 140
378 141
357 117
398 118
358 82
399 83
390 114
390 115
350 78
369 91
410 92
297 72
316 85
356 121
402 88
335 98
308 81
327 94
368 132
414 99
300 77
300 78
319 90
339 68
380 106
399 119
371 137
372 102
391 115
392 80
411 93
383 111
384 76
289 67
403 89
376 72
376 73
349 118
309 82
395 85
395 86
301 78
341 114
342 79
360 127
361 92
352 123
353 88
345 84
364 97
290 68
376 108
417 109
396 86
363 138
342 115
353 124
354 89
346 85
365 98
406 99
338 81
338 82
357 94
356 95
398 95
418 110
377 72
369 68
316 62
335 75
308 58
367 144
368 109
327 71
359 140
319 67
319 68
379 118
380 83
371 114
371 115
399 96
372 79
391 92
337 121
410 105
383 88
356 134
402 101
348 130
349 95
309 59
328 72
340 126
340 127
301 55
341 91
360 104
320 68
361 69
352 100
312 64
372 115
413 116
392 93
364 74
384 89
376 85
349 131
341 127
342 92
361 105
334 88
353 101
394 102
326 84
326 85
354 66
373 79
345 97
365 75
357 71
304 65
323 78
315 74
307 70
368 86
387 99
359 117
347 63
346 63
345 63
346 62
406 112
379 95
358 72
398 108
371 91
390 104
390 105
350 68
297 62
316 75
356 111
348 107
308 71
327 84
300 67
300 68
360 81
380 96
372 92
391 105
330 95
322 91
322 92
341 104
301 68
342 69
360 117
361 82
352 113
353 78
364 87
311 81
303 77
363 128
409 95
409 96
314 86
314 87
355 124
374 137
375 102
354 79
394 115
367 98
346 75
386 111
387 76
378 107
406 89
357 84
356 85
398 85
304 78
344 114
390 81
390 82
323 91
296 74
315 87
356 88
375 138
307 83
335 65
334 64
333 64
333 65
333 66
334 66
332 65
331 65
331 64
334 65
387 112
379 108
420 109
399 86
372 69
391 82
337 111
297 75
410 95
356 124
330 72
349 85
340 116
341 81
360 94
333 77
333 78
352 90
413 106
405 102
351 131
397 98
397 99
376 75
375 76
416 111
416 112
362 140
362 141
363 105
342 82
382 118
374 114
374 115
334 78
353 91
326 74
326 75
394 92
345 87
373 69
386 88
417 112
304 55
363 141
323 68
409 108
408 109
315 64
375 115
307 60
307 61
367 111
368 76
359 107
359 108
387 89
406 102
398 98
344 127
390 94
336 123
337 88
356 101
316 65
329 84
329 85
308 61
348 97
340 93
340 94
360 71
401 109
380 86
352 67
393 105
393 106
404 114
404 115
383 91
330 85
349 98
322 81
322 82
341 94
382 95
333 90
361 72
352 103
345 64
385 100
364 77
405 115
406 116
407 115
311 71
397 111
303 67
303 68
363 118
295 63
295 64
355 114
314 76
314 77
375 92
394 105
326 87
325 88
346 65
386 101
359 84
378 97
378 98
325 91
304 68
344 104
296 64
336 100
315 77
356 78
307 73
348 74
389 112
368 89
359 120
379 98
366 128
371 94
412 95
412 96
411 97
318 88
377 137
337 101
383 68
329 97
369 133
369 134
348 110
349 75
340 106
341 71
381 107
360 84
333 67
333 68
332 69
352 80
393 118
299 74
413 96
291 70
291 71
290 72
405 92
351 121
310 83
310 84
397 88
397 89
396 90
370 134
343 117
362 130
363 95
342 72
382 108
355 91
374 104
334 68
335 69
336 68
375 69
394 82
326 64
385 113
345 77
386 78
292 71
378 74
311 84
344 81
409 98
295 76
355 127
356 128
357 127
375 105
367 101
408 102
359 97
387 79
378 110
379 75
419 111
419 112
365 140
398 88
371 71
344 117
318 65
336 113
377 114
337 78
356 91
329 74
329 75
328 76
348 87
340 83
401 99
420 112
347 128
393 95
393 96
392 97
366 141
412 108
358 137
404 104
404 105
403 106
350 133
350 134
349 135
351 98
310 60
310 61
330 75
370 111
322 71
362 107
362 108
361 109
341 84
382 85
333 80
374 81
339 123
385 90
405 105
406 106
407 105
351 134
397 101
311 61
303 57
363 108
355 104
375 82
394 95
367 78
407 114
386 91
359 74
378 87
325 81
344 94
317 77
317 78
316 79
336 90
336 91
335 92
356 68
307 63
389 102
348 64
348 65
368 79
408 115
400 111
400 112
399 113
347 105
306 67
371 84
366 118
318 78
358 114
337 91
350 110
329 87
370 88
349 65
340 96
381 97
360 74
401 112
393 108
394 109
395 108
339 100
299 64
404 117
351 111
343 107
416 91
362 120
363 85
382 98
355 81
374 94
321 88
313 84
292 61
291 62
290 62
289 62
291 61
291 60
332 97
324 93
324 94
323 95
322 95
321 96
320 95
321 95
320 97
319 97
318 97
317 97
317 96
318 95
321 97
322 98
323 98
323 97
319 98
319 99
320 99
323 99
322 100
316 96
315 96
314 96
314 95
315 94
314 93
313 92
312 91
311 91
310 90
309 89
308 88
313 91
309 88
312 93
312 94
313 94
315 93
316 92
315 91
307 89
307 90
316 94
308 90
311 90
310 92
313 93
306 89
305 88
306 87
305 90
304 87
303 87
303 86
304 85
303 84
302 84
301 85
300 84
301 84
304 84
300 86
300 87
301 87
306 86
299 83
298 83
297 82
296 81
297 81
295 82
295 83
296 83
305 89
302 83
301 82
302 82
302 81
316 93
309 90
301 86
312 95
294 82
293 82
293 81
293 80
293 79
294 78
293 77
292 78
291 77
294 80
290 77
289 77
288 77
289 76
290 75
289 74
290 74
292 77
291 79
291 80
292 80
294 79
287 76
286 76
290 76
304 86
296 82
315 95
307 91
307 92
297 83
308 92
300 88
289 78
288 79
318 96
310 91
292 79
311 92
303 88
303 89
295 84
295 85
314 97
304 89
296 85
317 98
317 99
306 88
298 84
298 85
318 99
299 85
291 81
292 82
320 98
321 99
313 95
305 91
305 92
302 85
294 81
286 77
286 78
287 78
306 91
316 95
308 91
319 100
309 92
301 88
290 78
293 83
293 84
304 88
296 84
315 97
288 80
288 81
307 93
307 94
297 85
308 94
289 80
318 98
299 84
310 93
310 94
292 81
311 94
303 90
295 86
295 87
296 87
285 77
284 78
284 77
322 94
321 98
303 80
317 100
287 77
306 90
298 86
298 87
298 88
297 89
299 87
291 83
303 70
344 71
295 66
376 140
376 141
336 67
396 118
302 74
388 114
388 115
387 116
408 92
354 121
359 87
400 88
400 89
399 90
373 134
346 117
325 94
365 130
366 95
357 126
317 90
337 68
377 104
356 81
369 100
348 77
389 115
340 73
401 89
347 118
306 80
393 85
366 131
412 98
298 76
298 77
358 127
404 94
350 123
351 88
370 101
343 84
322 61
321 60
323 62
322 59
324 61
322 58
323 58
324 59
362 97
309 91
382 75
374 71
374 72
373 73
320 100
299 77
339 113
385 80
312 96
312 97
311 98
291 73
332 74
397 91
343 120
344 121
345 120
363 98
376 117
376 118
355 94
396 95
342 124
415 108
375 72
361 137
367 68
407 104
353 133
313 97
373 111
378 77
305 93
345 129
364 142
364 143
365 107
325 71
344 84
317 67
317 68
316 69
336 80
302 87
389 92
408 105
294 83
354 134
400 101
286 79
286 80
285 81
284 80
283 81
282 81
283 82
281 82
281 83
280 81
282 83
279 82
279 83
280 83
283 83
284 84
285 84
285 83
281 84
281 85
282 85
285 85
286 86
286 87
287 87
288 87
289 87
289 86
290 85
289 84
290 87
284 86
284 87
287 86
290 86
286 88
289 88
288 89
288 90
289 89
290 89
291 90
291 89
292 88
292 90
293 90
294 90
293 91
293 92
294 92
295 93
296 94
296 93
297 92
296 91
298 93
299 94
300 94
301 95
302 94
297 91
297 94
299 93
302 93
301 96
302 96
303 97
303 96
304 95
304 97
297 93
292 89
288 91
278 82
277 82
277 81
277 80
277 79
278 78
276 78
275 78
274 77
275 77
274 79
274 80
275 80
278 80
273 76
272 77
276 77
275 79
276 80
278 79
271 76
271 75
270 74
271 74
269 75
269 76
270 76
268 75
267 74
268 73
267 76
266 73
265 73
265 72
266 71
266 70
268 72
267 75
270 75
274 81
266 72
269 77
269 78
270 78
280 82
299 95
291 91
291 92
292 92
284 88
273 78
272 79
265 74
265 75
266 75
302 95
294 91
276 79
287 88
279 84
279 85
268 74
280 85
290 88
282 84
293 93
283 85
275 81
267 77
267 78
278 81
270 77
289 90
281 86
281 87
271 78
282 87
292 91
273 77
266 74
285 87
277 83
269 79
269 80
270 80
288 83
287 84
280 84
272 80
272 81
273 80
265 76
283 84
294 93
286 89
286 90
285 91
284 90
283 91
276 81
287 90
279 86
279 87
278 88
268 76
280 87
346 130
306 57
365 143
366 108
338 126
338 127
358 104
318 68
377 117
369 113
335 120
287 80
328 81
393 98
394 99
395 98
298 89
339 90
331 86
331 87
392 102
343 97
411 115
362 110
403 111
395 107
321 78
361 114
272 73
271 72
273 74
272 71
272 70
272 69
272 68
272 67
273 66
271 66
270 66
269 66
269 65
270 64
270 63
271 62
271 64
271 63
270 65
273 65
273 64
269 67
270 68
273 68
271 65
270 67
271 68
273 67
269 69
268 66
267 66
267 67
313 74
332 87
305 70
305 71
304 72
324 83
364 119
364 120
271 77
290 90
396 108
282 86
274 82
274 83
273 84
272 83
271 84
270 84
271 85
271 86
272 87
273 87
271 87
273 86
273 88
274 89
274 90
275 90
272 89
272 90
273 89
275 89
276 88
276 90
277 90
278 90
274 91
277 91
276 89
272 91
275 91
278 91
271 88
273 90
276 91
302 64
388 104
407 117
406 118
294 60
325 84
365 120
317 80
377 94
283 87
389 105
275 83
335 97
267 79
368 131
327 93
306 70
393 75
379 140
399 118
371 136
404 84
403 83
404 82
404 81
404 80
404 79
404 78
405 79
405 78
403 77
402 77
402 76
402 75
401 74
400 73
401 73
400 75
403 75
399 72
398 72
397 72
396 72
395 72
395 71
396 70
395 69
394 69
393 70
393 69
396 69
398 71
399 70
394 68
400 74
401 75
393 71
393 72
396 71
399 71
392 68
392 67
391 66
392 66
391 68
390 68
389 68
388 68
388 67
388 66
389 66
387 65
386 65
385 65
384 65
383 65
386 64
387 63
385 66
385 67
386 67
395 73
396 74
397 75
397 74
398 74
387 64
406 77
407 76
408 77
405 76
406 76
408 76
407 78
407 79
408 79
406 75
408 78
407 80
407 81
408 81
409 82
409 81
410 81
410 80
410 79
410 78
411 77
411 79
411 78
411 81
412 82
413 82
414 83
415 83
415 82
415 84
416 85
417 86
414 85
417 85
418 84
417 83
419 85
419 86
420 86
418 83
418 86
420 85
416 87
419 87
419 88
420 88
421 89
421 88
422 87
422 89
423 90
423 91
422 88
418 85
421 90
421 91
422 91
417 87
409 83
409 84
398 73
418 88
390 69
390 70
399 74
391 70
410 83
383 66
420 87
412 83
412 84
423 92
423 93
413 84
405 80
424 93
397 76
397 77
394 70
386 66
387 67
389 67
408 80
400 76
400 77
419 89
401 77
393 73
385 68
422 90
414 86
414 87
413 88
411 80
403 76
396 73
415 86
388 69
388 70
407 82
389 70
418 87
421 92
421 93
399 73
391 69
410 82
402 78
402 79
422 93
414 89
413 90
392 70
411 83
384 66
403 79
395 75
413 83
424 92
416 88
416 89
417 89
409 85
410 86
411 87
412 86
387 66
406 79
398 75
390 71
390 72
399 76
391 72
409 75
401 76
420 89
412 85
423 94
413 86
405 82
397 78
394 72
386 68
397 68
415 85
389 69
408 82
400 78
400 79
399 80
401 79
350 113
264 73
263 74
391 114
343 74
343 75
342 76
411 92
309 81
328 94
301 77
360 126
320 90
312 86
312 87
311 88
331 99
372 137
332 64
392 115
324 60
384 111
290 67
396 85
415 98
388 81
388 82
387 83
361 127
321 91
320 92
293 72
293 73
407 94
334 110
333 111
334 112
334 111
333 113
313 87
345 119
305 83
364 132
324 96
325 61
326 61
326 62
271 90
336 70
377 71
418 109
323 100
369 67
302 77
388 117
389 82
294 73
400 91
367 143
346 120
357 129
410 104
370 68
297 84
356 133
316 97
335 110
308 93
309 58
368 144
328 71
414 111
300 89
300 90
299 91
320 67
339 80
380 118
372 114
331 76
331 77
392 92
411 105
384 88
403 101
289 79
349 130
309 94
395 97
301 90
341 126
360 139
361 104
321 68
352 135
352 136
312 99
313 64
332 77
305 60
305 61
304 62
364 109
364 110
324 73
271 67
290 80
396 98
342 127
302 54
293 85
353 136
373 114
347 62
365 110
406 111
338 93
338 94
337 95
357 106
316 74
335 87
267 69
422 92
348 72
327 83
414 88
393 65
392 64
394 66
402 73
403 73
393 63
404 72
403 71
404 70
404 69
404 68
404 67
405 68
403 67
402 67
402 66
402 65
402 64
401 63
400 63
400 62
401 61
399 62
398 62
397 63
397 62
398 61
401 62
397 64
397 65
400 64
400 65
401 65
396 61
395 61
399 61
398 63
401 64
405 70
397 66
400 66
400 67
399 68
401 67
403 66
395 62
395 63
396 63
399 63
402 68
401 69
403 69
395 65
405 69
406 69
407 68
408 68
409 69
410 69
410 68
411 69
412 70
412 69
413 70
413 69
412 71
412 72
413 72
414 73
415 72
415 71
415 70
414 74
414 75
411 68
415 74
416 75
417 75
418 74
419 73
420 74
417 73
420 73
419 75
419 76
420 76
421 76
422 77
423 78
423 79
424 79
418 73
421 78
421 79
422 79
425 79
426 80
427 79
428 80
429 80
420 75
423 80
423 81
424 81
426 81
426 82
427 81
428 82
429 82
419 77
422 78
407 70
408 71
409 72
410 73
409 71
428 83
418 75
421 80
420 81
419 80
410 70
422 81
413 71
424 80
416 76
415 77
416 77
414 77
413 77
425 81
417 77
409 73
427 80
420 77
412 73
412 74
423 82
413 74
426 83
426 84
415 73
407 69
408 70
427 83
419 79
429 83
422 80
414 76
411 70
415 76
407 72
406 73
425 80
417 76
418 77
421 82
410 72
421 72
413 73
424 82
416 78
416 79
415 80
414 79
413 80
417 79
398 65
408 69
427 82
419 78
401 66
420 79
393 62
393 61
412 75
404 71
405 72
394 62
396 62
415 75
407 71
408 72
400 68
419 81
319 79
319 80
285 86
399 108
391 104
392 69
410 117
411 82
383 100
383 101
382 102
402 113
403 78
309 71
395 74
328 84
301 67
360 116
320 80
312 76
392 105
278 83
270 79
384 101
289 92
403 114
402 115
401 116
376 97
281 88
395 110
396 75
415 88
388 71
388 72
387 73
361 117
293 62
293 63
334 100
407 84
326 96
326 97
325 98
305 73
338 70
338 71
271 80
323 90
274 85
315 86
389 72
375 137
294 63
335 64
367 133
367 134
366 135
365 135
387 111
359 129
359 130
358 131
379 107
399 85
390 116
390 117
391 81
410 94
297 74
316 87
402 90
402 91
402 92
308 83
348 119
348 120
327 96
368 134
414 101
300 79
300 80
299 81
319 92
318 92
380 108
339 70
371 139
331 66
391 117
392 82
411 95
383 113
289 69
289 70
403 91
376 74
349 120
395 87
301 80
360 129
321 58
320 58
319 58
319 57
320 57
333 112
334 77
352 125
351 125
373 68
324 63
311 93
290 70
417 111
418 76
363 140
409 107
323 67
355 136
355 137
354 138
353 138
314 98
315 99
314 99
388 84
334 113
375 114
421 81
345 122
387 88
406 101
338 83
357 96
398 97
344 126
418 112
304 90
377 74
296 86
410 71
288 82
316 64
307 95
335 77
422 82
308 60
327 73
368 111
414 78
300 56
300 57
299 58
319 69
318 70
319 70
371 116
399 98
391 94
337 123
410 107
297 87
269 68
411 72
356 136
330 84
403 68
348 132
347 132
309 61
395 64
340 128
300 92
301 57
341 93
360 106
320 70
312 66
313 66
314 66
405 114
270 69
289 82
376 87
417 88
396 65
341 129
342 130
341 131
342 132
342 131
341 133
340 133
341 134
342 134
340 135
339 132
338 133
338 134
342 133
338 135
341 135
342 136
343 137
343 136
344 136
345 137
345 136
346 137
346 136
347 135
347 134
347 137
348 137
349 137
345 138
345 139
346 139
348 138
348 139
349 139
350 140
351 141
352 140
353 141
353 140
354 141
352 142
353 143
351 140
354 140
350 142
353 142
354 143
355 144
355 143
356 143
357 143
358 144
357 145
357 146
358 146
359 147
360 146
361 145
360 144
361 144
360 145
361 146
362 147
363 148
363 147
359 148
359 149
356 142
356 141
356 140
360 148
352 144
351 145
355 145
397 67
355 146
344 135
344 134
344 133
408 73
337 132
336 132
356 145
358 145
351 142
343 138
343 139
354 142
346 138
357 147
356 148
357 148
355 148
347 139
358 148
350 144
339 134
349 138
360 147
352 143
342 135
361 148
353 144
345 140
345 141
346 141
359 150
337 131
338 130
339 130
356 144
348 140
348 141
340 136
340 137
349 141
341 137
360 150
352 146
355 147
344 137
336 133
336 134
337 134
347 138
358 147
350 143
339 133
351 144
343 140
343 130
361 147
354 144
346 140
338 136
338 137
337 138
357 149
357 150
356 151
347 141
350 146
349 147
348 147
349 148
347 147
346 147
339 136
357 139
349 140
341 136
360 149
352 145
342 137
353 146
345 142
338 139
339 140
340 140
341 141
340 139
345 132
337 133
356 146
348 142
348 143
340 138
349 143
341 139
351 143
342 94
334 90
407 74
394 104
326 86
346 64
292 93
406 78
284 89
304 67
418 89
323 80
296 63
355 149
354 150
315 76
307 72
421 94
387 101
359 119
347 65
273 79
406 114
379 97
398 110
399 75
344 139
390 106
391 71
336 135
336 136
297 64
410 84
383 67
316 77
402 80
402 81
308 73
309 73
310 73
414 91
300 69
380 98
266 76
285 89
371 129
370 128
371 127
370 126
413 95
392 72
337 136
383 103
269 81
269 82
384 68
370 133
330 97
403 81
395 77
322 93
340 141
360 119
334 67
326 63
292 70
311 83
303 79
363 130
409 97
295 75
355 126
314 88
313 89
314 89
374 139
373 139
375 104
421 71
421 70
422 70
423 70
423 71
394 117
326 99
327 99
328 99
329 99
386 113
387 78
378 109
338 73
406 91
398 87
344 116
304 80
390 83
390 84
336 112
296 76
315 89
307 85
335 67
422 72
367 136
327 63
414 68
415 68
359 132
319 59
379 110
420 111
366 140
399 88
372 71
412 107
391 84
318 100
337 113
356 126
402 93
330 74
322 70
333 79
312 56
299 86
413 108
405 104
291 82
351 133
310 95
310 96
309 97
308 98
309 99
309 98
311 60
397 100
425 82
376 77
343 129
416 113
417 78
362 142
363 107
409 74
314 65
334 80
374 116
374 117
373 118
326 76
394 94
386 90
292 83
406 68
311 96
284 79
398 64
303 92
418 79
304 57
363 143
409 110
295 88
323 70
355 139
315 66
375 117
307 62
421 84
422 84
423 85
424 84
423 84
367 113
408 114
273 69
359 109
387 91
398 100
399 65
344 129
390 96
318 77
337 90
410 74
356 103
288 85
329 86
402 70
401 71
348 99
308 63
309 63
310 63
349 64
300 59
340 95
287 89
360 73
401 111
347 140
352 69
393 107
413 85
358 149
392 62
391 62
390 62
390 61
391 61
404 116
405 81
350 145
269 71
424 94
310 72
330 87
416 90
395 67
322 83
362 119
341 96
361 74
333 92
374 93
280 86
353 70
394 71
339 135
272 82
345 66
346 67
347 67
385 102
385 103
385 104
364 79
405 117
292 60
351 146
397 113
311 73
417 91
303 69
363 120
295 65
409 87
355 116
314 78
313 79
375 94
394 107
367 90
386 103
359 86
387 68
378 99
379 100
380 100
381 100
406 81
325 93
398 77
344 106
304 70
390 73
391 74
317 89
296 66
337 67
288 62
287 62
356 80
307 75
389 114
348 76
368 91
340 72
273 82
401 88
306 79
366 130
371 96
412 97
358 126
318 90
404 93
337 103
377 139
383 70
369 135
369 136
330 64
329 64
370 100
349 77
322 60
340 108
341 73
381 109
381 110
360 86
333 69
352 82
299 76
413 98
291 72
405 94
351 123
310 85
309 86
397 90
370 136
343 119
416 103
362 132
363 97
382 110
355 93
334 70
374 106
375 71
394 84
321 100
326 66
367 67
386 80
313 96
292 73
378 76
303 82
344 83
323 60
295 78
336 79
302 86
421 74
367 103
408 104
368 68
354 133
387 81
359 99
400 100
379 77
419 113
418 114
405 71
419 114
420 115
420 78
365 142
366 107
371 73
390 86
357 138
318 67
336 115
337 80
377 116
423 83
356 93
329 76
369 112
402 60
348 89
340 85
339 85
287 79
401 101
347 130
420 114
306 92
393 97
366 143
412 110
413 75
299 53
358 139
404 106
350 135
351 100
310 62
370 113
330 77
416 80
343 96
322 73
362 109
363 74
382 87
268 65
333 82
374 83
394 61
339 125
299 89
272 72
385 92
291 85
332 86
311 63
397 103
343 132
417 81
303 59
363 110
409 77
314 68
355 106
396 107
375 84
361 149
367 80
407 116
353 145
386 93
359 76
378 89
419 90
419 91
365 119
325 83
398 67
344 96
317 79
390 63
389 64
336 92
356 70
283 86
348 66
389 104
275 82
408 117
354 146
400 113
286 91
401 78
346 142
306 69
420 91
347 107
393 74
338 138
366 120
412 87
298 65
298 66
357 151
318 80
358 116
404 83
350 112
329 89
330 89
331 89
370 90
349 67
276 83
362 86
381 99
328 93
279 88
393 110
352 72
299 66
339 102
385 69
385 70
405 84
331 98
350 148
310 75
351 113
392 114
397 80
416 93
343 109
362 122
363 87
382 100
268 78
355 83
395 119
374 96
351 136
415 97
321 90
394 74
272 85
385 105
313 86
386 70
292 63
332 99
305 82
339 137
324 95
325 60
344 73
271 89
295 68
336 69
302 76
388 116
389 81
408 94
294 72
359 89
354 123
400 90
373 136
346 119
325 96
365 132
366 97
338 115
357 128
317 92
318 57
317 56
316 57
317 57
315 56
314 56
358 93
337 70
377 106
369 102
329 66
389 117
348 79
340 75
335 109
381 76
401 91
306 82
347 120
393 87
412 100
298 78
297 79
358 129
404 96
350 125
351 90
370 103
411 104
416 70
417 70
418 71
419 70
419 69
343 86
362 99
381 112
382 77
309 93
374 73
301 89
321 67
339 115
385 82
312 98
272 62
291 75
292 75
293 75
332 76
324 72
290 79
355 96
396 97
415 110
342 126
388 93
361 139
407 106
367 70
334 122
420 80
353 135
313 99
354 100
359 66
345 131
373 113
378 79
305 95
364 144
363 145
325 73
365 109
344 86
317 69
357 105
336 82
302 89
389 94
294 85
408 107
267 68
354 136
400 103
401 104
402 104
402 103
286 81
401 68
346 132
347 97
306 59
393 64
366 110
338 128
412 77
357 141
358 106
404 73
423 86
350 102
351 67
410 116
362 76
335 122
381 89
287 82
328 83
279 78
320 79
299 56
339 92
331 88
351 103
392 104
397 70
343 99
411 117
384 100
363 77
403 113
289 91
349 142
268 68
395 109
355 73
374 86
341 138
415 87
361 116
321 80
407 83
352 147
352 148
353 112
313 76
332 89
305 72
324 85
364 121
364 122
271 79
344 63
290 92
263 75
396 110
282 88
342 139
388 106
302 66
274 84
389 71
408 84
294 62
353 148
354 113
400 80
346 109
419 93
347 74
365 122
338 105
357 118
317 82
358 83
377 96
350 79
283 89
275 85
316 86
335 99
381 66
368 133
327 95
414 100
347 110
393 77
319 91
298 68
380 107
339 69
371 138
264 75
350 115
351 80
391 116
370 93
343 76
411 94
383 112
362 89
403 90
349 119
309 83
382 67
328 96
301 79
360 128
321 57
339 105
352 124
385 72
312 88
372 139
332 66
392 117
324 62
384 113
430 80
431 80
432 81
376 109
290 69
396 87
342 116
415 100
388 83
407 73
361 129
407 96
293 74
353 125
354 90
373 103
305 85
345 121
346 86
364 134
363 135
325 63
365 99
317 59
357 95
377 73
418 111
369 69
369 70
302 79
315 98
389 84
294 75
335 76
346 122
347 87
359 141
360 142
359 142
338 118
366 100
358 96
399 97
350 92
369 105
370 70
410 106
297 86
411 71
316 99
356 135
402 102
362 66
361 66
335 112
308 95
381 79
348 131
309 60
300 91
414 113
328 73
301 56
320 69
339 82
312 65
372 116
331 78
330 79
392 94
343 89
411 107
384 90
403 103
289 81
376 86
349 132
309 96
395 99
396 64
301 92
341 128
342 93
360 141
321 70
361 106
352 137
351 138
353 102
354 67
373 80
345 98
305 62
324 75
364 111
363 112
365 76
271 69
290 82
342 129
388 96
302 56
293 87
408 74
354 103
400 70
345 134
346 99
347 64
365 112
366 77
406 113
338 95
357 108
358 73
398 109
344 138
377 86
350 69
316 76
267 71
335 89
422 94
308 72
327 85
414 90
319 81
319 82
380 97
371 128
399 110
285 88
372 93
351 70
391 106
277 84
277 85
392 71
337 135
343 66
411 84
383 102
384 67
300 81
403 80
348 144
347 145
346 145
345 145
344 144
343 144
342 143
414 103
343 142
345 144
349 109
395 76
341 105
301 69
320 82
360 118
361 83
350 82
352 114
312 78
331 91
372 129
373 128
278 85
392 107
364 88
384 103
270 81
376 99
395 112
396 77
342 106
388 73
361 119
293 64
292 65
305 76
407 86
374 138
353 115
326 98
394 116
354 80
373 93
345 111
364 124
365 89
338 72
357 85
304 79
323 92
274 87
315 88
375 139
335 66
307 84
422 71
367 135
368 100
327 62
387 113
347 77
273 91
359 131
338 108
379 109
380 74
399 87
371 105
390 118
389 119
391 83
410 96
297 76
337 112
383 79
316 89
356 125
308 85
348 121
348 122
368 136
327 98
328 63
340 117
319 94
360 95
320 59
339 72
380 110
371 141
372 106
331 68
330 69
391 119
392 120
393 120
392 84
383 115
384 116
385 115
384 80
289 71
403 93
376 76
349 122
395 89
341 118
342 83
360 131
361 96
333 114
333 115
334 79
352 127
353 92
313 56
373 70
345 88
305 52
364 101
365 66
311 95
417 113
303 91
418 78
363 142
409 109
323 69
355 138
314 100
315 65
334 115
375 116
421 83
367 112
346 89
387 90
366 67
406 103
338 85
398 99
399 64
304 92
344 128
390 95
296 88
336 124
369 72
356 102
316 66
288 84
402 69
335 79
307 97
306 97
306 98
306 99
308 62
327 75
368 113
300 58
414 80
359 144
319 71
318 72
380 87
285 78
399 100
371 118
372 83
391 96
392 61
337 125
383 92
411 74
269 70
356 138
402 105
330 86
403 70
348 134
349 99
395 66
340 130
341 95
301 59
360 108
361 73
333 91
352 104
312 68
345 65
364 78
405 116
270 71
311 72
397 112
425 94
376 89
343 141
417 90
281 80
281 79
281 78
282 78
363 119
396 67
409 86
342 96
388 63
334 92
326 88
394 106
354 70
345 101
346 66
386 102
365 79
406 80
357 75
284 91
398 76
304 69
418 91
323 82
296 65
315 78
288 61
289 60
307 74
367 125
368 126
273 81
387 103
359 121
379 99
398 112
399 77
344 141
390 108
391 73
336 137
297 66
337 102
383 69
356 115
329 98
402 82
348 111
308 75
349 76
300 71
340 107
341 72
352 81
393 119
413 97
277 87
392 74
405 93
269 83
384 70
330 99
370 135
289 61
416 102
349 112
395 79
362 131
341 108
382 109
342 73
334 69
352 117
353 82
326 65
394 83
385 114
345 78
364 91
292 72
311 85
303 81
363 132
295 77
409 99
323 59
314 90
355 128
374 141
375 106
421 73
394 119
368 67
386 115
359 98
387 80
378 111
406 93
338 75
398 89
371 72
344 118
304 82
390 85
296 78
336 114
337 79
316 56
288 74
356 92
307 87
348 88
327 65
414 70
340 84
359 134
319 61
401 100
420 113
371 108
366 142
372 73
412 109
358 138
391 86
337 115
383 82
424 83
330 76
403 60
404 60
348 124
349 89
322 72
340 120
341 85
301 49
360 98
333 81
352 94
413 110
299 88
405 106
364 68
291 84
310 97
351 135
425 84
311 62
397 102
416 115
343 131
417 80
303 58
362 144
363 109
409 76
314 67
355 105
374 118
334 82
375 83
326 78
394 96
367 79
386 92
292 85
406 70
378 88
357 65
284 81
398 66
303 94
418 81
304 59
344 95
295 90
323 72
355 141
315 68
356 69
307 64
421 86
367 115
368 116
369 116
369 115
368 80
408 116
354 145
359 111
379 89
420 90
371 85
399 67
344 131
390 98
391 63
318 79
410 76
337 92
356 105
402 72
329 88
348 101
349 66
276 82
340 97
300 61
401 113
287 91
360 75
347 142
352 71
393 109
299 65
413 87
358 151
404 118
405 83
269 73
350 147
351 112
310 74
397 79
416 92
322 85
362 121
363 86
268 77
382 99
342 63
333 94
374 95
353 72
280 88
394 73
345 68
272 84
386 69
292 62
351 148
397 115
311 75
303 71
417 93
363 122
295 67
409 89
314 80
355 118
374 131
375 96
367 92
386 105
359 88
387 70
406 83
373 135
378 101
398 79
325 95
344 108
317 91
390 75
296 68
337 69
356 82
288 64
287 64
287 65
329 65
389 116
348 78
340 74
401 90
380 67
347 119
306 81
393 86
366 132
412 99
358 128
404 95
377 141
350 124
383 72
369 137
370 102
330 66
416 69
362 98
322 62
341 75
381 111
382 76
333 71
352 84
413 100
299 78
339 114
272 61
271 60
272 60
385 81
291 74
405 96
310 87
397 92
370 138
370 115
343 121
416 105
351 102
362 134
363 99
382 112
428 79
314 57
416 82
355 95
374 108
375 73
415 109
394 86
326 68
367 69
385 117
313 98
386 82
359 65
378 78
305 94
325 72
344 85
295 80
336 81
315 58
302 88
307 54
389 93
294 84
408 106
368 70
354 135
359 101
273 61
400 102
379 79
346 131
419 115
365 144
371 75
366 109
412 76
357 140
358 105
318 69
377 118
337 82
369 114
329 78
402 62
348 91
340 87
335 121
381 88
287 81
360 65
401 103
306 94
393 99
366 145
298 90
412 112
299 55
358 141
404 108
405 73
350 137
310 64
397 69
343 98
411 116
322 75
362 111
363 76
382 89
268 67
355 72
374 85
280 78
394 63
321 79
339 127
385 94
272 74
291 87
332 88
311 65
324 84
343 134
303 61
290 91
409 79
314 70
355 108
396 109
342 138
375 86
388 105
408 83
353 147
359 78
354 112
378 91
345 143
419 92
325 85
365 121
398 69
344 98
317 81
390 65
336 94
377 95
356 72
283 88
348 68
275 84
389 106
340 64
354 148
400 115
401 80
346 144
347 109
420 93
306 71
393 76
412 89
298 67
318 82
358 118
404 85
264 74
350 114
351 79
369 127
370 92
276 85
362 88
335 134
334 133
381 101
341 65
382 66
328 95
279 90
280 91
300 93
416 73
281 90
320 91
299 68
339 104
385 71
372 138
405 86
291 64
310 77
351 115
397 82
392 116
343 111
384 112
363 89
268 80
355 85
374 98
415 99
394 76
361 128
321 92
407 95
386 72
313 88
373 102
378 68
305 84
324 97
364 133
325 62
344 75
317 58
336 71
388 118
302 78
389 83
294 74
408 96
354 125
400 92
373 138
346 121
420 70
347 86
365 134
338 117
357 130
317 94
358 95
318 59
337 72
377 108
350 91
329 68
370 69
316 98
340 77
335 111
401 93
414 112
347 122
306 84
393 89
298 80
339 81
404 98
350 127
411 106
416 72
362 101
403 102
309 95
374 75
301 91
360 140
321 69
272 64
312 100
313 65
332 78
324 74
290 81
396 99
342 128
415 112
302 55
361 141
293 86
407 108
353 137
400 69
345 133
305 97
373 115
419 82
364 146
365 111
325 75
357 107
317 71
336 84
283 78
302 91
294 87
335 88
267 70
400 105
286 83
401 70
346 134
420 83
306 61
393 66
366 112
412 79
358 108
399 109
404 75
423 88
369 117
356 147
402 114
309 72
328 85
279 80
320 81
339 94
312 77
331 90
372 128
278 84
392 106
384 102
403 115
376 98
349 144
268 70
395 111
281 89
396 76
341 140
415 89
321 82
361 118
407 85
352 149
313 78
332 91
305 74
324 87
364 123
271 81
282 90
396 112
342 141
388 108
302 68
274 86
389 73
294 64
408 86
400 82
365 124
357 120
377 98
275 87
316 88
308 84
327 97
287 61
368 135
414 102
319 93
298 70
339 71
380 109
371 140
331 67
391 118
392 83
383 114
411 96
403 92
349 121
309 85
395 88
328 98
301 81
320 94
360 130
321 59
312 90
352 126
372 141
332 68
392 119
324 64
384 115
430 82
376 111
290 71
396 89
415 102
388 85
361 131
334 114
407 98
293 76
353 127
345 123
305 87
419 72
364 136
338 84
357 97
317 61
418 113
377 75
304 91
369 71
315 100
294 77
307 96
335 78
422 83
327 74
368 112
359 143
338 120
358 98
399 99
371 117
391 95
370 72
337 124
410 108
297 88
411 73
356 137
348 133
308 97
309 62
340 129
328 75
414 115
301 58
320 71
360 107
339 84
312 67
331 80
372 118
392 96
411 109
270 70
289 83
403 105
376 88
349 134
395 101
396 66
301 94
341 130
415 79
342 95
388 62
360 143
361 108
334 91
407 75
352 139
313 68
305 64
364 113
324 77
271 71
290 84
418 90
282 80
323 81
355 150
388 98
274 76
302 58
389 63
293 89
400 72
347 66
387 102
406 115
357 110
398 111
344 140
390 107
297 65
410 85
316 78
335 91
267 73
308 74
368 125
327 87
414 92
300 70
319 83
380 99
266 77
399 112
371 130
285 90
277 86
391 108
392 73
337 137
411 86
383 104
384 69
356 150
402 117
330 98
403 82
348 146
309 75
395 78
340 142
301 71
360 120
320 84
312 80
278 87
384 105
270 83
376 101
290 61
396 79
363 131
388 75
293 66
374 140
394 118
345 113
386 114
406 92
338 74
304 81
323 94
296 77
315 90
375 141
335 68
307 86
422 73
367 137
327 64
414 69
387 115
359 133
319 60
379 111
399 89
372 72
390 120
391 85
337 114
410 98
297 78
316 91
356 127
402 94
348 123
308 87
328 65
300 83
319 96
320 61
380 112
312 57
426 79
331 70
413 109
392 86
383 117
425 83
289 73
376 78
416 114
349 124
395 91
362 143
415 69
333 116
334 81
352 129
326 77
305 54
373 72
292 84
311 97
271 61
303 93
417 115
304 58
418 80
363 144
409 111
295 89
323 71
355 140
315 67
375 118
421 85
367 114
387 92
359 110
406 105
338 87
398 101
399 66
344 130
304 94
390 97
296 90
410 75
288 86
316 68
356 104
402 71
307 99
308 64
422 86
327 77
368 115
300 60
414 82
359 146
319 73
285 80
358 150
391 98
392 63
269 72
411 76
402 107
330 88
403 72
348 136
322 84
395 68
340 132
301 61
360 110
333 93
345 67
405 118
270 73
351 147
397 114
311 74
343 143
417 92
363 121
409 88
388 65
314 79
334 94
374 130
375 95
326 90
394 108
386 104
346 68
387 69
378 100
406 82
338 64
398 78
304 71
418 93
390 74
323 84
296 67
315 80
288 63
307 76
367 127
273 83
387 105
359 123
378 136
379 101
398 114
399 79
344 143
390 110
318 91
391 75
410 88
377 140
297 68
402 84
330 65
348 113
300 73
341 74
333 70
413 99
277 89
405 95
351 124
310 86
370 137
289 63
376 68
416 104
417 69
362 133
322 97
382 111
342 75
334 71
394 85
326 67
385 116
386 81
292 74
311 87
303 83
418 70
363 134
409 101
295 79
323 61
314 92
355 130
315 57
429 79
421 75
368 69
386 117
359 100
387 82
378 113
406 95
398 91
371 74
344 120
390 87
336 116
296 80
337 81
356 94
316 58
288 76
329 77
402 61
348 90
300 50
414 72
340 86
319 63
401 102
383 84
380 79
347 131
306 93
366 144
372 75
412 111
413 76
358 140
404 107
337 117
350 136
424 85
370 114
330 78
416 81
349 91
322 74
340 122
341 87
382 88
333 83
361 65
352 96
413 112
339 126
299 90
364 70
405 108
291 86
310 99
351 137
397 104
416 94
311 64
343 133
417 82
303 60
362 146
363 111
409 78
314 69
355 107
375 85
394 98
326 80
367 81
386 94
359 77
292 87
378 90
406 72
284 83
398 68
304 61
344 97
390 64
295 92
336 93
315 70
356 71
307 66
348 67
367 117
368 82
354 147
273 73
359 113
400 114
346 143
379 91
420 92
371 87
399 69
412 88
391 65
318 81
337 94
329 90
369 126
402 74
348 103
276 84
340 99
335 133
341 64
360 77
401 115
347 144
279 89
393 111
352 73
299 67
413 89
405 85
291 63
310 76
351 114
397 81
370 127
343 110
362 123
322 87
363 88
342 65
382 101
268 79
355 84
374 97
280 90
394 75
339 139
345 70
272 86
385 106
386 71
292 64
378 67
311 77
303 73
344 74
363 124
295 69
409 91
355 120
314 82
375 98
367 94
408 95
359 90
387 72
373 137
378 103
379 68
398 81
365 133
325 97
344 110
390 77
317 93
318 58
336 106
337 71
288 66
356 84
329 67
348 80
389 118
340 76
401 92
347 121
306 83
393 88
366 134
412 101
298 79
358 130
318 94
404 97
350 126
351 91
369 139
330 68
370 104
416 71
362 100
322 64
381 113
341 77
382 78
333 73
374 74
299 80
339 116
385 83
272 63
405 98
291 76
310 89
351 127
397 94
343 123
417 72
303 50
362 136
363 101
409 68
428 81
355 97
314 59
374 110
415 111
375 75
361 140
394 88
407 107
367 71
313 100
386 84
359 67
305 96
378 80
364 145
325 74
344 87
304 51
317 70
336 83
307 56
302 90
389 95
368 72
408 108
294 86
354 137
273 63
400 104
286 82
346 133
420 82
347 98
306 60
366 111
338 129
371 77
412 78
357 142
358 107
318 71
404 74
337 84
423 87
329 80
335 123
340 89
381 90
287 83
401 105
360 67
306 96
393 101
352 63
279 79
298 92
413 79
299 57
339 93
358 143
404 110
405 75
350 139
310 66
351 104
397 71
370 117
343 100
416 84
362 113
363 78
382 91
268 69
355 74
374 87
280 80
321 81
394 65
339 129
272 76
385 96
313 77
332 90
324 86
303 63
344 64
295 59
396 111
282 89
342 140
388 107
302 67
408 85
353 149
387 62
359 80
354 114
400 81
419 94
325 87
365 123
366 88
390 67
357 119
317 83
336 96
377 97
356 74
283 90
369 93
348 70
275 86
389 108
335 100
340 66
400 117
401 82
346 146
347 111
306 73
393 78
366 124
412 91
298 69
358 120
404 87
350 116
264 76
351 81
369 129
370 94
343 77
276 87
362 90
381 103
382 68
309 84
328 97
320 93
339 106
299 70
385 73
312 89
291 66
372 140
332 67
392 118
397 84
343 113
384 114
430 81
363 91
376 110
268 82
355 87
396 88
415 101
361 130
321 94
407 97
386 74
313 90
353 126
378 70
305 86
419 71
324 99
364 135
325 64
344 77
317 60
336 73
388 120
302 80
389 85
408 98
294 76
354 127
400 94
373 140
346 123
347 88
420 72
365 136
338 119
412 68
357 132
431 81
318 61
358 97
377 110
350 93
329 70
370 71
316 100
362 67
335 113
308 96
414 114
328 74
393 91
298 82
339 83
372 117
331 79
351 94
310 56
397 61
392 95
416 74
343 90
411 108
362 103
363 68
403 104
349 133
355 64
395 100
374 77
301 93
415 78
321 71
361 107
352 138
272 66
385 86
313 67
332 80
305 63
324 76
364 112
271 70
290 83
396 101
282 79
415 114
388 97
302 57
389 62
361 143
407 110
293 88
408 75
353 139
354 104
359 70
400 71
345 135
373 117
346 100
419 84
365 113
325 77
366 78
338 96
317 73
357 109
358 74
377 87
283 80
389 98
294 89
335 90
267 72
286 85
401 72
327 86
347 101
306 63
393 68
338 132
298 59
412 81
358 110
399 111
404 77
350 106
351 71
391 107
343 67
411 85
356 149
362 80
402 116
348 145
381 93
309 74
328 87
301 70
320 83
339 96
312 79
372 130
331 92
392 108
278 86
270 82
384 104
403 117
376 100
290 60
349 146
355 77
395 113
396 78
341 142
342 107
388 74
361 120
321 84
293 65
407 87
313 80
353 116
354 81
345 112
313 57
353 93
373 94
364 125
324 89
365 90
344 67
271 83
357 86
323 93
388 110
302 70
274 88
389 75
408 88
375 140
294 66
292 86
354 117
406 71
400 84
346 113
387 114
347 78
366 91
338 109
357 122
358 87
377 100
390 119
350 83
369 96
410 97
297 77
316 90
308 86
287 63
368 137
300 82
328 64
414 104
319 95
320 60
380 111
339 73
371 142
331 69
372 107
391 120
351 84
392 85
411 98
343 80
383 116
384 81
289 72
403 94
349 123
309 87
395 90
301 83
341 119
320 96
360 132
361 97
321 61
352 128
312 92
332 70
305 53
373 71
364 102
324 66
384 117
290 73
376 113
417 114
396 91
342 120
388 87
334 116
407 100
293 78
353 129
354 94
400 61
373 107
345 125
419 74
346 90
365 103
338 86
406 104
366 68
357 99
304 93
377 77
418 115
369 73
296 89
316 67
307 98
335 80
422 85
368 114
327 76
414 81
347 91
359 145
319 72
380 88
399 101
285 79
350 96
391 97
410 110
297 90
411 75
383 93
356 139
402 106
362 70
308 99
348 135
402 83
349 100
309 64
300 95
340 131
328 77
301 60
360 109
320 73
339 86
312 69
352 105
331 82
392 98
384 94
270 72
403 107
289 85
376 90
349 136
395 103
281 81
396 68
341 132
415 81
342 97
388 64
361 110
334 93
407 77
352 141
313 70
353 106
354 71
326 89
373 84
345 102
305 66
364 115
365 80
271 73
357 76
418 92
282 82
323 83
274 78
315 79
389 65
367 126
346 103
387 104
359 122
347 68
338 99
406 117
358 77
398 113
399 78
344 142
390 109
350 73
369 86
297 67
410 87
356 116
316 80
335 93
348 112
308 76
327 89
368 127
414 94
300 72
319 85
379 136
380 101
371 132
399 114
372 97
277 88
391 110
392 75
337 139
269 84
383 106
411 88
384 71
403 84
348 148
376 67
349 113
309 77
395 80
322 96
301 73
341 109
342 74
360 122
361 87
312 82
352 118
353 83
345 79
278 89
364 92
270 85
311 86
376 103
290 63
418 69
363 133
409 100
342 110
388 77
355 129
314 91
293 68
374 142
375 107
394 120
354 84
345 115
346 80
386 116
365 93
406 94
338 76
378 112
357 89
398 90
344 119
304 83
377 67
323 96
296 79
315 92
288 75
335 70
307 88
367 139
327 66
368 104
414 71
300 49
387 117
359 135
319 62
379 113
380 78
399 91
371 109
372 74
391 87
297 80
410 100
337 116
383 83
356 129
402 96
403 61
348 125
308 89
349 90
340 121
300 85
301 50
341 86
360 99
320 63
312 59
352 95
372 110
413 111
364 69
405 107
270 62
310 98
384 84
425 85
289 75
376 80
416 116
362 145
341 122
342 87
361 100
333 118
334 83
353 96
326 79
394 97
373 74
345 92
364 105
365 70
311 99
284 82
357 66
303 95
418 82
304 60
363 146
323 73
295 91
409 113
355 142
315 69
307 65
421 87
367 116
387 94
359 112
273 72
338 89
406 107
379 90
398 103
344 132
304 96
350 63
390 99
391 64
296 92
410 77
337 93
288 88
356 106
316 70
308 66
348 102
368 117
300 62
340 98
414 84
319 75
401 114
360 76
347 143
380 91
285 82
391 100
277 78
392 65
269 74
330 90
403 74
349 103
395 70
322 86
340 134
341 99
342 64
360 112
361 77
333 95
352 108
353 73
280 89
339 138
345 69
351 149
397 116
311 76
303 72
417 94
363 123
409 90
355 119
314 81
334 96
375 97
326 92
394 110
346 70
386 106
387 71
378 102
406 84
338 66
379 67
398 80
304 73
344 109
390 76
296 69
315 82
356 83
288 65
307 78
367 129
359 125
273 85
387 107
379 103
380 68
399 81
366 133
390 112
391 77
318 93
383 73
356 119
369 138
402 86
330 67
348 115
349 80
322 63
340 111
341 76
360 89
333 72
352 85
413 101
299 79
405 97
351 126
310 88
397 93
370 139
376 70
343 122
416 106
417 71
322 99
362 135
363 100
342 77
382 113
314 58
374 109
334 73
375 74
326 69
394 87
323 63
345 82
385 118
386 83
292 76
311 89
303 85
304 50
418 72
363 136
409 103
295 81
355 132
314 94
429 81
315 59
375 110
421 77
307 55
367 106
368 71
386 119
387 84
273 62
359 102
378 115
379 80
365 145
398 93
371 76
344 122
390 89
336 118
337 83
356 96
288 78
329 79
402 63
308 56
348 92
340 88
300 52
360 66
347 133
306 95
393 100
298 91
372 77
412 113
413 78
358 142
404 109
405 74
269 64
350 138
310 65
330 80
370 116
416 83
322 76
362 112
341 89
333 85
361 67
280 79
394 64
339 128
299 92
272 75
291 88
405 110
364 72
351 139
311 66
397 106
343 135
303 62
417 84
362 148
363 113
409 80
355 109
314 71
375 87
394 100
367 83
386 96
359 79
378 92
406 74
284 85
325 86
398 70
304 63
344 99
390 66
296 59
336 95
356 73
307 68
348 69
389 107
340 65
273 75
354 149
359 115
400 116
401 81
306 72
420 94
371 89
412 90
391 67
318 83
358 119
404 86
337 96
369 128
329 92
348 105
349 70
276 86
335 135
340 101
341 66
381 102
360 79
401 117
347 146
352 75
279 91
393 113
413 91
299 69
291 65
405 87
310 78
351 116
397 83
370 129
343 112
416 96
362 125
363 90
381 138
268 81
382 103
355 86
374 99
321 93
394 77
339 141
272 88
385 108
386 73
292 66
378 69
324 98
303 75
344 76
295 71
336 72
355 122
388 119
367 96
408 97
354 126
359 92
387 74
400 93
379 70
420 71
325 99
344 112
390 79
317 95
357 131
318 60
336 108
337 73
377 109
356 86
329 69
389 120
348 82
340 78
401 94
412 80
347 123
306 85
393 90
366 136
298 81
412 103
413 68
358 132
404 99
350 128
351 93
369 141
370 106
330 70
362 102
322 66
363 67
381 115
382 80
333 75
291 78
374 76
339 118
299 82
385 85
272 65
332 79
351 129
311 56
397 96
343 125
417 74
303 52
363 103
409 70
355 99
314 61
396 100
375 77
415 113
361 142
367 73
407 109
386 86
359 69
378 82
305 98
373 116
419 83
325 76
344 89
317 72
336 85
283 79
302 92
389 97
408 110
294 88
354 139
400 106
286 84
346 135
347 100
306 62
420 84
393 67
338 131
366 113
298 58
357 144
318 73
358 109
404 76
350 105
423 89
329 82
369 118
370 83
362 79
381 92
287 85
328 86
347 136
352 65
279 81
393 103
298 94
339 95
299 59
413 81
405 77
350 141
351 106
310 68
397 73
383 138
416 86
343 102
362 115
403 116
363 80
349 145
382 93
268 71
355 76
374 89
415 90
394 67
321 83
339 131
385 98
272 78
332 92
305 75
324 88
344 66
271 82
376 135
295 61
396 113
342 142
388 109
302 69
389 74
294 65
408 87
354 116
359 82
400 83
373 129
346 112
365 125
325 89
366 90
317 85
377 99
369 95
275 88
357 121
