423 231
422 232
421 232
423 232
421 231
420 230
424 232
421 233
420 231
421 230
422 229
420 234
423 233
423 230
424 229
425 230
426 229
425 233
427 230
426 232
428 229
429 228
430 227
431 228
432 227
427 233
428 233
429 234
430 233
431 234
419 235
432 229
424 234
429 230
430 229
425 235
427 232
426 234
428 231
433 230
434 229
432 231
422 230
424 236
430 231
421 228
420 232
431 232
434 231
435 232
436 233
435 234
436 235
435 236
434 236
433 237
432 236
432 238
431 239
430 238
434 238
432 240
433 239
430 240
425 228
424 227
425 226
424 225
425 224
426 223
427 223
426 225
428 222
427 221
428 220
429 219
430 218
429 221
431 218
430 220
429 223
430 222
427 225
426 227
431 241
428 224
434 240
435 241
436 242
435 243
436 244
435 245
434 245
433 244
432 245
431 246
430 245
432 247
432 248
433 246
431 248
434 247
432 249
433 248
429 244
428 245
436 237
425 237
423 237
422 237
426 236
431 250
419 230
418 231
418 232
417 231
416 230
415 229
417 229
418 228
415 231
419 228
416 232
415 233
417 233
434 249
432 233
433 232
435 229
436 229
436 228
435 227
434 227
436 226
437 225
436 224
437 223
438 222
439 223
438 226
414 228
433 241
433 250
426 220
434 233
434 242
426 238
438 221
430 217
415 228
430 226
437 234
438 235
418 230
437 243
429 239
421 235
422 227
433 227
433 236
422 236
414 232
433 245
434 228
426 224
426 233
436 246
430 221
437 220
437 229
429 225
437 238
437 239
438 240
418 234
437 247
437 248
429 243
422 231
433 231
414 227
433 240
426 219
426 228
425 232
436 232
436 241
428 246
437 224
429 220
437 233
429 229
418 229
437 242
429 238
428 237
421 234
429 247
429 248
433 226
422 226
421 225
433 235
422 235
414 231
432 239
435 244
425 218
425 227
436 227
436 236
425 236
417 232
428 232
436 245
437 219
437 228
440 224
440 225
441 226
441 227
442 228
429 224
437 237
418 233
429 233
421 229
429 242
428 241
421 238
421 239
422 240
422 241
431 251
414 226
432 234
413 230
432 243
435 239
435 248
425 222
436 222
428 218
425 231
436 231
428 227
417 227
436 240
428 236
436 249
436 250
437 251
440 228
440 229
441 230
441 231
441 232
440 233
440 234
441 235
441 236
421 224
422 223
423 223
422 222
422 221
421 220
440 237
440 238
440 239
441 240
441 241
440 242
440 243
440 244
441 245
441 244
413 225
435 225
434 224
434 223
433 222
433 221
434 220
434 219
433 218
433 217
433 216
434 215
434 214
433 213
433 212
434 211
434 210
434 209
433 208
433 207
434 206
434 205
433 204
433 203
434 204
432 220
425 217
426 216
427 216
426 215
426 214
425 213
428 240
437 218
438 217
438 216
437 215
437 214
438 213
439 214
438 212
440 215
441 216
441 217
436 213
436 217
439 237
440 214
441 213
442 214
441 212
441 211
442 210
442 209
441 208
441 207
440 206
439 205
439 204
438 203
438 202
437 201
440 210
439 209
438 208
438 207
437 200
438 199
439 200
438 198
438 197
439 196
439 195
438 194
438 193
437 196
440 201
441 202
442 201
443 202
442 200
441 203
444 203
445 204
446 203
446 202
445 201
445 205
445 206
446 207
445 200
440 196
437 209
437 210
436 208
440 205
440 223
441 222
441 221
440 220
440 219
442 242
421 219
422 218
422 217
421 216
421 215
422 216
441 197
442 196
443 197
442 195
441 194
441 198
441 193
442 192
443 193
442 191
442 190
441 189
441 188
442 187
443 188
442 186
440 187
439 187
439 186
438 185
438 184
438 188
438 189
439 190
439 191
437 187
433 202
434 201
434 200
433 199
433 198
443 243
443 244
444 245
444 246
445 247
444 244
445 243
446 244
445 242
444 241
444 240
443 239
447 245
447 246
448 247
448 248
449 249
444 239
445 238
445 237
444 236
444 235
443 234
447 204
448 205
432 215
444 189
445 190
446 189
447 190
446 188
445 187
445 191
446 192
446 193
446 194
445 186
445 195
445 196
446 197
446 198
448 191
445 185
446 184
446 183
445 182
445 181
446 180
447 181
446 179
446 178
445 177
448 182
445 176
446 175
447 176
446 174
445 173
445 172
446 173
447 172
435 220
444 198
413 229
432 242
444 207
444 208
445 209
445 210
446 211
446 212
447 213
448 214
449 213
449 212
448 215
449 216
449 217
448 218
448 219
448 220
449 221
449 222
450 223
448 223
448 224
447 223
447 218
447 222
446 221
445 220
445 219
444 221
444 222
445 223
445 224
424 238
424 239
425 240
425 241
435 238
432 251
416 234
416 235
417 236
417 237
418 238
418 239
417 240
417 241
417 242
418 243
418 244
418 242
417 245
417 246
418 247
418 248
418 249
417 250
417 251
418 252
418 253
416 249
415 248
415 247
414 246
414 245
413 244
412 243
411 244
410 244
411 245
410 243
409 242
410 242
416 244
409 241
417 254
417 255
417 256
418 257
418 258
417 259
417 260
418 261
418 262
416 258
416 253
419 263
412 242
420 264
421 263
421 262
420 261
420 260
413 243
414 242
415 242
414 241
416 239
415 238
414 237
415 237
414 236
416 248
416 257
415 256
414 255
434 243
409 245
409 246
409 247
410 248
409 249
411 249
410 247
409 250
409 251
410 252
410 253
411 254
408 249
407 249
406 250
406 251
407 252
405 249
406 249
405 248
404 247
419 258
412 246
412 247
413 248
413 249
414 250
414 251
413 252
413 253
412 251
420 259
421 258
422 259
422 260
421 257
420 256
420 255
420 254
421 253
422 254
422 255
413 231
421 252
420 251
421 250
421 249
422 250
421 248
421 247
422 246
423 247
423 248
422 245
421 244
450 220
416 236
421 243
420 242
423 256
424 255
425 255
436 187
435 188
434 189
434 187
425 254
424 253
424 248
420 250
441 196
418 226
418 225
423 255
413 247
425 221
424 220
416 252
443 245
419 226
418 224
417 223
436 230
437 195
436 194
428 226
448 204
440 200
439 241
442 246
443 211
408 253
433 197
419 262
420 227
445 171
431 236
432 201
443 247
435 206
447 217
413 224
412 223
432 237
424 233
416 229
444 211
435 242
436 207
448 181
439 218
430 249
442 223
419 239
443 224
447 194
420 240
431 249
432 214
431 213
423 245
444 188
435 219
426 256
426 257
438 230
438 231
437 185
428 216
415 246
440 190
427 220
439 231
442 236
443 201
408 243
407 243
407 242
427 256
447 171
419 252
420 217
419 217
431 226
423 222
422 263
447 207
434 237
445 246
424 223
411 253
436 197
435 197
435 196
434 195
433 194
448 171
446 247
438 243
439 208
430 239
450 217
442 213
415 259
414 260
419 229
451 218
443 214
447 184
433 249
412 226
432 204
431 204
430 204
429 204
428 203
431 203
423 235
444 178
443 179
435 209
446 224
438 220
439 185
430 216
415 236
439 221
430 252
442 226
443 191
419 242
431 216
422 253
414 249
445 236
446 235
446 234
446 201
411 243
449 206
450 205
449 207
451 205
446 237
447 237
448 237
438 233
439 198
450 207
442 203
415 249
448 246
418 260
441 243
447 174
445 213
445 214
410 255
409 256
410 256
446 214
438 210
411 256
412 256
413 257
449 219
442 180
442 181
415 226
418 237
437 250
443 181
429 246
421 242
441 220
422 243
414 239
434 217
426 213
446 191
438 187
439 188
425 253
430 219
417 249
442 193
437 227
448 236
440 232
418 250
421 255
422 220
441 233
433 229
434 194
445 203
410 245
414 252
434 230
447 249
447 250
426 226
446 204
413 256
438 200
444 243
416 261
416 262
436 239
417 262
418 227
437 240
429 236
448 249
440 245
441 210
433 206
406 252
405 253
452 219
453 218
445 180
422 233
414 229
433 242
434 207
446 181
432 246
411 223
410 223
409 223
408 223
407 222
408 221
407 220
408 220
410 222
411 221
410 220
411 220
417 239
437 217
428 248
440 222
441 187
418 240
429 249
421 245
441 223
433 219
445 193
413 246
438 190
425 220
416 251
444 233
437 194
428 225
448 203
440 199
425 256
417 252
418 217
417 217
416 216
415 216
414 217
414 216
437 230
409 248
429 226
421 222
440 235
441 200
433 196
406 242
405 243
404 242
403 242
402 242
402 241
403 240
402 239
401 240
400 240
400 239
403 239
405 242
445 170
446 169
445 168
444 168
443 169
442 168
443 168
446 168
443 246
434 197
447 216
420 262
412 258
412 259
446 171
404 254
404 255
444 210
436 206
437 205
413 259
405 255
437 207
428 238
429 203
448 216
440 212
406 219
405 220
443 223
433 209
420 239
445 183
432 213
423 244
424 243
425 243
435 218
413 236
412 236
424 245
416 241
444 223
436 219
428 215
429 214
428 213
429 213
448 193
440 189
439 230
429 216
441 190
427 255
419 251
431 225
432 224
443 236
401 239
447 206
420 252
412 248
432 226
404 244
404 245
423 257
424 222
416 218
416 219
444 200
435 231
436 196
448 170
405 245
446 246
425 223
416 254
417 219
437 197
428 228
415 258
448 206
440 202
441 167
440 167
439 243
442 248
443 213
408 255
407 255
419 264
420 229
412 225
431 238
432 203
404 221
404 222
423 234
435 208
447 219
413 226
405 222
424 235
416 231
444 213
436 209
428 205
448 183
439 220
430 251
442 225
427 245
426 246
426 247
419 241
431 215
443 226
447 196
432 216
424 212
425 211
426 211
427 211
424 210
427 210
423 212
425 210
423 211
422 210
421 210
444 190
435 221
436 186
426 258
426 259
446 236
438 232
430 228
450 206
440 192
407 244
407 245
427 222
419 218
419 219
439 233
442 238
443 203
408 245
400 241
447 173
419 254
420 219
432 193
432 192
431 191
432 191
431 193
430 194
429 193
428 193
428 192
429 191
423 224
435 198
414 261
414 262
434 239
413 216
412 216
412 215
412 214
412 213
413 214
413 213
426 235
445 248
445 249
446 213
411 255
436 199
449 218
415 225
415 224
448 173
449 174
449 173
450 172
451 173
452 174
451 172
450 174
453 174
446 249
439 210
430 241
450 219
442 215
415 261
443 180
408 222
427 235
419 231
431 205
430 206
430 207
443 216
422 242
412 228
432 206
445 225
445 226
444 180
435 211
426 248
446 226
447 227
448 226
427 212
420 209
419 209
419 208
419 207
419 206
418 205
417 204
420 207
418 204
417 206
416 206
417 207
416 207
418 207
420 206
416 208
416 209
417 209
403 241
449 208
449 209
450 173
415 215
415 214
415 213
451 174
443 170
431 195
430 196
453 219
454 220
455 221
455 220
456 220
457 221
454 222
454 223
455 223
457 222
457 223
458 223
459 224
445 215
445 216
410 257
409 258
409 259
411 222
446 216
430 208
403 254
402 254
402 253
402 252
402 251
403 250
402 249
401 250
400 249
403 252
399 249
398 249
397 249
398 248
399 247
398 246
399 246
401 249
400 251
400 252
401 252
403 251
396 248
396 247
395 246
396 246
395 248
394 245
393 246
399 248
392 245
391 245
390 245
390 244
391 243
390 242
391 242
392 241
392 243
389 245
388 245
388 244
391 244
442 182
442 183
407 224
427 202
426 201
427 200
426 203
425 200
424 200
423 200
423 199
422 198
421 197
420 197
419 197
419 196
420 195
419 194
418 195
417 194
420 194
422 197
418 194
421 199
421 200
422 200
424 199
425 198
417 196
416 196
418 197
420 196
423 201
423 202
424 202
419 198
443 183
411 235
410 235
409 236
409 235
408 235
407 235
407 234
407 233
407 232
408 233
408 232
410 234
410 233
410 232
411 231
411 233
411 232
415 205
414 204
415 204
415 203
414 206
414 207
413 203
412 203
448 238
449 239
449 240
450 240
447 239
447 240
450 239
451 238
450 237
452 239
452 240
453 240
451 240
453 239
449 241
449 242
450 242
452 241
452 242
453 242
454 243
455 243
456 242
455 241
456 240
406 241
406 240
406 239
414 218
414 219
434 196
399 238
398 238
397 239
396 238
395 238
395 237
395 236
395 235
396 234
396 236
394 235
393 236
393 235
396 235
398 237
398 236
399 236
446 170
411 212
411 211
410 210
411 210
410 212
409 213
408 212
407 212
407 211
407 210
408 210
406 209
405 210
404 210
404 209
403 209
402 209
402 208
403 207
402 206
401 205
400 204
401 204
400 206
400 207
401 207
403 206
405 209
401 206
404 211
404 212
405 212
400 208
401 209
402 243
403 208
449 175
449 176
447 251
447 252
413 258
392 235
391 235
390 234
391 233
390 232
389 231
388 230
388 232
388 233
389 233
389 232
388 234
391 234
405 254
439 167
438 167
438 166
416 263
416 264
450 176
415 218
394 244
394 243
427 192
426 191
426 190
427 190
426 193
425 190
424 190
423 190
423 189
424 188
423 187
422 188
424 187
425 188
422 187
421 189
422 190
424 189
427 189
423 191
426 192
417 264
409 260
448 251
422 199
406 254
398 250
397 251
390 246
390 247
410 224
409 225
409 226
391 247
411 225
424 244
403 221
402 221
402 220
402 219
402 218
403 217
401 217
400 217
400 216
403 219
399 216
398 216
397 216
398 215
399 214
398 213
399 213
401 216
400 218
400 219
401 219
403 218
396 215
396 214
395 213
396 213
395 215
394 212
393 213
399 215
392 212
391 212
390 212
390 211
389 210
388 211
391 211
415 195
414 194
415 193
414 196
414 195
425 245
418 206
409 237
409 238
428 250
429 215
448 228
449 229
450 230
447 229
450 229
451 228
452 227
453 228
450 227
453 227
452 229
452 230
451 227
451 230
449 231
421 211
421 212
406 231
405 230
406 230
406 229
405 232
404 232
405 233
404 234
403 231
402 231
402 230
402 229
403 229
401 229
400 229
400 228
401 227
451 239
422 212
414 208
454 244
454 245
399 228
398 228
397 229
397 228
398 227
399 226
410 237
411 202
410 202
409 203
409 202
408 202
407 202
407 201
407 200
407 199
408 200
406 199
405 200
404 200
404 201
405 202
410 201
410 200
410 199
411 198
411 200
455 245
447 241
405 244
424 257
397 240
397 241
417 218
429 192
394 234
394 233
406 208
406 207
406 206
452 175
418 219
422 189
387 231
386 231
385 231
384 231
383 231
383 230
386 230
406 244
398 240
410 214
409 215
443 248
402 210
455 222
401 251
393 247
393 248
412 260
412 261
404 256
404 257
425 199
444 212
428 204
413 261
405 257
418 196
409 227
429 205
421 201
421 202
394 247
406 221
398 217
397 218
397 219
451 229
443 225
422 202
420 241
412 237
412 238
423 246
424 211
413 238
405 234
424 247
425 212
397 230
397 231
444 225
416 243
417 208
436 221
437 186
409 204
409 205
428 217
448 195
449 196
449 197
449 198
440 191
439 232
418 209
409 240
450 241
442 237
421 214
408 244
441 192
433 188
419 253
420 218
431 227
410 204
451 242
443 238
401 241
447 208
447 209
393 237
412 250
413 215
432 228
404 246
405 211
423 259
424 224
425 189
444 202
416 220
416 221
435 233
436 198
428 194
428 195
448 172
440 168
440 169
385 232
385 233
405 247
446 248
438 244
438 245
417 221
458 222
437 199
450 218
429 195
415 260
421 191
407 256
407 257
440 204
441 169
386 233
427 234
406 211
439 245
451 219
443 215
389 244
408 257
454 224
400 253
401 218
447 185
447 186
393 214
393 215
412 227
431 240
432 205
404 223
404 224
423 236
424 201
444 179
416 197
416 198
435 210
401 254
447 221
413 228
405 224
446 225
425 202
397 220
416 233
417 198
436 211
449 230
448 185
394 214
439 222
430 253
450 231
442 227
443 192
408 234
427 247
400 230
400 231
419 243
420 208
412 204
412 205
431 217
423 213
423 214
443 228
435 187
401 231
447 198
413 205
453 241
432 218
405 201
424 214
416 210
444 192
435 223
436 188
426 260
446 238
438 234
439 199
430 230
449 243
396 237
442 204
442 205
415 250
407 246
407 247
408 211
427 224
419 220
419 221
439 235
431 194
442 240
443 205
389 234
408 247
401 208
447 175
420 221
412 217
431 230
404 213
404 214
432 195
423 226
424 191
444 169
435 200
414 263
414 264
434 241
426 237
445 250
405 214
446 215
425 192
392 244
438 211
411 257
457 224
457 225
403 253
437 166
449 220
395 249
395 250
415 227
407 223
427 201
438 247
439 212
430 243
458 225
450 221
396 250
442 217
443 182
415 263
388 246
389 211
408 224
427 237
400 220
400 221
419 233
420 198
431 207
423 203
422 244
401 221
447 188
414 240
434 218
413 195
412 195
412 194
445 227
445 228
424 204
411 234
403 230
446 228
438 224
439 189
442 194
415 240
456 241
407 236
408 201
427 214
419 210
418 251
443 195
421 256
441 234
420 211
452 243
452 244
404 203
399 237
423 216
410 246
435 190
422 257
414 253
453 244
445 240
446 205
392 234
438 201
411 247
439 166
430 197
430 198
403 243
449 210
450 175
395 239
395 240
415 217
407 213
407 214
427 191
439 202
417 263
451 176
396 240
442 207
437 241
429 237
408 214
448 250
400 210
440 246
440 247
419 223
420 188
406 253
452 220
452 221
431 197
418 264
422 234
441 247
414 230
433 243
434 208
453 221
426 204
426 205
399 250
445 217
446 182
391 246
392 211
410 259
411 224
402 255
403 220
395 216
395 217
415 194
426 240
446 218
392 247
438 214
425 244
449 223
396 217
442 184
415 230
428 249
448 227
427 204
418 241
429 250
421 246
422 211
441 224
433 220
399 227
445 194
410 236
411 201
402 232
402 233
422 247
414 243
455 244
434 221
426 217
446 195
438 191
411 237
424 256
403 233
444 234
415 207
407 203
425 257
417 253
418 218
437 231
456 244
429 227
448 240
421 223
440 236
441 201
387 230
406 243
398 239
418 254
390 235
410 213
421 259
422 224
441 237
414 220
433 233
434 198
420 263
426 194
426 195
399 240
445 207
446 172
391 236
438 168
438 169
410 249
383 232
383 233
411 214
403 210
449 177
449 178
447 253
447 254
413 260
405 256
439 169
384 233
425 234
397 252
397 253
416 265
416 266
444 247
417 230
450 178
436 243
437 208
456 221
428 239
448 217
394 246
440 213
406 220
417 266
437 244
429 240
421 236
422 201
441 214
414 197
414 198
433 210
406 256
398 252
399 217
445 184
390 248
391 213
410 226
402 222
414 233
413 234
447 230
447 231
413 237
446 185
432 250
392 214
424 246
403 223
444 224
416 242
436 220
415 197
448 194
425 247
417 243
418 208
437 221
409 239
429 217
448 230
421 213
440 226
441 191
433 187
406 233
398 229
451 241
410 203
443 237
422 214
454 246
433 223
434 188
420 253
399 230
412 249
445 197
423 258
411 204
403 200
402 200
444 201
447 243
413 250
405 246
424 259
397 242
397 243
416 255
444 237
417 220
409 216
409 217
437 198
429 194
448 207
421 190
394 236
440 203
441 168
386 232
406 210
439 244
418 221
409 252
442 249
442 250
421 226
422 191
408 256
441 204
387 233
433 200
419 265
398 242
399 207
398 207
397 208
397 207
445 174
410 216
443 250
455 224
401 253
447 220
393 249
393 250
412 262
413 227
404 258
404 259
405 223
425 201
444 214
417 197
436 210
428 206
428 207
448 184
394 213
405 259
406 260
407 259
418 198
437 211
428 242
427 243
429 207
421 203
394 249
440 216
441 181
440 181
427 246
406 223
398 219
451 231
443 227
401 230
447 197
420 243
412 239
412 240
413 204
431 252
432 217
404 235
404 236
424 213
444 191
435 222
447 233
448 234
449 233
413 240
405 236
424 249
397 232
425 214
416 245
417 210
436 223
409 206
409 207
408 208
437 188
428 219
448 197
440 193
406 200
439 234
450 243
442 239
443 204
408 246
427 259
428 260
428 261
429 261
428 262
433 190
400 242
400 243
399 244
419 255
420 220
431 229
432 194
423 225
443 240
435 199
401 243
447 210
412 252
413 217
404 248
432 230
405 213
423 261
424 226
425 191
397 209
397 210
396 211
444 204
416 222
435 235
436 200
428 196
428 197
427 198
448 174
385 234
446 250
397 245
438 246
439 211
430 242
458 224
409 219
429 197
396 249
442 216
415 262
421 193
407 258
386 235
427 236
419 232
398 209
439 247
431 206
451 221
443 217
389 246
408 259
454 226
400 255
401 220
447 187
420 233
393 216
393 217
392 218
412 229
413 194
431 242
404 225
404 226
403 227
432 207
423 238
424 203
444 181
416 199
416 200
415 201
414 200
413 201
435 212
426 249
426 250
425 251
405 226
406 227
407 226
446 227
425 204
438 223
417 200
449 232
428 209
415 239
448 187
394 216
427 213
439 224
450 233
442 229
443 194
408 236
427 249
400 232
400 233
399 234
419 245
420 210
412 206
412 207
411 208
431 219
404 202
423 215
435 189
422 256
401 233
447 200
448 201
449 200
413 207
453 243
404 238
445 239
405 203
424 216
411 246
416 212
444 194
436 190
446 240
438 236
439 201
430 232
449 245
451 175
396 239
442 206
415 252
388 235
407 248
408 213
427 226
400 209
419 222
431 196
418 263
423 192
423 193
443 207
400 245
401 210
441 246
447 177
420 223
412 219
453 220
432 197
404 215
423 228
424 193
410 258
444 171
435 202
436 167
414 265
426 239
446 217
397 212
392 246
411 259
457 226
430 209
430 210
429 211
403 255
395 251
395 252
394 253
393 252
392 253
391 253
392 254
390 254
390 255
389 253
391 255
388 254
388 255
389 255
392 255
393 256
394 256
394 255
390 256
390 257
391 257
394 257
395 258
395 259
396 259
397 259
398 259
398 258
399 257
398 256
399 259
393 258
396 258
399 258
395 260
398 260
397 261
397 262
398 261
399 261
400 262
400 261
401 260
401 262
402 262
403 262
402 263
402 264
403 264
404 265
405 266
405 265
404 267
406 264
405 263
406 263
407 265
408 266
409 266
410 266
410 265
411 266
406 262
408 265
411 265
407 267
408 268
409 269
409 268
410 268
410 267
411 268
412 269
412 268
413 267
413 269
409 270
409 271
401 261
412 270
412 271
404 266
405 267
397 263
397 264
387 254
386 254
385 253
386 252
385 251
384 250
383 249
384 249
384 252
383 252
386 251
387 250
386 249
387 249
387 252
382 248
384 251
387 251
386 253
389 254
408 267
400 263
400 264
401 264
411 267
403 263
396 260
388 256
388 257
407 269
389 257
399 260
391 256
410 269
402 265
402 266
392 257
411 270
384 253
403 266
413 270
409 272
387 253
406 266
398 262
390 258
390 259
391 259
401 263
393 259
393 260
412 272
404 268
404 269
385 254
405 269
397 265
394 259
386 255
397 255
396 256
407 268
389 256
408 269
400 265
400 266
401 266
392 256
411 269
403 265
395 261
395 262
394 263
393 262
392 263
392 264
391 265
390 265
391 266
392 266
393 266
394 266
394 265
390 267
389 265
388 265
392 265
391 267
394 267
395 268
395 269
396 269
393 268
393 269
394 268
396 268
395 270
395 271
396 271
397 272
398 271
398 270
398 269
399 269
399 271
400 272
401 273
402 274
403 273
403 272
401 272
400 274
403 274
404 275
405 276
405 275
406 275
407 275
408 276
408 275
404 277
404 278
405 278
406 274
405 273
406 273
406 272
405 277
397 273
397 274
387 264
386 264
385 264
385 263
386 262
385 261
384 260
383 261
383 262
384 262
386 261
387 260
387 262
384 261
383 263
383 264
384 264
386 263
398 273
400 273
401 274
393 270
393 271
385 265
385 266
386 266
396 270
388 266
388 267
389 267
411 241
399 270
402 275
402 276
392 267
384 263
403 276
395 272
396 273
387 263
406 276
398 272
390 268
390 269
399 273
391 269
383 265
397 275
397 276
394 269
386 265
387 266
389 266
400 275
400 276
401 276
393 272
385 267
404 271
403 275
396 272
388 268
388 269
387 270
389 269
396 262
388 258
407 271
389 259
399 272
391 268
402 277
402 278
392 269
384 265
403 278
395 274
388 271
387 272
386 272
387 273
386 274
385 274
384 274
383 274
383 273
383 272
384 272
382 271
381 271
381 270
382 269
382 268
387 274
388 275
389 276
390 275
391 276
391 275
392 276
390 277
390 278
391 278
389 275
392 275
388 277
388 278
389 278
391 277
392 278
393 279
394 278
394 277
394 276
390 279
380 271
379 271
378 271
391 280
393 280
382 270
385 275
385 276
394 280
395 280
396 279
386 276
378 272
396 280
389 277
381 272
381 273
382 273
392 277
384 273
380 270
391 279
383 275
383 276
392 280
384 276
394 279
386 275
387 276
379 272
382 272
389 279
381 274
392 279
384 275
377 271
376 270
376 272
376 271
387 275
390 280
380 272
396 216
407 225
427 203
419 199
419 200
396 252
442 219
443 184
388 248
407 261
408 226
400 222
420 200
406 265
431 209
423 205
393 219
394 220
392 220
391 220
392 221
391 222
390 222
392 222
393 223
394 223
394 222
390 223
389 221
388 220
389 220
387 219
386 219
385 219
385 218
384 217
383 216
382 216
384 216
383 218
383 219
384 219
386 218
387 217
385 220
385 221
388 221
381 217
384 218
387 218
383 220
386 220
381 216
380 215
379 215
378 215
378 216
378 217
379 217
382 217
391 223
384 220
377 216
376 215
376 217
376 216
395 219
387 220
379 216
380 217
378 218
378 219
377 220
376 219
379 219
381 218
381 219
382 219
413 197
399 262
445 229
445 230
444 231
391 258
392 223
410 271
411 236
416 202
402 267
403 232
449 199
415 206
426 252
427 253
428 252
446 230
392 259
403 268
449 235
450 200
395 264
396 229
456 243
407 238
408 203
448 239
419 212
377 215
401 200
447 167
387 265
412 209
452 245
398 274
399 239
404 205
390 270
390 271
411 213
402 244
402 245
399 275
391 271
392 236
383 267
439 168
384 232
430 199
430 200
429 201
403 245
450 177
395 241
415 219
407 215
407 216
406 217
427 193
419 189
419 190
417 265
409 261
409 262
408 263
408 216
448 252
400 212
440 248
440 249
386 277
420 190
378 273
406 255
452 222
452 223
398 251
431 199
418 266
410 225
441 249
453 223
426 206
426 207
425 208
399 252
391 248
392 213
410 261
411 226
403 222
395 218
415 196
405 268
425 246
430 212
396 219
428 251
407 228
448 229
427 206
394 258
406 232
409 274
429 252
422 213
414 209
414 210
413 211
387 255
406 268
380 216
398 264
399 229
390 260
410 238
411 203
383 221
383 222
382 223
402 234
402 235
401 275
447 242
384 222
424 258
403 235
376 218
449 202
415 209
407 205
397 277
425 259
418 220
448 242
394 271
386 267
387 232
406 245
398 241
399 206
410 215
443 249
402 211
402 212
426 196
399 242
438 170
438 171
411 216
383 234
403 212
449 179
413 262
405 258
397 254
444 249
416 267
396 209
409 228
409 229
408 230
382 274
456 223
429 206
394 248
441 180
406 222
398 218
409 264
375 271
374 271
374 270
374 269
422 203
414 199
387 245
386 245
385 245
385 244
398 254
399 219
410 228
402 224
401 265
447 232
393 261
413 239
404 270
392 216
405 235
444 226
395 221
448 196
405 271
397 267
425 249
418 210
428 254
448 232
394 261
427 258
411 262
433 189
406 235
379 218
398 231
410 205
451 243
402 201
402 202
389 268
414 212
400 277
400 278
399 279
398 279
434 190
401 242
380 219
423 260
403 202
449 169
401 278
393 274
424 261
397 244
417 222
409 218
429 196
448 209
421 192
394 238
386 234
406 212
439 246
398 208
418 223
451 220
442 251
442 252
441 253
440 253
441 254
439 254
440 255
440 256
441 256
442 256
443 257
443 256
444 256
439 253
442 258
442 259
443 259
441 255
444 255
444 254
444 253
440 257
443 258
444 258
445 259
445 258
446 259
447 260
447 261
447 262
448 261
446 258
439 255
442 260
443 261
445 260
445 261
446 261
441 257
447 263
447 264
444 257
448 263
443 260
446 260
439 257
445 262
446 263
445 252
448 262
440 258
440 259
441 259
444 259
439 256
442 261
422 193
408 258
454 225
387 235
400 254
399 209
410 218
443 252
455 226
401 255
393 251
412 264
404 260
405 225
425 203
444 216
417 199
435 247
436 212
428 208
448 186
394 215
440 182
440 183
385 246
385 247
446 262
397 257
438 258
417 235
430 254
418 200
409 231
450 232
429 209
396 261
421 205
407 270
441 183
386 247
427 248
406 225
419 244
398 221
451 233
443 229
389 258
408 271
454 238
400 267
401 232
447 199
420 245
412 241
413 206
431 254
404 237
432 219
423 250
424 215
416 211
444 193
435 224
436 189
382 218
447 235
393 264
413 242
426 261
426 262
425 263
424 263
425 264
405 238
446 239
425 216
392 268
397 234
416 247
417 212
403 277
449 244
437 190
409 208
428 221
395 273
375 215
374 215
448 199
415 251
440 195
385 259
378 220
406 202
439 236
450 245
396 274
442 241
443 206
388 270
389 235
408 248
427 261
400 244
419 257
379 221
420 222
412 218
431 231
432 196
423 227
424 192
443 242
444 170
389 271
435 201
401 245
447 212
393 241
412 254
413 219
404 250
405 215
445 251
424 228
397 211
425 193
444 206
416 224
411 258
435 237
436 202
437 167
382 231
381 231
381 230
381 229
428 198
448 176
385 236
446 252
438 248
439 213
384 277
418 190
417 190
416 189
458 226
430 244
450 222
396 251
442 218
415 264
421 195
388 247
407 260
408 225
427 238
419 234
420 199
439 249
431 208
451 223
423 204
442 254
443 219
389 248
408 261
400 257
401 222
441 258
447 189
420 235
393 218
412 231
413 196
431 244
432 209
404 227
377 273
423 240
424 205
410 270
416 201
444 183
435 214
426 251
446 229
392 258
438 225
411 271
417 202
403 267
449 234
395 263
415 241
407 237
440 185
427 215
419 211
439 226
450 235
396 264
442 231
443 196
388 260
407 273
408 238
427 251
400 234
419 247
447 166
447 165
447 164
447 163
447 162
447 161
448 161
449 161
450 162
450 161
451 160
451 162
449 163
449 164
450 164
452 163
453 162
452 164
453 164
454 165
455 166
455 165
454 167
456 164
457 165
458 166
458 165
457 167
458 168
459 168
460 169
461 168
462 169
462 168
463 169
460 168
459 170
448 160
448 159
448 158
451 161
454 166
455 167
458 167
450 163
451 164
453 163
457 169
449 165
450 166
452 165
452 166
453 166
456 166
448 162
451 163
454 168
454 169
455 169
457 168
458 169
450 165
451 166
453 165
449 167
449 157
456 165
452 167
453 168
455 168
456 168
448 164
459 164
458 163
459 162
459 161
459 160
459 159
459 158
460 159
461 158
462 159
462 158
463 157
462 156
463 156
463 159
461 160
462 161
460 158
463 158
462 160
463 161
464 162
464 161
465 161
465 160
465 159
465 158
458 157
457 157
457 156
457 155
458 155
456 154
455 153
454 154
454 155
455 155
455 154
454 156
454 157
455 157
461 162
464 163
464 164
456 153
460 160
463 160
455 156
456 156
458 156
461 161
462 162
454 158
454 159
455 159
465 162
466 163
466 164
467 164
468 165
468 166
468 167
469 166
467 163
466 165
466 166
467 166
469 165
470 166
468 168
468 169
457 158
457 159
458 159
469 168
464 165
453 155
452 155
464 155
467 165
456 155
460 162
463 162
455 158
466 167
451 165
454 170
454 171
453 172
455 171
466 157
458 158
469 167
461 163
461 164
470 168
462 164
454 160
447 157
457 170
457 171
449 166
450 167
465 164
457 160
457 161
456 162
449 156
458 161
450 157
453 167
464 154
464 153
464 152
464 151
465 150
466 149
467 150
464 149
465 149
467 149
466 151
466 152
467 152
465 148
467 151
463 148
463 147
462 146
463 146
462 148
461 148
460 148
459 147
459 146
460 146
458 145
457 145
457 144
458 143
457 142
456 142
456 141
466 153
467 154
468 155
468 154
458 144
461 149
461 150
462 150
457 146
460 147
467 153
459 149
459 150
460 150
462 149
463 150
466 155
458 146
461 151
461 152
462 152
465 152
468 148
467 147
468 146
468 145
468 144
469 143
468 142
469 142
469 141
470 140
469 139
470 139
470 142
471 142
467 141
467 140
466 139
467 139
466 141
465 138
464 139
470 141
463 138
462 137
462 136
461 135
463 136
464 140
464 141
465 140
463 137
466 142
466 143
467 143
470 143
471 144
471 145
471 146
463 140
465 139
469 145
464 142
464 143
463 144
465 142
460 149
468 138
467 142
464 145
465 146
466 145
463 149
466 154
467 155
459 151
459 152
458 153
460 152
471 138
463 139
466 144
467 145
462 151
463 152
469 144
470 145
462 141
461 141
460 141
459 141
463 142
466 147
465 151
461 153
460 154
461 154
462 154
468 147
465 141
469 147
465 154
460 161
452 156
452 157
468 137
468 136
468 135
468 134
468 133
468 132
469 131
470 130
469 129
470 129
470 131
471 132
471 133
471 134
469 133
467 133
466 133
469 132
470 133
469 135
471 128
472 127
470 127
473 126
471 126
473 125
473 124
474 123
473 122
472 121
471 120
472 120
471 122
474 122
470 119
469 119
469 118
470 117
472 122
470 118
474 124
475 125
475 126
476 126
476 125
477 125
478 126
478 125
479 124
478 123
477 123
476 123
479 126
477 122
479 125
475 127
476 128
478 127
478 128
479 128
480 128
477 124
469 120
468 121
468 122
469 121
470 121
476 127
468 123
468 124
469 123
479 127
471 123
471 124
472 124
475 129
478 129
470 120
474 126
477 126
469 122
470 123
473 128
472 123
475 128
476 129
468 125
468 126
471 125
472 126
475 121
474 120
475 119
475 118
475 117
475 116
476 115
477 114
478 115
479 114
478 116
479 116
480 116
481 116
481 115
482 114
481 113
482 113
482 116
479 115
482 115
478 117
481 117
471 140
480 118
480 119
481 118
482 118
483 119
483 118
484 117
484 118
480 120
480 121
476 117
479 117
482 117
481 119
474 116
476 116
480 122
477 116
476 119
477 120
478 119
483 112
478 118
479 119
474 125
467 122
466 122
470 132
466 134
467 135
482 119
478 121
470 122
473 127
474 128
469 134
470 135
477 115
481 121
473 117
477 128
469 124
453 157
449 159
456 167
448 163
464 144
476 118
452 169
451 170
468 150
469 151
469 152
480 124
477 118
460 151
472 125
464 157
467 167
459 163
471 137
483 111
483 110
483 109
483 108
483 107
483 106
484 107
484 106
484 109
485 110
485 109
486 109
486 108
485 111
485 112
486 111
487 112
487 111
488 112
484 108
487 113
486 110
485 113
485 114
484 110
486 112
485 115
482 109
481 109
485 105
456 157
460 164
484 112
452 159
455 170
480 114
420 212
467 144
412 208
431 221
404 204
423 217
479 118
435 191
434 192
435 192
381 220
381 221
422 258
447 202
414 254
434 232
413 209
453 245
404 240
399 274
405 205
445 241
446 206
391 270
411 248
383 266
416 214
402 279
436 192
403 244
449 211
382 221
456 170
475 120
448 166
446 242
392 271
438 238
439 203
384 267
430 234
449 247
395 276
451 177
396 241
442 208
415 254
476 121
463 151
407 250
408 215
427 228
400 211
419 224
420 189
466 156
431 198
418 265
423 194
423 195
443 209
400 247
441 248
401 212
447 179
387 277
379 273
412 221
453 222
459 153
432 199
399 251
404 217
445 218
424 195
410 260
471 127
444 173
416 191
415 191
435 204
402 256
402 257
414 267
380 274
426 241
445 254
446 219
392 248
438 215
411 261
472 128
430 211
403 257
449 224
395 253
396 218
442 185
470 167
462 163
407 227
427 205
419 201
419 202
439 216
396 254
442 221
409 273
443 186
388 250
429 251
463 164
408 228
448 264
455 160
440 260
441 225
447 156
420 202
467 134
406 267
452 234
452 235
453 236
412 198
431 211
398 263
422 248
441 261
414 244
434 222
426 218
399 264
445 231
446 196
391 260
438 192
410 273
411 238
384 221
458 170
402 269
401 270
403 234
449 201
483 114
470 144
415 208
407 204
392 261
438 228
439 193
430 224
425 258
450 202
451 167
395 266
396 231
442 198
437 232
407 240
463 141
408 205
448 241
454 172
427 218
394 270
400 201
400 202
466 146
478 120
418 255
377 217
421 260
422 225
401 202
441 238
414 221
414 222
447 169
387 267
433 234
434 199
398 276
459 143
460 144
461 143
404 207
399 241
445 208
390 272
389 273
390 273
479 121
471 117
410 250
411 215
402 246
402 247
403 211
422 261
414 257
434 235
426 231
446 209
391 273
438 205
383 269
439 170
384 234
430 201
403 247
449 214
444 248
450 179
395 243
396 208
415 221
456 222
462 153
407 217
427 195
474 127
419 191
418 192
466 123
466 124
465 125
465 126
465 127
417 267
409 263
437 245
429 241
463 154
375 270
421 237
400 214
440 250
439 251
441 215
420 192
433 211
406 257
467 124
452 224
451 225
452 225
398 253
399 218
390 249
390 250
423 197
465 163
410 227
402 223
422 238
414 234
433 247
434 212
453 225
426 208
399 254
445 221
446 186
391 250
392 215
410 263
411 228
444 238
402 259
458 160
403 224
450 156
395 220
470 134
415 198
461 165
461 166
482 108
405 270
430 214
397 266
425 248
444 261
417 244
451 157
437 222
442 188
428 253
388 217
429 218
462 166
448 231
454 162
394 260
440 227
419 204
386 256
386 257
466 136
465 136
406 234
486 114
398 230
418 245
429 254
422 215
441 228
414 211
387 257
433 224
406 270
452 237
380 218
398 266
399 231
445 198
410 240
383 223
411 205
402 236
401 237
403 201
449 168
469 146
461 142
401 277
447 244
426 221
393 273
481 120
446 199
413 251
438 195
424 260
430 191
425 225
449 204
416 256
450 169
395 233
436 234
470 147
415 211
428 230
462 143
407 207
448 208
482 121
394 237
385 268
385 269
474 117
397 279
425 261
417 257
418 222
409 253
437 235
429 231
448 244
421 227
422 192
394 273
440 240
441 205
386 269
387 234
433 201
406 247
398 243
399 208
445 175
465 153
410 217
443 251
402 213
402 214
477 127
422 228
414 224
455 225
434 202
380 231
379 231
378 231
377 232
376 233
377 233
375 232
376 231
375 230
376 229
378 230
378 233
376 230
379 230
426 198
445 211
412 263
446 176
432 241
411 218
485 104
485 103
485 102
485 101
485 100
485 99
484 98
486 100
487 100
488 100
488 99
489 98
487 101
487 102
488 102
488 101
487 103
483 99
483 100
484 100
486 102
484 99
487 104
483 101
483 102
482 103
482 104
484 102
486 101
490 97
424 237
458 150
403 214
444 215
395 210
394 210
435 246
470 124
461 155
460 156
413 264
473 129
472 130
405 260
425 238
397 256
444 251
417 234
418 199
436 247
464 166
464 167
409 230
437 212
382 276
456 225
428 243
429 208
448 221
421 204
394 250
440 217
474 130
441 182
386 246
466 126
406 224
486 104
453 156
439 258
398 220
418 235
451 232
421 240
422 205
441 218
408 270
414 201
454 237
387 247
433 214
420 244
399 221
445 188
390 252
431 253
391 217
390 217
465 166
410 230
423 249
457 162
402 226
449 158
469 136
455 238
401 267
447 234
393 263
413 241
404 272
405 237
424 250
425 215
397 233
416 246
444 228
450 159
417 211
437 189
470 137
448 198
440 194
385 258
406 201
397 269
452 168
417 247
418 212
409 243
450 244
421 217
468 149
440 230
441 195
386 259
427 260
433 191
406 237
419 256
480 123
379 220
453 169
398 233
465 143
451 245
410 207
443 241
402 203
389 270
477 117
414 214
400 279
401 244
447 211
380 221
420 257
393 240
412 253
413 218
446 166
404 249
423 262
403 204
444 205
416 223
449 171
436 201
469 149
382 230
461 145
447 247
448 175
393 276
413 254
473 119
385 235
405 250
446 251
397 246
416 259
417 224
464 156
437 202
409 220
382 266
429 198
448 211
421 194
394 240
440 207
385 271
386 236
378 232
406 214
439 248
398 210
451 222
442 253
443 218
389 247
422 195
408 260
454 227
414 191
413 191
412 192
400 256
379 233
380 234
379 235
379 236
380 236
381 237
382 236
380 235
379 237
379 238
380 238
382 237
378 239
380 237
381 233
383 236
399 211
445 178
412 230
431 243
465 156
432 208
377 272
423 239
457 152
402 216
443 254
444 182
435 213
469 126
401 257
447 224
393 253
412 266
460 163
404 262
432 244
405 227
445 263
485 107
424 240
425 205
444 218
417 201
435 249
436 214
428 210
484 111
448 188
394 217
440 184
385 248
446 264
452 158
439 225
418 202
464 169
465 169
466 169
409 233
450 234
396 263
442 230
421 207
422 208
423 207
388 259
468 139
407 272
408 237
441 185
427 250
419 246
453 159
390 219
431 220
451 235
443 231
389 260
408 273
454 240
400 269
401 234
447 201
420 247
413 208
432 221
404 239
405 204
423 252
424 217
444 195
416 213
435 226
436 191
382 220
456 169
374 216
374 217
448 165
426 263
405 240
446 241
397 236
392 270
438 237
384 266
417 214
418 215
419 214
403 279
464 146
449 246
437 192
409 210
428 223
395 275
415 253
476 120
375 217
440 197
427 227
406 204
378 222
379 223
377 222
376 223
380 223
377 223
452 171
439 238
450 247
451 248
452 247
396 276
442 243
443 208
388 272
468 152
408 250
400 246
401 211
480 126
419 259
447 178
420 224
412 220
431 233
432 198
404 216
423 229
424 194
444 172
416 190
435 203
436 168
435 169
436 169
434 169
381 232
401 247
414 266
447 214
393 243
434 244
413 221
380 273
460 153
404 252
445 253
405 217
424 230
397 213
425 195
416 226
411 260
417 191
436 204
403 256
437 169
382 233
428 200
484 101
448 178
446 254
438 250
439 215
430 246
464 159
450 224
396 253
442 220
443 185
415 266
388 249
463 163
407 262
408 227
427 240
400 223
400 224
419 236
420 201
466 168
431 210
377 239
376 239
376 240
423 206
443 221
389 250
400 259
401 224
441 260
447 191
420 237
393 220
467 169
412 233
413 198
459 165
404 229
432 211
399 263
423 242
424 207
410 272
471 139
444 185
416 203
435 216
402 268
483 113
456 159
426 253
460 166
446 231
392 260
438 227
439 192
430 223
403 269
464 136
409 200
449 236
450 201
484 114
395 265
396 230
442 197
415 243
407 239
408 204
427 217
419 213
452 161
439 228
451 202
396 266
442 233
443 198
388 262
389 263
390 262
408 240
400 236
401 201
447 168
419 249
420 214
467 146
412 210
452 246
431 223
398 275
459 142
432 188
431 188
430 188
430 189
431 187
404 206
479 120
423 219
435 193
381 222
414 256
434 234
453 247
426 230
460 143
399 276
405 207
446 208
391 272
438 204
383 268
472 117
411 250
403 246
428 190
395 242
475 122
415 220
448 168
427 194
392 273
384 269
430 236
395 278
396 243
463 153
468 119
408 217
448 253
400 213
420 191
467 123
431 200
377 229
423 196
435 170
435 171
434 172
435 173
433 173
433 174
432 173
431 173
434 173
432 172
431 174
432 174
433 171
432 175
431 176
430 177
432 176
430 178
431 178
401 214
441 250
453 224
459 155
404 219
399 253
391 249
424 197
410 262
471 129
416 193
411 227
402 258
436 171
381 235
483 103
414 269
415 269
415 270
426 243
445 256
392 250
411 263
384 246
430 213
403 259
464 126
463 126
462 127
463 127
449 226
444 260
451 156
395 255
484 104
396 220
462 165
407 229
454 161
427 207
419 203
466 135
486 113
431 177
388 252
389 217
429 253
463 166
455 162
400 226
420 204
387 256
406 269
467 136
412 200
452 236
398 265
423 209
390 261
410 239
453 237
399 266
445 233
391 262
411 240
430 190
402 271
403 236
449 203
450 168
483 116
395 232
470 146
415 210
462 142
407 206
482 120
384 259
397 278
425 260
450 204
451 169
396 233
463 143
448 243
408 207
394 272
400 203
419 216
386 268
466 148
406 246
431 190
377 219
478 122
490 96
414 223
387 269
380 230
426 197
459 145
398 278
399 243
479 123
390 274
471 119
383 235
411 217
402 248
403 213
449 180
414 259
413 263
392 240
383 271
384 236
430 203
403 249
444 250
376 232
395 245
396 210
415 223
382 275
456 224
462 155
407 219
427 197
474 129
419 193
466 125
486 103
409 265
375 272
422 204
440 252
387 246
406 259
467 126
452 226
398 255
399 220
390 251
391 216
465 165
410 229
402 225
426 210
399 256
391 252
392 217
411 230
383 248
485 116
458 162
402 261
403 226
444 227
450 158
470 136
415 200
461 167
405 272
425 250
397 268
451 159
418 211
388 219
428 255
448 233
454 164
394 262
386 258
466 138
406 236
452 203
398 232
410 206
451 244
490 95
414 213
387 259
434 191
380 220
398 268
399 233
390 264
411 207
402 238
403 203
449 170
469 148
401 279
461 144
393 275
481 122
473 118
424 262
430 193
450 171
442 167
470 149
382 265
462 145
407 209
448 210
394 239
373 216
385 270
474 119
406 213
409 255
422 194
394 275
386 271
379 232
398 245
399 210
465 155
410 219
443 253
402 215
477 129
469 125
455 227
401 256
380 233
426 200
412 265
404 261
485 106
458 152
403 216
444 217
395 212
470 126
415 190
461 157
447 259
413 266
405 262
397 258
418 201
464 168
409 232
456 227
429 210
421 206
394 252
441 184
386 248
406 226
453 158
390 218
451 234
443 230
422 207
408 272
454 239
414 203
400 268
420 246
391 219
465 168
423 251
457 164
402 228
449 160
469 138
455 240
461 134
401 269
447 236
393 265
404 274
405 239
424 252
397 235
444 230
417 213
437 191
409 209
462 135
463 134
375 216
448 200
385 260
378 221
406 203
397 271
452 170
418 214
450 246
396 275
468 151
427 262
489 94
433 193
480 125
379 222
453 171
398 235
445 167
465 145
410 209
451 247
457 141
402 205
477 119
389 272
401 246
393 242
412 255
413 220
404 251
405 216
458 142
425 194
416 225
436 203
437 168
382 232
428 199
461 147
448 177
393 278
473 121
405 252
446 253
397 248
438 249
417 226
418 191
464 158
409 222
437 204
428 235
429 200
448 213
415 265
421 196
394 242
440 209
385 273
427 239
406 216
378 234
398 212
439 250
451 224
442 255
443 220
389 249
468 164
408 262
414 193
400 258
401 223
434 171
420 236
467 168
412 232
431 245
432 210
404 228
423 241
424 206
457 154
444 184
435 215
469 128
456 158
401 259
447 226
393 255
461 133
413 233
460 165
404 264
405 229
424 242
425 207
416 238
444 220
411 272
417 203
464 135
436 216
428 212
484 113
448 190
394 219
440 186
385 250
452 160
439 227
450 236
451 201
396 265
442 232
421 209
388 261
468 141
407 274
408 239
427 252
400 235
480 115
419 248
453 161
420 213
390 221
431 222
432 187
465 135
451 237
423 218
443 233
389 262
454 242
400 271
401 236
447 203
420 249
412 245
413 210
453 246
460 142
404 241
432 223
405 206
423 254
424 219
444 197
416 215
435 228
436 193
382 222
428 189
456 171
448 167
446 243
397 238
392 272
438 239
417 216
384 268
430 235
464 148
409 212
449 248
395 277
429 190
396 242
415 255
476 122
407 251
427 229
419 225
452 173
439 240
396 278
442 245
443 210
388 274
408 252
454 219
400 248
401 213
419 261
447 180
420 226
412 222
431 235
459 154
432 200
404 218
424 196
444 174
416 192
435 205
436 170
381 234
414 268
393 245
434 246
413 223
426 242
460 155
405 219
445 255
446 220
397 215
392 249
425 197
416 228
472 129
417 193
403 258
437 171
449 225
382 235
484 103
428 202
395 254
464 134
448 180
415 232
438 252
439 217
430 248
450 226
396 255
442 222
443 187
415 268
388 251
407 264
463 165
408 229
427 242
455 161
400 225
419 238
420 203
412 199
431 212
423 208
389 252
422 249
401 226
447 193
393 222
412 235
413 200
459 167
399 265
404 231
445 232
424 209
391 261
471 141
416 205
411 239
444 187
402 270
483 115
456 161
448 157
426 255
385 217
446 233
392 262
438 229
439 194
457 242
384 258
430 225
403 271
464 138
449 238
450 203
395 267
484 116
451 168
396 232
442 199
415 245
407 241
408 206
427 219
419 215
431 189
451 204
377 218
418 256
442 235
443 200
388 264
408 242
421 261
400 238
441 239
401 203
447 170
420 216
387 268
467 148
452 248
412 212
459 144
398 277
404 208
432 190
423 221
479 122
410 251
471 118
435 195
422 262
414 258
399 278
460 145
445 245
446 210
391 274
438 206
411 252
383 270
472 119
384 235
430 202
403 248
449 215
395 244
475 124
415 222
407 218
427 196
419 192
438 242
439 207
384 271
450 216
396 245
442 212
437 246
407 254
463 155
408 219
400 215
440 251
420 193
406 258
467 125
431 202
377 231
423 198
435 172
422 239
441 252
447 183
414 235
393 212
434 213
453 226
459 157
426 209
399 255
445 222
446 187
391 251
410 264
471 131
383 247
411 229
416 195
402 260
403 225
483 105
415 199
426 245
446 223
392 252
438 219
439 184
384 248
430 215
403 261
444 262
449 228
395 257
451 158
442 189
415 235
388 218
462 167
407 231
454 163
427 209
419 205
466 137
486 115
418 246
443 190
389 219
463 168
421 251
455 164
441 229
490 94
491 93
492 94
492 93
493 92
494 93
493 91
494 92
447 160
387 258
433 225
406 271
467 138
412 202
452 238
398 267
399 232
445 199
390 263
410 241
411 206
402 237
422 252
414 248
491 95
434 226
426 222
399 268
445 235
446 200
391 264
438 196
383 260
382 259
411 242
430 192
402 273
403 238
449 205
450 170
395 234
470 148
415 212
462 144
407 208
474 118
439 197
425 262
417 258
451 171
409 254
442 202
437 236
388 231
429 232
463 145
448 245
408 209
394 274
440 241
441 206
386 270
466 150
406 248
431 192
398 244
418 259
478 124
423 188
421 264
441 242
414 225
387 271
433 238
434 203
380 232
426 199
399 245
445 212
446 177
390 276
391 241
471 121
410 254
411 219
402 250
458 151
403 215
395 211
470 125
461 156
473 130
413 265
392 242
438 209
405 261
425 239
430 205
444 252
395 247
396 212
436 248
437 213
428 244
456 226
462 157
407 221
448 222
394 251
427 199
440 218
419 195
418 236
437 249
409 267
429 245
421 241
422 206
440 254
441 219
414 202
387 248
433 215
406 261
452 228
490 93
398 257
399 222
445 189
390 253
391 218
465 167
410 231
457 163
402 227
414 238
469 137
455 239
401 268
434 216
426 212
446 190
391 254
392 219
404 273
438 186
424 251
458 164
403 228
444 229
450 160
436 225
470 138
415 202
461 169
462 134
405 274
425 252
397 270
417 248
418 213
437 226
409 244
429 222
463 135
448 235
421 218
394 264
440 231
386 260
433 192
466 140
406 238
453 170
398 234
478 114
465 144
410 208
451 246
402 204
421 254
422 219
414 215
387 261
433 228
434 193
420 258
380 222
426 189
399 235
445 202
390 266
446 167
432 232
411 209
423 263
402 240
458 141
403 205
449 172
469 150
461 146
447 248
393 277
413 255
473 120
405 251
397 247
430 195
425 229
444 242
416 260
417 225
436 238
437 203
409 221
442 169
382 267
428 234
429 199
462 147
448 212
394 241
440 208
385 272
474 121
406 215
398 211
417 261
409 257
429 235
422 196
441 209
386 273
414 192
433 205
434 170
452 218
379 234
398 247
399 212
445 179
390 243
465 157
410 221
457 153
402 217
443 255
469 127
493 94
401 258
447 225
426 202
393 254
412 267
413 232
404 263
405 228
485 108
424 241
425 206
458 154
444 219
416 237
395 214
436 215
470 128
415 192
428 211
461 159
448 189
482 102
394 218
413 268
462 133
385 249
405 264
425 242
397 260
417 238
418 203
437 216
409 234
428 247
429 212
448 225
375 241
421 208
394 254
440 221
468 140
441 186
386 250
406 228
453 160
390 220
465 134
451 236
443 232
422 209
389 261
408 274
454 241
414 205
400 270
401 235
420 248
445 192
412 244
391 221
432 222
411 199
383 217
423 253
424 218
457 166
449 162
444 196
469 140
455 242
401 271
447 238
393 267
481 114
413 245
404 276
405 241
424 254
397 237
425 219
416 250
444 232
417 215
464 147
437 193
409 211
429 189
448 202
375 218
440 198
385 262
406 205
378 223
452 172
439 239
418 216
450 248
396 277
442 244
421 221
388 273
468 153
441 199
408 251
433 195
419 260
480 127
420 225
453 173
492 92
399 202
445 169
390 233
465 147
410 211
457 143
402 207
389 274
477 121
455 219
401 248
447 215
393 244
493 93
412 257
413 222
432 235
404 253
405 218
424 231
397 214
425 196
416 227
444 209
417 192
435 240
436 205
437 170
381 269
382 234
428 201
374 230
448 179
473 123
446 255
397 250
438 251
417 228
430 247
418 193
464 160
409 224
437 206
450 225
429 202
415 267
375 231
421 198
440 211
407 263
427 241
433 172
406 218
419 237
439 252
398 214
390 210
465 124
451 226
442 257
443 222
389 251
408 264
400 260
401 225
447 192
420 238
393 221
412 234
413 199
431 247
459 166
432 212
404 230
423 243
424 208
416 204
444 186
435 217
469 130
456 160
447 228
393 257
448 156
413 235
426 254
460 167
405 231
446 232
425 209
416 240
417 205
457 241
436 218
403 270
464 137
449 237
409 201
428 214
484 115
415 244
448 192
394 221
440 188
385 252
386 217
452 162
439 229
450 238
451 203
396 267
442 234
443 199
388 263
468 143
407 276
408 241
427 254
400 237
419 250
480 117
420 215
412 211
431 224
432 189
465 137
423 220
443 235
389 264
435 194
381 223
401 238
447 205
393 234
413 212
453 248
404 243
399 277
432 225
445 244
405 208
424 221
416 217
411 251
472 118
444 199
435 230
436 195
428 191
495 92
496 91
497 91
498 91
499 90
498 89
499 88
500 87
501 86
501 88
500 89
500 91
500 92
499 92
500 93
501 85
500 86
498 88
497 90
499 87
500 88
475 123
448 169
446 245
392 274
438 241
439 206
384 270
430 237
464 150
409 214
395 279
396 244
442 211
498 90
415 257
476 124
421 188
499 89
407 253
468 120
408 218
427 231
419 227
439 242
431 201
377 230
442 247
443 212
388 276
500 90
408 254
454 221
400 250
501 89
441 251
401 215
447 182
420 228
412 224
459 156
431 237
432 202
404 220
424 198
471 130
416 194
435 207
499 91
436 172
381 236
483 104
414 270
434 248
426 244
460 157
405 221
445 257
446 222
392 251
397 217
438 218
411 264
472 131
417 195
384 247
464 127
403 260
449 227
395 256
484 105
415 234
394 211
407 230
487 110
427 208
439 219
430 250
450 228
396 257
442 224
443 189
501 87
388 253
389 218
407 266
463 167
408 231
427 244
455 163
400 227
419 240
420 205
467 137
500 85
412 201
431 214
423 210
422 251
401 228
491 94
414 247
447 195
434 225
497 89
413 202
453 238
459 169
404 233
460 134
459 134
399 267
445 234
391 263
471 143
383 259
402 272
403 237
483 117
456 163
541 59
540 59
542 58
539 60
539 61
538 62
540 62
543 58
537 63
536 64
535 63
534 64
542 59
541 57
541 63
542 56
543 55
542 62
543 61
541 60
544 59
545 58
544 56
545 55
546 56
547 56
544 62
546 59
548 56
547 58
549 55
550 54
551 53
538 64
540 61
539 63
543 63
545 60
551 55
537 65
536 66
535 66
546 61
547 60
549 57
538 66
539 65
543 56
534 62
545 62
535 61
534 60
542 54
537 67
536 68
541 58
546 54
545 53
546 52
547 51
548 51
547 53
549 50
548 49
547 49
549 48
548 47
549 46
550 45
551 44
550 47
552 44
551 46
550 49
551 48
546 63
544 63
533 63
532 64
547 62
538 59
537 58
536 57
537 56
536 55
538 55
539 54
538 57
540 54
539 56
536 59
540 56
539 58
539 67
540 68
541 67
535 54
551 50
545 64
536 61
537 60
537 69
552 51
553 50
554 49
553 48
555 48
556 47
555 46
555 50
557 47
556 49
557 50
558 49
559 48
560 49
559 50
558 51
557 52
559 52
561 49
558 53
557 54
556 54
555 53
555 55
554 56
553 55
553 57
552 58
551 57
555 57
556 56
553 59
554 58
559 54
551 59
547 46
546 46
546 45
545 44
546 43
547 42
548 42
547 44
546 47
548 44
552 60
549 43
550 42
555 59
555 60
556 61
555 62
554 63
553 62
553 64
552 65
551 64
557 61
557 56
549 52
538 61
552 53
541 53
556 51
541 62
552 62
556 60
544 58
553 53
551 62
557 59
553 45
553 46
553 54
558 58
553 63
545 59
559 57
560 58
546 57
534 59
537 55
537 64
549 47
560 53
561 54
548 60
549 61
549 62
540 65
552 48
552 57
544 53
556 55
541 66
552 66
552 67
553 68
533 62
532 61
553 49
545 54
537 59
559 56
549 42
551 61
560 48
548 46
560 57
548 55
540 60
540 69
540 70
541 71
541 72
532 65
552 43
552 52
556 50
541 61
552 61
556 59
544 57
553 44
555 63
556 64
556 65
537 54
559 51
536 58
551 56
536 67
551 65
548 50
560 52
548 59
540 55
540 64
532 60
531 59
530 58
540 73
539 73
552 47
541 56
552 56
544 52
544 61
533 61
555 58
547 63
548 64
548 65
549 66
539 59
539 68
551 42
559 55
551 51
536 62
551 60
548 45
560 47
548 54
548 63
529 59
529 60
528 58
552 42
553 41
539 72
538 71
559 59
559 60
560 61
560 62
560 63
559 64
559 65
560 66
560 67
558 63
559 68
558 68
559 69
559 70
560 71
560 72
558 67
532 59
554 65
555 66
555 67
558 62
558 71
557 70
556 70
556 69
550 63
561 63
561 72
542 68
562 55
554 51
562 64
563 63
564 64
564 65
563 62
563 66
563 67
563 68
564 69
564 68
563 61
564 60
564 59
563 58
563 57
564 56
564 55
564 54
563 53
563 52
564 51
564 50
563 49
563 48
562 65
563 47
564 46
564 45
563 44
563 43
562 51
562 60
565 56
562 69
562 70
563 71
563 72
565 65
566 57
566 58
567 59
567 60
566 66
567 65
567 64
566 63
566 67
567 68
566 62
567 63
562 46
565 51
543 60
554 60
565 60
554 69
554 70
565 69
543 69
543 70
544 71
544 72
545 73
535 65
555 52
566 52
567 51
567 50
566 53
567 49
566 48
558 48
547 48
555 61
566 61
547 57
558 57
539 53
558 66
547 66
547 67
547 68
548 69
548 68
539 62
539 71
551 45
536 56
528 61
527 61
526 60
528 62
528 63
561 58
550 58
557 66
561 67
550 67
542 63
531 63
530 62
542 72
562 50
554 46
565 46
562 59
554 55
565 55
562 68
565 64
543 64
543 65
544 66
544 67
545 68
545 69
546 70
547 71
547 72
548 73
548 74
554 64
535 60
543 73
543 74
555 47
566 47
567 46
568 47
567 45
568 44
569 44
568 43
566 44
570 45
571 44
572 45
571 43
572 44
570 46
571 42
572 41
572 40
570 41
566 43
565 42
564 41
564 40
567 44
570 40
573 41
574 42
575 41
576 42
576 43
575 40
576 39
576 38
575 37
575 36
576 37
574 39
574 43
577 39
578 40
579 39
580 40
579 38
578 41
579 42
579 37
578 36
574 38
577 43
577 38
547 43
566 56
558 52
547 52
558 61
539 57
557 65
546 65
546 74
546 75
581 41
549 70
549 71
550 72
538 70
550 44
561 53
550 53
550 62
527 60
561 62
561 71
550 71
551 70
552 71
552 72
552 70
551 69
542 67
573 45
562 45
565 41
562 54
565 50
554 50
562 63
543 59
565 59
554 59
535 55
574 37
554 68
565 68
535 64
566 42
567 41
577 42
553 72
558 47
547 47
557 51
546 51
557 60
546 60
538 56
549 56
557 69
546 69
538 65
549 65
530 61
569 43
549 74
550 48
561 48
550 57
561 57
542 53
550 66
561 66
531 62
573 40
542 71
562 49
554 45
565 45
554 54
543 54
565 54
535 59
553 58
577 37
553 67
534 63
545 63
545 72
580 39
537 68
557 55
546 55
549 51
546 64
557 64
538 60
549 60
546 73
581 40
582 39
583 40
583 41
584 41
585 42
586 41
587 42
587 43
588 44
586 44
585 43
588 43
549 69
538 69
569 47
550 43
550 52
561 52
550 61
561 61
542 57
542 66
562 44
573 44
564 63
565 40
564 72
541 70
565 49
556 68
568 42
534 58
553 71
545 67
557 68
546 68
549 64
569 42
530 60
549 73
584 40
585 39
560 70
561 47
561 56
527 63
526 64
525 63
525 62
524 64
524 65
523 66
522 67
522 68
522 66
521 69
521 70
520 68
523 68
524 69
525 68
525 67
524 70
520 71
519 70
518 70
517 71
517 72
516 70
523 67
524 68
516 73
515 73
514 73
514 72
514 71
513 74
513 75
514 76
514 77
515 78
516 79
516 80
517 81
517 82
518 83
517 80
518 79
516 74
516 75
517 76
517 77
516 83
516 84
519 84
516 78
515 82
514 82
514 81
513 80
513 79
513 83
513 84
512 82
512 81
511 80
510 80
510 79
510 78
509 77
509 81
509 82
510 83
509 76
510 75
510 74
509 73
509 72
509 71
510 70
511 71
508 75
507 74
507 73
506 72
506 71
512 72
508 70
519 79
511 75
512 76
512 77
515 77
508 74
511 70
519 83
520 82
521 83
521 84
511 79
512 71
512 80
518 78
515 72
515 81
519 69
519 78
520 77
520 76
519 75
518 74
519 74
508 78
507 78
506 77
506 76
505 75
505 74
504 73
503 72
503 71
502 70
502 73
502 74
502 75
503 76
501 72
504 77
505 78
505 79
505 80
508 79
501 76
501 77
502 78
502 79
503 80
500 75
504 72
504 76
507 77
500 74
511 74
511 83
504 71
526 68
503 75
518 73
506 80
518 82
515 76
518 75
507 72
507 81
507 82
508 73
511 78
522 84
514 80
526 63
503 79
506 75
518 77
515 71
515 80
507 76
564 49
564 58
564 67
541 65
556 63
511 73
576 41
587 41
544 70
522 70
525 66
568 46
514 75
553 66
514 84
588 42
545 71
580 38
526 67
503 74
518 72
506 79
557 63
518 81
549 59
560 56
549 68
560 65
515 75
507 71
548 72
572 39
583 39
563 70
507 80
564 44
575 44
510 73
564 53
510 82
513 78
564 62
556 58
541 69
552 69
564 71
576 36
556 67
533 65
544 65
553 43
587 45
525 61
544 74
568 41
553 52
525 70
514 70
553 61
546 66
514 79
502 77
545 57
553 70
545 66
534 66
537 62
526 62
545 75
537 71
557 49
503 78
549 45
518 76
506 74
538 54
549 54
560 51
530 59
548 58
560 60
563 56
548 67
560 69
540 63
563 65
529 63
572 43
540 72
575 39
564 39
521 68
552 46
564 48
510 77
541 55
552 55
513 73
564 57
556 53
513 82
541 64
552 64
564 66
544 60
556 62
533 60
541 73
576 40
544 69
522 69
525 65
553 47
568 45
553 56
514 74
502 72
545 52
514 83
502 81
501 81
500 82
499 83
500 80
499 79
500 79
499 82
545 61
534 61
537 57
567 58
526 66
537 66
567 67
559 63
503 73
579 41
518 71
559 72
551 68
506 78
560 46
571 46
517 75
563 42
548 53
560 55
517 84
563 51
548 62
560 64
509 80
563 60
529 58
540 58
548 71
540 67
563 69
532 63
575 43
564 43
552 41
510 72
552 50
564 52
510 81
556 48
552 59
513 77
564 61
544 55
556 57
541 68
552 68
576 35
556 66
533 64
544 64
553 42
587 44
544 73
525 69
553 51
555 70
514 78
502 76
545 56
547 75
567 53
559 49
567 62
559 58
551 54
536 65
559 67
551 63
506 73
582 41
571 41
517 70
551 72
560 50
548 48
517 79
563 46
560 59
548 57
509 75
540 53
563 55
548 66
560 68
520 84
563 64
529 62
548 75
572 42
563 73
540 71
575 38
521 67
564 47
552 45
510 76
552 54
513 72
541 54
556 52
552 63
513 81
533 59
555 56
544 68
525 64
555 65
566 65
547 61
586 43
502 71
578 39
558 70
547 70
502 80
539 66
567 48
570 44
505 73
559 53
516 82
567 66
551 49
536 60
559 62
579 40
551 58
559 71
536 69
551 67
548 43
571 45
517 74
520 70
560 54
509 70
548 52
517 83
563 50
509 79
548 61
540 57
563 59
548 70
540 66
532 62
564 42
575 42
510 71
562 72
552 49
543 68
567 43
578 43
547 74
567 52
539 70
505 77
516 77
567 61
559 66
528 60
571 40
582 40
551 71
517 78
563 45
509 74
540 52
563 54
520 83
509 83
529 61
562 58
562 67
565 63
574 41
513 71
543 72
566 46
512 75
501 75
566 55
512 84
504 80
555 64
566 64
558 60
586 42
578 38
558 69
524 67
547 69
526 61
567 47
570 43
516 72
505 72
516 81
559 61
547 65
551 66
517 73
506 82
520 69
550 70
561 70
520 78
509 78
562 53
519 82
508 82
562 62
565 58
562 71
565 67
543 67
554 67
574 45
589 43
590 44
591 43
566 41
577 41
523 70
566 50
501 79
512 79
504 75
566 59
547 55
558 55
555 68
566 68
524 62
558 64
547 64
567 42
578 42
547 73
539 69
558 65
559 47
591 45
516 76
505 76
551 43
592 44
593 43
536 54
551 52
536 63
528 59
550 56
550 65
561 65
531 61
542 61
593 45
593 46
594 46
595 45
596 45
597 45
595 47
596 46
597 47
598 48
599 48
600 48
601 49
600 50
602 48
550 74
573 39
585 41
542 70
562 48
558 56
519 77
508 77
565 44
562 57
500 73
543 53
565 53
554 53
562 66
511 82
565 62
543 62
554 62
592 46
574 40
535 58
554 71
543 71
577 36
523 65
566 45
512 74
501 74
555 54
566 54
512 83
558 50
547 50
602 50
504 79
593 47
547 59
558 59
539 55
578 37
524 66
539 64
570 42
516 71
505 71
546 72
581 39
538 68
551 47
601 51
600 52
600 53
569 46
594 45
515 84
561 51
550 51
550 60
561 60
561 69
550 69
542 65
531 65
562 43
573 43
508 72
542 74
519 72
565 39
562 52
508 81
519 81
565 48
554 48
511 77
562 61
543 57
554 57
565 57
543 66
554 66
565 66
594 47
574 44
535 62
566 40
577 40
589 42
523 69
555 49
566 49
512 78
501 78
598 47
547 45
504 74
590 43
547 54
558 54
524 61
596 47
557 58
546 58
557 67
546 67
538 63
549 63
591 44
569 41
592 43
538 72
549 72
515 70
584 39
515 79
550 46
561 46
507 75
550 55
561 55
527 62
499 80
561 64
550 64
531 60
542 60
593 44
550 73
585 40
573 38
542 69
562 47
519 76
508 76
565 43
562 56
511 72
554 52
565 52
500 81
511 81
600 49
554 61
601 48
565 61
592 45
577 35
523 64
553 65
577 44
512 73
501 73
545 70
504 78
602 49
546 44
557 53
546 53
549 49
546 62
557 62
518 80
595 46
549 58
538 58
546 71
557 71
549 67
538 67
600 51
601 50
569 45
530 63
594 44
515 74
515 83
550 50
561 50
507 79
561 59
597 46
550 59
499 75
542 55
561 68
527 66
528 66
529 65
550 68
542 64
531 64
573 42
508 71
519 71
542 73
565 38
566 37
549 53
564 70
519 80
508 80
565 47
554 47
500 76
511 76
576 44
530 65
553 60
553 69
534 65
545 65
513 76
588 45
537 61
589 44
545 74
580 41
544 54
537 70
555 51
566 51
557 48
501 80
503 77
549 44
566 60
557 57
586 38
587 38
587 37
587 36
588 36
589 35
590 34
591 34
588 35
589 34
590 35
589 37
592 35
592 36
593 34
594 33
595 34
596 33
591 33
590 32
591 31
589 31
588 32
594 32
593 31
592 32
594 35
591 36
597 34
597 35
598 33
589 33
588 31
588 37
598 35
599 35
589 36
588 34
599 34
600 33
601 32
590 31
593 30
593 33
593 36
596 35
595 33
587 35
591 32
594 30
592 31
591 35
592 34
594 31
594 34
597 33
588 30
598 34
588 33
599 33
589 32
590 33
590 36
593 35
595 32
593 32
595 35
596 34
587 34
592 30
565 37
555 69
518 84
592 33
524 63
