169 329
170 328
171 329
172 329
173 330
172 328
172 331
174 331
175 330
176 329
177 330
178 329
168 330
167 329
166 330
165 329
171 332
170 331
169 332
168 333
167 332
166 333
173 332
164 329
163 328
165 328
166 327
167 326
167 331
169 328
168 327
169 326
170 327
171 326
172 333
175 332
168 329
171 328
173 334
165 330
167 333
169 330
170 329
172 326
173 325
172 324
173 323
174 322
172 322
172 335
171 335
170 334
169 335
168 336
169 337
170 336
168 338
171 337
169 339
170 338
171 321
166 334
165 335
168 331
171 330
173 327
162 327
161 326
162 325
161 324
162 323
161 322
163 324
160 327
159 327
163 326
168 340
171 339
172 340
165 332
164 336
163 335
162 334
161 333
162 332
161 331
163 331
160 334
159 334
163 333
161 335
160 336
167 335
161 328
169 341
170 340
172 337
161 337
171 323
166 336
160 329
159 329
168 342
167 342
163 337
176 331
167 328
169 325
168 324
167 324
170 324
172 321
167 337
169 334
170 333
159 333
161 330
172 330
170 342
172 339
174 324
175 325
174 333
177 329
166 329
168 326
171 325
173 322
160 322
168 335
160 331
159 331
163 330
164 331
178 330
167 330
169 327
179 329
180 329
181 329
170 326
159 326
172 323
161 323
170 335
172 332
161 332
174 335
174 336
166 331
177 331
180 330
168 328
171 327
158 327
157 326
156 327
157 328
157 329
160 324
159 324
168 337
160 333
164 324
165 325
173 336
162 336
164 333
159 328
172 325
161 325
170 337
172 334
174 328
166 324
174 337
174 338
175 336
158 329
160 326
163 325
168 339
160 335
162 329
173 329
164 326
167 325
171 341
173 338
164 335
167 334
165 334
159 330
170 330
161 327
172 327
170 339
174 330
175 329
166 326
166 335
168 332
160 328
168 341
160 337
171 334
173 331
162 331
176 330
164 328
167 327
165 327
164 337
165 336
170 332
159 332
174 323
169 336
174 332
175 331
170 325
159 325
165 326
176 332
174 325
175 324
169 338
174 334
161 334
175 333
157 327
173 324
158 326
160 323
160 332
173 326
162 326
171 338
171 333
162 335
173 335
164 332
163 334
165 331
179 330
162 333
169 331
169 340
172 336
161 336
175 335
166 332
171 342
158 328
164 330
160 325
171 322
171 331
162 328
173 328
164 325
163 327
171 340
162 337
173 337
164 334
163 336
165 333
169 324
167 336
169 333
174 329
161 329
175 328
169 342
166 325
170 341
161 338
172 338
166 328
175 337
168 325
160 321
158 330
166 337
168 334
171 324
160 330
162 324
162 330
164 327
163 329
171 336
173 333
173 339
163 332
