293 292
292 293
291 293
293 293
294 294
290 294
294 293
295 292
295 295
294 296
291 294
290 292
291 291
292 290
293 291
294 290
295 289
293 294
296 293
297 292
296 290
297 289
293 297
292 298
292 296
292 299
291 300
291 297
293 300
293 301
294 302
292 302
295 301
293 303
292 289
291 288
292 287
290 289
289 290
288 289
294 295
295 294
295 303
290 291
291 290
293 287
294 286
293 285
295 285
296 284
296 286
290 300
291 299
293 296
288 291
289 292
292 291
294 288
295 287
289 301
292 300
295 296
297 290
290 293
291 292
293 289
290 302
291 301
293 298
291 303
298 290
299 289
300 288
299 287
301 287
302 288
303 287
304 288
305 287
303 289
302 290
301 290
305 289
303 291
287 290
286 289
301 289
303 286
292 286
291 285
290 286
289 285
289 287
296 302
291 304
292 305
293 305
297 301
298 302
299 301
300 300
301 299
301 301
299 303
300 302
298 304
297 304
301 303
299 305
300 304
298 306
297 306
296 307
297 308
298 309
299 310
298 311
299 312
298 313
297 313
296 314
297 315
296 316
297 317
298 318
299 319
300 318
298 320
299 321
299 317
300 320
298 322
297 322
296 321
296 323
297 324
296 325
299 314
297 326
295 326
294 325
296 309
295 310
294 309
296 318
295 319
294 318
293 319
298 315
298 324
294 311
293 312
295 312
297 310
299 307
300 306
294 320
297 319
301 298
302 297
303 296
303 298
301 296
300 295
299 294
298 295
297 295
301 294
299 296
298 297
297 297
299 298
300 297
304 297
305 296
306 297
305 298
306 299
298 299
297 299
303 295
303 294
303 293
296 311
295 291
298 308
293 321
292 321
296 320
297 285
298 317
302 299
303 300
304 301
293 324
294 323
292 323
297 294
299 291
299 292
290 288
300 290
294 304
295 305
291 287
305 286
305 285
305 284
304 283
303 282
302 281
303 280
304 281
303 284
306 285
307 286
299 300
291 296
303 279
292 288
303 288
295 293
302 292
293 323
302 301
294 297
295 298
294 306
294 324
306 289
298 285
306 298
298 294
298 303
298 312
299 286
299 295
293 309
302 287
293 318
302 296
294 292
286 288
294 301
294 310
294 319
306 284
287 289
287 291
304 279
307 289
298 289
297 321
305 278
298 298
298 307
291 286
305 288
307 284
305 297
301 292
299 285
292 294
296 298
305 280
302 283
295 308
298 288
301 283
293 290
297 320
295 299
293 310
308 290
309 289
305 282
305 299
307 288
302 279
301 278
301 277
306 280
307 281
293 304
302 282
293 313
302 291
293 322
294 287
302 300
294 305
294 314
294 315
294 316
306 279
306 288
298 284
299 283
301 276
293 314
306 290
307 280
296 326
307 279
302 302
305 291
299 308
302 276
293 307
290 303
292 307
306 292
307 293
306 294
306 293
297 316
298 293
303 285
292 285
309 291
310 292
311 293
310 291
297 325
309 290
300 321
301 295
290 285
311 291
305 283
312 290
305 292
293 299
302 277
293 308
313 291
312 292
310 294
309 295
308 296
308 283
302 286
293 317
302 295
301 285
309 282
309 281
308 292
310 289
311 288
310 287
310 286
293 326
294 291
286 287
294 300
306 283
297 302
297 311
287 288
309 287
310 285
311 284
311 286
312 286
312 285
312 287
286 286
313 288
309 285
292 314
305 293
309 284
302 278
301 280
303 277
304 276
309 293
311 290
312 289
308 285
305 277
308 294
297 303
292 316
300 299
294 313
306 278
297 312
292 325
294 322
304 290
306 287
309 286
295 321
300 317
301 282
304 299
306 296
307 295
296 295
298 292
287 292
289 289
312 291
301 291
296 304
298 301
301 300
296 313
298 310
296 322
297 287
308 287
298 319
299 284
310 284
300 283
297 296
305 279
299 293
310 293
290 290
300 292
291 289
293 286
297 305
299 302
292 318
300 301
291 298
293 295
295 314
304 292
309 288
295 323
296 288
287 285
301 284
303 281
305 300
296 297
307 297
301 293
289 291
299 323
296 306
295 286
302 285
293 316
296 315
308 280
302 294
293 325
296 324
308 289
285 287
302 303
303 302
300 285
294 299
297 298
300 294
294 308
297 307
293 288
295 307
300 303
292 320
294 317
304 285
306 282
295 316
304 294
294 326
306 291
295 325
307 290
298 287
287 287
301 286
306 300
288 286
296 299
306 286
299 316
298 296
289 293
296 308
298 305
289 302
296 317
308 282
298 314
292 295
308 291
297 291
299 288
310 288
292 304
300 287
297 300
295 300
300 296
304 278
295 309
292 322
313 290
300 305
304 287
295 318
307 283
301 279
304 296
305 295
307 292
296 292
299 309
289 286
288 288
293 302
296 301
299 318
302 280
293 311
296 310
311 292
302 289
293 320
294 285
296 319
297 284
308 284
302 298
303 297
292 297
297 293
308 293
286 290
300 289
292 306
294 303
295 302
300 298
292 315
304 280
294 312
306 277
295 311
292 324
304 289
294 321
295 320
307 285
296 285
304 298
306 295
297 314
296 294
299 311
307 294
298 291
289 288
288 290
297 323
299 320
296 303
298 300
311 285
300 319
296 312
303 290
297 286
308 286
310 283
301 302
303 299
308 295
300 291
292 308
295 304
298 321
292 317
304 282
305 281
295 313
307 278
304 291
305 290
295 322
296 287
307 287
299 304
290 301
304 300
299 313
296 296
307 296
288 292
293 306
299 322
296 305
311 287
302 284
303 283
293 315
302 293
303 292
292 292
294 289
297 288
308 288
295 288
300 284
303 301
292 301
294 298
295 297
300 293
294 307
298 323
295 306
292 319
304 284
306 281
295 315
299 297
304 293
295 324
297 309
296 289
299 306
298 286
287 286
291 302
288 285
297 318
299 315
307 298
309 283
303 276
309 292
311 289
312 288
301 288
308 281
301 297
285 288
295 290
300 286
292 303
298 316
304 277
298 325
310 290
299 290
290 287
313 289
304 286
295 317
299 299
307 282
304 295
291 295
305 294
296 291
307 291
288 287
296 300
300 316
301 281
303 278
309 294
