155 285
154 284
155 284
153 283
156 284
154 283
157 284
154 286
156 283
156 286
152 282
151 281
153 281
154 280
150 282
153 287
153 284
152 285
151 284
150 285
149 284
155 281
156 280
152 288
151 287
150 288
155 287
158 283
157 279
159 282
157 281
149 286
148 287
147 286
146 285
151 283
159 281
147 288
150 287
155 286
157 283
158 282
148 289
149 288
151 285
145 284
159 283
160 284
161 285
160 286
161 287
160 288
159 288
158 287
158 289
157 290
156 289
156 291
159 290
157 292
158 291
150 280
149 279
148 280
147 279
146 278
147 281
156 293
155 293
147 290
159 292
160 293
161 294
160 295
153 285
155 279
155 288
157 285
148 282
158 284
149 281
160 281
161 280
160 279
159 279
161 278
160 277
161 276
157 294
158 293
160 290
149 290
162 284
163 283
163 285
164 286
145 277
144 278
162 293
163 292
164 293
162 291
159 276
154 289
153 290
145 286
144 287
143 286
142 285
143 284
142 283
141 282
140 281
139 282
142 281
140 283
139 284
138 284
140 285
139 286
138 286
137 287
136 286
136 285
136 288
135 289
134 288
133 289
133 287
132 286
131 287
134 286
132 288
131 289
130 289
129 290
128 291
129 292
130 291
138 288
132 290
136 290
137 289
134 290
138 281
135 291
158 294
138 290
159 295
158 296
159 285
147 283
157 297
158 298
159 299
139 288
151 280
140 280
139 279
162 277
163 278
132 285
162 286
154 282
162 295
162 296
154 291
146 287
143 281
155 283
158 279
155 292
135 286
158 288
158 297
127 291
147 278
159 280
147 287
136 287
139 283
128 292
150 289
151 290
161 289
162 281
162 290
131 284
165 286
146 282
146 291
147 292
155 278
154 277
143 285
166 287
166 288
167 289
135 290
158 292
157 296
147 282
139 278
139 287
161 284
150 284
161 293
153 289
134 285
162 276
162 285
154 281
162 294
146 277
131 288
154 290
146 286
143 280
158 278
135 285
127 290
157 291
160 296
150 279
161 279
161 288
142 284
161 297
161 298
162 299
162 300
134 289
162 280
162 289
154 285
131 283
165 285
166 284
167 285
166 283
165 282
165 281
166 282
146 281
165 294
166 293
167 294
166 292
165 291
165 295
165 296
166 297
165 290
154 294
153 294
154 295
154 296
155 297
153 293
146 290
157 277
157 286
168 286
160 282
149 282
138 282
168 295
157 295
160 291
149 291
130 287
160 300
169 287
169 288
150 283
161 283
169 296
169 297
169 298
170 299
153 279
142 279
161 292
150 292
150 293
151 294
153 288
161 301
161 302
161 303
162 304
162 305
161 306
160 305
134 284
153 297
153 298
154 299
154 300
154 301
155 302
155 301
153 302
153 303
154 304
156 303
157 304
165 280
166 279
167 280
166 278
165 277
165 276
145 289
156 298
168 281
138 277
168 290
168 291
169 292
169 293
170 294
168 299
168 300
169 301
169 302
157 299
157 300
130 282
129 281
129 280
128 279
128 278
127 277
127 276
128 275
129 276
128 274
128 273
127 280
127 281
127 282
128 283
128 284
129 285
127 285
127 286
127 287
128 288
128 287
126 284
125 283
124 282
124 281
124 280
123 279
123 283
123 284
124 285
124 286
160 304
153 292
152 296
165 275
166 274
167 275
167 276
131 282
132 281
132 280
131 279
131 278
132 277
133 278
132 276
134 279
134 280
135 281
136 282
136 283
135 280
136 279
136 278
135 277
135 276
134 275
135 275
136 274
136 273
123 278
124 277
125 278
124 276
123 275
123 274
124 275
125 274
164 279
123 287
123 288
123 289
124 290
124 291
123 292
123 293
123 294
164 297
164 298
165 299
165 300
166 301
166 302
122 291
121 290
120 289
120 288
119 290
119 291
118 289
117 288
116 287
116 286
116 285
117 284
117 283
116 282
116 281
115 280
115 284
115 279
115 288
115 289
116 290
116 291
117 292
117 293
118 294
119 295
119 296
115 283
156 302
157 276
168 276
168 285
126 279
168 294
130 277
126 288
130 286
118 284
160 299
118 293
161 282
163 301
164 302
153 278
142 278
134 274
133 273
119 285
120 284
121 285
121 286
120 283
119 282
119 286
119 281
120 280
121 281
120 279
120 278
121 277
121 276
120 275
120 274
119 277
119 276
118 275
134 283
119 294
120 293
152 291
123 273
124 272
125 292
164 283
122 277
145 279
156 279
164 292
137 275
156 288
122 286
145 288
164 301
114 282
113 282
113 281
112 283
112 284
111 282
111 281
110 280
109 280
108 281
108 282
109 283
109 284
110 285
111 286
111 287
112 288
112 289
113 290
113 291
112 292
111 291
111 290
137 284
156 297
114 291
167 303
168 304
168 305
169 306
169 307
168 308
168 309
168 310
169 311
169 312
157 280
168 280
126 274
160 276
138 276
139 275
140 276
139 274
140 275
157 289
168 289
170 308
126 283
149 285
160 285
138 285
130 281
126 292
149 294
148 294
149 295
149 296
150 297
150 298
151 299
149 299
149 300
149 301
150 302
150 303
150 301
152 300
160 294
118 288
130 290
163 287
164 288
118 297
117 297
116 296
116 295
115 294
115 293
171 300
172 301
173 300
174 301
173 299
172 298
172 302
172 303
173 304
173 305
172 297
172 306
172 307
171 296
172 295
173 295
173 294
172 293
172 292
173 291
172 290
174 292
173 290
173 289
172 288
171 305
175 293
175 302
175 303
176 304
176 305
171 291
170 290
148 298
163 296
171 309
171 310
172 311
172 312
163 305
164 306
165 305
166 306
165 304
164 307
151 303
119 280
118 279
117 279
117 278
134 278
141 277
111 285
152 286
141 286
133 282
144 282
152 295
110 289
109 289
109 288
108 287
108 286
133 291
152 304
125 287
164 278
122 272
121 272
164 287
122 281
145 283
164 296
137 279
156 292
145 292
145 293
144 291
143 291
143 290
142 289
143 289
142 288
122 290
137 288
156 301
167 298
168 275
159 294
167 307
159 303
158 302
170 303
138 280
160 280
126 278
149 280
118 274
130 276
170 312
126 287
107 283
107 284
106 282
105 282
105 281
104 283
104 284
104 285
105 285
103 282
130 285
118 283
148 284
163 282
118 292
148 293
171 295
129 289
163 291
151 289
140 289
140 290
141 291
171 304
151 298
163 300
119 275
121 294
121 295
141 281
152 281
144 277
143 276
142 275
143 275
133 277
175 292
176 291
152 290
141 290
125 273
144 286
110 284
133 286
152 299
125 282
125 291
174 305
164 282
145 278
156 278
122 276
137 274
122 285
145 287
156 287
137 283
114 281
167 284
122 294
114 290
167 293
106 286
106 287
159 289
170 289
167 302
159 298
170 298
126 273
167 311
166 311
165 310
165 309
164 311
164 312
165 313
165 314
164 315
163 315
162 314
167 312
163 314
166 310
170 307
126 282
118 278
148 279
163 277
129 275
118 287
148 288
171 290
129 284
140 284
163 286
171 299
148 297
147 296
146 295
121 280
163 295
151 293
132 289
121 289
163 304
151 302
113 285
113 286
114 286
141 276
141 285
144 281
133 281
152 294
125 277
144 290
110 288
133 290
174 291
125 286
174 300
164 277
166 296
155 296
177 305
166 305
122 280
156 282
158 301
137 278
166 314
167 279
122 289
114 285
167 288
106 281
159 284
114 294
113 294
167 297
159 293
136 291
170 293
147 291
167 306
117 287
170 302
159 302
117 296
118 273
118 272
119 272
119 271
170 311
120 292
148 283
140 279
163 281
151 279
129 279
148 292
171 294
121 275
132 275
131 274
130 273
131 273
140 288
151 288
163 290
129 288
132 284
121 284
163 299
151 297
113 280
121 293
113 289
173 303
162 303
152 280
141 280
144 276
133 276
152 289
165 308
110 283
144 285
133 285
125 281
155 282
125 290
166 291
155 291
174 304
155 300
166 300
122 275
166 309
137 273
167 274
114 280
167 283
136 277
167 292
129 278
106 285
170 288
167 301
128 282
117 282
159 297
170 297
147 295
117 291
170 306
120 287
109 287
129 274
163 276
169 310
129 283
148 296
132 279
121 279
151 292
121 288
151 301
113 284
162 298
173 298
141 275
113 293
162 307
165 303
154 303
144 280
133 280
125 276
165 312
155 277
166 277
110 287
174 290
102 283
125 285
166 286
174 299
166 295
155 295
124 289
155 304
166 304
177 304
158 300
166 313
167 278
116 294
167 287
136 281
139 277
117 277
128 277
170 292
120 273
128 286
117 286
120 282
109 282
117 295
120 291
169 305
151 278
140 278
163 280
132 274
121 274
172 310
140 287
129 287
121 283
132 283
121 292
173 293
113 288
165 289
162 302
173 302
165 298
154 298
146 294
165 307
110 282
166 281
143 279
174 294
158 277
143 288
166 290
155 290
174 303
158 286
135 284
124 284
155 299
166 299
116 280
105 280
124 293
158 295
166 308
127 289
116 289
158 304
108 285
167 282
136 276
159 278
117 272
116 271
147 285
159 287
170 287
171 286
170 285
139 281
117 281
128 281
147 294
120 277
128 290
139 290
117 290
169 291
120 286
109 286
169 300
120 295
161 296
150 296
172 296
169 309
129 273
161 305
172 305
151 282
153 301
132 278
121 278
162 279
162 288
113 283
165 284
162 297
173 297
146 280
131 291
165 293
154 293
162 306
173 306
146 289
112 287
154 302
165 302
162 315
165 311
115 292
155 276
166 276
143 283
166 285
124 279
135 279
158 281
155 294
166 294
143 292
127 275
135 288
158 290
124 288
127 284
116 284
105 284
158 299
108 280
116 293
157 303
168 303
136 280
147 280
139 276
128 276
168 312
147 289
136 289
120 272
139 285
117 285
128 285
169 286
120 281
109 281
169 295
120 290
172 291
161 291
150 291
169 304
142 287
172 300
150 300
161 300
153 296
132 273
121 273
172 309
162 283
131 277
165 279
154 279
173 292
162 292
131 286
154 288
165 288
162 301
173 301
112 282
123 282
146 284
154 297
165 297
123 291
146 293
112 291
165 306
115 287
176 303
143 278
166 280
155 280
158 276
124 274
164 310
135 274
143 287
124 283
135 283
158 285
127 279
116 279
124 292
127 288
116 288
108 284
157 298
168 298
136 275
168 307
117 271
160 303
128 280
139 280
117 280
120 276
161 277
169 290
120 285
161 286
150 286
169 299
153 282
142 282
161 295
150 295
169 308
142 291
119 289
153 291
150 304
161 304
172 304
134 287
153 300
162 278
162 287
165 283
131 281
173 296
146 279
123 277
154 292
131 290
165 292
123 286
146 288
112 286
165 301
115 282
104 282
166 275
115 291
164 305
143 282
124 278
135 278
158 280
164 314
127 274
124 287
135 287
105 283
127 283
116 283
168 284
127 292
116 292
168 293
157 293
108 288
138 289
160 289
149 289
168 302
157 302
160 298
149 298
168 311
120 271
169 285
150 281
161 281
169 294
153 277
142 277
150 290
161 290
134 273
169 303
153 286
142 286
119 284
172 299
161 299
150 299
134 282
111 280
119 293
153 295
172 308
134 291
111 289
153 304
162 282
175 301
154 278
165 278
131 276
123 272
154 287
131 285
165 287
146 283
112 281
123 281
123 290
112 290
146 292
164 291
115 286
164 300
176 302
115 295
143 277
156 296
135 273
124 273
164 309
135 282
116 278
127 278
168 279
138 275
168 288
157 288
108 283
168 297
130 280
126 291
149 293
168 306
107 287
160 302
149 302
118 296
169 289
171 308
119 279
150 294
172 294
134 277
163 313
119 288
142 290
111 284
153 299
175 305
152 303
131 280
123 276
123 285
112 285
115 281
104 281
145 282
164 295
115 290
145 291
164 304
156 300
164 313
127 273
168 274
168 283
138 279
126 277
168 292
130 275
126 286
168 301
157 301
118 282
107 282
130 284
160 297
149 297
118 291
169 284
171 303
142 276
119 274
171 312
172 289
163 308
119 283
134 281
119 292
111 288
141 289
175 291
175 300
152 298
131 275
112 280
123 280
164 281
156 277
164 290
176 292
115 285
122 284
164 299
137 282
122 293
156 295
164 308
114 289
156 304
157 278
168 278
138 274
167 310
157 287
168 287
149 283
138 283
160 283
126 281
168 296
130 279
118 277
149 292
126 290
160 292
130 288
107 286
118 286
171 289
160 301
118 295
171 298
163 294
171 307
163 303
153 280
119 278
142 280
134 276
163 312
119 287
111 283
152 284
141 284
152 293
144 289
152 302
175 304
164 276
164 285
122 279
145 281
156 281
164 294
137 277
156 290
145 290
122 288
164 303
137 286
114 284
156 299
106 280
114 293
167 296
167 305
157 282
168 282
159 301
170 301
126 276
138 278
160 278
170 310
130 274
138 287
160 287
149 287
126 285
130 283
107 281
118 281
118 290
148 291
171 293
163 289
171 302
148 300
163 298
151 296
119 273
171 311
163 307
152 279
141 279
144 275
133 275
141 288
133 284
144 284
152 297
125 280
125 289
164 280
122 274
145 276
156 276
164 289
156 285
145 285
122 283
114 279
137 281
171 287
122 292
156 294
137 290
114 288
167 291
106 284
167 300
168 277
159 296
170 296
167 309
138 273
170 305
126 280
118 276
130 278
126 289
107 285
118 285
171 288
148 286
163 284
129 282
140 282
148 295
171 297
163 293
151 291
129 291
140 291
171 306
132 287
121 287
163 302
151 300
113 292
141 283
152 283
144 279
133 279
152 292
125 275
133 288
144 288
110 286
152 301
125 284
125 293
164 275
164 284
155 303
166 303
145 280
122 278
137 276
166 312
167 277
122 287
137 285
103 283
114 283
167 286
114 292
167 295
170 291
159 291
167 304
159 300
170 300
126 275
117 294
170 309
118 271
118 280
107 280
148 281
140 277
121 282
129 277
163 279
148 290
171 292
140 286
163 288
151 286
129 286
148 299
171 301
132 282
151 295
163 297
121 291
132 291
151 304
163 306
113 287
141 278
152 278
133 274
152 287
141 287
144 283
110 281
133 283
125 279
144 292
110 290
174 293
125 288
166 289
155 289
174 302
166 298
155 298
122 273
166 307
122 282
158 303
137 280
167 281
159 277
114 287
167 290
106 283
147 284
159 286
170 286
136 284
167 299
147 293
170 295
167 308
128 289
139 289
117 289
170 304
120 294
159 304
109 285
148 285
