723 335
724 335
725 335
726 335
727 334
722 334
728 335
723 333
723 336
725 336
722 337
721 336
720 337
719 338
718 337
717 338
716 339
715 338
722 335
714 339
713 338
712 339
711 340
710 339
709 340
709 341
724 332
723 331
726 337
727 336
709 339
708 338
709 337
710 336
707 339
720 339
710 338
714 338
725 338
722 330
708 340
707 341
706 341
719 340
718 340
717 341
716 342
715 341
715 343
718 342
716 344
717 343
726 339
727 338
715 345
714 345
713 346
714 347
713 348
718 344
710 340
712 337
723 334
725 331
726 330
725 329
711 341
712 342
714 340
725 340
716 337
715 336
714 336
716 335
715 334
716 333
717 332
718 331
718 333
717 334
719 331
720 330
719 329
720 328
718 335
720 332
717 336
719 333
714 349
715 350
716 351
717 350
718 349
718 351
717 352
719 349
716 346
717 345
719 342
708 342
719 351
726 332
727 331
718 328
717 327
716 326
718 326
716 328
715 329
714 329
713 330
714 331
713 341
724 341
723 341
727 340
728 341
729 340
729 342
706 339
713 350
712 330
715 347
710 342
725 333
714 333
716 330
717 329
711 343
712 344
719 326
720 325
720 324
719 324
718 324
725 342
714 342
706 338
705 337
704 336
705 335
704 334
706 334
715 325
716 324
707 334
708 334
706 336
708 333
707 332
706 332
708 331
707 330
708 329
709 330
727 333
715 331
715 340
727 342
727 343
715 349
716 323
715 322
716 332
708 328
719 328
708 337
719 337
711 329
723 340
722 339
711 338
703 334
715 326
715 335
704 335
727 337
715 344
726 341
716 327
709 328
726 344
718 346
719 347
719 346
719 323
719 332
708 332
707 336
711 342
715 330
710 327
715 339
726 336
726 345
729 341
718 341
718 350
720 346
707 331
722 329
707 340
722 338
714 327
711 328
723 330
723 339
722 328
725 345
723 327
723 326
711 337
703 333
714 348
726 331
718 327
726 340
718 336
718 345
711 327
726 346
712 326
727 347
712 325
711 324
710 341
707 335
722 333
722 342
722 343
723 344
723 345
711 323
703 337
703 338
704 339
704 340
704 341
714 334
725 334
714 343
725 343
717 339
717 348
721 341
703 332
704 331
704 330
703 329
725 347
725 348
726 349
710 331
710 332
711 333
711 332
702 332
721 345
714 324
706 329
714 351
717 347
726 334
718 330
710 326
709 325
729 339
710 335
728 343
729 344
729 345
729 346
720 348
721 331
724 327
713 327
721 340
702 336
713 336
712 335
724 336
721 349
722 348
723 349
723 350
722 347
722 351
721 350
724 350
705 332
713 345
724 345
705 341
714 328
725 328
717 324
725 337
714 337
717 333
706 333
725 346
714 346
706 342
706 343
707 344
707 345
717 342
717 351
718 325
710 330
728 338
720 334
709 334
728 347
720 343
709 343
712 348
711 348
711 347
710 346
711 346
710 345
710 349
709 348
708 347
721 326
721 335
724 331
713 331
702 331
721 344
724 340
713 340
705 336
713 349
724 349
714 323
714 332
725 332
717 328
706 328
705 327
706 337
717 337
716 341
716 350
722 344
721 348
711 325
712 324
711 334
712 333
703 330
709 346
703 339
723 348
713 325
705 330
710 329
727 345
710 347
721 343
709 332
724 348
712 328
705 344
714 322
706 327
723 343
711 350
725 349
706 345
704 329
710 324
704 338
710 333
707 327
708 326
722 325
722 324
719 335
708 335
721 329
719 344
708 344
721 338
713 334
724 334
702 334
721 347
720 327
722 346
713 343
724 343
712 323
705 339
712 332
723 329
714 326
723 338
711 336
714 335
717 331
706 331
723 347
711 345
714 344
725 344
703 341
717 340
706 340
717 349
705 328
715 324
718 323
715 333
704 333
727 335
718 332
710 328
704 342
715 342
727 344
710 337
728 336
715 351
726 348
728 345
716 325
720 341
716 334
720 350
719 330
708 330
712 346
721 324
708 339
719 339
721 333
719 336
722 332
724 329
713 329
707 343
721 342
722 341
724 338
721 351
705 334
722 350
713 347
724 347
705 343
716 349
711 331
714 330
725 330
717 326
706 326
723 342
725 339
703 336
717 335
708 345
706 335
711 349
723 351
717 344
706 344
716 348
715 328
715 337
704 337
716 340
715 346
709 327
726 343
728 340
718 339
709 336
720 336
718 348
720 345
709 345
719 325
708 325
710 344
712 341
712 350
707 329
721 328
722 327
713 324
707 338
721 337
722 336
724 333
713 333
702 333
721 346
708 346
705 329
722 345
713 342
724 342
705 338
713 351
720 329
709 329
723 328
711 326
714 325
728 342
709 338
720 338
711 335
723 337
712 334
703 331
709 347
717 330
720 347
706 330
727 348
711 344
712 343
703 340
721 330
716 343
713 326
724 326
715 323
721 339
716 352
713 335
702 335
715 332
704 332
705 331
719 348
708 348
726 329
713 344
724 344
705 340
726 338
718 334
720 331
709 331
726 347
725 327
728 344
727 346
712 327
718 343
729 343
717 323
720 340
712 336
718 352
720 349
710 348
712 345
716 336
707 333
721 332
722 331
713 328
716 345
724 328
707 342
708 341
719 341
722 340
713 337
724 337
702 337
705 333
719 350
722 349
724 346
705 342
709 324
728 337
727 339
720 333
709 333
723 332
711 330
728 346
712 329
720 342
709 342
717 325
711 339
712 338
703 335
720 351
712 347
716 329
707 326
721 325
714 341
725 341
716 338
721 334
719 334
714 350
725 350
724 330
716 347
715 327
717 346
706 346
720 326
719 343
708 343
713 339
724 339
719 352
726 333
727 332
718 329
709 326
726 342
710 325
728 339
727 341
718 338
729 338
720 335
709 335
710 334
712 331
715 348
718 347
720 344
709 344
710 343
712 340
712 349
716 331
707 328
721 327
713 323
708 327
719 327
723 346
722 326
707 337
708 336
713 332
707 346
719 345
