615 650
616 650
614 650
613 650
612 650
611 650
610 649
611 648
609 650
614 649
616 649
608 651
607 652
606 651
605 652
612 648
613 647
614 646
612 651
615 647
616 646
617 647
618 646
604 651
603 652
610 651
610 652
609 653
611 653
612 654
613 653
614 652
615 653
616 652
617 645
617 653
617 654
616 655
615 656
614 655
609 649
615 654
619 647
620 646
621 645
622 644
623 645
624 644
625 643
626 644
627 645
624 643
612 649
615 651
627 643
628 644
629 645
611 652
630 645
614 651
604 652
617 648
629 643
617 656
618 656
619 656
616 648
619 657
608 653
610 650
618 658
618 647
618 655
629 644
609 652
611 649
614 648
603 651
625 645
614 654
616 645
605 651
616 651
630 644
631 643
631 642
632 642
633 642
634 643
633 644
633 645
634 646
632 645
609 651
635 644
636 644
633 646
634 645
631 645
631 644
635 645
636 645
617 657
635 647
636 647
615 648
637 644
635 646
638 643
606 652
637 648
623 644
626 643
638 649
639 648
640 649
637 643
612 653
613 652
602 652
615 649
610 653
624 645
634 647
625 644
619 658
611 654
640 647
614 653
638 647
635 648
627 644
601 652
600 652
612 655
613 654
614 656
638 646
639 645
641 648
640 646
599 651
600 650
598 652
597 651
596 652
595 653
594 652
642 649
594 654
636 642
633 643
634 642
594 651
640 648
639 650
640 651
641 652
642 651
641 647
621 644
632 644
635 643
616 657
598 651
599 650
598 649
613 649
615 646
615 655
596 651
619 646
639 651
640 652
616 656
641 651
640 650
622 645
596 650
620 644
637 645
636 646
628 645
599 649
636 648
637 647
596 649
596 648
619 644
595 650
594 649
601 651
608 652
638 645
594 648
639 644
638 648
640 645
639 647
641 650
606 650
616 654
607 651
608 650
597 650
613 655
637 646
628 643
637 649
617 646
618 645
615 652
595 649
642 648
617 655
618 654
620 645
595 652
634 644
619 655
618 657
611 651
600 651
601 650
614 647
639 646
638 644
630 643
594 653
616 647
639 649
641 646
616 653
632 643
607 650
594 650
608 649
626 645
597 649
641 649
621 646
598 650
597 652
613 648
635 642
599 652
636 643
613 651
602 651
612 652
595 648
619 645
596 653
595 651
642 650
