570 444
569 445
568 444
568 443
571 444
568 446
571 443
567 445
569 442
568 441
570 441
571 440
572 439
573 440
574 439
572 438
571 437
573 437
572 442
573 443
570 438
569 439
568 447
567 448
568 449
572 441
574 436
574 435
574 442
575 441
573 434
572 435
575 434
569 448
570 448
570 447
571 446
575 440
576 439
575 438
570 445
574 438
575 437
572 444
574 441
566 446
571 436
570 435
571 442
571 439
571 445
573 436
573 442
573 439
571 448
574 437
576 438
570 440
567 447
569 438
570 437
570 443
567 444
569 441
572 434
575 433
569 447
572 440
570 446
575 436
572 437
569 444
572 443
569 450
574 434
574 440
570 449
575 439
572 446
574 443
571 435
571 438
573 435
571 441
571 447
573 438
573 441
576 440
573 444
576 437
569 437
568 445
570 436
569 440
569 443
568 442
570 439
568 448
567 446
572 436
569 449
570 442
569 446
572 445
575 435
