344 414
343 415
344 416
345 415
343 414
342 413
341 414
346 416
347 415
348 416
349 415
350 414
340 415
343 412
339 416
338 415
337 416
336 415
335 416
334 415
333 416
332 417
331 416
331 415
330 417
332 414
331 413
333 413
334 412
329 418
343 417
342 418
341 417
345 414
334 414
347 417
335 415
349 414
350 413
349 412
351 412
341 419
332 416
333 415
348 415
337 415
351 414
342 411
341 410
342 409
341 408
343 408
343 410
340 420
339 419
339 421
331 417
343 419
334 416
345 416
335 417
336 418
349 416
350 415
330 412
341 412
352 412
353 411
352 410
353 409
352 408
341 421
332 418
333 417
351 407
350 406
349 405
351 405
349 407
348 408
347 408
337 417
348 417
339 414
351 416
352 417
353 418
352 419
351 419
350 420
349 421
348 422
351 421
349 423
350 422
348 424
347 424
351 423
342 407
342 416
349 425
350 424
352 421
353 413
329 413
328 412
328 414
340 413
339 412
348 426
347 426
346 427
351 425
352 426
353 425
354 424
340 422
339 423
331 419
349 409
350 408
347 421
346 420
345 421
347 419
344 422
345 423
343 421
335 419
349 418
350 417
339 424
340 425
339 426
341 426
342 425
343 424
340 427
339 428
343 426
344 426
341 428
340 429
339 430
341 430
340 431
327 415
326 414
325 413
326 412
352 414
330 414
341 423
352 423
350 412
325 411
333 419
342 406
355 425
356 426
334 411
333 410
344 415
344 424
336 420
348 412
356 425
340 408
337 421
337 422
348 421
340 417
329 417
340 426
349 404
349 413
352 409
341 409
330 418
341 418
352 418
333 414
344 410
345 411
345 412
344 419
325 415
348 407
329 412
340 412
348 425
340 421
340 430
351 427
352 428
333 409
355 424
325 410
344 423
336 419
348 411
340 407
340 416
329 416
351 413
351 422
343 418
339 429
343 427
332 408
324 413
344 409
344 418
325 414
336 414
337 413
337 412
337 411
336 410
344 427
347 420
348 406
350 425
329 411
330 410
330 409
329 408
340 411
351 408
351 417
339 415
328 415
343 413
351 426
331 420
343 422
332 412
355 423
332 421
344 413
325 409
326 408
324 408
336 409
337 408
338 409
328 410
339 410
324 412
323 411
322 410
322 409
354 422
357 427
347 410
358 428
359 427
360 427
359 426
358 429
359 430
359 431
359 432
360 432
358 433
358 434
359 435
359 436
358 437
357 436
331 410
332 411
321 411
321 412
320 410
324 407
354 408
355 409
355 410
356 411
356 412
354 417
357 413
346 413
354 426
354 427
355 428
355 429
356 430
346 422
338 418
357 431
347 405
346 404
358 414
359 413
360 414
361 415
360 413
359 412
358 415
359 416
359 417
359 418
360 418
358 419
358 420
359 421
359 422
360 423
335 412
347 414
350 410
335 421
334 421
347 423
358 423
358 424
357 422
356 421
355 420
356 420
355 419
350 419
358 432
350 428
350 429
351 430
351 431
352 432
351 432
350 433
349 432
350 434
351 411
339 409
343 407
328 418
327 417
326 417
339 418
343 416
331 414
339 427
361 424
362 425
363 424
364 425
363 423
362 422
362 426
362 427
362 421
363 420
364 420
363 419
365 426
366 427
367 426
367 425
366 424
366 423
367 422
368 423
367 421
369 424
365 422
369 423
353 420
342 420
342 429
353 429
345 425
324 411
354 412
346 408
345 407
354 421
365 421
346 417
354 430
354 431
338 413
346 426
357 426
338 422
357 435
356 434
355 434
355 433
347 409
350 405
347 418
358 418
357 417
356 417
356 416
355 415
356 415
355 414
327 412
350 423
349 427
360 436
339 413
328 413
331 409
331 418
361 419
342 415
353 415
361 428
361 429
342 424
353 424
364 424
361 437
345 420
334 420
353 433
353 434
326 416
354 407
354 416
357 412
323 410
346 412
354 425
365 425
338 408
357 421
346 421
338 417
357 430
347 404
335 411
358 413
350 409
335 420
327 416
350 418
360 422
349 422
360 431
349 431
341 427
352 427
361 414
342 410
353 410
361 423
345 406
344 405
344 404
364 419
353 419
342 419
361 432
353 428
342 428
326 411
345 424
354 411
346 407
365 420
366 419
354 420
323 414
357 416
338 412
357 425
346 425
338 421
368 422
356 429
327 411
349 408
360 417
349 417
341 413
330 413
352 413
349 426
360 426
352 422
341 422
360 435
333 418
341 431
352 431
342 405
361 418
362 417
342 414
353 414
361 427
334 410
345 410
342 423
364 423
353 423
345 419
334 419
353 432
326 415
346 411
357 411
358 410
358 409
359 408
360 409
360 408
357 408
361 410
362 411
357 407
361 409
323 409
338 407
338 416
356 424
337 420
348 420
356 433
319 411
319 412
360 412
330 408
360 421
349 430
360 430
322 413
361 413
345 405
326 410
367 420
368 419
359 425
323 413
359 434
356 410
356 419
368 421
356 428
318 411
360 416
360 425
333 408
352 430
363 427
355 432
334 409
345 409
345 418
359 411
367 424
359 420
359 429
359 438
356 414
348 410
337 410
356 423
368 425
337 419
348 419
356 432
329 415
340 424
349 411
360 411
341 407
352 407
360 420
349 420
341 416
352 416
330 416
333 412
322 412
352 425
341 425
333 421
363 422
355 418
355 427
345 404
326 409
344 408
367 419
344 417
359 415
336 413
359 424
359 433
356 409
348 405
356 418
337 414
351 428
362 428
355 407
355 416
324 410
354 429
344 406
357 434
336 411
358 408
366 421
358 417
358 426
358 435
350 431
331 408
362 423
343 428
361 436
332 409
355 411
321 409
324 414
354 415
365 424
357 420
354 433
357 429
335 410
358 412
347 412
351 410
366 425
358 421
369 421
358 430
350 426
343 406
339 407
351 409
362 419
343 405
351 418
362 418
328 416
331 412
320 412
339 425
343 423
361 422
361 431
342 427
353 427
364 427
332 413
324 409
354 410
346 406
354 419
365 419
346 415
357 415
354 428
338 411
346 424
357 424
338 420
357 433
347 407
358 407
366 420
335 414
347 416
358 416
327 410
328 417
347 425
358 425
350 421
350 430
360 434
348 414
339 411
328 411
356 427
329 410
318 410
340 410
343 409
348 423
339 420
340 419
361 417
340 428
361 426
349 406
342 422
353 422
364 422
361 435
334 418
351 434
353 431
341 411
330 411
352 411
345 427
354 414
355 413
323 408
346 410
357 410
363 426
365 423
354 423
355 422
332 420
357 419
346 419
354 432
355 431
357 428
338 424
344 412
358 411
335 409
347 411
325 408
359 410
336 408
350 407
344 421
367 423
335 418
336 417
359 419
350 416
327 414
319 410
359 428
356 413
349 429
360 429
348 409
337 409
360 438
348 418
337 418
352 434
340 414
329 414
331 411
320 411
361 412
353 408
340 423
342 408
361 421
351 420
362 420
353 417
342 417
361 430
334 413
345 413
351 429
362 429
364 426
342 426
353 426
352 406
343 425
345 422
326 418
354 409
355 408
346 405
363 421
354 418
355 417
332 415
357 414
323 412
346 414
365 427
338 410
355 426
346 423
357 423
338 419
368 420
357 432
344 407
347 406
367 418
335 413
325 412
359 414
336 412
350 411
327 409
344 425
336 421
359 423
366 422
327 418
360 433
360 415
356 408
347 427
358 427
360 424
349 424
348 404
352 420
341 420
358 436
348 413
350 432
341 429
352 429
329 409
340 409
351 406
340 418
361 416
351 415
342 412
353 412
361 425
343 411
334 408
345 408
351 424
362 424
339 422
342 421
364 421
353 421
361 434
343 420
334 417
355 412
345 417
351 433
342 430
353 430
326 413
345 426
354 413
332 410
321 410
346 409
357 409
363 425
332 419
355 421
357 418
346 418
359 437
324 415
338 414
355 430
338 423
356 422
368 424
354 434
356 431
344 411
335 408
348 427
325 407
359 409
344 420
336 416
327 413
347 413
349 410
360 410
366 426
341 406
358 422
347 422
369 422
349 419
360 419
341 415
352 415
330 415
358 431
349 428
360 428
333 411
322 411
350 427
341 424
352 424
360 437
333 420
352 433
361 411
339 408
353 407
361 420
339 417
353 416
