409 128
410 127
411 127
412 126
413 126
408 129
410 126
409 125
408 126
410 129
414 127
413 125
414 124
415 128
413 128
416 127
415 125
416 124
417 123
418 124
419 123
407 127
406 128
405 127
404 126
404 128
403 129
402 128
409 124
410 123
409 122
411 124
412 123
413 122
414 121
408 128
410 125
413 124
415 121
414 123
416 120
415 119
416 118
417 119
402 130
416 129
405 129
407 126
418 123
406 130
411 126
412 125
403 131
404 130
408 121
408 130
414 125
416 122
402 132
401 132
400 133
399 132
399 134
398 135
397 134
401 134
399 136
400 135
405 131
418 125
420 122
419 121
418 121
420 120
421 121
422 120
397 136
406 132
411 128
412 127
401 127
400 126
399 125
401 125
399 127
398 128
397 127
398 137
401 136
402 137
403 136
404 135
405 136
406 137
403 138
404 137
402 139
401 139
400 140
399 141
398 140
397 141
398 142
401 141
399 143
400 142
398 144
401 143
404 139
399 145
400 144
402 141
396 140
395 141
403 133
404 132
398 146
408 123
407 124
406 123
405 122
404 121
403 120
404 119
405 118
402 121
405 120
403 122
402 123
401 123
401 121
403 124
404 123
422 122
423 123
424 122
424 124
397 139
423 125
422 125
409 131
410 132
411 133
394 142
395 143
418 118
406 125
421 123
398 139
422 124
410 122
414 120
399 131
398 130
410 131
414 129
414 130
402 127
399 140
402 136
403 119
402 118
405 138
406 139
397 143
425 125
417 121
417 130
409 126
418 122
406 120
418 131
418 132
406 129
398 125
406 138
398 134
398 143
422 119
421 118
399 126
401 145
402 146
402 145
402 122
402 131
405 133
406 134
397 138
397 147
398 148
398 149
399 150
417 125
409 121
409 130
394 141
418 117
417 116
418 126
418 127
406 124
421 122
406 133
398 129
398 138
410 121
401 140
402 117
402 126
424 123
413 123
405 119
416 128
405 128
397 124
405 137
397 133
425 124
397 142
417 120
417 129
406 119
421 117
422 116
422 115
421 114
421 113
398 124
399 123
399 122
398 121
398 120
399 121
398 133
401 126
401 135
404 131
401 144
393 140
404 140
413 127
416 123
405 123
397 119
405 132
397 128
405 141
405 142
406 143
397 137
417 115
418 114
418 113
418 112
417 111
416 114
397 146
417 124
409 120
409 129
394 140
421 112
422 111
422 110
421 109
398 119
399 118
399 117
398 116
398 115
400 138
420 116
423 121
412 121
401 130
413 131
413 132
412 130
397 114
397 123
397 132
417 110
418 109
418 108
416 109
396 145
419 128
398 114
399 113
399 112
398 111
398 110
399 109
399 108
399 107
398 106
420 111
400 151
400 152
401 153
401 154
402 155
423 116
401 116
420 129
421 128
422 129
421 127
420 130
421 131
421 132
423 130
424 131
425 130
426 131
425 129
424 128
424 132
425 133
425 134
425 135
424 127
424 136
424 137
425 138
425 139
423 135
422 134
424 140
423 140
424 141
424 142
425 143
425 144
424 145
424 146
424 147
425 148
425 147
423 144
422 143
421 142
421 141
420 143
420 144
419 142
418 141
417 140
417 139
417 138
416 137
416 141
416 142
417 143
417 144
418 145
423 139
422 138
421 137
421 136
420 135
420 134
423 148
423 149
424 150
424 151
425 152
425 153
416 136
417 135
418 136
417 134
416 133
416 132
427 132
428 133
429 132
429 131
428 130
428 134
428 135
429 136
428 129
419 137
429 137
428 138
428 139
428 140
429 141
429 140
427 137
430 138
431 139
432 140
432 141
432 142
433 143
431 143
431 144
432 145
432 146
427 141
419 146
419 147
420 148
420 149
421 150
421 151
420 152
420 153
420 154
421 155
419 151
418 150
417 149
417 148
416 147
416 146
416 150
416 151
416 152
417 153
415 149
414 148
413 147
413 146
413 145
412 144
412 148
412 149
413 150
413 151
419 155
418 155
419 156
420 157
420 158
420 138
420 139
431 138
432 137
433 138
432 136
431 135
431 134
432 135
433 134
433 133
432 132
432 131
431 130
431 129
423 134
412 134
412 135
413 136
413 137
431 147
431 148
431 149
432 150
432 151
433 152
431 152
431 153
432 154
432 155
432 156
431 157
431 158
432 159
432 160
430 157
430 152
430 147
430 156
429 155
420 147
421 146
412 143
413 142
414 143
413 141
412 140
412 139
423 143
393 139
392 138
391 137
391 136
390 135
390 134
390 138
390 139
390 140
391 141
389 138
389 133
423 152
423 153
423 154
424 155
424 156
425 157
423 157
423 158
423 159
424 160
424 161
425 162
424 159
423 162
423 163
424 164
424 165
425 166
424 117
425 116
426 117
425 115
424 118
425 119
425 120
425 114
426 113
426 112
425 111
425 110
424 109
424 113
416 113
415 112
414 112
414 111
414 110
413 109
413 113
413 114
414 115
414 116
413 108
412 107
413 117
413 118
412 116
411 115
411 114
410 113
409 112
410 112
409 111
410 110
410 109
411 110
410 108
411 109
409 107
410 107
424 126
397 109
396 108
395 107
395 106
395 105
394 108
394 109
395 110
395 111
396 112
426 145
427 146
397 118
396 117
395 116
395 115
394 117
394 118
426 154
427 155
427 156
428 157
428 158
429 159
427 159
427 160
426 159
416 131
426 163
426 164
427 165
427 164
415 135
414 134
394 112
393 111
392 111
392 110
391 109
391 108
391 107
392 106
391 105
392 105
390 107
391 112
391 113
391 114
392 115
393 115
390 111
394 113
390 106
389 105
390 115
390 116
391 117
391 118
392 119
392 120
392 121
391 122
391 123
391 124
392 124
390 121
390 125
391 126
390 126
391 127
391 128
392 129
390 120
390 129
390 130
391 131
391 132
390 124
390 110
389 110
393 112
393 121
394 122
394 123
395 124
395 125
394 126
394 127
394 128
395 129
393 126
393 130
393 131
394 132
393 133
394 131
409 114
409 115
409 116
410 117
410 118
411 119
430 133
415 144
409 110
394 121
395 120
407 140
430 142
415 153
415 154
416 155
416 156
417 157
417 158
427 118
428 118
429 118
429 117
428 116
428 115
428 119
428 120
428 121
429 122
429 123
428 124
428 125
429 126
430 151
389 119
408 132
427 145
400 128
419 141
423 111
422 152
401 129
393 125
433 161
412 138
404 134
424 112
416 108
411 142
434 162
435 161
436 162
426 158
430 128
396 135
415 148
407 144
408 109
427 122
419 118
418 159
389 132
388 131
408 145
409 145
410 145
400 141
420 119
412 115
431 128
423 124
434 139
426 135
392 142
397 108
407 121
430 141
396 148
395 147
389 109
408 122
427 135
400 118
419 131
422 142
401 119
414 138
414 139
433 151
404 124
411 132
403 128
434 152
435 151
436 152
426 148
430 118
396 125
436 161
415 138
407 134
427 112
419 108
418 149
437 162
389 122
388 122
388 121
429 158
421 154
400 131
399 135
410 144
402 140
422 155
414 151
426 125
392 132
411 145
403 141
415 115
430 131
425 165
396 138
395 137
388 134
429 135
408 112
407 112
407 111
400 108
398 147
422 132
414 128
433 141
399 148
392 109
411 122
402 153
403 118
395 114
426 138
425 142
396 115
436 151
388 111
428 147
428 148
418 139
437 152
429 148
421 144
422 109
391 121
410 134
409 135
422 145
414 141
426 115
392 122
432 158
411 135
424 154
395 127
435 163
435 164
425 155
417 151
418 116
436 164
428 160
429 125
406 141
418 152
390 133
410 111
421 157
414 118
433 131
399 138
391 134
423 166
423 167
422 165
411 112
402 143
424 167
425 132
397 150
397 151
417 128
396 105
428 137
394 144
393 145
394 145
392 145
391 145
390 144
391 144
406 118
418 129
429 138
421 134
398 150
399 115
390 146
391 111
410 124
402 120
413 135
432 148
392 112
424 144
425 109
416 140
395 117
435 153
428 114
429 113
425 145
417 141
436 154
429 115
421 111
406 131
398 127
390 123
422 112
414 108
420 151
412 147
431 160
430 161
423 156
424 121
413 148
432 161
405 144
404 144
424 157
397 140
425 122
416 153
417 118
428 127
394 134
393 135
418 119
421 124
387 131
386 131
385 130
384 129
383 128
384 128
383 130
386 130
387 129
386 128
387 128
420 128
390 136
431 137
410 114
401 151
432 138
405 121
424 134
397 117
416 130
394 111
417 131
409 127
427 144
406 121
398 117
390 113
401 128
420 141
393 124
412 137
431 150
404 133
423 146
424 111
416 107
434 161
413 138
405 134
425 112
397 130
416 143
417 108
428 117
394 124
389 131
408 144
427 157
419 153
420 118
412 114
431 127
432 126
431 125
432 125
393 137
412 150
413 115
432 128
433 129
433 128
434 129
435 128
436 129
437 129
435 130
435 131
436 131
397 107
382 127
381 127
381 126
382 125
380 125
379 125
378 126
378 127
379 127
385 132
430 140
409 117
396 147
427 134
419 130
398 107
389 144
388 144
400 153
401 118
420 131
393 114
431 140
423 136
434 151
426 147
405 124
397 120
415 137
394 114
407 133
427 111
430 153
389 121
408 134
427 147
400 130
419 143
420 108
431 117
432 116
433 116
434 117
435 118
436 119
431 115
434 116
433 118
433 119
434 119
436 118
437 117
436 116
437 119
432 115
435 120
435 121
436 121
423 113
422 154
401 131
414 150
393 127
433 163
433 164
434 128
404 136
424 114
411 144
416 110
403 140
434 164
426 160
430 130
396 137
415 150
388 133
407 146
408 111
427 124
400 107
401 106
419 120
389 134
421 166
400 143
401 108
402 108
403 108
420 121
433 140
412 117
399 147
423 126
434 141
435 141
436 141
437 140
436 139
437 139
426 137
392 144
397 110
403 153
404 154
405 155
405 154
406 154
407 154
408 155
408 154
404 156
405 157
407 156
407 157
408 157
409 158
409 157
410 157
410 156
411 155
410 154
411 157
412 158
413 158
395 149
395 150
396 114
415 127
407 123
430 143
396 150
437 151
389 111
429 147
408 124
400 120
419 133
422 144
414 140
393 117
433 153
434 118
426 114
411 134
403 130
395 126
425 154
396 127
436 163
415 140
388 123
428 159
407 136
427 114
419 110
418 151
437 164
438 165
439 165
429 160
389 124
421 156
422 121
433 130
399 137
391 133
410 146
409 147
409 148
410 147
411 111
402 142
422 157
414 153
434 131
392 134
411 147
424 166
384 130
403 143
395 139
415 117
407 113
425 167
418 128
409 159
409 160
437 141
438 142
439 143
440 144
440 145
441 145
439 142
438 144
438 145
439 145
441 144
421 133
400 110
440 146
440 147
406 153
405 152
406 152
406 151
377 126
376 125
376 124
377 124
376 127
375 124
374 124
374 123
375 122
374 121
375 121
377 123
376 126
373 120
372 119
373 119
373 118
372 121
371 121
372 122
371 123
370 120
369 120
369 119
370 118
368 118
367 118
366 117
365 117
364 117
364 116
365 115
364 114
363 115
362 114
365 114
366 115
363 114
366 114
362 116
362 117
363 117
365 116
390 145
441 147
442 148
442 147
443 146
444 145
443 148
444 144
444 143
391 146
410 159
436 153
437 118
428 149
428 150
437 154
438 155
438 154
439 153
440 154
440 155
441 155
439 155
440 156
440 157
441 157
442 158
443 158
444 157
443 156
444 156
445 158
446 159
444 155
446 158
445 160
429 150
433 120
410 136
409 137
435 165
435 166
436 130
415 107
436 166
409 149
409 150
437 131
438 132
439 133
440 132
441 133
441 132
440 134
439 132
438 134
441 134
442 135
443 136
443 135
444 135
445 135
446 136
446 135
442 137
442 138
443 138
445 137
445 138
446 138
447 139
448 138
448 137
448 136
447 140
447 141
444 134
443 133
444 133
444 132
429 127
448 140
449 141
450 141
451 140
450 139
452 141
453 142
454 142
455 143
455 142
456 142
457 142
458 143
451 139
454 144
454 145
455 145
457 144
457 145
458 145
459 146
460 146
453 141
459 147
459 148
456 141
456 140
456 139
460 148
461 148
462 148
463 147
462 146
463 146
452 143
463 148
464 149
465 149
466 149
467 150
467 149
466 151
466 152
467 152
465 148
467 151
455 144
466 153
467 154
468 155
468 154
469 154
456 144
387 130
379 126
443 147
402 109
402 110
380 127
372 123
412 159
412 160
403 110
404 111
405 112
405 111
404 113
435 142
435 143
361 113
361 112
360 111
361 111
360 113
359 114
358 113
357 113
357 112
357 111
358 111
356 110
355 111
355 110
413 160
414 161
415 160
416 161
417 162
417 161
418 162
419 161
420 162
420 161
416 163
416 164
417 164
419 163
419 164
420 164
418 161
417 163
418 164
420 163
405 156
364 118
397 152
397 153
416 165
444 147
445 148
446 148
447 149
448 148
448 150
449 151
450 152
447 151
450 151
451 150
450 149
452 151
453 152
451 149
451 152
453 151
449 153
452 153
452 154
453 154
454 155
454 154
455 153
456 152
455 155
456 151
455 154
456 154
457 155
458 155
451 151
454 156
454 157
455 157
436 143
394 146
393 147
393 148
354 110
353 110
352 110
352 109
353 108
352 107
351 108
350 108
350 107
353 107
354 106
354 108
351 107
354 107
350 109
351 110
353 109
439 154
442 159
442 160
387 143
386 143
385 143
385 142
386 141
385 140
384 141
383 141
383 140
386 140
387 139
387 141
384 140
387 140
383 142
383 143
384 143
386 142
398 152
443 160
435 155
436 120
438 166
438 167
458 144
437 121
438 122
438 121
439 120
439 122
440 122
441 122
440 123
440 124
441 124
442 125
443 126
443 125
442 127
444 124
443 123
444 123
445 125
445 126
446 126
447 126
448 126
448 125
444 122
446 125
445 127
446 128
447 129
447 128
448 128
449 128
450 129
450 128
451 127
451 129
452 129
453 129
449 130
449 131
450 131
452 130
452 131
453 131
454 132
455 133
455 132
454 134
456 131
455 130
456 130
457 132
458 133
456 129
458 132
457 134
457 135
458 135
459 136
459 135
460 136
461 135
462 136
463 136
461 137
461 138
462 138
460 135
459 137
459 138
448 127
460 138
462 137
463 138
464 139
465 138
466 139
467 140
467 139
466 141
467 141
468 142
469 142
469 141
470 140
469 139
470 139
470 142
471 142
472 143
473 144
474 143
473 145
474 145
472 142
471 144
471 145
472 145
474 144
470 141
473 146
473 147
455 134
474 147
475 148
475 147
476 146
477 145
476 148
447 130
447 131
469 153
469 152
469 151
470 150
470 152
470 151
461 149
461 150
387 120
387 119
386 118
387 118
385 119
385 120
384 118
383 118
386 120
382 117
381 117
381 116
382 115
381 114
380 113
379 112
379 114
378 114
379 115
380 115
382 114
378 116
378 117
379 117
377 113
376 112
377 112
375 112
374 111
377 111
376 114
376 115
375 111
374 113
380 114
383 119
383 120
384 120
376 116
373 110
372 109
373 108
371 110
371 111
372 111
370 110
369 110
369 109
369 108
369 107
368 106
367 105
370 108
366 105
365 105
364 104
365 104
368 105
364 106
367 107
367 108
368 108
370 107
366 104
365 106
368 107
379 116
439 167
440 167
441 167
442 168
443 169
443 168
444 168
445 168
446 169
446 168
442 170
445 170
444 167
443 166
444 166
444 165
443 170
446 170
371 112
371 113
451 141
470 154
471 155
471 154
472 153
472 155
473 155
474 155
473 156
473 157
474 157
475 158
476 159
476 158
475 160
477 157
476 156
477 156
478 158
478 159
479 159
477 155
479 158
478 160
478 161
479 161
480 162
480 161
481 161
481 160
481 159
481 158
482 157
482 159
482 158
482 161
483 162
484 162
485 163
486 163
486 162
486 164
487 165
488 166
485 165
488 165
489 164
488 163
490 165
491 166
489 163
489 166
491 165
487 167
490 167
490 168
491 168
492 169
492 168
493 167
493 169
494 170
495 169
494 171
496 169
495 171
493 168
489 165
492 170
492 171
493 171
495 170
496 171
497 172
498 171
499 172
500 172
501 171
502 172
501 170
503 172
501 172
488 167
480 163
480 164
489 168
443 137
462 150
481 163
454 146
380 117
372 113
431 162
430 163
404 145
404 146
432 127
435 132
435 133
405 146
457 156
457 157
436 133
375 123
394 136
367 119
367 120
386 132
378 128
378 129
406 110
405 109
406 109
406 108
439 144
458 157
459 158
459 159
460 159
461 158
462 159
462 158
463 157
462 156
463 156
463 159
461 160
462 161
460 158
463 158
459 160
462 160
463 161
464 162
464 161
465 161
466 162
466 161
467 162
467 161
466 163
466 164
467 164
468 165
469 164
469 163
469 162
470 162
470 164
471 165
472 166
473 165
474 166
474 165
473 167
473 168
474 168
475 168
476 169
476 168
477 168
478 168
479 169
472 165
475 170
475 171
476 171
478 170
478 171
479 171
471 167
474 167
477 167
477 166
477 165
473 169
476 170
468 166
468 167
465 160
465 159
465 158
477 170
450 153
469 166
442 149
442 150
356 109
356 108
356 107
461 162
408 156
368 120
419 165
379 129
451 154
443 150
349 106
348 106
360 115
359 116
393 149
352 111
404 158
382 139
382 138
381 137
380 136
379 135
380 135
379 137
378 137
380 138
382 137
381 139
377 136
376 137
376 136
380 137
378 138
378 139
379 139
385 144
446 160
447 161
447 162
448 161
449 161
450 162
450 161
451 160
451 162
449 163
449 164
450 164
452 163
453 162
452 164
453 164
454 165
455 166
455 165
454 167
456 164
457 165
458 166
458 165
457 167
458 168
459 168
460 169
461 168
462 169
462 168
463 169
461 170
461 171
462 171
460 168
459 170
459 171
448 160
448 159
448 158
460 171
451 161
462 170
454 166
463 171
455 167
447 163
447 164
458 167
450 163
451 164
453 163
438 156
438 157
439 121
457 169
458 134
477 147
478 148
479 149
480 149
481 149
481 148
482 147
481 146
482 146
482 149
483 149
484 150
483 151
483 152
484 152
485 153
486 152
486 151
479 148
485 154
485 155
482 148
486 154
487 155
488 155
489 154
488 153
490 155
491 156
492 156
493 157
494 158
495 159
493 156
489 153
492 158
492 159
493 159
495 158
496 157
496 159
491 155
494 160
494 161
495 161
490 157
493 158
478 150
496 158
489 155
492 160
481 150
480 151
480 152
493 161
482 151
484 151
495 160
487 156
487 157
496 161
497 162
497 161
498 161
499 162
500 162
501 161
500 160
502 162
503 163
501 160
501 163
501 164
503 162
502 164
501 162
499 163
499 164
500 164
503 164
504 165
504 166
505 166
506 165
507 166
507 165
508 164
508 166
506 167
506 168
507 168
505 165
508 165
504 167
504 168
505 168
507 167
508 168
509 169
510 169
511 169
512 170
512 169
511 171
511 170
512 171
513 172
514 173
514 172
515 171
514 170
515 170
516 172
517 173
515 169
517 172
506 169
488 157
507 170
480 153
449 165
450 130
469 143
468 144
468 145
442 126
375 136
374 136
374 135
374 134
374 133
375 132
375 134
373 133
372 132
371 131
370 131
369 131
369 130
368 129
367 128
372 131
373 131
368 128
371 133
371 134
372 134
367 130
370 130
373 130
366 127
365 127
364 127
364 126
363 125
362 124
361 124
360 124
359 124
358 124
357 123
358 122
358 121
360 123
361 122
360 121
361 121
362 126
362 127
363 127
365 126
366 125
358 123
369 132
372 133
361 123
364 128
364 129
365 129
357 125
375 133
368 130
371 135
360 125
359 126
359 127
372 136
361 126
363 126
461 139
461 140
386 145
387 110
386 110
385 110
385 109
386 108
385 107
384 106
383 105
382 105
381 105
381 104
383 107
383 108
384 108
386 107
387 106
387 108
380 105
379 105
378 104
379 104
382 104
378 106
381 106
382 107
384 107
380 104
383 109
383 110
384 110
386 109
378 105
359 128
379 106
439 157
431 116
450 166
451 131
491 167
356 122
355 121
356 120
355 123
354 120
353 120
352 120
352 119
353 118
351 118
350 118
350 117
354 118
349 117
348 117
348 116
349 115
348 114
347 113
347 112
346 114
345 114
346 115
347 115
349 114
345 116
351 117
344 113
343 114
347 114
350 119
350 120
351 120
353 119
346 116
347 117
349 116
352 121
352 122
342 113
341 113
340 113
340 112
341 111
340 110
339 110
338 111
338 110
342 111
337 110
336 110
336 109
339 109
339 108
338 112
338 113
339 112
341 112
353 122
337 109
443 127
483 163
483 164
348 118
462 140
494 172
340 114
340 115
432 117
484 164
435 122
476 160
341 115
468 156
468 157
382 116
374 112
434 163
385 121
385 122
446 137
465 150
464 151
464 152
457 146
457 147
449 142
449 143
375 113
367 109
367 110
386 122
427 123
378 118
479 170
439 134
458 147
450 143
442 139
368 110
408 146
401 107
472 167
404 112
464 163
464 164
370 119
381 128
381 129
422 166
453 153
445 149
445 150
405 113
411 156
363 116
382 129
355 112
355 113
509 170
509 171
374 125
446 150
438 146
498 160
498 159
396 149
510 171
415 162
414 163
388 145
388 146
407 158
427 136
400 119
460 170
419 132
366 126
390 105
472 144
491 157
377 135
377 134
377 133
464 140
464 141
356 112
483 153
483 154
389 146
475 149
475 150
494 162
400 155
441 156
401 120
420 133
393 116
412 129
452 165
452 166
453 130
404 125
423 138
351 119
370 132
484 154
343 115
343 116
476 150
362 128
362 129
468 146
382 106
434 153
453 166
426 149
426 150
385 111
385 112
446 127
465 140
397 122
438 123
438 124
457 136
430 119
430 120
363 129
449 132
449 133
396 126
415 139
407 135
386 112
427 113
419 109
460 147
439 124
479 160
430 155
344 115
471 156
471 157
336 111
450 133
490 169
437 163
389 123
408 136
440 168
400 132
419 145
420 110
452 142
431 119
472 157
423 115
464 153
370 109
422 156
381 118
381 119
414 152
393 129
433 165
434 130
413 107
453 143
426 126
426 127
445 139
445 140
392 133
416 112
411 146
363 106
362 106
362 105
403 142
382 119
395 138
415 116
426 162
467 163
446 140
430 132
396 139
415 152
388 135
388 136
456 153
448 149
408 113
427 126
400 109
419 122
460 160
366 116
358 112
418 163
377 125
369 121
369 122
389 136
422 133
441 146
401 110
393 106
433 142
412 119
452 155
399 149
351 109
505 167
370 122
410 158
411 123
497 163
497 164
362 118
402 154
463 170
434 143
426 139
486 153
392 146
478 149
411 159
384 142
403 155
376 138
376 139
395 151
396 116
415 129
388 112
388 113
407 125
354 119
373 132
460 137
479 150
365 128
498 163
357 124
471 146
471 147
418 140
437 153
456 166
429 149
389 113
448 162
421 145
400 122
440 158
440 159
441 123
347 116
366 129
452 132
452 133
493 170
358 125
472 147
485 166
485 167
377 138
350 121
350 122
410 135
381 108
422 146
441 159
414 142
482 160
433 155
434 120
474 156
339 111
453 133
426 116
445 129
351 122
392 123
411 136
384 119
403 132
395 128
467 153
486 166
459 149
459 150
373 109
478 162
425 156
430 122
444 169
417 152
436 165
396 129
437 130
388 125
456 143
428 161
428 162
407 138
448 139
427 116
440 135
440 136
419 112
460 150
366 106
406 142
418 153
377 115
437 166
369 111
429 162
470 163
421 158
422 123
441 136
414 119
433 132
380 126
399 139
391 135
370 112
410 148
411 113
383 131
383 132
402 144
403 109
463 160
414 155
413 156
455 156
474 169
434 133
447 152
447 153
426 129
466 165
466 166
413 159
392 136
384 132
403 145
376 128
376 129
444 146
396 106
436 142
467 166
508 167
354 109
373 122
500 163
365 118
357 114
357 115
511 172
511 173
417 165
418 130
409 161
409 162
408 163
437 143
456 156
429 139
448 152
421 135
400 112
440 148
347 106
346 106
387 142
366 119
406 155
493 160
379 138
398 151
358 115
512 173
399 116
485 156
485 157
390 147
390 148
504 169
350 111
451 163
443 159
422 136
463 137
482 150
454 168
454 169
414 132
433 145
474 146
380 139
466 142
466 143
399 152
372 135
391 148
432 149
392 113
383 144
384 109
435 154
395 118
455 169
342 112
496 170
447 165
361 125
467 143
353 121
486 156
459 139
345 117
345 118
364 130
364 131
425 146
444 159
417 142
436 155
396 119
437 120
409 138
409 139
428 151
428 152
456 133
429 116
448 129
489 167
354 122
440 125
440 126
460 140
346 118
365 131
338 114
492 172
492 173
439 166
377 105
376 104
376 106
376 105
418 143
429 152
470 153
421 148
422 113
462 149
441 126
481 162
414 109
473 158
473 159
380 116
399 129
372 112
431 161
391 125
410 138
383 121
383 122
402 134
463 150
482 163
455 146
474 159
447 142
447 143
466 155
413 149
392 126
432 162
405 145
364 107
364 108
424 158
384 122
425 123
416 154
444 136
435 167
395 131
436 132
428 128
394 135
373 112
365 108
425 159
417 155
418 120
458 156
409 151
437 133
477 169
428 164
469 165
429 129
448 142
421 125
461 161
368 119
387 132
406 145
379 128
398 141
399 106
371 124
371 125
390 137
451 153
410 115
470 166
443 149
402 111
402 112
462 162
422 126
414 122
454 158
454 159
360 114
401 152
380 129
420 165
412 161
412 162
372 125
391 138
404 157
432 139
424 135
403 112
435 144
435 145
395 108
455 159
496 160
515 173
361 115
488 156
353 111
507 169
413 162
345 107
345 108
499 165
499 166
405 158
344 109
343 108
342 109
425 136
397 154
397 155
444 149
417 132
457 168
436 145
477 146
428 141
375 135
489 157
394 148
508 170
367 131
367 132
386 144
346 108
500 166
387 109
378 140
378 141
377 142
376 141
375 142
406 122
492 162
491 162
398 118
439 156
418 133
458 169
390 114
450 165
451 130
356 121
442 161
442 162
470 143
421 138
462 139
368 132
481 152
454 135
454 136
387 145
473 148
379 141
380 106
420 142
399 119
371 137
391 115
431 151
410 128
451 166
383 111
423 147
443 162
402 124
484 163
463 140
349 118
341 114
455 136
495 172
474 149
360 127
447 132
487 168
487 169
352 123
413 139
432 152
405 135
424 148
397 131
425 113
444 126
416 144
417 109
436 122
342 115
488 169
353 124
394 125
480 165
480 166
386 121
438 168
438 169
417 145
418 110
458 146
430 164
430 165
477 159
450 142
429 119
469 155
421 115
461 151
461 152
368 109
427 158
387 122
406 135
419 154
379 118
398 131
439 169
371 114
371 115
390 127
451 143
470 156
443 139
462 152
401 142
420 155
393 138
412 151
372 115
413 116
431 164
404 147
404 148
432 129
423 160
424 125
416 121
435 134
382 128
468 168
468 169
361 105
360 105
359 106
359 105
413 152
385 133
385 134
405 148
446 149
425 126
465 162
397 144
416 157
415 158
417 122
457 158
457 159
409 118
449 154
449 155
428 131
510 170
375 125
415 161
394 138
367 121
367 122
386 134
359 117
359 118
406 112
378 130
398 108
439 146
458 159
450 155
469 168
356 111
442 151
502 165
502 166
389 145
348 107
348 108
408 158
368 122
400 154
379 131
420 132
412 128
431 141
423 137
443 152
484 153
349 108
503 166
476 149
495 162
381 140
381 141
360 117
401 155
487 158
487 159
506 171
453 165
413 129
405 125
445 161
445 162
424 138
465 139
397 121
416 134
363 128
382 141
496 163
355 124
355 125
488 159
374 137
394 115
385 146
386 111
446 162
378 107
378 108
438 158
439 123
430 154
344 114
498 172
458 136
477 149
449 167
450 132
469 145
442 128
442 129
375 138
461 141
408 135
427 148
387 112
378 143
377 144
379 108
419 144
420 109
439 159
390 117
431 118
472 156
337 111
491 169
451 133
423 114
356 124
483 165
483 166
443 129
475 161
475 162
340 116
441 168
420 145
393 128
412 141
431 154
432 119
423 150
424 115
484 166
416 111
476 162
363 105
382 118
468 158
374 114
374 115
434 165
385 123
385 124
426 161
446 139
465 152
438 135
438 136
457 148
417 112
449 144
449 145
409 108
415 151
375 115
367 111
407 147
407 148
386 124
359 107
359 108
427 125
439 136
471 168
471 169
450 145
389 135
408 148
427 161
401 109
419 157
393 105
412 118
472 169
431 131
404 114
404 115
423 127
464 165
370 121
381 130
381 131
414 164
414 165
393 141
434 142
413 119
453 155
405 115
406 116
407 115
445 151
445 152
397 111
411 158
363 118
403 154
382 131
509 172
509 173
355 114
355 115
480 145
479 146
394 105
446 152
430 144
498 162
449 157
490 158
490 159
396 151
510 173
415 164
388 147
388 148
387 149
386 149
456 165
389 112
408 125
359 120
427 138
400 121
419 134
366 128
472 146
491 159
377 137
464 142
464 143
463 144
483 155
369 133
369 134
389 148
475 151
475 152
474 153
381 107
441 158
401 122
393 118
433 154
452 167
412 131
453 132
404 127
445 128
351 121
370 134
343 117
343 118
342 119
476 152
477 153
478 152
362 130
468 148
382 108
434 155
453 168
385 113
426 151
445 164
446 129
486 165
465 142
438 125
438 126
437 127
457 138
430 121
449 134
396 128
375 105
374 105
373 106
374 104
415 141
388 124
407 137
427 115
378 110
460 149
419 111
479 162
439 126
344 117
471 158
471 159
470 160
377 114
437 165
442 131
429 161
389 125
408 138
400 134
441 135
420 112
412 108
452 144
452 145
472 159
431 121
423 117
464 155
370 111
475 164
362 107
362 108
361 109
422 158
381 120
414 154
434 132
453 145
426 128
445 141
392 135
411 148
384 131
403 144
363 108
395 140
374 117
415 118
407 114
467 165
459 161
459 162
458 163
373 121
438 138
430 134
396 141
437 142
456 155
388 137
407 150
408 115
448 151
427 128
400 111
419 124
460 162
366 118
358 114
512 172
377 127
418 165
350 110
483 145
369 123
369 124
422 135
401 112
441 148
414 131
433 144
393 108
404 117
399 151
391 147
505 169
351 111
370 124
410 160
411 125
343 107
497 165
497 166
496 167
495 166
402 156
402 157
362 120
403 121
468 138
455 168
434 145
426 141
467 142
486 155
392 148
478 151
384 144
457 128
403 157
444 158
449 124
376 140
396 118
415 131
456 132
388 114
388 115
387 116
354 121
373 134
346 117
460 139
365 130
479 152
357 126
357 127
356 128
355 127
354 128
353 128
354 129
353 130
352 130
354 131
355 131
356 131
356 130
351 130
350 130
350 129
351 128
354 130
352 131
352 132
353 132
356 132
357 133
357 134
358 134
355 133
355 134
358 133
357 135
357 136
358 136
359 137
359 136
360 136
360 135
360 134
360 133
361 132
361 134
361 133
361 136
362 137
363 137
364 137
365 138
365 137
366 138
367 138
368 139
369 140
370 141
368 138
364 139
367 140
367 141
368 141
370 140
366 137
369 142
369 143
370 143
371 144
371 143
372 142
373 141
372 144
372 143
364 138
373 143
374 144
375 144
365 139
368 140
371 145
371 146
372 146
374 145
374 146
375 146
376 147
376 148
377 146
378 147
378 148
379 148
379 147
380 146
379 145
381 147
382 148
380 145
380 148
382 147
378 149
379 150
381 149
381 150
382 150
383 151
383 150
384 151
385 152
386 151
387 152
385 153
387 151
386 153
380 147
383 152
383 153
384 153
376 149
386 152
387 153
388 154
389 155
390 154
391 155
391 154
392 155
393 156
394 155
394 154
390 156
390 157
391 157
393 157
393 158
394 157
389 154
392 154
388 156
391 156
392 157
394 156
379 149
390 158
380 150
393 159
393 160
382 149
385 154
385 155
394 159
395 160
395 159
396 158
396 160
397 161
398 160
399 159
398 158
399 158
399 160
400 161
401 162
401 161
367 142
386 155
359 138
359 139
378 151
368 143
349 129
348 129
348 128
348 127
348 126
349 125
347 125
346 125
345 124
344 124
343 124
346 124
345 126
345 127
346 127
349 127
344 123
347 124
346 126
347 127
349 126
342 123
342 122
341 121
342 121
341 123
340 123
339 122
338 121
339 120
338 123
337 120
336 120
336 119
337 118
336 117
335 117
334 118
333 117
332 117
331 116
330 115
329 114
334 117
330 114
333 119
333 120
334 120
329 116
339 119
332 116
338 122
335 116
335 115
335 114
328 113
327 113
326 114
325 113
324 113
327 112
331 118
334 119
326 115
326 116
345 128
346 129
335 119
327 115
337 119
340 124
340 125
330 116
341 125
360 138
333 121
396 159
389 156
370 142
362 138
362 139
381 151
363 139
382 152
355 135
344 125
343 126
343 127
336 121
336 122
337 122
392 156
384 152
373 142
347 126
366 139
358 135
377 148
350 131
350 132
369 144
328 112
339 121
331 117
351 132
343 128
332 118
324 114
324 115
325 115
398 161
380 149
372 145
391 158
383 154
383 155
361 135
353 131
364 140
364 141
384 155
354 132
373 145
346 128
365 141
338 124
338 125
357 137
442 165
441 165
335 118
327 114
347 129
328 115
339 124
375 145
394 158
386 154
378 150
368 142
387 155
379 151
371 147
371 148
349 128
341 124
360 137
352 133
352 134
372 148
342 125
361 138
334 121
353 134
326 117
326 118
345 130
327 117
363 138
382 151
374 147
374 148
385 156
385 157
375 148
367 144
386 157
359 140
337 121
356 134
329 117
329 118
348 130
340 126
340 127
330 118
349 131
341 127
396 161
388 157
388 158
377 147
442 164
389 158
351 131
370 144
362 140
362 141
381 153
363 141
325 114
344 127
336 123
400 157
399 161
392 158
384 154
376 150
376 151
375 152
373 144
365 140
336 113
347 128
366 141
358 137
377 150
350 133
350 134
349 135
328 114
339 123
331 119
331 120
351 134
332 120
324 116
395 153
471 148
490 161
489 161
418 142
377 104
437 155
456 168
429 151
389 115
448 164
421 147
440 160
400 124
441 125
347 118
387 154
433 121
433 122
432 123
366 131
493 172
452 134
452 135
358 127
485 168
485 169
484 170
484 171
399 128
350 123
464 145
465 146
466 145
390 159
410 137
402 133
422 148
463 149
414 144
482 162
433 157
434 122
474 158
339 113
380 151
453 135
426 118
466 154
445 131
372 147
392 125
383 156
343 120
344 121
345 120
411 138
384 121
403 134
376 117
376 118
375 119
395 130
415 108
342 124
361 137
467 155
353 133
486 168
373 111
345 129
459 151
459 152
458 153
364 142
364 143
478 164
365 107
430 124
425 158
376 153
377 154
375 154
374 154
375 155
374 156
375 157
376 157
377 157
378 157
379 158
379 157
380 158
377 156
373 153
372 154
371 154
372 155
371 156
370 153
369 153
369 152
370 151
368 151
367 151
367 150
368 149
366 150
365 150
364 150
364 149
363 148
362 147
363 147
362 149
365 149
366 148
365 147
366 147
368 150
371 155
372 156
361 146
361 145
360 144
361 144
360 146
359 147
358 146
357 146
357 145
358 144
357 143
356 143
355 144
355 143
360 145
364 151
354 143
353 143
352 142
353 141
352 140
351 141
350 140
353 140
354 141
351 140
354 140
350 142
353 142
375 156
367 152
367 153
359 148
359 149
356 142
356 141
356 140
368 153
349 139
348 139
369 151
348 138
348 137
349 137
347 137
346 137
345 137
345 136
344 136
343 137
343 136
346 136
347 135
345 138
345 139
346 139
360 148
352 144
342 136
341 135
341 134
340 133
341 133
342 132
341 131
342 131
342 134
340 135
339 132
338 133
338 134
342 133
338 135
370 152
363 149
355 145
355 146
374 158
344 135
344 134
344 133
337 132
336 132
336 131
336 130
337 130
335 129
334 128
335 127
333 129
333 130
334 130
335 126
332 129
331 129
331 128
332 127
331 126
330 125
329 124
328 124
327 123
326 124
330 124
329 126
329 127
330 127
332 126
325 123
324 123
324 122
325 121
328 123
334 129
327 125
326 126
330 126
333 131
333 132
334 132
323 122
322 121
323 120
322 119
323 118
321 118
320 118
320 117
319 119
319 120
318 118
320 120
318 117
322 123
321 117
317 119
317 120
318 120
320 119
321 120
323 119
319 121
319 122
320 122
322 122
318 119
356 145
329 128
366 149
358 145
377 158
369 154
369 155
351 142
370 155
343 138
343 139
321 119
332 128
324 124
324 125
325 125
317 121
354 142
373 155
346 138
365 151
357 147
357 148
335 128
327 124
347 139
358 148
328 125
320 121
339 134
331 130
321 122
368 152
371 157
371 158
349 138
360 147
352 143
372 158
342 135
361 148
334 131
353 144
326 127
326 128
326 129
345 140
345 141
323 121
346 141
316 118
335 131
327 127
319 123
374 157
375 158
367 154
367 155
359 150
359 151
337 131
356 144
348 140
348 141
368 155
340 136
340 137
330 128
349 141
322 124
322 125
341 137
360 150
333 133
333 134
334 134
335 135
336 134
326 130
325 131
323 124
378 153
370 154
362 150
362 151
361 152
363 151
355 147
355 148
326 120
513 173
325 124
344 137
336 133
318 121
337 134
373 154
347 138
366 151
358 147
350 143
350 144
369 156
339 133
351 144
370 157
343 140
362 153
361 154
360 154
359 153
358 154
321 121
332 130
324 126
324 127
325 127
336 136
335 137
335 138
334 139
333 140
334 141
335 142
334 140
333 142
336 142
337 141
336 140
337 140
332 139
331 139
331 138
332 137
330 137
329 137
329 136
330 135
346 112
335 139
328 136
327 136
326 137
326 136
327 135
327 134
327 133
328 134
328 133
330 136
333 141
334 142
326 138
326 139
337 142
338 143
338 144
339 143
340 142
340 143
341 144
341 143
342 142
342 144
340 145
340 146
341 146
339 142
342 143
338 145
338 146
341 145
342 146
343 147
344 146
344 145
344 144
329 138
329 139
340 147
340 148
330 139
341 148
343 148
343 149
332 138
325 135
325 134
324 133
325 133
324 135
323 132
322 131
323 130
322 133
321 130
320 130
319 130
319 129
318 128
317 129
317 130
318 130
319 131
319 132
320 132
316 129
315 129
314 128
315 127
314 126
313 127
312 127
312 126
315 126
316 125
315 124
316 124
316 127
313 126
323 128
316 126
312 128
315 128
318 129
311 125
310 125
310 124
311 123
322 130
314 130
344 148
345 148
346 148
346 147
347 148
348 147
349 148
455 131
349 147
345 149
348 149
348 150
349 150
350 150
351 151
358 155
357 156
352 152
352 153
353 153
351 150
347 147
358 156
359 157
360 157
348 112
360 156
361 157
362 157
363 157
350 152
360 122
350 153
351 153
361 156
353 152
354 151
353 150
354 153
355 154
356 153
346 149
356 152
356 151
356 150
349 149
352 154
352 155
353 155
355 155
355 156
356 155
348 151
351 152
317 131
317 132
318 132
354 152
357 157
357 158
347 149
358 158
350 154
328 135
320 131
339 144
331 140
331 141
351 155
321 132
313 128
332 141
342 145
353 154
345 150
345 151
344 152
343 151
342 152
323 131
356 129
354 155
346 151
338 147
316 128
335 141
327 137
319 133
319 134
318 135
317 134
320 134
473 153
356 154
330 138
349 151
322 134
322 135
322 136
341 147
378 144
333 143
333 144
332 145
352 156
376 113
311 124
342 148
314 129
334 144
335 145
334 146
335 147
336 144
326 140
345 153
344 154
323 134
337 116
315 130
465 144
355 157
344 147
336 143
318 131
337 144
356 157
329 140
329 141
340 149
340 150
310 126
310 127
330 141
322 137
321 138
357 131
358 131
333 135
333 146
332 147
331 147
330 148
329 147
331 149
330 147
329 149
332 149
333 150
334 151
334 150
335 150
336 150
337 151
337 150
333 152
334 153
336 152
336 153
337 153
338 154
477 154
339 153
340 154
341 154
342 155
342 154
384 149
340 155
339 152
335 149
328 146
327 146
326 147
326 146
433 117
325 146
324 146
324 145
325 144
324 143
323 143
322 144
409 136
322 143
325 143
377 149
327 145
328 144
339 155
334 152
326 148
326 149
323 142
322 141
323 141
321 141
320 140
323 140
321 140
320 142
319 142
327 148
337 152
329 148
330 149
322 145
322 146
325 145
318 142
317 142
317 141
317 140
318 140
316 139
315 139
419 149
314 139
314 138
315 137
314 136
313 137
312 136
315 136
331 137
316 137
311 136
310 135
311 134
310 133
437 150
437 149
309 134
308 134
307 133
308 133
311 133
307 135
313 136
309 133
312 138
312 139
313 139
315 138
307 134
308 135
311 135
314 140
314 141
315 141
310 137
328 145
339 154
331 150
331 151
321 142
313 138
332 151
324 147
325 148
316 138
335 151
327 147
319 143
319 144
318 145
317 144
316 144
309 135
502 163
328 148
320 144
312 140
323 144
315 140
307 136
316 141
308 137
319 146
318 141
337 154
329 150
329 151
310 136
330 151
322 147
311 137
314 142
332 150
311 127
325 147
317 143
318 144
358 157
351 154
343 150
322 127
321 128
321 131
332 140
324 136
324 137
359 130
325 137
344 150
317 133
336 146
318 134
328 147
320 143
331 152
321 144
313 140
324 149
317 146
438 148
354 154
346 150
317 123
335 140
347 151
350 156
349 156
348 155
347 155
328 137
320 133
339 146
312 129
312 130
311 131
310 131
309 131
331 142
331 143
384 114
385 115
384 116
343 153
321 134
313 130
332 143
324 139
316 140
335 153
308 136
327 149
319 145
372 157
343 130
309 137
328 150
320 146
361 147
364 152
364 153
354 144
373 157
346 140
365 153
338 136
338 137
337 138
357 149
335 130
327 126
347 141
350 146
328 127
320 123
339 136
342 147
334 143
353 156
345 152
323 133
346 153
347 153
348 153
338 149
316 130
335 143
327 139
319 135
320 136
319 137
318 138
330 150
309 127
312 132
417 154
396 131
436 167
437 132
428 163
388 127
456 145
429 128
448 141
354 134
440 137
440 138
419 114
460 152
346 130
365 143
366 108
338 126
338 127
337 128
406 144
357 139
377 117
323 146
369 113
368 114
429 164
315 142
470 165
421 160
335 120
441 138
327 116
368 154
473 170
473 171
380 128
372 124
410 150
383 133
383 134
382 135
362 110
516 168
515 167
514 167
513 166
512 167
511 166
510 167
495 157
516 166
513 165
513 164
513 163
513 162
514 162
512 161
511 161
511 160
511 159
511 158
512 157
510 157
509 156
509 155
508 154
507 153
508 153
512 159
507 155
506 155
505 154
504 153
507 156
371 142
366 123
505 153
504 155
505 156
508 156
510 156
391 110
503 152
502 152
502 151
503 150
503 149
503 148
501 150
500 150
499 151
499 152
474 163
500 152
404 142
506 157
505 158
509 158
509 159
510 159
512 158
505 155
498 151
497 150
497 149
498 149
497 152
496 149
495 149
494 148
493 147
344 142
492 146
493 146
328 119
492 148
349 136
495 148
496 147
369 141
495 146
496 146
468 163
498 148
491 145
492 144
493 144
491 143
490 143
490 145
489 143
488 143
487 142
486 142
506 154
516 170
431 159
485 143
485 142
487 144
487 145
475 169
488 145
490 144
494 150
484 142
483 142
483 141
484 140
483 139
464 160
484 139
378 158
497 151
486 141
486 140
486 139
399 156
508 155
500 151
501 152
453 150
453 149
493 148
485 144
485 145
504 157
411 107
482 138
482 137
481 136
494 156
435 129
373 129
373 128
461 156
460 156
482 136
481 138
480 139
329 135
471 166
429 114
479 138
478 138
495 147
478 137
478 136
479 136
448 146
477 135
476 136
475 136
475 135
474 135
473 135
473 134
474 133
475 133
473 132
472 133
471 133
471 132
473 166
474 132
476 135
472 132
475 137
475 138
431 126
347 136
476 138
453 140
453 139
471 134
472 135
474 134
486 144
504 147
496 148
515 161
514 160
516 162
516 163
517 163
518 163
519 163
479 135
519 162
519 161
519 160
515 159
514 158
515 157
433 162
517 171
517 162
402 151
403 151
516 164
430 139
519 164
520 165
364 105
521 166
518 165
518 166
521 165
522 164
521 163
523 165
523 166
425 163
443 134
325 122
524 166
525 165
522 166
524 165
342 120
520 167
520 168
368 137
402 129
521 168
315 131
523 167
523 168
410 142
524 168
357 121
525 169
526 168
526 167
527 166
461 169
480 170
481 169
482 170
482 169
481 171
430 126
526 169
459 156
424 153
393 113
481 170
482 171
527 168
528 169
529 170
457 143
530 170
531 171
531 170
530 172
313 131
506 166
529 169
457 153
528 171
527 171
462 147
531 172
426 166
427 167
365 148
522 165
525 170
525 171
524 172
523 172
526 171
446 124
446 123
446 122
446 121
480 140
343 112
344 111
480 141
518 167
488 144
507 157
499 153
499 154
477 134
477 133
477 132
477 131
477 130
489 145
373 158
500 154
501 155
502 154
470 131
470 130
469 129
468 130
467 129
466 129
470 129
355 142
320 128
469 131
380 124
380 123
468 132
402 106
403 106
376 158
465 128
464 129
454 153
464 128
466 130
466 131
463 167
462 166
467 131
375 153
341 155
481 140
473 136
472 137
463 128
497 167
462 128
461 128
461 127
462 126
461 125
460 124
459 123
458 123
342 149
457 122
460 123
382 126
490 153
491 153
492 153
459 125
459 126
460 126
462 125
463 124
462 123
315 143
463 126
464 126
340 134
465 126
465 125
458 122
443 121
333 138
444 120
457 124
504 154
460 125
506 156
332 148
463 125
459 127
456 121
455 120
455 119
456 119
457 119
458 120
454 121
454 122
455 122
496 145
496 144
497 160
506 152
452 149
432 134
453 121
461 123
413 157
452 121
452 120
452 119
441 130
452 118
451 117
505 151
450 116
400 129
354 147
353 147
453 119
434 115
377 153
385 131
377 109
392 130
449 152
451 116
426 156
450 118
449 118
450 119
490 156
339 118
410 130
451 119
453 118
449 120
448 121
450 121
331 124
332 124
333 124
448 117
447 116
448 116
366 156
366 157
366 158
447 118
447 119
446 115
445 115
423 132
384 147
503 158
502 158
463 123
483 140
408 120
418 137
451 118
462 127
454 123
454 124
455 124
447 120
444 114
443 113
442 112
441 112
440 112
440 111
444 112
442 114
442 115
457 120
400 146
373 107
466 127
467 127
468 127
521 164
443 115
411 162
439 112
438 112
437 112
436 111
438 111
479 167
374 155
441 111
440 113
440 114
441 114
443 114
510 158
417 159
529 171
521 167
491 144
502 153
522 168
514 164
525 173
484 141
503 154
476 137
340 131
339 130
495 150
402 158
401 159
468 133
468 134
487 146
487 147
486 148
485 147
441 153
506 159
465 127
309 132
457 123
338 131
488 147
439 111
458 124
477 137
450 120
469 133
442 116
442 117
441 118
440 117
440 116
461 129
462 130
462 131
463 132
434 160
464 131
309 128
362 115
320 138
451 121
443 117
444 118
445 117
435 112
434 113
433 146
524 167
468 140
375 107
517 164
509 160
509 161
508 162
520 169
520 170
519 171
520 172
519 173
357 150
519 172
382 122
449 162
519 174
446 134
479 137
498 150
490 146
490 147
510 161
472 134
491 147
464 130
483 143
502 156
475 139
475 140
474 141
453 120
445 116
476 140
477 141
476 142
477 143
478 140
446 117
465 130
438 113
437 114
449 122
439 114
442 119
441 120
520 159
521 160
522 160
453 128
454 127
470 138
470 137
454 126
477 140
527 167
501 151
512 160
504 156
466 156
523 169
523 170
505 157
524 170
497 153
497 154
496 155
468 126
467 130
389 120
447 147
446 146
446 145
486 143
478 139
456 120
460 127
479 140
471 136
441 113
452 122
452 123
452 124
451 125
480 159
464 133
463 134
344 112
346 131
347 132
348 133
503 151
453 123
445 119
504 146
504 145
504 144
504 143
505 142
505 141
506 140
505 139
366 154
364 147
505 143
481 137
506 144
507 143
508 144
506 145
444 121
426 111
397 126
508 143
427 120
507 145
316 136
473 140
472 139
470 148
503 142
502 142
501 143
418 147
500 142
499 142
337 145
499 141
500 140
499 139
500 139
501 138
500 137
499 136
498 137
497 137
503 171
502 139
503 138
503 140
496 137
476 154
495 136
495 135
496 134
353 149
371 132
498 136
340 111
501 140
529 172
503 139
362 135
363 135
364 135
499 160
339 128
415 136
399 146
513 161
496 136
357 154
502 141
494 137
494 138
493 136
492 136
495 138
498 138
497 139
497 140
496 141
491 135
492 134
493 134
389 140
491 133
490 133
378 115
442 167
490 132
490 131
489 131
441 163
488 130
489 129
490 129
329 125
501 169
487 162
474 140
315 135
314 134
515 158
490 135
440 166
432 157
437 161
398 159
406 127
465 163
334 138
489 130
331 114
332 114
443 124
331 115
464 150
327 144
488 132
487 132
478 165
488 133
407 109
489 133
491 132
492 131
517 161
384 127
517 160
368 115
368 116
366 111
398 126
487 134
486 135
414 147
480 147
335 109
395 156
487 135
488 135
415 146
357 140
490 134
502 144
501 145
501 139
378 125
446 133
375 106
369 118
417 147
505 145
497 141
486 131
485 130
486 130
485 141
486 129
485 128
486 127
346 109
497 138
484 127
442 136
435 139
485 132
485 133
430 116
472 164
472 163
466 160
484 129
483 129
482 129
351 116
351 115
433 160
482 144
481 128
480 129
428 156
345 115
326 134
480 128
479 128
484 128
435 119
478 128
406 149
478 127
478 126
473 133
474 164
424 110
478 125
479 124
478 123
477 123
476 124
475 124
446 131
474 123
336 141
314 127
508 161
372 140
473 122
472 121
471 120
476 123
472 120
429 144
389 143
389 142
475 125
475 126
472 152
472 151
472 150
401 158
485 131
483 160
417 160
484 160
476 126
438 120
479 126
322 138
471 122
309 130
521 162
488 131
474 122
345 155
477 122
354 125
327 141
470 119
469 119
468 120
486 161
368 104
434 127
467 119
466 119
465 120
324 131
464 119
463 120
443 140
443 141
356 138
355 138
354 138
467 125
367 117
426 157
466 118
467 117
466 116
379 152
428 123
465 116
464 117
464 116
469 118
313 129
473 124
472 125
463 116
462 116
461 115
466 121
476 125
355 107
391 119
525 166
337 126
468 121
375 110
375 109
364 148
468 122
467 123
477 125
469 121
523 163
523 162
461 117
426 120
488 141
489 141
422 150
369 139
479 125
480 171
421 116
472 122
528 166
456 146
529 167
530 167
464 118
428 154
386 116
475 127
476 128
468 124
502 137
503 136
504 135
503 134
502 134
501 133
504 133
447 159
347 131
388 150
389 150
504 132
505 131
504 130
506 132
454 149
507 133
351 149
434 137
382 136
338 139
339 140
471 151
484 149
516 171
503 130
525 168
502 129
503 128
501 128
500 127
501 126
501 125
503 127
498 166
442 124
444 164
384 113
401 150
413 112
393 146
448 167
401 149
402 148
506 164
448 143
505 163
480 125
481 126
362 156
349 155
449 140
435 115
501 127
445 134
505 133
481 125
482 124
483 125
366 136
366 135
366 134
468 151
523 160
439 127
401 147
477 121
495 168
477 120
386 135
481 167
482 126
494 136
459 167
385 128
402 160
403 161
331 135
411 154
475 157
464 138
465 145
507 132
508 131
508 130
507 129
336 129
362 154
507 142
508 141
384 104
506 142
512 168
335 123
368 145
368 146
508 142
508 133
509 134
510 133
510 134
403 149
509 157
452 168
500 129
321 137
499 129
333 151
417 137
420 123
500 130
375 131
501 130
441 154
394 153
503 129
506 134
506 135
433 127
507 135
499 131
498 131
312 134
482 125
502 130
472 119
472 118
449 119
502 131
503 132
505 132
498 128
497 127
497 126
498 126
488 154
394 147
497 129
496 126
495 126
494 126
388 107
470 136
494 125
493 124
492 123
498 153
482 165
349 146
491 123
490 123
490 122
346 107
384 158
432 130
489 121
364 125
493 123
492 125
492 126
493 126
358 110
433 126
439 131
439 130
483 161
390 132
437 128
495 125
496 124
399 144
379 109
401 133
488 122
487 122
463 122
458 131
458 130
489 123
493 135
467 148
471 130
472 130
472 154
437 160
430 114
373 139
414 149
491 122
494 127
494 128
464 136
465 136
340 122
453 161
425 141
411 121
486 150
429 133
376 146
495 128
415 113
490 124
489 125
489 126
490 127
450 135
448 132
342 153
467 118
460 115
459 115
458 115
479 164
457 114
456 113
415 114
438 116
471 124
470 124
386 129
352 141
501 129
493 125
504 134
505 135
497 131
496 132
413 155
472 158
491 131
486 121
485 120
485 122
485 121
334 109
489 132
462 135
508 145
509 146
509 147
510 147
511 146
512 147
512 146
314 125
388 155
425 118
313 124
511 148
511 149
356 123
417 150
512 149
513 149
514 150
514 149
483 156
515 149
516 150
517 149
369 129
370 128
369 150
360 131
409 155
517 150
518 151
441 151
519 150
448 155
426 144
437 124
408 118
360 112
399 120
483 138
484 137
439 164
439 163
476 144
519 152
483 158
518 153
466 117
393 122
496 135
511 134
512 134
366 145
507 139
507 138
396 133
404 120
408 141
408 142
422 131
521 172
510 146
423 109
513 151
513 152
473 121
474 120
474 119
474 118
421 162
514 152
515 153
516 152
516 151
443 157
469 127
470 126
470 127
400 117
439 118
406 146
506 137
355 140
406 158
510 155
517 152
509 148
508 149
507 150
508 151
510 149
512 148
507 152
469 130
390 119
516 154
515 155
374 142
515 148
515 147
514 146
450 126
351 135
387 114
408 119
457 141
500 141
387 138
416 116
519 154
355 150
520 155
521 156
518 155
521 155
351 106
522 154
521 153
523 155
524 154
478 146
523 156
524 153
392 153
493 130
382 145
410 161
468 139
456 169
407 152
524 156
525 156
526 156
526 157
392 141
527 156
528 156
529 157
530 157
479 145
444 154
375 108
388 153
389 152
363 144
363 145
405 151
522 153
319 128
392 131
468 118
497 128
434 158
388 119
525 158
525 159
526 159
367 145
528 158
486 128
528 159
503 169
529 159
530 160
531 161
532 162
533 163
440 121
531 160
320 116
475 167
472 171
510 145
510 144
325 117
461 142
356 119
357 118
356 118
340 109
377 140
458 151
530 162
533 162
534 161
533 160
426 110
340 144
494 159
534 160
463 151
437 126
534 163
535 164
535 163
414 145
446 167
536 163
419 119
451 159
453 138
452 137
451 137
450 137
378 146
438 164
536 162
536 161
536 160
536 159
532 164
331 125
465 153
410 116
485 164
522 156
331 136
535 165
470 161
535 166
536 167
537 166
441 152
537 165
538 164
539 164
438 118
400 148
538 166
379 107
537 168
433 148
434 149
435 148
426 124
505 129
468 149
375 130
524 155
536 165
429 142
377 130
496 168
520 157
438 152
439 151
538 165
446 147
333 128
527 155
527 154
375 118
453 159
419 116
531 162
523 157
455 164
448 134
336 151
477 150
362 113
363 112
364 111
395 135
432 133
535 168
534 169
533 169
333 116
504 142
479 153
524 158
374 109
534 162
365 155
526 158
538 168
527 158
492 137
492 138
491 139
490 139
373 148
394 130
511 150
511 151
510 152
511 153
362 111
417 113
419 129
470 118
481 127
501 142
386 106
493 138
485 134
484 135
482 128
474 124
466 120
467 121
496 125
507 134
499 130
489 122
508 135
509 136
510 136
511 136
512 137
512 136
388 105
511 138
512 139
513 139
514 140
515 141
516 140
516 139
440 133
523 153
517 140
518 139
519 139
519 140
463 163
516 142
495 123
496 139
343 110
337 125
394 149
472 141
424 120
539 167
514 139
326 131
515 139
486 126
383 116
433 139
528 157
517 139
326 135
396 157
513 141
512 141
401 117
514 142
516 141
517 142
518 143
521 154
518 142
519 142
519 141
386 147
512 138
518 144
519 145
520 145
518 145
485 162
520 144
462 132
521 143
522 144
523 143
434 123
524 144
525 145
327 122
526 144
411 161
527 144
525 146
526 147
346 152
346 119
366 112
388 138
393 144
328 121
524 143
527 143
528 142
527 141
343 131
386 146
370 113
523 145
455 121
509 132
479 157
479 156
396 109
526 146
430 166
510 143
372 118
450 156
461 165
337 135
449 126
468 164
373 152
373 151
420 159
429 154
351 146
476 157
490 141
491 141
527 146
528 146
447 135
529 147
386 127
513 158
379 134
348 135
410 119
529 146
530 145
395 146
468 161
414 158
419 139
426 155
443 112
364 157
317 136
397 125
381 158
382 158
327 143
473 152
522 143
525 148
525 149
487 161
526 149
527 150
528 149
402 115
401 114
327 120
441 116
413 134
385 114
407 107
399 111
422 141
528 148
529 149
530 150
441 129
531 150
532 151
533 150
534 149
371 106
534 148
388 129
415 155
325 119
492 132
497 145
534 151
467 138
472 170
498 146
532 152
401 115
355 119
337 148
534 150
408 149
333 122
415 134
533 152
379 113
434 147
521 145
459 154
451 128
407 155
467 170
528 147
521 142
516 149
522 141
523 141
405 116
503 126
340 132
515 168
443 154
468 147
442 134
524 145
367 139
528 151
527 152
387 107
530 151
530 152
529 153
395 148
527 145
446 120
531 152
534 152
535 153
535 154
536 155
537 156
536 153
537 153
538 154
538 153
355 128
379 132
537 155
501 167
538 156
539 157
403 127
419 138
539 156
484 161
540 156
371 128
539 158
539 159
540 160
470 155
536 152
537 151
536 150
424 129
472 149
471 152
540 158
347 134
408 139
479 134
479 133
535 155
364 145
539 161
540 162
504 128
505 127
463 168
538 155
388 109
442 113
526 148
537 157
515 138
514 137
515 137
493 154
441 162
515 136
324 121
464 158
530 154
531 155
499 127
501 136
425 149
532 154
458 129
378 132
500 131
519 144
492 127
492 128
511 140
510 141
522 155
373 149
514 151
533 164
493 128
525 160
525 161
503 141
495 137
428 142
506 146
506 147
526 161
527 162
527 163
527 164
497 136
429 145
528 164
528 161
496 138
515 151
488 134
453 169
452 170
451 170
450 170
347 133
490 170
508 140
329 111
330 112
373 113
435 162
335 146
435 127
497 124
507 147
480 130
481 131
482 132
481 133
482 134
496 151
480 131
323 117
483 131
311 130
384 150
412 152
388 132
498 155
473 143
455 150
406 148
452 162
499 143
477 124
426 134
469 120
489 135
461 116
492 140
470 121
504 150
462 117
481 130
473 126
472 127
472 128
455 114
455 115
456 116
456 117
513 159
399 142
464 169
465 169
495 145
361 120
454 114
453 114
497 148
448 156
465 170
465 171
378 113
454 113
313 142
312 143
311 142
355 141
488 162
311 143
404 155
529 148
521 144
540 157
532 153
522 145
533 151
514 141
533 154
525 150
525 151
503 131
347 110
495 127
487 123
487 124
360 128
506 136
517 151
536 164
496 128
343 132
488 124
528 160
507 137
520 156
510 148
529 161
521 157
513 153
395 142
513 154
512 155
491 134
483 130
502 143
494 139
494 140
514 154
484 131
503 144
476 127
353 145
495 140
468 123
487 136
486 137
398 157
506 149
465 117
480 133
458 114
469 123
539 160
517 141
536 154
509 137
509 138
528 150
312 144
520 146
519 147
520 147
518 147
517 147
498 127
510 138
529 151
521 147
513 143
512 143
454 170
513 169
445 159
405 143
333 118
532 156
532 157
533 158
534 157
340 107
491 124
324 129
427 133
502 133
535 167
494 129
505 144
524 157
484 121
483 121
482 122
438 161
474 142
459 145
483 120
516 153
495 130
457 163
456 162
455 162
375 140
498 158
498 157
487 126
517 154
509 150
528 163
479 127
498 140
471 123
490 136
490 137
364 136
472 124
491 137
464 120
483 133
475 129
475 130
462 164
348 134
528 140
527 139
527 138
526 138
525 138
524 139
523 138
514 161
363 154
380 107
399 124
523 137
522 136
521 135
520 135
520 134
407 162
406 162
406 161
433 124
476 132
465 143
481 153
348 146
347 145
346 145
399 154
527 142
431 114
432 113
432 112
432 111
432 110
433 110
316 146
448 122
525 140
525 141
402 152
480 123
437 137
436 137
431 133
376 122
377 121
377 120
370 148
431 109
430 110
429 109
375 116
492 167
531 158
430 109
461 167
520 136
519 137
518 137
517 137
457 116
531 151
324 117
521 137
521 138
350 106
513 133
514 134
515 134
516 134
517 135
388 151
511 137
518 135
518 134
404 109
368 127
368 126
472 162
472 161
523 146
523 147
523 148
522 149
521 150
368 133
396 154
522 151
394 110
535 157
505 134
524 147
497 130
516 143
516 144
516 145
393 153
434 110
486 120
538 167
517 144
530 163
530 164
530 165
509 140
520 149
527 157
519 153
498 130
490 126
531 164
501 141
493 137
512 150
523 159
475 119
482 127
526 170
505 147
497 143
516 156
517 157
517 158
518 157
515 160
467 120
486 133
459 116
459 117
459 118
460 119
461 120
460 121
461 119
478 129
467 156
489 144
508 157
527 170
500 153
460 117
519 166
492 149
492 150
492 151
368 117
321 145
511 162
511 163
510 164
329 115
471 126
319 139
523 136
535 147
536 148
438 159
470 125
481 139
501 154
493 150
512 163
485 146
504 159
503 160
494 169
524 137
516 133
515 132
514 131
513 131
512 131
511 130
512 129
513 130
463 127
482 140
455 123
474 136
466 132
466 133
466 134
538 157
444 113
530 153
447 155
446 156
496 153
495 153
494 152
352 146
467 133
508 134
459 129
527 147
478 142
479 143
480 143
519 143
511 139
531 154
456 123
448 119
440 115
501 131
493 127
357 117
512 140
485 123
485 124
504 136
523 149
433 112
534 164
485 159
526 160
390 150
391 151
392 151
518 156
497 133
498 133
321 129
499 133
537 169
400 127
456 163
454 171
333 110
332 111
333 112
334 112
333 111
423 145
515 150
507 146
486 123
478 119
479 120
480 121
338 118
409 132
480 120
530 166
376 108
435 157
436 158
312 137
334 111
489 134
508 147
527 160
500 143
519 156
492 139
511 152
409 141
314 132
470 120
522 167
481 129
473 125
514 163
493 140
525 172
485 136
504 149
503 153
463 117
513 135
482 130
454 148
455 113
473 161
474 126
506 158
466 122
465 123
496 150
515 163
447 145
333 123
488 146
352 136
351 137
351 138
459 120
350 149
507 159
480 142
499 155
459 119
364 110
511 129
368 131
477 136
469 132
489 147
500 156
492 152
342 151
533 153
512 130
504 126
371 136
451 120
470 133
398 153
443 116
461 164
462 129
481 142
358 117
412 111
454 125
473 138
504 171
317 118
534 154
371 127
526 150
518 146
537 159
435 111
340 139
341 140
508 136
455 126
456 126
457 126
496 127
447 122
515 140
488 123
393 151
507 136
499 132
404 160
444 116
435 147
436 112
489 124
529 160
508 137
480 155
481 155
500 133
492 129
532 165
532 166
532 167
511 142
367 134
522 157
514 153
533 166
485 126
525 162
525 163
484 130
503 143
454 138
495 139
506 148
518 159
435 124
435 125
496 140
333 113
528 172
447 136
488 136
507 149
480 132
499 145
310 129
477 126
355 137
469 122
510 160
374 150
313 135
461 118
521 169
378 120
379 120
473 137
525 139
430 167
491 146
442 141
441 142
377 131
470 123
502 155
462 119
454 115
453 116
494 151
473 128
514 166
526 140
518 136
329 120
484 143
503 156
476 139
495 152
468 135
478 154
468 136
487 148
333 136
521 148
478 135
488 129
404 150
446 116
465 129
457 125
449 121
468 171
469 171
470 171
510 137
374 127
529 150
521 146
385 136
384 136
379 136
540 159
513 142
532 155
439 113
457 161
458 126
450 122
469 135
442 118
461 131
460 132
460 133
416 135
502 132
407 160
522 147
514 143
533 156
525 152
443 119
484 120
502 168
348 110
503 133
495 129
487 125
506 138
435 114
517 153
496 130
536 166
509 149
488 126
528 162
520 158
508 159
480 122
499 135
498 139
510 150
529 163
521 159
513 155
532 168
472 123
490 171
491 136
483 132
502 145
475 128
494 141
493 142
402 125
494 142
369 146
484 133
524 169
516 165
476 129
495 142
468 125
487 138
488 138
528 139
465 119
457 115
517 166
509 162
529 140
530 141
530 142
531 142
532 143
532 144
533 144
534 145
533 146
532 147
531 148
499 158
492 155
535 145
422 153
531 141
530 143
533 143
520 171
521 136
312 142
513 132
532 145
479 139
458 116
498 152
471 135
490 148
489 149
490 150
489 151
407 119
392 116
451 158
490 149
385 149
461 121
522 137
535 156
514 133
525 142
471 171
472 136
491 149
464 132
524 146
475 141
494 154
506 128
507 127
452 157
488 121
539 162
453 122
445 118
517 143
536 156
509 139
528 152
520 148
446 119
438 115
498 129
430 111
490 125
531 163
510 140
521 149
513 145
491 126
483 122
523 158
502 135
475 118
494 131
494 132
535 169
505 146
369 136
524 159
484 123
497 142
516 155
476 119
487 128
486 132
517 156
509 152
520 161
332 110
527 169
460 116
479 129
519 165
498 142
471 125
490 138
535 146
501 153
493 149
512 162
472 126
504 158
464 122
483 135
523 171
475 131
516 132
482 139
539 152
505 159
497 155
403 111
517 133
464 156
349 140
463 162
509 129
509 128
328 117
455 158
341 136
360 149
474 171
520 138
361 114
515 172
447 154
352 145
466 167
467 132
413 161
486 145
459 128
364 119
364 120
364 121
364 122
364 123
478 141
384 134
444 148
376 130
531 153
510 130
436 144
342 137
456 122
361 150
334 133
407 117
489 156
448 118
353 146
508 169
354 111
459 164
345 142
346 143
347 143
348 143
373 124
460 129
500 165
364 155
365 120
479 142
492 161
357 116
471 138
409 163
410 164
411 164
412 164
437 145
323 123
502 125
315 119
314 120
315 121
315 122
315 120
314 122
313 122
448 154
535 159
440 150
441 115
481 151
387 144
347 108
501 166
433 111
406 157
379 140
493 162
485 158
390 149
350 113
351 113
352 113
353 114
353 115
353 116
375 104
505 136
524 149
337 143
451 165
497 132
316 120
356 156
443 161
348 152
463 139
327 129
328 130
328 131
329 130
321 127
320 126
319 126
318 125
359 144
495 167
482 152
455 135
319 125
434 112
474 148
360 126
380 141
466 144
372 137
445 121
486 122
391 150
383 146
384 111
330 140
444 125
376 107
349 153
509 142
435 156
341 149
455 171
456 171
457 171
342 114
496 172
361 127
447 167
333 145
413 120
488 168
334 110
467 145
353 123
508 146
345 119
459 141
527 159
364 132
364 133
519 155
498 132
311 126
444 161
531 166
490 128
436 157
437 122
477 158
409 140
456 135
314 131
388 117
428 153
375 147
489 169
448 131
354 124
326 142
394 160
440 127
367 143
386 156
346 120
347 121
346 122
348 120
387 121
378 152
338 116
493 139
357 129
439 168
512 152
485 135
377 107
504 148
323 136
523 161
451 142
315 132
475 121
356 133
335 110
462 151
441 128
368 144
481 164
442 133
454 147
387 157
473 160
474 125
367 156
339 135
380 110
381 111
381 110
379 153
380 118
485 171
486 171
487 171
488 171
371 149
526 172
372 114
318 143
431 163
505 149
518 168
518 169
410 140
383 123
330 117
463 152
349 130
455 148
341 126
474 161
360 139
447 144
515 162
466 157
352 135
507 158
467 122
432 164
405 147
364 109
478 131
384 124
310 138
309 139
309 140
309 141
338 150
310 139
376 120
444 138
531 143
436 134
363 150
342 127
334 123
489 146
353 136
394 137
326 119
373 114
345 132
527 172
500 155
386 133
365 110
519 168
406 111
311 139
511 164
471 128
357 106
357 105
458 158
437 135
409 153
352 114
477 171
450 154
314 144
314 145
469 167
470 132
461 163
535 149
481 141
368 121
387 134
359 152
501 156
406 147
452 114
451 114
450 113
449 112
448 113
447 113
446 112
446 113
450 112
449 114
379 130
493 152
534 153
371 126
485 148
504 161
505 161
506 161
451 155
337 133
537 158
356 146
470 168
421 143
329 129
402 113
516 135
443 151
348 142
349 107
503 165
463 129
340 138
482 142
454 160
455 125
360 116
474 138
524 173
447 121
380 131
506 170
393 150
352 112
435 146
322 126
372 127
412 163
404 159
383 136
538 159
403 114
330 130
530 155
444 115
349 143
341 139
382 140
496 162
361 117
447 157
488 158
352 148
467 135
507 171
353 113
480 154
413 164
527 149
499 167
499 168
499 169
498 169
385 145
345 109
459 131
500 132
405 160
446 161
397 156
511 141
457 170
531 156
436 147
477 148
449 166
428 143
314 121
456 125
469 144
489 159
375 137
394 150
326 132
367 133
346 110
500 168
359 129
387 111
378 142
492 164
493 164
494 164
533 165
493 129
512 142
325 136
439 158
461 166
485 125
458 171
344 149
504 138
523 151
336 145
450 167
451 132
470 145
442 163
443 128
348 119
389 157
462 141
481 154
368 134
454 137
473 150
379 143
380 143
381 143
534 166
380 108
371 139
526 162
318 133
518 158
432 118
337 146
383 113
443 164
329 142
484 165
463 142
349 120
435 123
476 161
340 151
381 152
455 138
341 116
360 129
515 152
447 134
487 170
352 125
351 125
466 147
507 148
499 144
478 121
310 128
465 151
444 128
530 168
435 159
322 139
436 124
363 140
342 117
382 153
355 136
334 113
374 149
489 136
375 114
480 167
321 143
385 158
345 122
386 123
500 145
519 158
332 152
492 141
378 119
311 129
511 154
324 148
439 135
344 126
458 148
477 161
409 143
450 144
469 157
423 141
442 140
470 122
375 150
461 153
461 154
462 118
367 146
408 147
368 111
522 169
387 124
514 165
473 127
378 155
379 155
380 155
381 156
325 149
371 116
485 138
526 139
317 145
472 168
451 145
337 123
356 136
329 119
348 132
462 154
463 119
503 155
340 128
341 129
454 150
495 151
360 106
474 128
466 124
506 160
412 153
318 146
431 166
432 167
432 168
433 167
518 171
404 149
405 114
351 143
330 120
370 156
435 136
362 152
322 116
322 115
382 130
468 170
496 152
515 165
333 125
488 148
374 126
507 161
480 144
385 135
499 157
405 150
446 151
519 135
310 141
465 164
438 147
511 131
457 160
458 125
363 153
477 138
449 156
355 149
510 172
469 134
375 127
415 163
461 130
367 123
407 159
522 146
386 136
359 119
406 114
492 154
533 155
439 148
325 126
344 139
458 161
317 122
450 157
336 135
491 158
451 122
356 113
442 153
470 135
443 118
389 147
348 109
502 167
408 160
368 124
481 144
494 163
400 156
347 150
534 156
371 129
526 152
318 123
518 148
337 136
350 155
537 161
329 132
330 133
331 133
331 132
370 133
484 155
349 110
503 168
476 151
435 113
340 141
495 164
381 142
496 129
401 157
360 119
447 124
515 142
487 160
488 125
352 115
434 154
453 167
339 145
499 134
404 162
445 163
351 156
465 141
343 152
457 137
436 114
363 130
382 143
355 126
428 110
488 161
374 139
529 162
480 157
321 133
521 158
385 148
386 113
500 135
446 164
332 142
378 109
324 138
438 160
439 125
344 116
458 138
449 169
448 170
448 171
477 151
336 112
450 134
469 147
442 130
388 159
461 143
367 136
408 137
522 159
481 121
359 132
427 150
514 155
379 110
533 168
325 139
366 140
525 164
317 135
431 120
336 148
398 154
337 113
491 171
464 154
356 126
483 167
369 145
443 131
484 132
348 122
503 145
475 163
340 118
335 152
495 141
487 137
433 166
506 150
453 144
432 121
518 161
351 133
465 118
484 168
370 146
343 129
435 126
476 164
362 142
507 140
363 107
517 165
381 155
382 120
496 142
309 136
468 160
328 149
374 116
434 167
320 145
480 134
385 125
499 147
500 147
501 148
312 141
446 141
332 119
465 154
438 137
457 150
363 143
477 128
449 146
450 147
451 147
452 147
355 139
510 162
469 124
375 117
321 146
407 149
367 113
521 171
408 114
427 127
513 167
359 109
514 132
378 122
373 156
533 145
460 161
325 116
439 138
365 152
344 129
471 170
336 125
491 148
442 143
483 144
502 157
462 121
389 137
408 150
526 142
494 153
454 117
514 168
401 111
419 159
347 140
420 124
506 127
393 107
366 153
452 156
412 120
358 149
404 116
518 138
423 129
350 145
464 167
369 158
368 158
484 145
370 123
476 141
362 119
381 132
381 133
495 154
468 137
328 126
487 150
506 163
393 143
507 128
434 144
453 157
426 140
331 131
405 117
445 153
446 118
392 147
397 113
465 131
422 147
438 114
411 160
343 142
457 127
362 155
363 120
403 156
449 123
355 116
395 152
510 139
374 129
529 152
415 130
321 123
394 107
540 161
513 144
446 154
332 132
324 128
438 150
439 115
479 151
498 164
430 146
458 128
449 159
450 124
490 160
491 125
396 153
442 120
461 133
388 149
456 167
389 114
448 163
408 127
494 130
427 140
354 156
400 123
514 145
419 136
366 130
338 148
525 154
317 125
431 110
358 126
472 148
491 161
377 139
464 144
369 135
483 157
484 122
502 170
503 135
475 153
494 166
340 108
495 131
381 109
401 124
327 138
441 160
487 127
393 120
433 156
434 121
452 169
453 134
404 129
445 130
351 123
391 159
370 136
411 137
343 119
362 132
517 155
381 145
382 110
309 126
536 168
468 150
509 151
328 139
488 128
374 106
320 135
434 157
480 124
520 160
339 148
312 131
426 153
445 166
331 144
330 145
486 167
392 160
438 127
478 163
457 140
384 156
498 141
430 123
376 152
444 170
449 136
396 130
415 143
388 126
321 136
407 139
521 161
313 132
513 157
427 117
354 133
373 146
460 151
419 113
324 141
365 142
366 107
471 160
357 138
336 115
460 163
491 138
377 116
418 154
464 121
437 167
323 145
369 112
483 134
389 127
502 147
418 146
429 163
421 159
494 143
400 136
441 137
420 114
347 130
366 143
452 146
412 110
358 139
377 152
464 157
423 119
350 135
369 148
410 149
524 171
316 142
475 166
476 131
362 109
516 167
381 122
422 160
308 138
414 156
328 116
487 140
528 141
434 134
474 170
520 137
453 147
339 125
426 130
445 143
331 121
330 122
331 122
392 137
465 121
411 150
398 122
384 133
457 117
403 146
517 168
363 110
449 113
355 106
509 164
510 129
396 107
529 142
385 147
415 120
361 149
520 173
407 116
467 167
513 134
332 122
459 163
373 123
460 128
364 154
324 118
479 141
495 143
365 119
498 154
430 136
471 137
396 143
437 144
456 157
388 139
408 117
448 153
535 158
354 146
400 113
440 149
514 135
419 126
460 164
346 142
347 107
501 165
338 138
406 156
366 120
357 151
358 116
472 138
377 129
464 134
350 112
504 170
369 125
483 147
524 148
376 109
475 143
316 119
335 132
422 137
441 150
327 128
414 133
393 110
506 130
451 124
319 124
434 111
452 159
453 124
380 140
399 153
445 120
350 148
505 171
391 149
392 114
410 162
343 109
383 145
362 122
517 145
403 123
349 152
536 158
395 119
509 141
328 129
528 154
455 170
320 125
447 166
520 150
385 105
386 104
426 143
467 144
331 134
486 157
459 140
392 150
478 153
438 117
384 146
430 113
403 159
444 160
376 142
531 165
395 155
436 156
396 120
510 142
415 133
388 116
456 134
407 129
334 145
448 130
513 147
326 141
354 123
345 154
373 136
460 141
365 132
479 154
338 115
448 165
357 128
471 150
512 151
491 128
418 144
377 106
437 157
323 135
483 124
456 170
429 153
389 117
475 120
448 166
421 149
494 133
422 114
440 162
441 127
346 155
347 120
371 105
371 104
372 104
387 156
433 123
338 151
452 136
358 129
399 130
485 170
350 125
505 148
524 161
410 139
497 144
317 137
316 132
476 121
402 135
516 157
381 112
468 117
482 164
414 146
455 147
434 124
474 160
339 115
380 153
445 133
372 149
430 158
331 111
486 134
432 163
392 127
478 130
451 134
383 158
411 140
384 123
444 137
376 119
395 132
435 168
436 169
435 169
509 154
342 126
415 110
361 139
392 107
334 122
467 157
353 135
508 158
349 109
365 109
345 131
459 153
460 118
478 166
364 144
479 131
519 167
498 144
311 138
425 160
471 127
490 140
417 156
409 152
437 134
428 165
456 147
314 143
429 130
408 107
535 148
421 126
354 136
440 139
439 140
440 140
346 132
387 133
338 128
366 110
493 151
452 113
357 141
358 106
512 164
418 157
377 119
464 124
504 160
323 148
523 173
369 115
524 138
315 144
470 167
335 122
422 127
462 163
327 118
368 156
441 140
482 141
433 136
474 137
539 154
380 130
372 126
391 139
410 152
497 157
383 135
411 117
538 158
403 113
330 129
349 142
463 164
509 131
395 109
455 160
341 138
528 144
360 151
520 140
447 156
361 116
466 169
352 147
467 134
458 160
353 112
486 147
413 163
459 130
527 148
478 143
405 159
425 137
444 150
376 132
417 133
396 110
436 146
437 111
342 139
456 124
388 106
334 135
448 120
489 158
353 148
508 171
354 113
345 144
373 126
500 167
460 131
345 121
501 132
365 122
492 163
471 140
418 134
458 170
504 137
323 125
437 147
523 150
429 143
470 144
421 139
535 161
494 123
440 152
441 117
387 146
501 168
473 149
433 113
406 159
381 124
379 142
452 126
534 165
398 155
371 138
485 160
350 115
390 151
505 138
391 116
524 151
451 167
497 134
383 112
316 122
516 147
443 163
348 154
463 141
349 119
414 136
482 154
455 137
319 127
434 114
474 150
447 133
352 124
466 146
372 139
413 140
486 124
392 117
432 153
478 120
383 148
424 149
330 142
403 126
416 145
444 127
435 158
395 122
436 123
341 151
342 116
447 169
361 129
333 147
488 170
467 147
353 125
508 148
527 161
459 143
500 144
364 134
519 157
479 121
447 146
442 122
425 150
515 164
311 128
531 168
490 130
417 146
418 111
337 127
436 159
477 160
409 142
428 155
314 133
456 137
469 156
429 120
375 149
489 171
448 133
326 144
440 129
386 158
387 123
359 141
360 142
359 142
378 154
480 146
406 136
379 119
493 141
398 132
512 154
485 137
390 128
369 105
451 144
372 116
438 149
315 134
470 157
356 135
335 112
422 117
462 153
348 131
463 118
481 166
414 113
482 131
473 162
474 127
380 120
420 156
466 123
399 133
371 151
391 129
431 165
518 170
423 161
497 147
383 125
402 138
330 119
530 144
463 154
349 132
435 135
341 128
360 141
361 106
466 159
352 137
467 124
507 160
413 153
499 156
432 166
478 133
405 149
519 134
424 162
310 140
425 127
397 145
416 158
444 140
531 145
436 136
363 152
409 119
342 129
456 114
428 132
334 125
375 126
489 148
394 139
326 121
345 134
500 157
365 112
519 170
406 113
378 131
311 141
357 108
398 109
439 147
344 138
504 127
323 115
523 140
469 169
470 134
442 152
421 129
367 158
481 143
408 159
368 123
387 136
359 154
473 139
452 116
534 155
398 145
485 150
399 110
526 151
390 141
397 112
431 142
391 106
318 122
505 128
451 157
537 160
356 148
329 131
516 137
443 153
348 144
491 130
492 166
503 167
387 113
463 131
454 162
340 140
455 127
495 163
401 156
360 118
447 123
466 136
506 172
393 152
372 129
413 130
404 161
432 143
405 126
538 161
424 139
330 132
444 117
322 128
395 112
436 113
341 141
382 142
496 164
428 109
333 137
361 119
374 138
488 160
480 156
508 138
394 116
345 111
459 133
527 151
500 134
405 162
364 124
446 163
492 130
397 158
425 140
511 143
417 136
458 137
449 168
314 123
428 145
429 110
469 146
375 139
448 123
394 152
440 119
367 135
481 120
522 158
386 148
501 135
359 131
427 149
406 126
533 167
493 131
512 144
325 138
439 160
485 127
344 151
504 140
390 118
450 169
336 147
337 112
491 170
470 147
356 125
443 130
389 159
462 143
348 121
481 156
368 136
340 117
482 121
454 139
534 168
420 146
371 141
372 106
526 164
412 142
431 155
518 160
404 138
432 120
383 115
423 151
424 116
329 144
370 145
484 167
349 122
476 163
340 153
341 118
455 140
381 154
468 159
333 114
515 154
488 137
352 127
434 166
413 143
499 146
405 139
310 130
424 152
425 117
397 135
416 148
444 130
457 149
436 126
363 142
409 109
477 127
382 155
428 122
374 151
334 115
489 138
394 129
480 169
367 112
521 170
313 141
386 125
378 121
492 143
511 156
439 137
344 128
458 150
477 163
450 146
336 124
469 159
442 142
461 155
421 119
462 120
367 148
522 171
368 113
454 116
387 126
427 162
400 145
473 129
379 122
419 158
366 152
371 118
485 140
526 141
390 131
431 132
537 150
464 166
423 128
443 143
369 157
329 121
484 144
463 121
503 157
340 130
454 152
502 169
336 137
455 117
360 108
474 130
401 146
487 149
466 126
506 162
393 142
412 155
453 156
518 173
404 151
423 164
538 151
351 145
370 158
416 125
530 147
343 141
322 118
435 138
363 119
496 154
382 132
333 127
488 150
374 128
507 163
508 128
394 106
499 159
385 137
384 138
385 138
446 153
332 131
397 148
465 166
511 133
417 126
457 162
430 145
458 127
363 155
449 158
450 123
355 151
469 136
396 152
415 165
375 129
461 132
407 161
367 125
522 148
386 138
427 139
359 121
514 144
378 134
533 157
419 135
325 128
439 150
398 112
525 153
344 141
390 108
317 124
450 159
491 160
356 115
442 155
443 120
389 149
462 133
348 111
408 162
494 165
454 129
384 145
400 158
473 142
420 136
534 158
347 152
393 119
506 139
412 132
526 154
431 145
518 150
350 157
537 163
329 134
484 157
370 135
503 170
349 112
476 153
362 131
381 144
341 108
496 131
382 109
515 144
328 138
488 127
352 117
393 155
434 156
413 133
339 147
426 152
445 165
446 130
483 169
392 159
416 138
343 154
457 139
363 132
449 135
428 112
510 151
374 141
415 142
489 128
529 164
321 135
394 119
385 150
386 115
513 156
332 144
446 166
378 111
532 169
492 133
438 162
324 140
479 163
458 140
344 118
449 171
336 114
450 136
469 149
442 132
461 145
502 146
389 126
481 123
522 161
427 152
359 134
514 157
473 119
419 148
533 170
534 171
420 113
325 141
366 142
371 108
412 109
431 122
358 138
472 160
491 173
337 115
377 151
423 118
369 147
484 134
348 124
503 147
475 165
476 130
340 120
381 121
422 159
327 150
487 139
433 168
393 132
412 145
413 110
453 146
404 141
445 142
424 119
416 115
411 149
476 166
362 144
517 167
363 109
381 157
309 138
468 162
509 163
488 140
374 118
529 141
320 147
480 136
385 127
499 149
426 165
332 121
446 143
532 146
465 156
438 139
457 152
458 117
430 135
449 148
396 142
469 126
461 122
367 115
407 151
521 173
408 116
522 138
313 144
354 145
359 111
427 129
378 124
419 125
533 147
365 154
325 118
525 143
344 131
336 127
377 128
491 150
356 105
442 145
483 146
502 159
389 139
475 142
408 152
494 155
454 119
401 113
441 149
347 142
420 126
506 129
393 109
366 155
412 122
452 158
539 163
358 151
518 140
404 118
423 131
350 147
505 170
351 112
484 147
370 125
362 121
476 143
381 134
495 156
536 157
487 152
328 128
528 153
434 146
507 130
320 124
339 137
426 142
385 104
499 126
445 155
351 148
397 115
392 149
465 133
343 144
457 129
430 112
363 122
403 158
449 125
355 118
395 154
374 131
529 154
415 132
321 125
407 128
313 121
386 105
513 146
332 134
373 135
532 159
324 130
439 117
344 108
430 148
471 149
490 162
491 127
396 155
437 156
483 123
502 136
389 116
535 170
427 142
514 147
400 125
440 161
346 154
347 119
366 132
317 127
431 112
358 128
377 141
491 163
464 146
350 124
369 137
483 159
484 124
524 160
316 131
475 155
503 137
476 120
335 144
494 168
422 149
495 133
327 140
487 129
433 158
319 136
452 171
380 152
453 136
339 114
426 119
445 132
370 138
411 139
383 157
343 121
362 134
403 135
468 152
382 112
509 153
328 141
374 108
415 109
320 137
434 159
520 162
480 126
339 150
385 117
312 133
331 146
486 169
438 129
479 130
498 143
430 125
449 138
376 154
510 154
436 168
396 132
415 145
388 128
407 141
313 134
354 135
427 119
419 115
460 153
365 144
479 166
345 143
366 109
471 162
358 105
377 118
491 140
418 156
464 123
437 169
323 147
361 151
369 114
483 136
389 129
429 165
502 149
475 132
335 121
421 161
494 145
441 139
433 135
452 148
412 112
539 153
453 113
358 141
404 108
350 137
464 159
505 160
410 151
370 115
497 156
411 116
516 169
476 133
402 147
517 134
422 162
536 147
468 129
509 130
328 118
528 143
434 136
520 139
339 127
466 168
426 132
445 145
331 123
486 146
392 139
343 134
411 152
384 135
517 170
403 148
376 131
355 108
509 166
395 144
510 131
342 138
415 122
529 144
321 115
407 118
521 140
467 169
354 112
513 136
532 149
459 165
373 125
460 130
364 156
324 120
365 121
498 156
471 139
490 152
437 146
388 141
456 159
389 106
502 126
494 122
535 160
354 148
440 151
400 115
346 144
460 166
347 109
365 157
366 122
338 140
452 125
493 163
357 153
472 140
358 118
350 114
504 172
505 137
369 127
524 150
475 145
316 121
516 146
335 134
422 139
327 130
414 135
482 153
452 161
539 166
453 126
380 142
426 109
399 155
372 138
445 122
383 147
343 111
411 129
497 169
384 112
403 125
349 154
509 143
395 121
341 150
320 127
520 152
447 168
361 128
312 123
467 146
486 159
459 142
392 152
438 119
478 155
384 148
430 115
444 162
376 144
531 167
395 157
396 122
437 123
456 136
388 118
334 147
407 131
489 170
326 143
427 109
440 128
373 138
345 156
346 121
460 143
501 144
365 134
338 117
357 130
512 153
377 108
437 159
323 137
369 104
483 126
315 133
475 122
448 168
494 135
335 111
440 164
481 165
347 122
387 158
433 125
338 153
452 138
379 154
380 119
371 150
350 127
505 150
524 163
370 105
410 141
383 124
497 146
316 134
516 159
308 130
307 131
307 130
463 153
468 119
482 166
455 149
360 140
434 126
474 162
339 117
466 158
426 122
372 151
331 113
486 136
432 165
478 132
384 125
444 139
376 121
531 144
395 134
436 135
342 128
361 141
407 108
334 124
467 159
352 149
353 137
508 160
373 115
345 133
459 155
460 120
364 146
365 111
519 169
311 140
471 129
511 165
357 107
490 142
437 136
409 154
323 114
523 139
428 167
456 149
448 145
535 150
440 141
367 157
346 134
387 135
501 157
338 130
493 153
497 123
356 147
452 115
358 108
512 166
485 149
504 162
369 117
451 156
524 140
315 146
470 169
516 136
402 114
335 124
421 164
462 165
463 130
482 143
454 161
319 116
474 139
380 132
466 135
445 112
372 128
383 137
497 159
538 160
402 150
403 115
330 131
530 156
349 144
463 166
509 133
360 153
447 158
520 142
361 118
466 171
507 172
467 136
486 149
459 132
345 110
405 161
478 145
519 146
397 157
376 134
444 152
531 157
436 148
437 113
342 141
428 144
388 108
334 137
489 160
354 115
326 133
394 151
440 118
345 146
346 111
500 169
501 134
365 124
492 165
357 120
504 139
323 127
450 168
523 152
315 123
470 146
462 142
368 135
441 119
482 120
378 156
387 148
433 115
473 151
452 128
493 166
379 144
380 109
534 167
371 140
526 163
372 105
390 153
505 140
451 169
337 147
383 114
443 165
329 143
348 156
349 121
463 143
482 156
340 152
341 117
455 139
360 130
474 152
352 126
466 148
372 141
478 122
384 115
330 144
376 111
530 169
444 129
435 160
322 140
436 125
341 153
382 154
342 118
361 131
333 149
334 114
489 137
353 127
480 168
508 150
373 105
345 123
500 146
519 159
479 123
492 142
471 119
511 155
458 149
409 144
477 162
314 135
469 158
448 135
375 151
440 131
367 147
481 132
368 112
522 170
501 147
359 143
387 125
338 120
379 121
493 143
512 156
485 139
371 117
504 152
337 124
451 146
356 137
470 159
443 142
307 132
462 155
368 148
481 168
340 129
454 151
482 133
455 116
473 164
360 107
474 129
380 122
466 125
371 153
412 154
431 167
518 172
383 127
330 121
530 146
349 134
322 117
435 137
341 130
455 152
360 143
515 166
361 108
447 148
333 126
488 149
352 139
507 162
467 126
508 127
459 122
527 140
364 113
519 136
310 142
465 165
511 132
416 160
444 142
531 147
436 138
477 139
334 127
489 150
375 128
508 163
326 123
367 124
500 159
386 137
406 115
378 133
511 168
357 110
439 149
512 133
458 162
344 140
504 129
450 158
523 142
451 123
442 154
356 114
481 145
408 161
368 125
454 128
359 156
473 141
371 130
485 152
526 153
390 143
505 130
318 124
518 149
337 137
383 104
537 162
400 147
443 155
329 133
484 156
349 111
463 133
454 164
495 165
341 107
455 129
360 120
447 125
515 143
352 116
466 138
393 154
384 105
538 163
330 134
530 159
444 119
435 150
436 115
363 131
382 144
342 108
496 166
428 111
333 139
374 140
489 127
353 117
480 158
527 153
345 113
499 171
500 136
386 114
446 165
519 149
397 160
511 145
458 139
409 134
449 170
477 152
437 116
469 148
429 112
375 141
461 144
367 137
481 122
386 150
359 133
427 151
387 115
501 137
473 118
514 156
379 111
493 133
439 162
325 140
371 107
485 129
344 153
450 171
336 149
451 136
337 114
470 149
356 127
443 132
483 168
348 123
462 145
503 146
340 119
454 141
482 123
473 154
534 170
380 112
506 151
372 108
526 166
318 137
432 122
518 162
383 117
329 146
484 169
370 147
330 111
349 124
476 165
362 143
341 120
496 143
382 121
515 156
447 138
488 139
352 129
434 168
480 135
385 126
499 148
446 142
310 132
465 155
457 151
436 128
449 147
477 129
382 157
510 163
469 125
374 153
489 140
321 147
326 113
367 114
500 149
313 143
359 110
513 168
492 145
378 123
439 139
458 152
344 130
450 148
336 126
451 113
469 161
442 144
461 157
462 122
522 173
481 135
408 151
454 118
359 146
473 131
514 169
379 124
419 160
420 125
534 147
371 120
526 143
358 150
464 168
537 152
443 145
402 107
329 123
484 146
348 136
503 159
495 155
401 148
360 110
515 133
487 151
447 115
352 106
466 128
412 157
453 158
499 125
499 124
404 153
445 154
351 147
465 132
530 149
343 143
435 140
322 120
363 121
382 134
496 156
355 117
488 152
374 130
321 124
480 148
385 139
499 161
500 126
332 133
446 155
492 122
532 158
465 168
438 151
511 135
439 116
457 164
498 165
344 107
449 160
477 142
450 125
355 153
469 138
442 121
461 134
367 127
522 150
387 105
359 123
378 136
533 159
325 130
439 152
525 155
344 143
317 126
431 111
336 139
451 126
442 157
356 117
443 122
502 171
389 151
348 113
475 154
454 131
494 167
495 132
400 160
441 161
347 154
506 141
318 127
518 152
351 124
370 137
484 159
435 117
362 133
476 155
381 146
341 110
496 133
382 111
487 164
515 146
328 140
374 107
528 165
339 149
453 171
385 116
499 138
331 145
445 167
446 132
438 128
384 157
363 134
477 119
449 137
355 130
510 153
374 143
529 166
367 104
386 117
313 133
332 146
532 171
373 147
492 135
324 142
479 165
439 129
430 160
344 120
458 142
471 161
336 116
450 138
437 168
461 147
389 128
502 148
522 163
494 144
427 154
514 159
400 137
419 150
420 115
366 144
317 139
431 124
358 140
404 107
337 117
423 120
350 136
369 149
329 113
483 171
484 136
370 114
316 143
381 123
422 161
468 128
401 138
414 157
487 141
393 134
434 135
453 148
339 126
404 143
445 144
405 108
465 122
370 150
416 117
411 151
343 133
457 118
362 146
517 169
403 147
363 111
382 124
509 165
488 142
374 120
529 143
520 174
480 138
521 139
426 167
385 129
467 168
332 123
532 148
438 141
324 119
457 154
430 137
458 119
449 150
450 115
490 151
396 144
469 128
510 166
442 111
415 157
461 124
456 158
388 140
407 153
522 140
359 113
427 131
513 171
400 114
514 136
533 149
460 165
419 127
365 156
325 120
366 121
357 152
491 152
464 135
369 126
483 148
502 161
389 141
475 144
335 133
494 157
495 122
400 150
347 144
506 131
433 147
452 160
412 124
453 125
539 165
358 153
423 133
464 171
505 172
351 114
370 127
410 163
497 168
476 145
362 123
402 159
517 146
381 136
468 141
496 123
487 154
528 155
434 148
520 151
339 139
312 122
499 128
385 106
445 157
486 158
465 135
343 146
457 131
403 160
363 124
376 143
449 127
355 120
396 121
529 156
342 150
521 152
407 130
540 165
313 123
513 148
332 136
532 161
373 137
460 142
324 132
365 133
439 119
479 155
430 150
498 168
344 110
490 164
491 129
437 158
389 118
502 138
408 131
494 134
440 163
346 156
419 140
338 152
358 130
377 143
423 110
464 148
350 126
524 162
484 126
370 104
316 133
476 122
516 158
308 129
422 151
381 113
327 142
441 164
487 131
319 138
434 125
380 154
339 116
426 121
331 112
372 150
351 127
392 128
411 141
343 123
362 136
403 137
517 159
395 133
328 143
374 110
528 168
415 111
320 139
361 140
520 164
312 135
467 158
331 148
332 113
438 131
478 167
479 132
430 127
425 161
498 145
376 156
396 134
415 147
456 148
388 130
428 166
407 143
408 108
448 144
354 137
427 121
373 150
419 117
460 155
346 133
479 168
365 146
338 129
357 142
471 164
358 107
512 165
472 129
418 158
491 142
464 125
369 116
429 167
475 134
494 147
421 163
422 128
368 157
441 141
327 119
433 137
452 150
539 155
358 143
404 110
350 139
505 162
391 140
370 117
410 153
411 118
497 158
402 149
517 136
422 164
468 131
536 149
463 165
328 120
414 160
455 161
528 145
434 138
360 152
520 141
339 129
466 170
445 147
478 144
384 137
457 121
403 150
444 151
449 117
376 133
509 168
396 111
415 124
342 140
361 153
407 120
334 136
467 171
508 172
513 138
354 114
373 127
345 145
365 123
357 119
471 141
490 154
418 135
323 126
437 148
388 143
456 161
389 108
502 128
448 157
535 162
338 142
421 140
494 124
354 150
440 153
346 146
387 147
347 111
433 114
406 160
366 124
493 165
452 127
357 155
398 156
358 120
485 161
390 152
350 116
524 152
451 168
497 135
316 123
516 148
335 136
327 132
482 155
414 137
487 121
433 150
474 151
380 144
399 157
445 124
486 125
391 153
392 118
343 113
497 171
383 149
411 131
402 162
330 143
376 110
395 123
509 145
341 152
320 129
520 154
447 170
333 148
361 130
312 125
353 126
373 104
459 144
478 157
479 122
498 135
430 117
425 151
471 118
531 169
396 124
436 160
437 125
388 120
456 138
429 121
334 149
326 145
354 127
440 130
373 140
460 145
346 123
501 146
365 136
338 119
357 132
377 110
418 148
504 151
323 139
483 128
523 164
369 106
429 157
470 158
421 153
335 113
422 118
441 131
368 147
414 114
473 163
379 156
452 140
380 121
371 152
372 117
391 130
505 152
410 143
383 126
411 108
516 161
308 132
463 155
349 133
482 168
455 151
319 141
361 107
380 157
352 138
372 153
413 154
486 138
459 121
478 134
364 112
424 163
425 128
444 141
416 159
376 123
531 146
395 136
342 130
456 115
361 143
407 110
334 126
353 139
326 122
345 135
459 157
373 117
500 158
460 122
365 113
425 164
511 167
471 131
357 109
512 132
409 156
437 138
323 116
429 134
469 170
448 147
535 152
421 130
440 143
387 137
359 155
501 159
338 132
406 150
493 155
379 133
452 117
485 151
504 164
390 142
410 120
524 142
497 125
356 149
402 116
516 138
462 167
348 145
482 145
454 163
455 128
319 118
380 134
466 137
445 114
372 130
391 143
392 108
432 144
383 139
538 162
403 117
530 158
322 129
509 135
435 149
395 113
341 142
496 165
342 107
360 155
447 160
352 151
508 139
459 134
499 170
345 112
478 147
519 148
498 125
397 159
511 144
531 159
436 150
409 133
437 115
314 124
428 146
456 128
388 110
429 111
448 124
489 162
354 117
440 120
500 171
346 113
378 145
338 109
493 132
357 122
439 161
512 145
398 123
418 138
504 141
323 129
523 154
451 135
315 125
442 166
462 144
481 157
441 121
454 140
387 150
379 146
380 111
372 107
526 165
390 155
431 156
391 120
318 136
410 133
451 171
337 149
329 145
443 167
349 123
463 145
455 141
341 119
360 132
474 154
333 115
447 137
352 128
466 150
507 151
413 144
405 140
478 124
384 117
330 146
416 149
444 131
530 171
417 114
322 142
436 127
382 156
334 116
374 152
489 139
353 129
508 152
345 125
527 165
500 148
386 126
311 132
471 121
511 157
418 115
477 164
409 146
314 137
429 124
469 160
421 120
367 149
481 134
522 172
501 149
427 163
359 145
387 127
473 130
406 140
379 123
493 145
534 146
398 136
371 119
451 148
356 139
329 122
443 144
462 157
414 117
482 135
455 118
360 109
474 131
447 114
420 160
352 105
412 156
372 120
413 121
404 152
518 174
423 165
383 129
538 152
424 130
330 123
403 107
530 148
416 126
341 132
382 133
361 110
447 150
488 151
507 164
467 128
353 106
508 129
459 124
500 125
405 153
364 115
519 138
397 149
425 131
465 167
416 162
531 149
417 127
436 140
363 156
409 123
428 136
456 118
355 152
469 137
448 114
489 152
326 125
394 143
367 126
386 139
500 161
359 122
378 135
492 157
406 117
493 122
398 113
325 129
512 135
458 164
390 109
504 131
336 138
523 144
450 160
356 116
442 156
462 134
481 147
454 130
359 158
400 159
534 159
420 137
399 114
412 133
526 155
318 126
431 146
337 139
537 164
383 106
423 142
402 119
484 158
348 148
349 113
463 135
435 116
341 109
401 160
515 145
447 127
487 163
466 140
352 118
507 141
453 170
499 137
432 147
405 130
424 143
416 139
343 155
530 161
435 152
322 132
363 133
436 117
382 146
342 110
355 129
428 113
488 164
529 165
394 120
480 160
385 151
500 138
519 151
532 170
378 112
511 147
438 163
439 128
430 159
344 119
458 141
469 150
375 143
461 146
421 110
522 162
481 124
408 140
427 153
387 117
359 135
473 120
533 171
325 142
371 109
525 167
344 155
390 122
317 138
431 123
451 138
442 169
483 170
329 112
348 125
340 121
454 143
495 144
474 121
401 137
420 150
506 153
412 146
372 110
413 111
318 139
432 124
518 164
405 107
423 155
351 136
330 113
370 149
362 145
476 167
341 122
382 123
374 119
507 154
480 137
499 150
459 114
446 144
310 134
425 121
465 157
438 140
417 117
458 118
363 146
449 149
409 113
428 126
510 165
415 156
489 142
375 120
394 133
367 116
522 139
513 170
427 130
359 112
406 107
492 147
533 148
439 141
525 144
344 132
458 154
336 128
450 150
491 151
451 115
442 146
470 128
356 106
461 159
462 124
502 160
408 153
454 120
427 166
400 149
514 171
419 162
420 127
371 122
526 145
358 152
431 136
518 141
337 129
537 154
464 170
370 126
484 148
503 161
381 135
515 135
447 117
487 153
352 108
507 131
453 160
339 138
445 156
424 133
397 116
465 134
343 145
411 163
457 130
363 123
374 132
529 155
321 126
480 150
508 132
521 151
385 141
500 128
332 135
446 157
532 160
492 124
438 153
457 166
430 149
498 167
477 144
490 163
450 127
469 140
396 156
442 123
388 152
461 136
367 129
522 152
427 143
359 125
514 148
533 161
325 132
366 133
525 157
317 128
390 112
431 113
491 164
464 147
369 138
484 125
348 115
389 153
475 156
454 133
495 134
487 130
420 140
347 156
393 123
506 143
433 159
412 136
453 137
432 114
518 154
351 126
370 139
343 122
381 148
309 129
382 113
468 153
487 166
328 142
528 167
507 144
520 163
480 127
339 151
385 118
499 140
445 169
486 170
332 112
397 129
465 147
438 130
363 136
449 139
376 155
355 132
469 117
529 168
321 139
367 106
407 142
386 119
513 160
460 154
324 144
365 145
344 122
430 162
471 163
336 118
450 140
483 137
429 166
502 150
389 130
408 143
494 146
473 123
400 139
419 152
420 117
366 146
412 113
358 142
377 155
423 122
350 138
370 116
484 138
316 145
476 134
362 112
422 163
381 125
487 143
414 159
393 136
426 133
445 146
405 110
351 139
465 124
397 106
392 140
343 135
416 119
411 153
362 148
363 113
449 116
509 167
355 109
395 145
510 132
374 122
529 145
415 123
321 116
521 141
513 137
332 125
459 166
532 150
438 143
479 144
458 121
450 117
510 168
396 146
415 159
456 160
388 142
461 126
389 107
502 127
522 142
354 149
359 115
400 116
514 138
460 167
338 141
525 147
358 119
377 132
491 154
464 137
369 128
483 150
475 146
495 124
422 140
327 131
347 146
433 149
506 133
453 127
404 122
445 123
350 151
391 152
370 129
497 170
411 130
402 161
476 147
362 125
517 148
381 138
468 143
509 144
328 132
434 150
520 153
339 141
385 108
312 124
426 146
486 160
465 137
478 156
457 133
498 134
403 162
376 145
449 129
444 163
355 122
395 158
396 123
529 158
407 132
334 148
313 125
427 110
354 126
513 150
532 163
460 144
324 134
365 135
498 170
471 153
490 166
323 138
483 127
429 156
502 140
475 123
408 133
448 169
421 152
440 165
347 123
452 139
358 132
377 145
423 112
350 128
370 106
524 164
316 135
475 159
516 160
335 148
308 131
381 115
441 166
482 167
487 133
319 140
380 156
426 123
372 152
445 136
351 129
343 125
411 143
384 126
403 139
528 170
320 141
361 142
520 166
467 160
353 138
332 115
373 116
478 169
438 133
430 129
498 147
396 136
456 150
407 145
408 110
535 151
354 139
400 106
440 142
460 157
346 135
501 158
366 113
357 144
472 131
358 109
377 122
418 160
464 127
504 163
524 141
470 170
335 125
494 149
421 165
422 130
441 143
327 121
414 126
319 117
452 152
453 117
380 133
445 113
350 141
505 164
391 142
410 155
383 138
411 120
403 116
517 138
349 145
536 151
414 162
328 122
455 163
434 140
520 143
339 131
426 136
352 150
467 137
331 127
446 114
392 143
384 139
498 124
403 152
376 135
444 153
396 113
510 135
436 149
415 126
456 127
361 155
407 122
353 151
354 116
513 140
345 147
459 169
460 134
500 170
429 146
365 125
479 147
471 143
