480 472
479 473
478 473
477 474
476 473
481 473
476 474
478 474
477 472
476 471
478 471
479 470
480 469
481 470
477 475
482 471
483 470
484 469
485 468
486 469
487 468
482 474
475 472
474 471
473 472
483 473
484 474
484 475
474 473
479 469
478 468
479 467
480 466
477 469
480 468
484 468
477 471
485 476
484 477
478 470
482 470
483 478
482 477
482 479
480 470
484 470
486 467
485 469
487 466
486 465
487 464
486 463
488 463
489 462
489 464
488 465
490 462
481 480
480 479
484 479
486 476
485 478
487 475
486 474
487 473
486 472
487 471
488 470
488 472
488 474
476 475
478 472
482 472
483 471
472 471
471 472
488 467
482 481
490 464
483 480
488 476
475 476
474 475
474 477
485 462
484 461
484 463
470 473
469 474
471 474
484 472
485 471
476 468
481 482
484 481
486 478
473 478
472 478
485 480
486 481
487 480
488 479
488 481
487 482
486 483
485 483
484 484
483 483
482 484
481 485
480 484
482 486
483 485
480 486
481 487
484 486
485 485
482 488
483 487
481 489
484 488
485 487
487 484
489 478
479 485
478 486
487 477
478 484
476 477
477 478
478 477
479 476
480 475
480 477
478 479
468 473
467 472
466 471
465 470
466 469
465 468
467 468
468 467
467 470
488 461
469 467
468 469
465 472
469 469
468 471
466 473
465 474
488 460
487 459
488 469
465 467
480 465
480 474
479 478
490 478
479 487
491 461
492 462
491 479
491 480
483 475
472 475
472 476
475 471
464 471
483 484
484 467
483 466
487 463
484 476
476 472
487 472
468 468
487 481
486 485
487 486
465 471
471 478
491 465
491 466
492 467
483 461
472 470
471 469
464 466
472 479
472 480
483 479
475 475
464 475
464 476
465 477
465 476
483 488
484 462
487 458
487 467
476 467
475 466
468 472
486 480
478 485
479 468
479 477
490 477
471 473
479 486
491 460
490 459
483 465
491 478
472 474
483 474
464 470
475 470
482 487
487 462
486 466
486 475
467 471
486 484
478 480
490 463
479 472
471 468
479 481
479 482
490 481
490 482
491 483
491 484
471 477
491 464
483 460
484 459
484 458
484 457
483 456
472 469
483 469
485 488
475 465
476 464
477 464
476 463
475 462
475 461
476 462
464 465
475 474
464 474
482 473
482 482
474 478
475 479
475 480
476 481
476 482
486 461
486 470
467 466
478 466
486 479
478 475
486 488
490 458
489 457
488 456
488 455
490 467
490 468
491 469
491 470
490 476
491 475
491 474
490 473
490 472
471 481
471 482
471 483
472 484
472 485
483 455
475 460
476 459
477 460
477 459
476 458
475 457
475 456
482 468
463 464
463 473
466 478
478 461
467 479
468 478
468 477
467 476
467 480
467 475
478 488
478 489
478 490
479 462
480 461
480 460
479 459
479 463
479 458
490 471
471 467
472 466
472 465
471 464
471 463
470 480
475 455
476 454
477 455
476 453
475 452
475 451
473 485
474 459
463 477
463 478
464 479
464 480
464 481
465 481
463 482
463 483
464 484
462 476
474 486
475 485
476 486
475 484
474 487
466 482
466 483
467 484
486 460
478 456
467 465
468 464
469 465
469 464
468 463
466 464
465 463
464 462
465 462
464 461
464 460
478 465
467 474
489 471
489 480
479 457
480 456
481 457
480 455
479 454
479 453
492 476
477 487
492 485
471 462
472 461
473 462
472 460
471 459
471 458
470 457
469 456
468 455
469 455
472 457
473 457
468 454
472 456
468 453
472 455
471 454
467 452
467 456
467 457
468 458
468 459
469 460
471 453
470 452
469 451
472 452
473 453
472 451
471 450
472 450
470 466
493 468
494 469
495 468
496 469
495 467
494 466
494 470
494 471
495 472
495 471
494 465
494 464
495 463
496 464
495 462
494 461
493 464
497 470
497 471
498 472
498 473
499 474
498 471
499 470
500 471
499 469
498 468
498 467
497 466
498 466
499 465
499 464
498 463
501 472
501 473
502 474
502 475
503 476
481 466
485 464
470 475
493 477
493 478
494 479
494 480
495 481
481 475
504 477
504 478
504 479
505 480
506 481
505 479
473 471
485 473
493 486
494 485
495 486
494 484
494 483
493 483
493 487
494 488
494 489
495 490
493 482
481 484
470 484
469 483
468 482
470 485
473 480
485 482
482 458
474 454
482 467
497 465
463 463
474 463
482 476
497 474
497 475
497 476
498 477
498 476
463 472
462 471
461 470
460 469
474 472
482 485
466 468
463 481
462 480
461 479
460 478
460 477
459 476
459 475
458 474
459 479
459 480
459 481
460 482
460 483
460 481
474 481
474 482
466 477
467 451
496 487
497 488
498 487
499 488
498 486
497 485
498 485
497 489
497 484
496 483
486 464
488 483
478 460
467 460
467 461
466 459
465 458
464 457
465 457
467 469
478 469
480 488
500 466
489 466
459 474
460 473
461 474
460 472
459 471
500 475
477 473
489 475
492 471
477 482
489 484
489 485
490 486
490 487
491 488
469 478
492 480
458 478
501 467
502 466
503 467
502 465
503 466
501 468
502 469
502 470
503 471
503 472
504 473
505 474
505 475
506 476
506 477
507 478
504 468
505 469
506 468
507 469
506 467
505 470
506 471
506 472
505 471
508 470
461 483
481 461
470 461
493 463
501 476
501 477
502 478
502 479
502 480
503 481
504 482
505 483
505 484
505 485
501 481
501 482
502 483
502 484
503 485
503 486
500 480
499 479
504 486
485 459
470 470
493 472
493 473
494 474
494 475
495 476
495 477
496 478
497 479
497 480
498 481
498 482
499 483
500 484
500 485
501 486
501 487
504 472
473 466
481 479
470 479
493 481
504 481
485 477
462 475
473 475
481 488
485 486
473 484
462 484
482 462
482 463
474 458
463 467
462 468
463 468
462 466
474 467
474 468
497 469
466 463
474 476
463 476
466 472
496 473
507 473
466 481
496 474
496 482
499 478
488 478
467 455
466 454
465 454
465 453
478 455
488 487
488 488
499 487
480 483
489 461
508 474
509 473
509 472
508 475
500 470
477 468
489 470
492 466
489 479
500 479
477 477
458 473
469 473
492 475
477 486
500 488
489 488
461 469
469 482
458 482
457 481
492 484
461 478
470 456
481 456
501 471
473 452
504 467
470 465
481 465
493 467
485 463
473 461
470 474
481 474
493 476
504 476
473 470
485 472
462 470
481 483
470 483
473 479
462 479
503 480
482 457
474 453
482 466
484 485
495 485
474 462
463 462
466 458
466 467
496 468
507 468
488 464
496 477
507 477
488 473
499 473
496 486
488 482
465 480
499 482
480 478
477 454
508 469
480 487
500 465
489 465
477 463
492 461
469 459
500 474
489 474
469 468
492 470
500 483
477 481
489 483
492 479
458 477
469 477
477 490
476 490
475 489
461 473
492 488
470 451
461 482
493 462
470 460
481 460
473 456
485 458
470 469
481 469
473 465
462 465
485 467
481 478
462 474
473 474
503 475
484 471
503 484
495 480
484 480
506 480
474 457
476 476
487 476
466 453
495 489
487 485
476 485
466 462
496 463
468 481
488 459
496 472
507 472
488 468
499 468
465 466
507 481
496 481
480 464
465 475
488 477
499 477
496 490
480 473
488 486
499 486
465 484
457 480
480 482
489 460
477 458
469 454
489 469
477 467
500 469
492 465
469 463
477 476
469 472
492 474
477 485
461 468
458 481
469 481
461 477
481 455
470 455
491 487
473 451
502 487
481 464
470 464
472 483
473 460
462 469
473 469
475 488
503 470
484 466
495 466
503 479
495 475
506 475
495 484
476 480
468 476
476 489
507 467
496 467
465 461
496 476
507 476
480 459
499 472
499 481
465 479
477 453
500 464
477 462
492 460
469 458
479 490
492 469
469 476
458 476
461 472
491 473
502 473
461 481
491 482
502 482
481 459
494 478
473 455
494 487
503 465
475 483
464 483
503 474
487 457
486 456
485 455
486 455
476 457
495 470
506 470
503 483
476 466
495 479
506 479
468 462
495 488
476 484
468 480
496 462
465 456
488 458
507 471
496 471
480 454
465 465
499 467
480 463
499 476
465 483
457 479
498 480
477 457
469 453
498 489
477 466
490 485
469 462
491 459
461 467
502 468
491 468
472 468
472 464
483 464
491 477
502 477
472 473
494 473
491 486
473 450
502 486
475 469
464 469
472 482
483 482
494 482
475 478
464 478
484 456
475 487
503 469
476 452
495 465
484 465
503 478
487 461
476 461
495 474
506 474
468 457
487 470
476 470
484 483
495 483
506 483
468 466
487 479
476 479
468 475
476 488
487 488
468 484
465 460
488 462
480 458
465 469
480 467
498 475
477 452
496 465
479 471
498 484
479 480
490 480
469 457
471 476
460 476
479 489
471 485
491 463
483 459
472 459
491 472
502 472
483 468
494 468
491 481
502 481
464 464
475 464
494 477
483 477
472 477
464 473
475 473
472 486
494 486
483 486
464 482
475 482
484 460
487 456
476 456
495 469
506 469
468 452
487 465
476 465
506 478
468 461
487 474
468 470
509 471
468 479
465 455
488 457
486 487
465 464
478 483
467 483
498 470
479 466
490 466
498 479
479 475
490 475
498 488
460 471
471 471
479 484
490 484
471 480
460 480
472 454
491 467
502 467
494 463
472 463
483 463
502 476
491 476
475 459
464 459
472 472
494 472
483 472
502 485
464 468
475 468
494 481
483 481
472 481
475 477
464 477
505 478
484 455
475 486
476 451
484 464
495 464
497 483
476 460
487 460
468 456
487 469
468 465
486 473
486 482
467 478
478 478
478 487
498 465
459 483
479 461
490 461
498 474
471 457
490 470
498 483
471 466
479 479
490 479
460 475
471 475
479 488
490 488
460 484
471 484
501 485
491 462
483 458
472 458
502 471
491 471
475 454
483 467
494 467
472 467
475 463
464 463
483 476
494 476
464 472
505 473
475 481
482 480
505 482
497 478
482 489
487 455
476 455
497 487
474 485
468 451
468 460
486 459
486 468
509 470
467 464
478 464
486 477
467 473
486 486
478 482
467 482
459 478
479 456
498 469
471 452
490 465
479 465
498 478
471 461
479 474
490 474
471 470
460 470
479 483
490 483
471 479
460 479
501 480
472 453
493 485
504 485
472 462
483 462
494 462
485 481
475 458
464 458
475 467
464 467
505 468
497 464
505 477
482 475
463 471
497 473
497 482
463 480
474 480
466 476
478 459
467 459
509 474
467 477
459 473
459 482
498 464
490 460
479 460
471 456
490 469
471 465
501 466
460 474
501 475
504 471
493 471
501 484
493 480
504 480
470 478
483 457
493 489
475 453
473 483
462 483
482 461
505 472
463 466
474 466
497 468
505 481
463 475
497 477
497 486
474 484
463 484
466 480
486 458
478 454
467 454
478 463
467 463
508 473
478 481
467 481
459 477
500 478
479 455
500 487
489 487
471 451
479 464
492 483
471 460
501 470
504 466
493 466
501 479
504 475
493 475
501 488
470 482
504 484
493 484
462 478
482 456
473 487
474 452
482 465
505 467
474 461
497 463
505 476
466 457
497 472
463 470
474 470
482 483
466 466
474 479
463 479
497 481
466 475
474 488
466 484
496 485
486 462
467 458
478 458
486 471
467 467
478 467
508 468
478 476
459 472
489 473
500 473
500 482
477 480
489 482
492 478
477 489
471 455
492 487
501 465
493 461
470 459
501 474
485 457
470 468
481 468
504 470
493 470
501 483
485 466
462 464
473 464
470 477
493 479
481 477
473 473
485 475
462 473
481 486
493 488
473 482
462 482
485 484
482 460
474 456
482 469
466 452
497 467
463 465
474 465
482 478
466 461
463 474
474 474
466 470
474 483
466 479
496 480
507 480
486 457
467 453
478 453
496 489
499 485
488 485
478 462
467 462
480 481
489 459
508 472
489 468
500 468
492 464
500 477
489 477
469 471
492 473
477 484
489 486
500 486
492 482
458 480
469 480
461 476
481 454
470 472
470 454
501 469
481 463
470 463
493 465
501 478
485 461
473 459
481 472
504 474
493 474
485 470
473 468
504 483
470 481
481 481
485 479
462 477
473 477
482 455
473 486
474 451
482 464
474 460
466 456
474 469
463 469
466 465
496 466
466 474
496 475
507 475
488 471
499 471
496 484
488 480
499 480
465 478
478 457
480 476
480 485
489 463
477 461
489 472
477 470
500 472
469 466
492 468
489 481
477 479
500 481
492 477
458 475
469 475
477 488
461 471
492 486
469 484
461 480
481 458
470 458
485 456
473 454
470 467
493 469
504 469
481 467
485 465
473 463
481 476
470 476
485 474
462 472
503 473
473 481
462 481
503 482
482 459
484 478
495 478
474 455
495 487
466 451
484 487
474 464
487 483
476 483
466 460
507 470
496 470
488 466
499 466
496 479
507 479
480 462
465 473
488 475
499 475
496 488
480 471
488 484
499 484
465 482
480 480
457 478
489 458
477 456
508 471
480 489
469 452
489 467
500 467
477 465
492 463
469 461
489 476
500 476
469 470
492 472
477 483
461 466
492 481
469 479
458 479
461 475
470 453
461 484
491 485
481 462
470 462
473 458
485 460
470 471
481 471
473 467
462 467
503 468
473 476
503 477
495 473
484 473
506 473
474 450
476 469
484 482
495 482
506 482
487 478
476 478
466 455
468 474
476 487
487 487
468 483
465 459
507 474
480 457
