567 572
566 573
567 573
568 572
569 573
569 574
566 572
565 573
564 572
563 573
567 574
566 575
562 574
561 573
560 574
565 576
564 575
563 576
562 577
561 576
560 577
559 576
558 577
557 578
556 577
555 578
568 575
559 573
558 574
557 575
559 578
561 575
564 577
566 574
558 579
557 580
563 575
567 575
569 572
568 574
570 571
569 570
570 569
571 568
571 570
559 580
561 577
555 576
566 576
557 573
556 575
555 574
558 572
557 571
558 570
557 569
559 569
560 568
559 571
561 568
558 581
557 582
556 582
555 581
555 583
554 584
553 583
553 585
552 586
551 585
555 585
556 584
562 572
567 577
554 577
553 576
553 578
565 577
568 576
570 573
553 587
554 586
572 567
559 582
556 568
555 567
555 569
552 579
551 578
566 578
552 588
555 587
557 584
556 586
557 587
558 586
559 585
559 587
558 588
557 589
556 589
555 590
554 589
553 590
552 591
551 590
553 592
554 591
551 592
552 593
555 592
556 591
553 594
554 593
552 595
555 594
556 593
558 590
560 584
553 596
554 595
550 591
549 592
558 583
552 597
556 595
557 596
558 595
559 594
558 597
560 593
561 594
562 593
562 595
563 596
564 595
562 597
561 598
560 598
564 597
565 598
563 598
564 599
568 569
553 580
568 578
568 579
553 589
557 568
557 577
559 596
560 570
561 570
560 579
560 588
560 597
563 593
572 571
572 572
564 576
556 572
552 583
556 581
552 592
564 594
556 590
553 575
552 574
568 573
553 584
559 591
551 587
551 596
571 574
560 583
560 592
572 566
571 565
563 597
572 575
572 576
564 571
563 570
556 567
552 578
556 576
552 587
556 585
552 596
568 568
566 598
559 577
559 586
567 599
567 600
551 582
559 595
551 591
571 569
560 569
560 578
563 574
560 587
563 592
572 570
552 573
556 571
552 582
556 580
555 584
555 593
558 589
567 567
558 598
567 576
570 572
559 572
559 581
551 577
559 590
551 586
559 599
559 600
560 601
560 602
571 564
551 595
560 573
571 573
563 569
560 582
563 578
563 579
564 580
564 581
562 591
556 566
552 577
565 596
554 596
555 579
566 579
555 588
558 584
566 597
555 597
555 598
556 599
556 600
558 593
567 571
559 567
570 567
567 580
567 581
551 572
551 581
561 603
562 604
563 603
564 604
563 602
562 605
565 605
565 600
555 565
555 601
555 602
555 603
556 604
554 600
553 599
566 601
566 602
566 603
567 604
567 605
567 603
567 566
568 565
569 565
568 564
566 565
551 576
550 575
549 574
549 573
548 575
548 576
547 575
571 563
572 562
572 561
571 560
571 559
570 558
570 562
569 561
568 560
568 559
563 568
564 567
564 566
563 565
563 564
564 563
565 563
564 562
564 561
563 560
563 559
562 558
561 557
561 556
564 558
564 557
563 556
560 555
563 555
564 556
560 554
559 553
573 572
562 590
563 589
564 590
563 588
563 587
564 586
564 585
563 584
563 583
562 586
565 591
566 592
567 591
568 592
567 590
566 593
567 594
567 595
567 589
568 588
568 587
567 586
567 585
566 584
566 588
566 583
567 584
568 583
569 593
570 594
571 593
572 594
571 592
570 591
570 595
570 596
571 597
571 596
570 590
570 589
571 588
572 589
572 590
571 587
570 586
570 585
571 584
572 585
571 583
571 582
572 581
572 580
571 579
571 578
570 577
570 581
570 576
573 586
574 587
575 586
576 587
575 585
574 588
575 589
575 590
577 588
578 589
579 588
579 587
578 586
578 585
578 584
579 583
579 582
578 581
578 580
579 579
580 580
579 578
579 577
578 576
577 579
576 578
575 577
575 576
575 575
574 574
574 578
574 579
575 580
575 581
576 582
577 583
578 575
579 574
580 575
579 573
578 572
578 571
579 572
580 571
577 574
576 573
575 572
575 571
570 580
573 581
573 590
565 586
562 599
562 600
565 595
574 573
565 604
554 604
553 603
552 602
551 601
552 601
551 600
554 605
555 606
551 599
550 598
574 582
574 583
577 578
574 591
574 592
547 574
546 573
545 572
545 571
544 570
544 569
545 570
546 569
546 568
545 567
545 566
544 565
544 564
544 573
544 574
545 575
545 576
545 577
546 578
546 577
544 578
544 579
545 580
545 581
546 582
544 582
544 583
544 584
545 585
545 586
546 587
544 587
544 588
544 589
545 590
545 589
543 582
544 568
547 570
548 571
547 579
548 580
548 581
549 582
549 583
548 584
548 585
548 586
549 587
547 584
547 588
547 589
548 590
548 589
548 570
549 569
550 570
549 568
548 567
548 566
549 565
550 566
549 564
549 563
548 562
551 567
551 568
552 569
553 570
553 571
552 568
553 567
553 566
552 565
552 564
553 565
551 563
552 563
553 562
554 563
553 561
552 560
552 559
551 558
550 557
550 556
549 555
549 554
548 553
548 552
549 551
550 552
549 550
549 549
548 561
549 560
550 561
549 559
552 558
553 557
553 556
554 555
554 554
553 553
553 552
552 555
553 551
552 550
552 554
551 549
552 549
553 548
554 549
543 577
543 586
544 563
545 562
546 563
546 564
545 561
546 560
546 559
545 558
545 557
544 560
545 556
546 555
546 554
545 553
545 552
544 551
553 555
544 555
543 554
542 553
542 552
541 554
541 555
540 553
539 552
538 551
538 550
538 549
537 552
537 553
538 554
538 555
544 550
543 549
544 559
543 558
543 557
542 557
544 554
547 556
548 557
547 565
566 587
577 587
547 583
566 596
567 561
567 562
566 560
558 592
570 557
569 556
568 557
568 556
568 555
567 557
567 570
566 569
578 570
579 569
579 568
578 567
577 566
577 565
576 564
576 563
575 562
575 561
574 560
578 566
577 569
576 569
576 568
575 567
575 566
551 553
559 566
560 565
561 566
560 564
559 563
558 562
557 563
557 564
556 563
556 562
556 561
557 560
557 559
556 558
557 558
556 557
559 562
560 563
555 560
558 565
570 566
551 562
570 575
559 575
557 605
558 606
559 605
560 606
559 604
558 603
558 602
551 571
581 572
582 573
583 572
583 571
582 574
583 575
583 576
583 570
582 569
582 568
583 567
584 568
583 566
582 565
582 564
583 565
582 577
582 578
582 579
583 580
583 581
582 582
582 583
583 584
583 585
582 586
555 562
568 570
576 574
581 577
581 586
551 580
581 581
569 579
548 556
584 577
563 554
564 553
565 554
566 555
555 571
564 552
564 551
564 550
563 551
563 550
562 549
561 548
561 547
560 546
560 545
559 544
560 549
559 550
560 551
561 552
561 551
560 550
559 548
558 547
557 546
557 545
556 547
555 546
556 548
556 549
557 550
557 549
569 588
540 552
548 565
550 584
561 584
569 597
568 597
550 593
561 593
561 602
550 602
549 601
548 600
547 600
548 599
547 598
546 597
546 596
545 595
545 594
544 593
544 592
550 603
551 604
551 605
543 591
542 592
541 593
543 563
562 576
554 572
573 585
565 581
555 573
570 592
552 567
542 562
541 563
540 562
547 569
566 582
558 578
581 567
560 544
561 543
562 544
584 572
563 549
550 579
569 592
561 588
562 553
573 562
565 558
585 573
543 576
542 575
562 589
554 585
555 550
574 563
565 594
566 559
577 568
580 579
559 556
558 555
551 552
546 586
557 595
549 591
569 569
560 595
557 555
551 570
580 566
576 584
549 578
542 561
552 598
543 587
560 594
541 574
541 592
540 591
541 560
541 573
540 572
540 575
539 575
561 565
581 580
584 585
550 592
542 588
543 553
561 601
562 566
554 562
573 575
565 571
576 586
555 563
568 582
547 559
539 555
558 568
553 602
545 598
544 598
545 599
543 599
542 598
557 572
546 599
549 604
550 569
569 582
561 578
572 593
564 589
543 566
542 566
542 565
554 575
553 579
558 545
568 595
580 569
546 576
557 585
549 581
569 559
561 555
581 570
560 596
584 575
550 582
563 601
542 578
583 579
562 556
554 552
573 565
565 561
538 574
538 573
537 572
538 572
564 602
556 598
576 576
545 588
546 553
557 562
549 558
548 605
546 584
541 579
580 582
546 589
579 586
542 580
583 568
541 588
549 594
550 559
542 555
548 598
560 575
541 597
541 596
540 595
572 583
564 579
543 556
575 588
541 595
552 604
553 569
540 596
563 599
555 570
567 568
550 580
584 582
586 573
548 595
561 604
543 559
550 562
562 563
569 566
559 551
548 604
573 568
541 565
544 597
557 554
560 557
541 578
566 561
540 577
563 563
541 587
587 574
588 575
556 553
543 596
589 576
585 583
539 578
544 600
544 601
545 565
576 589
568 585
545 601
546 566
549 571
561 545
560 586
571 595
572 560
563 591
583 569
575 565
541 572
552 581
544 577
564 592
556 588
542 571
576 566
538 578
568 562
587 575
553 582
537 577
545 578
537 574
557 552
567 602
559 598
542 563
544 602
538 575
563 580
571 581
544 566
537 576
579 580
547 553
540 586
570 593
586 576
553 605
587 577
587 578
540 585
551 594
579 576
571 572
550 549
541 584
541 583
582 581
548 588
540 584
560 599
585 571
571 580
558 576
571 566
540 579
571 562
547 594
537 571
547 603
564 548
547 602
566 557
553 568
582 580
556 574
554 592
569 567
550 581
548 594
540 590
548 603
541 564
541 582
540 581
539 582
538 583
537 582
537 581
585 570
564 568
582 566
537 580
548 569
548 560
542 595
589 577
590 578
591 579
536 579
564 547
563 546
536 582
535 582
538 582
537 584
537 585
538 585
572 573
563 604
564 569
583 582
556 565
575 578
541 585
552 594
553 559
544 590
545 555
537 551
555 605
534 581
534 580
533 579
534 579
533 581
532 581
531 580
530 579
531 579
530 581
534 582
547 601
567 579
546 556
538 552
578 588
570 584
549 561
560 576
571 585
563 581
548 601
540 597
539 598
541 562
552 571
544 567
564 582
556 578
566 591
545 568
567 592
559 588
560 553
579 566
537 586
537 587
551 584
570 597
590 575
563 558
582 571
548 578
591 576
592 576
593 577
594 576
595 577
595 576
594 578
595 579
596 579
597 579
598 579
540 574
560 589
552 548
572 563
563 594
564 559
556 555
575 568
562 598
541 575
552 584
565 603
553 549
544 580
555 595
547 591
547 592
566 604
539 587
539 588
567 569
538 587
591 580
586 582
558 600
559 565
578 578
570 574
593 575
587 582
588 583
536 581
548 555
540 551
541 550
559 601
560 566
551 597
598 578
598 577
571 575
563 571
530 578
582 584
529 578
528 578
528 577
529 576
548 591
540 587
541 552
552 561
544 557
543 598
555 572
574 585
566 581
537 554
577 590
527 577
526 576
525 575
524 575
523 575
523 574
522 573
521 572
526 575
527 575
522 572
525 577
525 578
526 578
521 574
520 574
547 604
567 582
560 543
551 574
570 587
563 548
548 568
540 564
539 565
593 576
585 572
564 549
562 588
574 562
565 593
566 558
577 567
589 578
547 581
566 594
539 577
567 559
586 572
559 555
578 568
551 551
570 564
536 571
535 572
581 579
560 556
584 584
563 561
561 600
562 565
573 574
552 551
543 588
562 601
554 597
574 575
547 558
566 571
539 554
538 565
537 564
558 567
577 580
524 574
539 590
559 568
546 598
551 564
549 603
569 581
534 572
533 571
532 571
532 570
533 569
531 569
530 569
530 568
534 569
529 568
528 568
528 567
529 566
528 565
527 565
526 566
525 565
526 565
529 565
525 567
548 558
540 554
550 604
542 600
543 565
562 578
554 574
573 587
565 583
543 601
555 575
547 571
558 580
559 545
581 569
592 578
584 574
531 568
569 594
542 577
561 590
562 555
554 551
573 564
565 560
585 575
543 578
554 587
555 552
574 565
587 584
558 557
577 570
524 564
524 563
524 562
523 564
523 563
522 562
521 562
520 561
519 561
518 562
518 561
520 563
520 564
521 564
580 581
551 554
546 588
538 584
517 561
557 597
549 593
550 558
569 571
561 567
581 582
527 574
527 573
527 572
531 581
550 594
542 590
543 555
562 568
554 564
573 577
523 576
576 588
568 584
547 561
553 604
545 600
546 565
557 574
536 551
535 550
535 549
536 549
535 552
534 549
533 549
532 548
533 548
532 550
535 551
549 570
546 601
538 597
537 597
537 596
537 595
538 595
536 594
535 595
535 594
584 564
550 571
569 584
542 567
542 568
561 580
562 545
572 595
564 591
543 568
556 587
576 565
595 578
553 581
530 570
530 571
527 564
526 563
527 563
527 562
519 560
519 559
519 558
531 571
526 577
531 548
530 548
519 573
518 572
519 571
518 574
517 571
516 571
519 570
519 569
518 573
537 563
537 562
538 562
536 561
535 562
535 561
534 594
533 594
532 594
532 593
533 592
532 591
531 592
530 592
530 591
533 591
534 590
533 589
534 589
534 592
531 591
534 591
530 593
533 593
538 564
591 575
594 580
533 570
534 571
526 567
518 563
518 564
586 581
586 580
529 577
519 563
532 582
532 583
522 574
533 583
534 548
525 579
525 580
526 580
539 599
539 600
536 593
536 592
536 591
529 590
528 590
528 589
528 588
529 588
527 587
526 586
527 585
525 587
525 588
526 588
524 587
523 587
523 586
524 585
523 584
522 583
521 582
522 582
521 584
520 584
521 585
522 585
524 584
520 586
521 587
519 583
518 582
519 582
519 581
518 584
518 585
517 581
516 581
522 584
525 589
525 590
526 590
518 586
515 580
514 579
515 578
513 580
513 581
514 581
515 577
515 576
512 580
511 580
511 579
512 578
514 580
521 586
540 599
513 582
513 583
532 595
522 587
514 583
534 561
533 561
532 561
532 560
533 559
532 558
531 557
530 556
529 556
528 555
531 556
530 558
530 559
531 559
533 558
534 557
534 559
529 555
528 557
531 558
534 558
530 560
527 554
526 553
527 552
526 555
525 555
524 554
523 554
523 553
523 552
523 551
524 552
522 552
521 552
524 551
520 553
520 554
521 554
531 561
533 560
525 556
525 557
526 557
537 566
590 577
529 567
521 563
540 576
532 572
532 573
585 584
522 564
541 577
533 573
547 593
539 589
586 584
517 570
517 569
536 583
535 584
535 585
528 579
528 580
520 575
520 576
529 580
521 576
540 589
533 550
543 600
535 596
535 597
524 586
516 582
516 583
536 560
536 559
517 583
536 596
529 557
520 588
521 553
540 566
539 567
532 562
593 578
585 574
510 580
509 579
522 554
555 551
574 564
558 556
539 579
559 557
517 560
517 559
517 558
536 573
535 574
528 569
520 565
520 566
542 589
521 566
562 567
573 576
565 572
544 549
543 590
562 603
535 586
554 599
555 564
574 577
547 560
539 556
539 557
558 569
577 582
524 576
516 572
516 573
536 550
539 592
546 600
551 566
538 596
517 573
549 605
569 583
561 579
540 556
527 586
585 564
531 593
542 602
543 567
562 580
535 563
535 564
554 576
573 589
565 585
512 579
558 546
523 588
524 553
568 596
547 573
580 570
559 547
524 589
557 586
536 563
569 560
520 555
581 571
592 580
584 576
531 570
550 583
569 596
542 579
561 592
562 557
554 553
573 566
565 562
523 565
523 566
564 603
543 580
576 577
555 554
566 563
553 593
558 559
524 566
580 583
546 590
538 586
557 599
530 582
530 583
549 595
550 560
542 556
561 569
527 576
519 572
531 583
572 584
562 570
535 553
535 554
554 566
565 575
552 605
576 590
568 586
534 593
526 589
545 602
546 567
537 598
537 599
538 563
557 576
549 572
515 579
561 546
527 553
538 599
584 566
531 560
550 573
542 569
561 582
562 547
594 579
527 589
519 585
565 552
511 581
523 555
523 556
564 593
576 567
595 580
568 563
587 576
534 570
558 549
545 579
524 556
537 575
557 553
568 599
588 577
580 573
546 580
538 576
530 572
530 573
549 585
550 550
569 563
561 559
527 566
560 600
519 562
531 573
572 574
563 605
564 570
583 583
575 579
554 556
541 586
533 582
553 560
544 591
556 602
576 580
534 583
526 579
545 592
546 557
518 575
518 576
537 588
538 553
557 566
530 549
530 550
549 562
531 550
571 586
550 563
563 582
542 559
529 589
548 602
540 598
519 575
552 572
572 587
564 583
556 579
575 592
522 586
541 599
514 582
533 595
534 560
553 573
525 591
525 592
526 556
545 569
537 565
526 592
567 593
546 570
559 589
538 566
579 567
570 598
530 562
549 575
590 576
582 572
515 582
561 549
548 579
527 556
519 552
518 553
560 590
572 564
591 577
563 595
564 560
583 573
556 556
575 569
522 563
541 576
533 572
552 585
553 550
525 568
525 569
544 581
556 592
576 570
568 566
555 596
534 573
526 569
566 605
545 582
558 601
518 565
518 566
586 583
537 578
578 579
557 556
549 552
559 602
560 567
551 598
571 576
563 572
542 549
582 585
529 579
548 592
521 575
540 588
541 553
532 584
532 585
552 562
572 577
544 558
564 573
556 569
575 582
522 576
541 589
533 585
574 586
534 550
553 563
525 581
544 594
545 559
537 555
567 583
539 601
539 602
559 579
538 556
551 575
570 588
517 582
536 595
528 591
528 592
520 587
540 565
560 580
571 589
563 585
510 579
556 546
529 592
521 588
522 553
540 601
541 566
513 584
513 585
533 562
552 575
525 558
525 559
544 571
589 579
589 580
514 585
555 586
534 563
547 582
566 595
526 559
567 560
558 591
578 569
570 565
536 572
567 596
559 592
579 570
551 588
590 579
563 562
582 575
529 569
548 582
521 565
540 578
532 574
552 552
556 559
543 589
522 566
562 602
554 598
533 575
574 576
545 549
577 581
555 599
547 595
539 591
558 604
578 582
551 565
570 578
517 572
536 585
528 581
548 559
520 577
520 578
540 555
532 551
532 552
550 605
529 582
542 601
521 578
562 579
541 556
573 588
533 552
565 584
544 561
543 602
535 598
535 599
574 589
547 572
566 585
539 568
539 569
559 546
524 588
516 584
516 585
536 562
528 558
528 559
560 547
592 579
517 585
563 552
509 581
569 595
529 559
548 572
561 591
521 555
540 568
593 580
585 576
543 579
562 592
535 575
535 576
534 577
554 588
555 553
574 566
565 597
566 562
558 558
577 571
524 565
589 582
590 583
555 589
547 585
567 563
539 581
558 594
559 559
551 555
570 568
517 562
557 598
536 575
528 571
548 549
547 550
547 549
520 567
581 583
531 582
550 595
542 591
562 569
554 565
573 578
565 574
523 577
523 578
543 592
535 588
554 601
555 566
547 562
539 558
539 559
538 560
558 571
577 584
524 578
516 574
536 552
546 602
538 598
584 565
530 594
530 595
529 596
550 572
569 585
529 549
528 549
527 550
520 580
561 581
562 546
527 588
519 584
585 566
531 595
543 569
562 582
535 565
535 566
534 567
554 578
573 591
565 587
512 581
558 548
523 590
524 555
568 598
588 576
539 571
580 572
559 549
546 579
557 588
549 584
528 561
569 562
520 557
561 558
581 573
584 578
531 572
550 585
569 598
542 581
562 559
565 564
523 567
523 568
564 605
556 601
535 578
576 579
534 586
526 582
555 556
534 595
537 591
526 591
518 587
537 600
530 561
515 581
538 592
527 555
530 588
531 553
538 601
530 597
531 589
529 598
528 598
529 599
528 600
528 601
529 601
530 601
531 602
532 601
533 602
534 602
532 603
532 604
533 604
531 601
530 603
530 604
527 597
526 598
525 598
526 599
525 600
524 597
523 597
523 596
524 595
522 595
521 595
520 594
519 594
518 595
518 594
521 594
522 593
520 596
520 597
521 597
517 594
516 593
517 592
516 591
517 591
519 593
531 604
533 603
534 604
526 600
518 596
518 597
515 590
514 589
515 589
515 588
514 591
513 591
514 592
513 593
512 590
511 590
511 589
512 588
510 588
509 588
509 587
510 586
508 587
507 587
506 587
506 586
507 585
506 584
505 585
504 585
504 584
507 584
508 585
505 584
508 584
504 586
507 586
510 587
529 600
521 596
513 592
532 605
532 606
522 597
514 593
506 588
524 596
517 593
509 589
509 590
528 602
520 598
520 599
510 590
521 599
531 603
512 589
523 598
523 599
505 586
524 599
516 595
534 603
530 605
508 586
527 599
519 595
511 591
511 592
531 606
512 592
522 596
533 605
525 601
525 602
526 602
518 598
515 592
507 588
518 588
517 589
510 589
529 602
521 598
513 594
513 595
532 607
522 599
514 595
530 552
529 553
524 598
516 594
517 595
509 591
509 592
520 600
510 592
527 598
531 605
512 591
504 587
504 588
503 589
523 600
523 601
505 588
524 601
532 554
534 605
526 601
516 587
515 591
530 607
508 588
527 601
519 597
511 593
547 552
512 594
553 595
558 561
504 590
503 591
503 592
503 593
504 594
505 595
506 594
507 595
508 595
506 596
506 597
507 597
503 594
505 594
504 596
504 597
505 597
507 596
508 597
509 598
510 599
511 600
510 598
509 600
512 600
513 601
514 602
514 601
515 601
516 601
517 602
517 601
513 603
513 604
514 604
516 603
516 604
517 604
518 605
519 604
519 603
518 606
518 607
515 600
515 599
515 598
519 606
520 607
520 606
521 605
522 606
523 607
524 608
525 608
526 609
526 608
527 608
528 608
529 609
522 605
525 610
525 611
526 611
521 607
524 607
527 607
523 609
526 610
527 610
522 607
514 603
506 598
506 599
507 599
517 603
509 599
520 608
520 609
510 600
521 609
513 605
523 608
505 596
524 609
516 605
516 606
517 606
508 596
527 609
519 605
511 601
511 602
512 602
504 598
505 599
518 608
518 609
515 602
507 598
508 599
519 608
521 608
522 609
514 605
503 595
506 600
517 605
587 583
509 601
509 602
520 610
520 611
510 602
521 611
512 601
523 610
523 611
505 598
524 611
516 607
516 597
508 598
519 607
511 603
511 604
512 604
522 608
545 591
524 568
557 565
580 585
518 610
518 611
517 612
516 613
516 614
517 614
515 613
514 612
515 611
513 613
514 614
515 610
514 613
516 615
515 612
514 615
515 615
517 615
515 614
546 592
538 588
557 601
530 584
530 585
529 586
531 549
549 597
569 575
542 558
515 604
561 571
507 600
527 578
519 574
531 585
572 586
542 594
535 555
575 591
508 601
554 568
541 598
553 572
544 603
544 604
545 604
531 562
594 581
519 587
523 557
522 598
514 594
525 603
525 604
524 605
526 568
506 589
506 590
526 604
527 605
528 604
518 600
530 574
515 594
507 590
527 568
519 564
510 601
521 610
522 575
513 606
513 607
512 608
533 584
522 611
514 607
534 585
526 581
518 577
518 578
517 579
537 590
530 551
503 597
531 552
529 591
540 600
532 596
532 597
522 588
541 601
514 584
533 597
534 562
525 593
526 558
518 554
518 555
517 556
537 567
537 568
536 569
518 590
519 591
520 590
538 568
530 564
528 603
527 558
519 554
510 591
529 604
521 600
522 565
513 596
513 597
512 598
533 574
525 570
525 571
524 572
514 597
534 575
526 571
546 549
518 567
524 610
503 587
536 584
517 607
529 581
520 612
521 577
532 586
532 587
533 551
510 604
522 578
513 609
533 587
534 552
525 583
537 557
539 603
539 604
530 554
517 584
536 597
509 580
528 593
528 594
527 595
529 558
520 589
540 567
532 563
532 564
593 579
510 581
529 594
521 590
522 555
541 568
513 586
533 564
525 560
589 581
526 561
539 580
518 557
586 575
559 558
505 587
524 600
516 596
536 574
528 570
560 559
517 597
509 593
528 606
529 571
520 602
521 567
540 580
532 576
522 568
535 587
525 573
512 603
504 599
523 612
524 577
547 597
539 593
505 600
516 609
517 574
536 587
528 583
529 548
520 579
540 557
532 553
585 565
531 594
542 603
542 604
521 580
562 581
533 554
525 550
523 589
543 604
535 600
539 570
524 590
516 586
536 564
528 560
520 556
592 581
517 587
530 606
509 583
529 561
520 592
521 557
540 570
527 600
573 567
519 596
585 578
531 607
543 581
562 594
535 577
554 590
555 555
574 568
547 551
565 599
566 564
512 593
558 560
577 573
504 589
523 602
524 567
547 587
539 583
580 584
559 561
505 590
546 591
551 557
516 599
557 600
517 564
536 577
549 596
528 573
548 551
520 569
515 603
581 585
531 584
550 597
542 593
561 606
562 571
508 600
554 567
573 580
519 609
511 605
523 579
523 580
543 594
535 590
576 591
555 568
547 564
566 577
539 560
512 606
558 573
545 603
524 580
516 576
536 554
528 550
546 604
538 600
584 567
530 596
550 574
569 587
542 570
561 583
562 548
527 590
519 586
565 553
585 568
511 582
511 583
531 597
543 571
562 584
535 567
554 580
565 589
566 554
512 583
558 550
577 563
523 592
524 557
568 600
588 578
580 574
526 603
546 581
518 599
538 577
517 554
557 590
549 586
550 551
569 564
515 593
520 559
561 560
561 561
581 575
507 589
527 567
584 580
531 574
550 587
542 583
561 596
562 561
508 590
554 557
527 603
573 570
519 599
565 566
511 595
510 596
523 569
522 570
556 603
576 581
522 610
568 577
547 554
514 606
539 550
534 584
553 597
504 592
545 593
546 558
537 589
557 567
503 596
580 587
546 594
518 612
538 590
557 603
530 586
531 551
514 608
503 598
518 614
515 608
527 582
519 578
535 559
522 589
541 602
533 598
525 594
524 549
534 599
526 595
518 591
538 569
530 565
515 585
527 559
519 555
531 566
529 605
508 582
507 581
521 601
511 587
523 561
522 602
522 603
514 598
534 576
525 607
526 572
546 550
518 568
503 588
506 593
518 604
517 608
507 594
520 613
519 568
522 579
513 610
533 588
534 553
525 584
526 549
537 558
514 611
526 585
518 581
537 594
538 559
530 555
536 598
515 575
527 549
507 580
510 582
529 595
521 591
522 556
540 604
541 569
513 587
532 600
533 565
525 561
522 592
514 588
533 601
534 566
525 597
526 562
518 558
506 583
506 592
560 560
590 582
517 598
509 594
528 607
529 572
520 603
521 568
532 577
510 595
522 560
529 608
521 604
522 569
513 600
533 578
525 574
523 571
539 594
518 571
516 610
517 575
536 588
528 584
540 558
517 611
529 585
521 581
540 594
541 559
532 590
533 555
525 551
532 599
597 576
535 601
536 602
536 603
536 604
537 604
514 578
534 556
526 552
537 561
578 562
524 591
536 565
579 563
579 564
517 588
536 601
509 584
528 597
529 562
520 593
521 558
540 571
532 567
585 579
510 585
556 552
522 559
513 590
533 568
574 569
525 564
523 603
539 584
505 582
586 579
524 560
505 591
524 604
516 600
517 565
536 578
528 574
520 570
509 597
529 575
521 571
541 549
532 580
519 610
543 595
535 591
539 561
512 607
524 581
516 577
536 555
528 551
539 597
517 578
528 587
529 552
520 583
540 561
527 591
532 557
532 566
585 569
531 598
596 578
543 572
562 585
535 568
519 614
554 581
573 594
574 559
573 558
525 554
565 590
512 584
558 551
577 564
523 593
524 558
589 575
535 604
555 582
568 601
569 602
569 603
547 578
588 579
539 574
567 556
558 587
559 552
578 565
505 581
504 580
524 594
570 561
516 590
557 591
517 555
536 568
528 564
520 560
581 576
584 581
531 575
550 588
569 601
542 584
521 561
561 597
562 562
508 591
554 558
527 604
573 571
519 600
565 567
525 609
585 582
511 596
523 570
543 585
535 581
554 594
555 559
574 572
547 555
566 568
539 551
512 597
558 564
553 598
577 577
504 593
523 606
524 571
580 588
518 613
546 595
551 561
538 591
557 604
517 568
530 587
549 600
550 565
569 578
515 607
520 573
561 574
527 581
519 577
531 588
550 601
542 597
543 562
562 575
535 558
554 571
573 584
519 613
565 580
523 583
504 579
568 591
547 568
534 598
539 564
580 565
599 578
526 594
546 572
537 603
516 580
505 580
557 581
536 558
549 577
528 554
515 584
581 566
592 575
538 604
584 571
530 600
531 565
550 578
569 591
542 574
561 587
562 552
508 581
554 548
527 594
573 561
519 590
565 557
511 586
523 560
564 598
543 575
556 594
535 571
576 572
555 549
522 601
587 581
512 587
558 554
553 588
525 606
504 583
545 584
524 561
568 604
588 582
580 578
526 607
518 603
546 585
514 599
538 581
557 594
530 577
549 590
550 555
569 568
542 551
515 597
549 599
561 564
550 564
507 593
569 577
542 560
515 606
527 571
560 605
519 567
527 580
531 578
519 576
572 579
542 587
531 587
572 588
543 552
575 584
535 548
564 584
508 594
521 613
554 561
543 561
535 557
541 591
565 570
511 599
541 600
552 600
533 596
544 596
523 573
553 574
523 582
576 585
568 581
514 610
568 590
534 588
553 601
526 584
545 597
534 597
546 562
518 580
580 564
537 593
599 577
526 593
538 558
546 571
518 589
537 602
549 567
538 567
530 563
549 576
515 574
515 583
561 550
538 594
527 557
530 590
531 555
571 591
519 553
560 591
550 568
530 599
542 564
531 564
572 565
591 578
542 573
583 574
527 584
562 551
540 603
529 603
575 570
508 580
519 580
554 547
519 589
565 556
572 592
511 585
564 588
523 550
523 559
576 562
522 591
568 558
541 604
576 571
514 587
533 600
522 600
534 565
568 567
587 580
525 596
514 596
545 574
534 574
525 605
537 570
526 570
545 583
557 548
537 579
568 594
557 557
549 553
534 601
580 568
506 582
526 597
567 598
506 591
546 575
518 593
526 606
538 571
518 602
559 603
530 567
549 580
538 580
579 581
590 581
569 558
530 576
571 577
515 587
550 554
561 554
507 583
542 550
515 596
561 563
527 561
507 592
548 593
519 557
527 570
560 604
519 566
572 569
563 600
564 565
510 594
572 578
583 578
529 607
564 574
575 574
521 603
510 603
556 570
513 579
513 599
575 583
541 581
521 612
533 577
522 577
513 608
552 590
541 590
544 586
533 586
534 551
545 551
552 599
564 601
553 564
525 582
544 595
556 597
545 560
576 575
537 556
522 604
556 606
568 571
514 600
522 613
568 580
534 578
553 591
514 609
526 574
545 587
534 587
518 570
546 552
537 583
526 583
518 579
546 561
580 563
557 561
537 592
503 590
549 557
538 557
557 570
530 553
503 599
549 566
506 595
560 572
551 603
579 585
530 580
560 581
517 610
563 577
571 590
531 554
542 554
563 586
529 584
548 597
583 564
529 593
540 593
575 560
541 558
532 589
521 589
540 602
541 567
532 598
572 582
533 563
552 576
564 578
544 572
564 587
575 587
522 581
556 583
513 612
541 594
545 564
576 561
514 577
522 590
533 590
534 555
552 603
525 586
514 586
526 551
533 599
548 564
544 599
534 564
553 577
525 595
537 560
526 560
545 573
586 574
518 556
537 569
557 547
526 587
567 588
518 583
506 581
559 584
567 597
538 561
530 557
559 593
578 574
571 558
524 603
518 569
560 558
579 571
551 589
530 566
536 600
571 567
582 567
528 596
517 596
561 544
590 580
582 576
548 574
527 551
528 605
529 570
520 601
560 585
548 583
571 594
519 556
558 596
572 559
532 575
563 590
552 553
564 555
510 584
572 568
556 551
529 597
522 567
575 564
564 564
594 577
510 593
521 593
583 577
556 560
522 558
529 606
575 573
513 589
541 571
532 602
521 602
533 567
541 580
513 598
552 580
525 563
533 576
544 576
552 589
553 554
525 572
544 585
545 550
522 594
568 561
514 590
555 591
534 568
525 599
526 564
566 600
555 600
567 565
547 596
586 578
518 560
526 573
537 573
558 605
557 551
546 551
559 570
570 570
578 583
524 612
570 579
549 556
516 608
506 585
536 586
567 601
528 582
559 597
560 562
551 593
579 575
559 606
560 571
571 571
579 584
551 602
517 600
563 567
509 596
517 609
528 609
529 574
520 605
548 587
521 570
540 583
529 583
548 596
521 579
532 579
540 592
541 557
552 557
532 588
533 553
544 553
552 566
525 549
510 597
544 562
556 564
521 606
556 573
522 571
513 602
554 603
543 603
522 580
533 580
574 581
513 611
525 576
553 558
555 577
574 590
534 554
545 554
525 585
537 550
566 586
577 586
526 550
545 563
558 582
537 559
555 604
567 578
539 596
559 574
567 587
578 587
506 580
570 583
559 583
560 548
516 612
551 579
517 577
536 590
571 557
517 586
528 586
563 553
529 551
536 599
520 582
509 582
528 595
529 560
540 560
548 573
520 591
521 556
532 556
540 569
532 565
517 613
593 581
572 558
596 577
585 577
529 587
564 554
521 583
510 583
556 550
575 563
541 561
521 592
532 592
522 557
573 593
533 557
541 570
552 570
513 588
525 553
533 566
574 567
525 562
544 575
597 578
577 572
535 603
589 583
547 577
526 554
566 590
567 555
539 573
547 586
566 599
567 564
578 564
586 577
518 559
524 593
559 560
570 560
516 589
578 573
505 589
551 556
524 602
536 567
516 598
517 563
528 563
536 576
528 572
560 552
520 568
548 550
551 583
579 565
581 584
531 600
563 566
560 561
571 561
517 590
563 557
509 586
582 570
517 599
528 599
569 600
529 564
548 577
509 595
520 595
521 560
550 596
529 573
540 573
520 604
532 569
561 605
521 569
540 582
532 578
573 579
585 581
552 556
556 554
544 552
543 584
522 561
535 580
543 593
555 558
562 606
574 571
535 589
565 602
525 566
554 602
566 567
574 580
512 596
547 563
558 563
577 576
512 605
523 605
524 570
577 585
537 549
524 579
516 575
547 590
536 553
539 586
547 599
558 599
559 564
539 595
578 577
505 593
551 560
524 606
516 602
546 603
517 567
551 569
570 582
536 580
516 611
517 576
528 576
536 589
520 572
548 554
528 585
540 550
569 586
529 550
548 563
520 581
540 559
532 555
550 600
585 567
531 596
542 596
521 573
596 576
541 551
543 570
554 570
573 583
562 583
519 612
513 578
596 580
511 594
554 579
565 579
573 592
544 556
533 556
565 588
525 552
566 553
512 582
543 597
577 562
535 593
597 577
523 591
535 602
574 584
547 567
566 580
555 580
539 563
512 609
547 576
566 589
577 589
567 554
539 572
558 585
524 583
516 579
578 563
524 592
570 559
536 557
516 588
528 553
536 566
528 562
581 565
520 558
551 573
581 574
538 603
584 570
517 580
563 547
584 579
550 577
530 608
569 590
529 554
509 585
520 585
550 586
561 586
569 599
540 563
529 563
542 582
532 559
527 593
561 595
521 559
562 560
573 560
508 589
527 602
532 568
573 569
519 598
565 565
585 580
543 574
562 587
535 570
543 583
554 583
555 548
562 596
574 561
535 579
565 592
555 557
574 570
512 586
558 553
565 601
566 566
504 582
539 549
512 595
523 595
577 575
504 591
523 604
524 569
568 603
547 580
588 581
539 576
567 558
580 577
559 554
539 585
505 583
551 550
580 586
570 563
505 592
516 592
517 557
551 559
557 593
546 593
536 570
538 589
549 589
528 566
557 602
517 566
520 562
549 598
528 575
581 578
569 576
515 605
520 571
561 572
507 601
535 573
540 549
581 587
584 583
527 579
531 577
550 590
531 586
542 586
543 551
561 599
550 599
562 564
508 593
543 560
554 560
527 606
562 573
573 573
535 556
508 602
519 602
554 569
565 569
573 582
511 598
519 611
565 578
523 572
535 583
523 581
555 561
535 592
547 557
566 570
539 553
568 589
512 599
547 566
558 566
553 600
504 595
534 596
539 562
545 596
524 573
558 575
524 582
537 601
516 578
557 579
536 556
528 552
581 564
538 593
557 606
530 589
538 602
549 602
584 569
550 567
530 598
569 580
531 563
515 609
550 576
569 589
542 572
527 583
532 549
561 585
562 550
508 579
519 579
527 592
573 559
519 588
531 590
572 591
565 555
511 584
531 599
542 599
543 564
564 596
523 558
535 560
554 573
543 573
535 569
541 603
554 582
565 582
555 547
587 579
566 556
512 585
523 585
558 552
524 550
553 586
504 581
523 594
524 559
568 593
568 602
539 566
534 600
580 567
526 596
588 580
580 576
518 592
546 574
526 605
538 570
546 583
557 583
518 601
549 579
538 579
557 592
528 556
569 557
530 575
520 552
549 588
515 586
550 553
561 553
581 568
507 582
515 595
527 560
561 562
507 591
592 577
584 573
527 569
530 602
531 567
519 565
560 603
591 581
531 576
542 576
561 589
550 589
562 554
508 583
542 585
554 550
583 586
543 550
527 596
573 563
508 592
519 592
554 559
565 559
511 588
519 601
565 568
511 597
523 562
564 600
576 583
556 605
556 596
522 612
