571 514
570 515
569 516
571 515
572 515
568 517
568 518
569 519
571 516
567 519
566 520
571 513
572 512
573 513
574 512
575 511
573 516
574 515
575 514
576 512
577 511
576 515
577 514
565 521
564 520
563 521
562 522
567 518
566 517
570 514
572 517
574 514
575 513
577 510
578 509
579 508
577 508
580 507
580 509
564 522
566 519
573 515
576 514
578 511
565 520
568 519
570 516
574 516
575 515
577 512
566 521
576 507
575 506
574 505
576 505
574 507
573 508
572 508
573 517
576 516
577 517
578 518
577 519
578 520
577 521
576 521
575 520
574 521
573 522
574 523
575 522
573 524
572 524
576 523
574 525
575 524
578 513
573 526
572 526
571 527
572 528
571 529
570 530
569 529
568 528
576 525
577 526
578 525
579 524
565 522
570 518
568 530
574 509
575 508
577 505
578 504
577 503
576 503
578 502
579 501
578 500
579 499
580 498
581 499
577 501
580 500
580 502
582 499
572 521
571 520
570 521
572 519
569 522
570 523
568 521
574 518
575 517
569 531
572 530
573 531
574 530
575 529
576 530
574 532
575 531
573 533
572 533
571 534
572 535
571 536
572 537
573 538
574 539
575 538
576 537
577 537
578 538
579 538
575 533
577 530
573 535
574 527
577 523
566 523
578 506
580 525
581 508
569 515
569 524
570 525
581 526
581 527
573 512
573 521
562 521
561 520
565 517
573 530
573 539
574 504
573 503
577 500
574 513
576 532
577 532
577 509
577 518
566 518
578 501
580 538
581 503
582 504
569 528
573 507
572 539
573 525
574 508
576 527
577 528
577 504
576 536
577 513
568 532
569 533
569 534
580 506
580 524
581 498
581 507
569 514
569 523
581 525
561 519
569 532
578 516
573 502
572 534
573 511
573 520
575 539
565 516
576 513
576 522
577 499
576 531
568 527
580 501
580 510
580 528
580 529
581 530
581 531
580 537
581 536
581 535
580 534
580 533
581 502
581 511
581 512
582 513
581 513
569 518
569 527
561 523
561 524
562 525
562 526
572 520
572 529
573 506
575 525
572 538
575 534
576 508
576 517
568 513
576 526
568 522
576 535
568 531
580 505
580 514
580 515
581 516
581 517
580 523
581 522
581 521
580 520
580 519
581 497
580 496
581 506
579 536
569 513
561 518
562 517
562 516
561 515
561 514
573 501
574 500
574 499
573 498
573 497
574 496
574 495
574 494
573 493
573 492
568 526
567 525
568 535
568 536
568 537
569 538
569 537
580 518
579 522
582 527
582 536
572 501
572 510
564 515
583 528
584 527
585 528
584 526
583 529
584 530
584 531
584 532
585 533
583 533
583 534
584 535
584 536
585 537
583 537
583 538
576 498
568 512
567 511
566 510
566 509
565 508
565 507
565 511
565 512
565 513
566 514
564 506
586 529
587 530
588 529
589 530
588 528
587 527
587 531
588 532
587 526
590 531
587 525
588 524
588 523
587 522
587 521
580 495
579 494
578 493
581 494
582 495
582 494
581 493
577 494
577 495
577 496
578 497
576 494
580 504
567 534
579 517
560 513
559 512
559 511
558 510
558 509
557 508
557 507
558 506
559 507
558 505
558 504
557 503
557 502
558 501
559 502
558 500
557 511
557 512
556 511
555 510
555 509
554 508
554 507
554 511
554 512
554 513
555 514
553 510
553 514
553 515
554 516
554 517
555 518
555 519
556 520
557 521
557 522
558 523
558 524
557 525
557 526
557 527
558 528
556 525
579 526
582 522
560 522
559 521
571 522
579 535
578 534
563 518
582 531
571 531
583 496
584 497
585 496
586 497
586 496
585 495
584 494
584 498
584 499
585 500
585 501
586 501
585 499
584 493
584 502
584 503
585 504
585 505
585 506
586 506
584 507
584 508
585 509
585 510
584 511
584 512
584 513
585 514
585 515
586 515
584 516
584 517
584 518
585 519
585 518
583 515
583 510
583 519
587 498
587 507
587 508
588 509
588 510
589 511
589 512
588 513
588 514
588 515
589 516
587 512
587 516
587 517
588 518
588 519
588 499
589 498
590 499
589 497
588 496
588 500
588 501
589 502
589 503
588 495
589 494
590 494
589 493
589 492
588 491
587 494
588 504
588 505
587 503
590 517
591 500
572 496
571 495
563 527
572 505
571 504
583 505
591 518
592 517
593 518
593 519
592 516
591 519
594 519
595 520
596 519
596 518
595 517
595 521
595 522
596 523
596 524
597 525
595 516
596 515
597 516
596 514
594 515
593 514
593 513
592 512
592 511
593 510
593 509
592 508
592 507
592 506
593 505
593 504
592 503
592 502
593 501
594 502
593 500
593 499
594 498
594 497
593 496
593 495
592 494
592 498
592 493
593 494
595 503
596 504
596 505
597 506
597 507
592 497
591 510
595 498
596 499
597 498
597 497
596 500
596 501
597 502
598 503
598 504
599 505
600 506
600 507
595 525
595 526
594 524
593 523
592 522
592 521
599 504
600 503
601 504
600 502
600 501
601 500
601 499
600 498
599 500
598 517
599 518
600 517
601 518
600 516
599 515
599 519
600 520
600 521
600 522
599 514
599 523
599 524
600 525
600 526
599 527
599 528
599 513
600 512
600 511
599 510
598 511
597 511
596 510
596 509
599 509
598 526
591 505
590 505
594 510
591 523
590 523
591 524
592 525
592 526
592 527
593 528
594 529
591 528
591 529
592 530
590 522
589 521
594 528
595 502
595 511
595 512
599 499
601 527
602 501
603 502
603 503
604 504
604 505
605 506
603 506
603 507
603 508
604 509
604 510
605 511
603 511
603 512
602 513
602 514
604 513
604 514
602 515
559 503
560 504
603 516
603 517
604 518
604 519
605 520
561 505
562 505
563 504
562 503
562 502
563 501
563 500
590 493
561 501
603 520
603 521
603 522
603 523
604 523
562 506
552 510
562 507
562 508
563 509
602 520
561 500
560 499
560 498
559 498
559 497
558 496
557 497
605 503
558 495
558 494
558 493
558 492
559 493
560 493
561 492
558 491
559 492
572 506
562 493
563 494
563 495
579 500
558 490
559 489
560 490
559 488
558 487
583 493
558 486
561 491
561 509
561 510
562 511
590 504
562 512
563 513
562 492
563 491
564 492
563 490
564 489
564 488
562 489
571 500
571 499
562 488
565 493
606 521
561 490
564 501
583 514
556 497
575 510
594 523
576 511
586 524
598 498
602 505
560 508
579 521
571 517
590 530
591 495
585 524
582 526
574 493
585 493
575 492
570 498
586 492
570 497
594 500
606 511
572 518
564 514
605 515
556 510
575 523
595 501
587 497
570 524
555 496
555 495
554 494
554 497
601 517
567 524
559 520
578 533
579 498
570 529
571 494
582 503
602 518
560 521
571 530
569 535
558 519
572 495
583 512
570 493
569 494
568 494
591 508
590 508
590 507
563 526
564 491
583 504
575 500
594 513
552 516
551 517
597 524
589 520
586 514
578 510
557 487
556 488
556 487
567 537
566 537
565 536
564 537
563 536
566 536
579 511
571 507
570 507
570 506
590 520
563 503
582 516
585 527
564 504
565 503
566 504
605 505
597 501
574 517
566 513
577 522
601 507
567 514
586 527
559 510
578 523
598 501
570 519
590 497
582 493
581 534
560 511
593 508
584 539
563 516
604 517
583 494
596 513
562 520
573 529
605 518
597 514
589 510
555 517
566 526
565 526
558 522
586 504
559 487
560 486
577 535
570 496
559 523
560 488
600 524
592 520
571 497
565 527
563 493
566 528
582 506
567 493
567 492
566 491
567 491
569 536
593 521
585 517
596 526
555 487
555 494
565 538
566 503
567 502
566 501
567 501
558 499
589 523
588 527
567 504
559 500
581 524
593 498
584 529
585 494
587 495
556 508
562 535
604 507
596 503
561 534
561 533
562 533
562 510
554 506
555 505
573 519
565 515
585 530
605 508
606 508
607 508
597 504
589 500
555 507
574 520
566 516
558 512
586 494
577 525
580 536
581 501
600 514
551 509
592 510
584 506
603 519
569 526
561 522
551 508
551 507
551 506
552 506
581 537
573 496
593 511
585 507
604 520
608 507
609 508
596 516
562 523
554 519
573 532
574 497
565 528
566 493
558 489
577 502
588 517
563 511
566 505
583 500
589 526
571 501
572 507
589 507
555 520
552 505
551 504
550 504
549 503
552 503
553 504
567 494
580 513
559 490
599 526
570 499
557 529
556 530
557 530
555 530
554 530
554 529
555 528
554 527
555 527
581 514
600 527
592 523
584 519
561 535
562 500
554 496
573 509
565 505
576 520
555 497
587 529
566 506
607 507
558 502
599 503
588 530
580 526
600 504
592 500
584 496
603 509
550 503
561 512
548 502
547 503
606 520
585 497
572 527
596 506
583 536
562 513
549 504
551 503
554 531
575 532
567 506
568 507
554 509
570 502
569 503
569 504
595 510
560 485
566 524
551 516
582 505
573 536
558 525
585 523
570 513
553 531
605 507
584 522
589 522
589 508
577 515
574 524
554 526
608 506
565 535
564 507
566 500
563 519
607 510
608 511
607 505
564 534
608 510
609 511
565 518
576 533
568 529
588 507
607 520
580 503
599 516
557 519
608 520
609 521
569 493
561 489
581 504
575 494
607 519
575 493
583 511
551 502
567 530
550 501
607 518
607 517
592 513
584 509
571 539
550 516
549 516
549 515
550 514
549 513
548 513
547 514
547 513
550 513
591 517
561 525
562 490
554 486
555 485
594 522
573 499
564 536
576 510
595 523
568 506
587 519
553 526
552 526
557 496
588 520
580 516
590 529
569 506
561 502
606 510
591 530
564 513
583 526
595 500
587 496
553 503
587 532
551 526
550 526
549 526
549 525
550 524
588 497
580 493
599 506
586 536
557 509
549 505
602 517
560 520
579 533
563 525
564 524
591 507
582 538
583 503
594 512
608 516
552 515
564 526
556 522
575 535
576 500
595 513
547 515
547 516
587 509
553 516
551 512
557 486
548 506
567 536
579 510
598 523
590 519
547 506
582 515
560 533
559 533
558 533
558 532
557 532
556 533
556 532
559 532
560 531
591 520
563 538
564 503
583 516
575 512
594 525
589 532
609 510
586 526
578 522
557 499
556 500
556 499
598 500
590 496
602 507
560 510
559 530
555 501
579 523
571 519
555 523
563 515
591 497
554 522
582 528
564 516
555 500
587 493
554 499
552 513
547 505
550 506
548 516
550 515
565 494
578 535
554 503
570 526
570 535
554 521
555 486
559 531
586 534
610 520
611 521
566 495
566 496
567 497
568 497
590 516
555 504
546 513
570 492
569 491
612 521
565 495
568 496
545 512
546 511
545 510
544 512
543 511
542 510
543 510
546 510
542 512
605 517
556 512
587 499
574 529
553 506
586 503
577 534
601 519
567 526
559 522
560 487
551 518
551 519
570 531
598 513
571 496
590 509
563 492
548 512
548 511
548 510
560 523
571 532
572 497
563 528
564 493
583 506
556 489
556 490
575 502
541 509
540 509
539 510
539 509
538 509
537 509
537 508
538 507
537 506
536 506
535 507
535 506
538 506
540 508
540 507
540 506
541 507
552 518
597 526
555 529
566 538
567 503
558 534
558 535
586 516
559 499
578 512
570 508
570 509
559 535
560 500
579 513
571 509
563 505
582 518
548 525
547 524
548 523
547 526
546 523
545 523
544 522
543 521
542 520
543 520
542 522
542 523
543 523
545 522
546 521
545 520
546 520
548 522
541 519
540 519
539 520
538 519
537 519
537 518
538 517
544 524
545 525
547 525
540 521
539 522
585 529
556 502
597 503
589 499
608 512
608 513
555 506
574 519
566 515
586 493
577 524
609 513
610 514
610 513
611 513
567 516
539 511
539 512
536 505
535 504
536 504
534 504
533 504
532 503
533 503
536 503
532 505
531 503
530 503
534 503
533 505
540 511
543 522
611 512
611 511
611 510
612 509
612 511
612 510
536 518
535 517
535 516
536 516
535 519
534 516
533 516
532 516
532 515
531 514
530 513
531 513
530 515
531 516
533 515
534 514
533 513
534 513
536 515
536 514
532 517
535 518
612 513
613 514
614 514
615 514
616 515
616 514
617 515
618 515
619 515
619 514
615 516
617 514
615 515
616 516
619 516
620 517
621 518
618 517
618 518
619 517
621 517
620 519
620 520
542 511
543 512
535 508
535 509
546 522
538 518
557 531
549 527
549 528
569 505
584 521
531 515
550 528
551 529
552 528
542 524
554 498
618 519
610 515
610 516
555 499
607 509
611 515
550 505
606 522
564 525
546 512
538 508
530 504
530 505
549 517
549 518
569 495
560 532
531 505
550 518
563 537
554 488
565 497
552 527
564 538
556 534
556 535
568 508
568 509
534 515
553 528
545 524
537 520
537 521
557 498
613 515
613 516
546 525
538 521
530 517
569 508
561 504
614 516
606 512
553 505
546 502
545 502
544 502
543 502
542 502
598 512
549 507
602 519
591 509
575 501
594 514
541 508
552 517
572 532
544 513
544 514
564 528
556 524
575 537
576 502
595 515
568 498
587 511
534 505
553 518
545 514
537 510
557 488
567 538
559 534
538 511
579 512
551 530
551 531
598 525
571 508
590 521
582 517
548 524
540 520
560 535
572 509
591 522
564 505
583 518
556 501
594 527
541 521
533 517
552 530
544 526
617 516
609 512
601 508
601 509
534 518
567 515
586 528
578 524
598 502
570 520
590 498
602 509
560 512
579 525
571 521
591 499
563 517
582 530
583 495
594 504
552 507
544 503
544 504
605 519
556 514
597 515
576 492
574 531
566 527
545 504
586 505
577 536
601 521
567 528
559 524
560 489
578 537
579 502
551 520
551 521
598 515
570 533
571 498
590 511
582 507
548 514
540 510
532 506
532 507
593 522
572 499
564 495
596 527
596 528
556 491
575 504
562 534
541 511
533 507
597 528
589 524
555 531
547 527
547 528
567 505
539 523
539 524
558 536
586 518
559 501
578 514
570 510
570 511
536 517
559 537
560 502
571 511
612 512
563 507
604 508
615 517
615 518
548 527
540 523
585 531
605 509
597 505
616 518
589 501
608 514
555 508
547 504
586 495
558 513
558 514
601 511
559 514
600 515
551 510
590 501
582 497
548 504
581 538
593 512
585 508
604 521
596 517
562 524
554 520
574 498
565 529
565 530
566 494
597 518
589 514
555 521
547 517
566 530
539 513
539 514
567 495
586 508
558 526
559 491
577 539
570 500
536 507
581 515
560 492
592 524
584 520
550 527
561 536
561 537
562 501
573 510
593 525
565 506
585 521
543 524
589 491
562 537
608 504
535 520
535 521
555 498
574 511
566 507
558 503
577 516
588 531
580 527
559 504
600 505
619 518
551 500
592 501
611 514
603 510
569 517
561 513
581 528
593 502
584 533
612 515
585 498
604 511
596 507
562 514
554 510
573 523
565 519
577 493
589 504
576 534
555 511
547 507
546 508
588 508
607 521
599 517
578 494
557 520
581 505
600 518
592 514
584 510
531 504
550 517
569 530
542 513
542 514
561 526
562 491
554 487
573 500
565 496
585 511
543 514
535 510
554 523
553 524
595 524
555 488
574 501
587 520
566 497
553 527
577 506
588 521
580 517
546 524
538 520
557 533
530 516
549 529
549 530
569 507
561 503
581 518
614 515
584 523
583 524
531 517
550 530
596 497
591 531
583 527
562 504
554 500
565 509
610 517
610 518
576 524
568 520
587 533
588 498
607 511
580 494
599 507
557 510
549 506
536 519
612 514
614 513
615 519
614 512
615 520
580 530
579 531
581 495
532 512
531 511
600 508
592 504
579 534
584 500
603 513
540 525
539 526
538 527
550 507
569 520
542 503
542 504
561 516
572 531
564 527
543 504
556 523
575 536
576 501
595 514
552 499
543 527
542 526
541 527
587 510
553 517
545 513
568 533
616 520
558 515
558 516
557 517
588 511
599 520
598 521
546 514
559 516
611 517
532 518
547 520
548 520
548 517
548 526
612 518
543 513
565 531
613 518
547 510
539 506
545 511
547 519
566 532
539 515
572 525
540 516
540 517
536 509
550 520
591 511
550 529
542 525
532 502
533 501
618 520
535 513
543 526
555 491
535 522
535 523
536 523
622 517
547 523
539 519
546 527
551 532
557 536
619 520
536 513
611 516
569 510
533 519
612 508
611 507
550 533
550 534
534 524
534 501
541 517
533 525
532 525
531 524
530 523
533 526
531 523
530 525
530 526
531 526
534 526
535 527
536 526
532 527
532 528
533 528
536 528
537 529
538 530
535 529
538 529
537 531
531 525
534 525
537 530
538 531
539 532
539 533
540 531
541 530
542 530
543 531
544 532
545 533
540 529
542 532
542 533
543 533
545 532
546 531
546 533
541 529
544 534
544 535
545 535
541 532
543 532
542 534
545 534
546 535
530 527
530 528
531 528
541 531
533 527
534 528
537 523
536 527
540 533
532 529
533 530
551 533
532 519
543 534
535 530
535 531
536 530
546 534
531 527
534 527
537 532
535 500
538 510
557 523
598 524
530 506
530 507
549 519
569 497
561 493
560 534
531 507
591 521
542 516
583 517
562 494
554 490
594 526
541 520
565 499
552 529
544 525
610 507
556 536
595 527
568 510
587 523
534 517
553 530
545 526
537 522
557 500
602 508
613 517
538 523
591 498
582 529
561 506
594 503
614 518
540 532
606 514
564 517
583 530
556 513
575 526
595 504
541 533
587 500
533 529
553 507
545 503
568 523
601 520
534 530
551 535
552 536
553 536
580 497
567 527
546 504
578 536
554 536
547 533
548 533
539 529
586 525
595 499
536 500
620 518
543 517
543 518
554 535
617 518
577 529
533 523
538 532
549 532
531 520
532 521
597 508
542 529
615 513
616 512
616 511
553 534
617 512
548 534
548 535
544 516
554 533
618 511
619 512
620 511
530 519
557 513
570 532
598 514
549 509
590 510
602 521
560 524
579 537
615 510
571 533
572 498
563 529
563 530
562 531
564 494
583 507
533 524
615 509
615 508
615 507
615 506
615 505
615 504
616 504
614 504
613 504
617 504
618 505
619 504
616 506
619 506
620 507
620 508
621 508
622 508
623 508
623 507
624 506
623 505
624 505
624 508
618 507
621 507
624 507
620 509
623 509
622 510
622 511
623 510
624 510
625 511
625 510
626 509
626 511
627 512
628 511
627 513
627 514
628 513
629 514
630 514
631 513
630 512
631 512
631 514
626 510
622 512
625 512
625 513
626 513
628 512
621 509
613 505
613 506
614 506
624 509
616 505
617 506
619 505
623 511
616 508
626 512
618 508
618 509
619 508
622 504
621 505
614 505
625 514
625 504
575 503
594 516
541 510
533 506
552 519
544 515
564 530
556 526
597 527
576 504
617 505
568 500
587 513
628 514
534 507
620 510
553 520
545 516
586 517
537 512
557 490
621 511
613 507
559 536
560 501
579 514
598 527
571 510
563 506
582 519
540 522
560 537
606 504
572 511
583 520
556 503
575 516
616 517
541 523
552 532
544 528
609 514
601 510
567 517
586 530
559 513
578 526
570 522
590 500
536 529
582 496
602 511
548 503
613 520
560 514
579 527
571 523
591 501
582 532
583 497
594 506
552 509
544 505
605 521
556 516
597 517
589 513
568 490
574 533
566 529
586 507
577 538
537 502
578 503
601 523
559 526
560 491
612 505
611 504
610 504
610 505
624 515
578 539
623 514
622 514
551 522
579 504
622 513
619 507
612 504
623 504
623 513
624 511
627 511
562 530
561 529
619 511
531 529
543 503
543 530
535 526
622 503
607 514
547 509
539 505
569 496
577 533
611 520
550 510
531 506
542 506
550 519
623 503
542 515
561 528
554 489
565 489
626 505
627 506
627 507
565 498
626 514
620 504
543 507
543 508
618 510
629 510
535 503
620 505
610 506
543 516
535 512
565 525
566 490
555 490
566 499
553 529
630 511
585 520
622 507
559 494
560 495
622 516
546 517
585 538
538 513
546 526
619 510
538 522
549 522
611 506
557 535
530 518
569 500
549 531
561 496
569 509
614 508
614 517
531 510
606 513
550 523
531 519
578 498
542 519
536 510
561 532
562 497
562 498
542 528
554 493
554 502
565 502
618 514
610 510
610 519
607 504
534 520
553 533
622 502
534 529
545 529
607 513
537 525
546 503
549 508
546 530
538 526
530 522
549 535
625 503
550 509
542 505
614 521
606 517
565 488
626 504
627 503
628 503
627 502
564 529
629 509
595 507
535 502
568 499
534 506
545 506
553 519
545 515
537 511
557 489
622 506
567 498
546 507
621 510
538 503
557 516
546 516
538 512
549 512
569 490
530 508
549 521
602 524
603 525
561 486
569 499
561 495
560 527
625 507
614 507
560 536
606 503
591 514
563 532
542 509
531 509
562 487
563 486
563 485
541 513
554 492
565 492
552 522
626 508
541 522
618 504
533 518
629 504
630 503
631 504
631 505
630 502
629 505
630 506
630 507
631 508
631 509
630 501
631 500
631 499
630 498
629 499
630 497
631 496
631 495
541 504
631 494
630 493
586 520
629 496
629 500
630 492
631 491
631 490
630 489
630 488
631 489
629 491
632 496
554 532
632 510
633 511
634 510
635 511
636 511
634 509
634 508
635 507
635 506
634 505
637 510
633 512
632 491
633 492
629 494
628 498
632 504
632 494
635 505
627 501
636 505
637 505
638 506
628 501
638 505
631 502
634 507
635 508
627 504
630 491
631 492
637 507
637 508
629 503
638 508
639 508
640 508
630 504
539 502
633 491
629 493
630 494
640 507
633 504
626 501
625 501
625 500
626 499
625 498
626 498
629 506
632 493
633 494
634 495
635 495
636 504
628 500
632 506
636 494
635 493
637 495
638 496
636 492
638 495
637 497
628 490
627 489
628 489
626 489
625 488
628 488
627 491
627 492
626 488
625 490
624 497
624 496
623 495
624 495
623 497
622 498
634 496
634 497
635 497
627 493
624 487
623 487
622 488
621 487
620 487
620 486
620 485
620 484
621 485
619 484
618 485
618 484
621 484
623 486
623 485
624 485
638 507
539 501
623 499
622 500
638 497
639 498
639 499
640 498
641 498
642 499
642 498
643 497
644 498
645 499
643 499
641 500
641 501
642 501
644 500
644 501
645 501
646 502
647 502
640 497
643 498
646 503
646 504
647 504
648 504
649 504
639 500
639 501
642 500
643 501
645 500
648 505
648 506
649 506
622 489
622 490
641 502
619 483
618 482
619 482
617 482
616 482
615 481
614 482
613 481
616 481
617 480
616 479
617 479
619 481
615 483
614 481
617 481
613 483
616 483
612 480
611 480
610 481
610 480
609 480
608 480
608 479
608 478
608 477
609 476
609 478
607 477
609 477
611 479
611 478
611 477
612 476
612 478
623 489
626 500
637 509
638 510
639 510
640 510
641 510
642 509
643 509
642 510
633 493
644 502
644 503
626 490
645 503
618 486
618 487
610 482
610 483
629 495
607 476
640 509
632 505
611 482
633 506
625 502
647 503
636 493
621 486
640 499
613 482
632 495
643 510
614 483
633 496
636 506
628 502
632 508
643 500
635 496
646 505
646 506
624 486
647 506
639 502
617 483
636 496
609 479
628 492
620 488
620 489
631 503
621 489
623 498
635 509
627 505
564 485
565 485
566 485
624 499
563 497
532 509
649 505
631 493
642 502
634 498
634 499
613 475
612 479
623 488
643 503
615 484
615 485
635 499
624 489
616 485
608 481
638 509
630 505
609 482
622 501
539 503
631 506
634 511
623 501
645 502
637 498
637 499
648 507
648 508
638 499
630 495
649 508
622 491
622 492
619 485
611 481
633 505
612 482
565 486
626 502
637 511
629 507
566 487
630 508
633 495
625 491
625 492
644 504
626 492
618 488
610 484
610 485
629 497
607 478
632 507
633 508
530 509
647 505
618 478
619 479
620 478
629 487
636 495
628 491
621 488
640 501
613 484
613 485
612 486
632 497
614 485
625 494
624 498
636 508
628 504
621 501
590 513
563 496
582 509
540 512
532 508
593 524
564 497
556 493
596 529
616 507
562 536
533 509
574 510
620 477
620 476
620 475
620 474
621 473
620 472
619 472
618 472
621 472
621 475
622 475
623 475
623 474
624 473
623 472
624 475
619 471
621 474
624 474
617 471
617 470
616 469
617 469
615 470
615 471
614 469
613 469
616 471
612 468
611 468
610 468
609 468
608 468
608 467
609 466
609 465
611 467
612 466
611 465
612 465
613 470
613 471
614 471
609 467
612 467
623 476
622 477
622 478
623 477
615 472
615 473
624 477
625 478
625 477
626 476
626 478
627 479
628 478
628 480
629 481
630 482
627 481
630 481
631 480
630 479
632 481
632 482
633 482
634 482
635 483
636 482
631 479
634 484
634 485
635 485
631 482
633 481
629 483
636 481
636 480
632 483
633 484
635 484
636 484
637 485
637 484
638 483
638 485
639 486
640 485
640 487
641 488
642 489
639 488
642 488
643 487
642 486
644 488
645 489
643 486
643 489
645 488
641 490
644 490
644 491
645 491
646 492
646 491
647 490
648 491
649 492
647 492
650 492
648 493
648 494
649 494
647 491
643 488
646 493
646 494
647 494
649 493
631 481
650 494
651 495
652 496
653 495
654 496
654 495
655 494
654 493
655 493
655 496
653 497
652 495
655 495
651 497
654 497
642 490
634 486
634 487
635 487
616 473
608 469
626 477
645 490
637 486
637 487
629 482
648 495
648 496
638 487
630 483
649 496
622 479
622 480
619 473
618 474
611 469
610 470
610 471
611 470
612 470
651 496
640 486
652 497
614 470
633 483
625 479
625 480
644 492
626 480
610 472
610 473
647 493
639 489
639 490
636 483
628 479
621 476
640 489
613 472
613 473
632 485
614 473
650 493
643 490
635 486
627 482
627 483
646 495
624 476
616 472
647 496
617 473
636 486
609 469
628 482
638 486
649 495
641 491
641 492
631 483
650 496
642 492
634 488
612 469
623 478
615 474
615 475
616 475
626 479
645 492
618 475
618 476
637 488
637 489
629 484
629 485
648 497
638 489
630 485
622 481
619 475
611 471
656 492
651 498
651 499
650 500
622 471
640 488
632 484
614 472
633 485
625 481
625 482
624 483
626 482
610 474
607 468
647 495
639 491
639 492
638 493
618 468
617 467
619 469
618 466
620 468
618 465
618 464
618 463
618 462
619 461
620 462
621 463
621 462
620 464
621 464
622 465
623 465
623 464
624 463
623 462
624 462
624 465
625 466
625 465
626 466
626 465
625 467
625 468
626 468
627 469
627 468
628 468
628 467
628 466
627 470
627 471
624 464
628 470
629 471
629 470
630 469
631 470
632 471
633 470
633 469
631 469
630 471
633 471
634 472
635 473
635 472
636 472
637 472
638 473
638 472
634 474
634 475
635 475
637 474
637 475
638 475
639 476
640 475
640 474
639 477
639 478
636 471
635 470
636 470
636 469
640 477
641 478
641 477
642 476
643 477
644 478
645 479
646 479
647 480
648 481
649 482
647 479
643 476
646 481
646 482
647 482
649 481
650 480
649 479
650 482
642 478
645 478
648 483
648 484
649 484
644 480
647 481
650 481
643 478
635 474
646 483
638 474
630 470
649 483
641 479
641 480
631 471
650 484
651 485
651 484
652 483
652 485
653 485
654 485
655 484
654 483
655 483
655 485
653 486
653 487
654 487
642 480
634 476
623 466
622 467
652 484
644 479
626 467
645 480
637 476
637 477
629 472
629 473
648 485
638 477
630 473
619 463
651 486
651 487
640 476
632 472
632 473
652 487
633 473
625 469
626 470
654 486
655 487
647 483
639 479
639 480
636 473
628 469
620 465
620 466
621 466
640 479
650 483
642 479
653 488
653 489
643 480
635 476
654 489
627 472
627 473
624 466
617 463
616 463
615 463
616 462
638 476
630 472
649 485
622 468
622 469
641 481
641 482
619 462
631 473
642 482
623 468
615 464
652 486
634 468
633 472
644 481
644 482
626 469
645 482
637 478
629 474
629 475
628 476
630 475
619 465
656 482
657 483
658 482
655 486
637 468
651 488
651 489
650 490
622 461
621 465
640 478
632 474
632 475
652 489
614 462
613 462
633 475
625 471
610 464
609 463
617 472
636 485
628 481
544 518
617 508
609 504
555 533
620 513
547 529
621 478
640 491
567 507
539 525
613 474
570 512
643 502
635 498
614 475
627 494
627 495
646 507
646 508
645 509
658 481
658 480
658 479
658 478
659 477
658 476
659 476
657 475
656 476
659 478
655 475
654 475
653 475
653 474
654 473
653 472
652 473
651 473
651 472
655 473
650 472
649 472
648 471
647 470
646 469
647 469
646 471
649 471
650 470
649 469
650 469
652 472
645 468
644 468
644 467
645 466
643 466
642 466
641 465
640 465
639 466
639 465
642 465
643 464
641 467
641 468
642 468
648 473
638 465
637 464
638 463
651 474
651 475
640 464
652 475
643 465
654 474
647 471
639 467
639 468
657 474
657 473
657 472
650 471
642 467
653 476
653 477
643 468
654 477
656 477
656 478
645 467
648 472
638 464
657 477
649 473
641 469
641 470
642 470
652 474
644 469
644 470
645 470
637 466
655 474
651 476
640 466
652 477
643 467
654 476
646 472
646 473
655 477
647 473
639 469
636 463
635 463
634 462
635 462
634 464
633 461
632 461
634 463
635 464
631 461
630 461
629 461
629 460
630 459
631 459
630 460
629 462
630 463
632 462
632 463
633 463
628 459
627 459
627 460
627 461
657 476
631 460
650 473
642 469
634 465
634 466
653 478
643 470
635 466
627 462
656 479
656 480
645 469
637 465
648 474
648 475
638 466
657 479
630 462
649 475
641 471
631 463
659 479
652 476
633 462
644 471
644 472
626 459
645 472
629 464
655 476
647 472
624 488
616 484
647 508
639 504
640 505
641 504
651 478
617 485
636 498
609 481
628 494
620 490
640 468
632 464
643 479
613 487
612 488
612 489
654 488
633 465
646 484
646 485
645 486
625 461
624 460
623 500
540 502
655 489
647 485
639 481
624 501
617 462
636 475
628 471
620 467
650 495
642 491
621 468
613 464
643 492
635 488
627 484
627 485
626 486
646 497
624 478
616 474
608 470
608 471
639 494
640 495
641 494
638 498
617 475
609 471
649 507
628 484
641 503
620 480
642 504
643 469
634 500
634 501
633 502
635 465
654 478
646 474
646 475
645 476
612 481
623 490
564 496
615 486
615 487
635 501
636 502
637 502
637 501
627 497
655 479
647 475
639 471
624 491
616 487
636 465
628 461
566 486
638 511
631 472
650 485
642 481
634 477
633 478
633 479
634 478
632 477
631 477
567 487
653 490
623 467
643 482
634 513
635 478
654 491
627 474
646 487
624 468
616 464
638 488
630 484
649 497
641 493
619 474
631 485
650 498
642 494
634 490
612 471
623 480
615 476
627 487
626 491
645 504
637 500
657 478
649 474
638 501
631 462
650 475
622 493
641 506
642 471
634 467
619 487
611 483
656 491
635 468
627 464
633 507
645 481
648 486
648 487
638 478
630 474
649 487
622 470
641 483
619 464
652 498
631 475
634 480
644 493
644 494
623 470
626 481
645 494
618 477
637 490
629 486
607 467
552 531
544 527
618 513
610 509
630 487
622 483
617 517
534 519
553 532
640 500
545 528
619 477
537 524
611 473
656 481
602 510
613 519
614 484
633 497
625 493
530 521
645 471
637 467
629 463
648 476
648 477
594 505
614 520
606 516
626 494
552 508
572 523
637 503
564 519
610 486
638 468
583 532
556 515
630 464
575 528
649 477
576 493
622 460
595 506
568 489
641 473
636 507
587 502
553 509
545 505
537 501
652 488
601 522
580 499
621 500
567 529
546 506
559 525
632 509
633 474
538 502
579 503
625 470
598 516
570 534
644 483
644 484
549 511
590 512
582 508
656 494
561 485
602 523
548 515
560 526
633 510
625 506
626 471
571 535
645 484
572 500
618 467
591 513
563 531
637 480
610 463
583 509
629 476
556 492
575 505
648 489
594 518
541 512
533 508
552 521
544 517
556 528
597 529
576 506
589 525
617 507
622 473
568 502
555 532
534 509
620 512
621 477
640 490
545 518
586 519
558 537
632 486
632 487
537 514
611 463
578 515
557 492
656 471
655 471
656 470
602 500
621 513
613 509
614 474
560 503
633 487
551 534
579 516
625 483
644 496
571 512
590 525
563 508
582 521
548 528
594 495
540 524
532 520
647 507
639 503
572 513
585 532
618 480
564 509
605 510
610 476
651 477
556 505
575 518
616 519
617 484
636 497
608 515
541 525
587 492
628 493
533 521
574 522
607 470
553 499
544 530
640 467
577 527
652 478
617 520
609 516
601 512
621 490
640 503
613 486
586 532
559 515
632 499
633 464
578 528
579 493
551 511
625 460
598 506
644 473
643 474
590 502
536 531
582 498
548 505
635 510
614 487
540 501
655 488
560 516
647 484
626 461
571 525
604 522
564 486
637 470
583 499
624 500
629 466
575 495
594 508
636 474
541 502
573 534
552 511
544 507
651 490
597 519
589 515
636 510
628 506
555 522
574 535
547 518
620 502
619 502
621 467
566 531
567 496
640 480
613 463
558 527
586 509
632 476
537 504
578 505
570 501
536 508
601 525
643 491
567 532
614 464
559 528
633 477
646 496
579 506
551 524
625 473
570 537
571 502
590 515
563 498
582 511
623 512
548 518
540 514
532 510
647 497
593 526
639 493
585 522
610 466
624 513
556 495
616 509
543 525
617 474
608 505
636 487
609 470
554 534
628 483
533 511
620 479
566 508
589 528
609 506
555 535
601 502
642 503
547 531
621 480
567 509
539 527
613 476
586 522
559 505
632 489
551 501
619 519
590 492
536 521
643 504
635 500
581 529
627 496
655 478
647 474
593 503
639 470
584 534
612 516
604 512
596 508
624 490
616 486
562 515
636 464
532 523
628 460
639 506
585 535
605 513
651 480
597 509
617 487
589 505
608 518
609 483
555 512
628 496
547 508
539 504
640 470
586 499
558 517
632 466
631 467
578 495
570 491
631 507
643 481
634 512
635 477
654 490
600 519
646 486
551 514
592 515
625 463
571 492
603 524
563 488
623 502
624 467
561 527
540 504
627 509
655 491
647 487
593 516
639 483
585 512
624 503
596 521
543 515
617 464
562 528
535 511
636 477
554 524
555 489
628 473
573 537
574 502
620 469
565 533
566 498
577 507
631 484
650 497
622 515
555 525
642 493
547 521
588 522
621 470
634 489
567 499
539 517
613 466
558 530
559 495
619 509
570 504
611 505
557 534
603 501
536 511
623 479
643 494
635 490
581 519
627 486
646 499
592 528
584 524
612 506
658 473
604 502
531 518
550 531
623 515
596 498
624 480
615 511
542 527
616 476
608 472
608 473
554 501
573 514
565 510
651 470
597 499
638 500
609 464
543 528
589 495
617 477
630 496
535 524
609 473
650 474
555 502
641 505
587 534
620 482
566 511
607 512
653 479
653 480
558 507
599 508
619 486
631 497
642 506
643 471
634 502
635 467
580 531
581 496
654 480
627 463
600 509
646 476
592 505
611 518
584 501
612 483
603 514
550 508
623 492
569 521
615 488
614 489
615 489
561 517
627 499
647 477
593 506
639 473
565 487
584 537
585 502
626 503
596 511
543 505
616 489
629 508
562 518
535 501
649 486
554 514
628 463
574 492
565 523
566 488
577 497
630 509
631 474
576 538
650 487
622 505
568 534
642 483
588 512
634 479
539 507
580 508
653 492
652 493
599 521
546 515
557 524
549 520
623 469
643 484
569 498
615 465
615 466
561 494
635 480
581 509
627 476
646 489
592 518
584 514
625 515
531 508
645 493
550 521
624 470
542 517
616 466
561 530
562 495
648 498
648 499
554 491
573 504
565 500
618 512
638 490
610 508
630 486
535 514
649 499
622 482
555 492
595 528
641 495
568 511
587 524
558 497
599 498
545 527
619 476
611 472
557 501
631 487
642 496
588 525
634 492
580 521
654 470
653 470
653 469
600 499
546 528
592 495
611 508
538 524
612 473
557 537
530 520
603 504
644 505
644 506
549 533
623 482
569 511
615 478
614 479
561 507
614 519
606 515
626 493
531 521
572 522
645 506
618 489
564 518
638 467
583 531
629 498
657 480
608 475
575 527
649 476
554 504
595 505
641 472
587 501
607 479
553 508
610 521
638 503
630 499
631 464
576 528
622 495
650 477
568 524
641 508
642 473
588 502
634 469
607 515
534 531
653 482
599 511
546 505
619 489
538 501
611 485
557 514
549 510
656 493
602 522
627 466
560 525
633 509
584 504
625 505
645 483
550 511
591 512
637 479
542 507
583 508
562 485
648 488
594 517
573 494
565 490
626 506
552 520
564 531
638 480
629 511
556 527
630 476
649 489
622 472
595 518
641 485
568 501
587 514
534 508
553 521
545 517
619 466
537 513
557 491
580 511
621 512
613 508
546 518
633 486
538 514
612 463
579 515
598 528
530 510
644 495
549 523
590 524
569 501
615 468
582 520
561 497
614 509
606 505
626 483
645 496
618 479
591 525
564 508
637 492
610 475
583 521
556 504
629 488
648 501
649 502
643 493
635 489
614 466
646 498
625 475
658 472
559 527
589 527
624 479
613 488
647 499
639 495
622 476
613 489
547 530
659 473
651 469
548 531
617 476
636 489
609 472
628 485
620 481
586 521
652 470
575 530
578 531
642 505
621 482
613 478
654 479
632 492
536 501
644 465
640 492
623 491
643 506
635 502
655 480
627 498
647 476
639 496
639 472
624 492
616 488
621 469
636 466
598 505
640 493
626 463
656 483
628 462
651 482
617 489
609 485
650 486
640 472
552 500
567 488
653 491
632 468
610 478
640 473
624 512
643 483
635 479
560 528
654 492
625 499
556 507
627 475
646 488
624 469
614 476
616 465
647 489
639 485
617 466
633 499
636 479
649 498
628 475
620 471
567 531
631 486
650 499
642 495
624 493
634 491
613 468
612 472
623 481
643 496
615 477
635 492
627 488
655 470
646 501
551 527
570 536
658 475
645 505
624 482
616 478
608 474
638 502
591 493
609 475
650 476
622 494
571 537
551 513
540 526
641 507
642 472
644 485
653 481
602 525
619 488
611 484
541 505
625 462
642 508
643 473
634 504
635 469
654 482
627 465
646 478
612 485
623 494
639 475
570 517
638 479
649 488
628 465
626 487
636 503
641 484
644 466
620 461
609 518
631 476
650 489
642 485
627 508
618 469
634 481
567 512
653 494
612 462
623 471
615 467
635 482
560 518
627 478
645 495
624 472
637 491
616 468
648 500
638 492
563 523
649 501
622 484
641 497
653 471
637 473
619 478
611 474
634 494
654 472
646 468
647 467
633 498
612 475
644 507
623 484
544 509
615 480
626 495
645 508
637 504
638 469
610 487
657 482
630 465
649 478
641 474
631 466
622 497
635 503
650 479
642 475
634 471
653 484
611 487
623 461
626 472
645 485
637 481
629 477
648 490
564 533
638 482
556 529
629 513
630 478
649 491
622 474
641 487
568 503
534 510
553 523
545 519
619 468
555 524
537 515
611 464
557 493
656 472
621 514
613 510
633 488
538 516
625 484
530 512
644 497
590 526
561 499
548 529
594 496
614 511
606 507
626 485
645 498
572 514
618 481
591 527
637 494
564 510
568 525
610 477
583 523
556 506
629 490
648 503
575 519
649 468
595 497
641 464
541 526
533 522
607 471
552 535
553 500
544 531
652 479
622 487
568 516
609 517
588 494
601 513
534 523
621 491
640 504
567 520
586 533
632 500
537 528
578 529
557 506
598 507
644 474
549 502
590 503
614 488
560 517
633 501
579 530
625 497
626 462
571 526
645 475
563 522
591 504
564 487
637 471
582 535
629 467
648 480
575 496
594 509
541 503
552 512
544 508
564 523
651 491
556 519
597 520
630 468
576 497
622 464
568 493
587 506
628 507
574 536
534 500
620 503
553 513
640 481
545 509
586 510
537 505
652 492
601 526
621 504
567 533
614 465
632 513
559 529
560 494
579 507
551 525
625 474
598 520
530 502
570 538
644 487
571 503
563 499
582 512
548 519
540 515
560 530
532 511
647 498
626 475
593 527
572 504
618 471
563 535
564 500
610 467
583 513
556 496
624 514
629 480
575 509
616 510
636 488
541 516
533 512
552 525
544 521
652 469
589 529
617 511
609 507
555 536
601 503
547 532
620 516
621 481
640 494
567 510
539 528
613 477
586 523
632 490
559 506
578 519
536 522
656 475
602 504
643 505
613 513
614 478
560 507
579 520
625 487
645 465
612 517
591 494
563 512
582 525
648 470
548 532
594 499
540 528
532 524
552 502
639 507
585 536
605 514
651 481
556 509
597 510
589 506
617 488
608 519
636 501
609 484
628 497
555 513
574 526
566 522
640 471
586 500
558 518
632 467
577 531
578 496
652 482
609 520
601 516
567 523
559 519
632 503
633 468
578 532
551 515
579 497
625 464
598 510
570 528
571 493
644 477
590 506
563 489
582 502
548 509
540 505
655 492
627 510
532 501
647 488
593 517
639 484
572 494
585 513
564 490
624 504
596 522
556 486
575 499
617 465
562 529
636 478
541 506
554 525
628 474
533 502
574 503
620 470
565 534
544 511
651 494
597 523
589 519
555 526
628 510
547 522
620 506
621 471
566 535
567 500
539 518
640 484
613 467
586 513
558 531
632 480
559 496
570 505
536 512
643 495
635 491
581 520
614 468
560 497
646 500
587 528
551 528
592 529
571 506
584 525
612 507
658 474
563 502
604 503
550 532
624 481
615 512
616 477
540 518
532 514
647 501
593 530
639 497
585 526
659 475
605 504
651 471
597 500
616 513
543 529
589 496
617 478
636 491
608 509
535 525
609 474
555 503
628 487
620 483
566 512
558 508
631 498
601 506
642 507
547 535
643 472
634 503
539 531
567 513
613 480
580 532
654 481
559 509
600 510
646 477
551 505
611 519
612 484
603 515
536 525
623 493
643 508
635 504
581 533
627 500
655 482
647 478
593 507
639 474
612 520
584 538
585 503
604 516
596 512
624 494
543 506
562 519
636 468
554 515
628 464
573 528
565 524
566 489
577 498
597 513
589 509
630 510
576 539
650 488
555 516
642 484
547 512
621 461
566 525
539 508
567 490
653 493
558 521
632 470
599 522
559 486
578 499
570 495
631 511
536 502
643 485
635 481
654 494
581 510
627 477
600 523
646 490
592 519
584 515
550 522
623 506
624 471
542 518
616 467
561 531
562 496
532 504
573 505
593 520
565 501
639 487
585 516
596 525
638 491
543 519
617 468
562 532
535 515
649 500
554 528
595 529
555 493
628 477
641 496
574 506
620 473
565 537
566 502
558 498
631 488
650 501
642 497
588 526
634 493
571 524
539 521
580 522
654 471
600 500
646 467
546 529
619 513
592 496
538 525
611 509
612 474
603 505
549 534
623 483
569 512
615 479
635 494
561 508
581 523
627 490
655 472
647 468
593 497
639 464
584 528
658 477
604 506
531 522
645 507
550 535
637 496
624 484
596 502
542 531
616 480
657 481
562 509
608 476
554 505
573 518
565 514
638 504
630 500
535 528
631 465
576 529
650 478
641 509
642 474
547 502
588 503
634 470
607 516
653 483
558 511
599 512
619 490
611 486
557 515
631 501
623 460
643 475
634 506
635 471
580 535
654 484
581 500
627 467
600 513
646 480
592 509
584 505
612 487
603 518
623 496
550 512
624 461
569 525
542 508
561 521
562 486
573 495
565 491
626 507
572 536
618 503
564 532
638 481
543 509
629 512
630 477
535 505
649 490
554 518
595 519
641 486
620 463
587 515
566 492
553 522
558 488
619 467
630 513
631 478
650 491
622 509
568 538
642 487
588 516
634 483
653 496
580 512
599 525
619 503
546 519
538 515
612 464
557 528
530 511
549 524
623 473
569 502
615 469
561 498
627 480
614 510
606 506
626 484
531 512
645 497
550 525
591 526
637 493
629 465
542 521
616 470
583 522
657 471
629 489
562 499
648 502
608 466
554 495
595 496
565 504
552 534
618 516
610 512
638 494
630 490
649 503
576 519
622 486
650 468
641 499
568 515
642 464
588 493
607 506
534 522
653 473
553 535
599 502
545 531
619 480
537 527
611 476
557 505
656 484
646 470
546 532
592 499
633 500
538 528
612 477
579 529
584 495
625 496
530 524
644 509
645 474
550 502
591 503
615 482
582 534
561 511
648 479
606 519
626 497
637 506
638 471
583 535
556 518
629 502
630 467
649 480
576 496
622 463
595 509
568 492
641 476
587 505
553 512
545 508
652 491
631 468
622 499
642 477
588 506
634 473
621 503
546 509
632 512
538 505
557 518
598 519
644 486
549 514
623 463
569 492
602 526
561 488
633 513
560 529
625 509
626 474
531 502
571 538
572 503
645 487
618 470
591 516
563 534
564 499
637 483
629 479
648 492
554 485
594 521
541 515
552 533
594 530
541 524
552 524
533 520
544 520
618 506
607 469
564 535
553 498
638 484
544 529
556 531
630 480
576 509
610 511
617 510
641 489
568 505
576 518
587 518
622 485
617 519
534 512
568 514
620 515
609 515
553 525
588 492
545 521
534 521
619 470
537 517
599 501
611 466
640 502
545 530
557 495
586 531
632 498
537 526
611 475
578 527
557 504
656 474
602 503
621 516
602 512
613 512
614 477
560 506
633 490
613 521
579 519
614 486
625 486
530 514
560 515
644 499
579 528
590 528
625 495
626 460
644 508
582 524
598 518
645 473
563 520
591 502
637 469
648 469
582 533
583 498
540 527
648 478
594 507
606 509
552 501
606 518
572 516
618 483
564 512
626 496
610 479
583 525
544 506
629 492
564 521
575 521
638 470
649 470
605 522
556 517
629 501
630 466
641 466
636 500
631 510
541 528
576 495
622 462
595 508
641 475
636 509
568 491
587 504
553 502
628 505
544 533
574 534
553 511
652 481
545 507
537 503
652 490
609 519
601 515
621 493
601 524
567 522
640 506
586 535
621 502
559 518
632 502
633 467
579 496
614 463
570 527
598 509
632 511
633 476
644 476
538 504
551 523
579 505
625 472
582 501
602 516
590 514
582 510
548 508
561 487
560 519
633 503
579 532
540 513
626 464
571 528
645 477
572 493
591 506
625 508
563 524
626 473
582 537
583 502
572 502
629 469
591 515
563 533
637 482
648 482
564 498
575 498
610 465
594 511
556 494
629 478
575 507
594 520
541 514
552 514
533 510
544 510
552 523
651 493
556 521
544 519
597 522
576 499
589 518
622 466
568 495
628 509
617 509
574 538
534 502
568 504
609 505
555 534
566 534
601 501
640 483
534 511
586 512
620 514
621 479
632 479
537 507
652 494
567 508
578 508
632 488
537 516
578 517
557 494
536 520
621 506
656 473
567 535
602 502
614 467
621 515
633 480
560 496
613 511
579 509
625 476
598 522
644 489
633 489
560 505
571 505
551 536
579 518
590 518
625 485
582 514
590 527
563 510
548 521
582 523
648 468
548 530
532 513
647 500
593 529
532 522
585 525
618 473
659 474
564 502
639 505
610 469
585 534
556 498
564 511
605 512
651 479
636 490
608 508
541 518
628 486
617 486
533 514
636 499
608 517
628 495
544 523
620 491
553 501
577 520
652 471
640 469
586 498
632 465
617 513
589 531
652 480
609 509
601 505
547 534
621 483
601 514
640 496
539 530
613 479
621 492
559 508
567 521
578 521
598 499
632 501
559 517
633 466
578 530
590 495
579 495
598 508
536 524
644 475
570 503
571 491
602 506
643 507
563 487
582 500
581 532
614 480
655 481
560 509
548 507
635 512
540 503
625 489
655 490
571 518
612 519
647 486
591 496
563 514
637 463
593 515
604 515
639 482
572 492
629 459
594 501
583 501
624 502
629 468
596 520
636 467
540 530
575 497
532 526
573 527
562 527
636 476
552 504
639 509
628 472
565 532
605 516
651 483
597 512
651 492
608 521
597 521
609 486
555 515
589 517
628 499
574 528
547 511
621 460
628 508
567 489
574 537
558 520
586 502
632 469
566 533
640 482
539 516
613 465
586 511
578 507
558 529
632 478
570 494
