730 448
729 447
728 448
727 447
731 449
731 447
732 448
733 447
734 446
731 450
730 451
729 450
728 451
727 450
726 451
725 452
724 451
723 452
722 451
722 453
721 451
720 450
719 451
719 452
718 450
720 453
717 451
716 452
724 453
726 447
729 452
728 453
718 452
720 449
721 448
720 447
722 447
723 446
734 448
723 448
730 453
721 450
732 450
719 450
731 452
722 449
724 446
726 449
728 446
727 448
729 445
728 444
729 443
728 442
730 442
731 441
730 444
732 441
731 443
729 454
728 455
727 455
726 454
726 456
727 457
726 458
720 451
733 445
725 450
730 446
732 443
731 445
730 455
731 454
724 448
735 445
728 457
729 456
731 456
732 457
733 456
734 455
733 454
735 454
735 447
728 441
727 443
726 442
725 443
724 444
726 444
726 445
731 457
729 440
728 439
730 439
735 456
735 457
736 457
737 456
738 455
737 454
739 454
739 456
737 458
738 457
736 459
735 459
739 458
740 459
741 460
737 460
738 459
742 459
743 458
744 459
745 458
746 457
747 458
748 457
745 460
746 459
743 460
744 461
747 460
749 457
748 459
745 462
746 461
742 457
748 461
749 461
750 458
730 458
729 459
730 460
731 459
729 461
730 462
731 461
731 463
732 464
733 463
734 462
733 461
735 461
736 462
737 463
738 462
741 461
736 464
739 463
737 465
738 464
736 466
735 466
739 465
741 462
740 466
735 463
730 441
737 467
738 468
750 460
739 460
728 450
720 446
719 445
742 461
734 457
734 466
735 449
735 450
727 445
735 458
746 458
727 454
715 452
738 454
735 467
735 468
738 463
731 442
739 455
731 451
719 449
749 459
723 443
742 456
734 461
735 444
734 443
727 440
735 453
734 452
727 449
735 462
738 458
727 458
738 467
719 444
731 446
730 450
730 459
741 459
734 447
723 447
742 460
734 456
734 465
735 448
727 444
727 453
715 451
738 453
745 461
726 457
737 457
737 466
719 448
730 445
736 443
749 458
730 454
722 450
718 443
741 463
741 464
734 442
723 442
742 455
741 454
723 451
734 451
734 460
748 462
727 439
745 456
726 452
737 452
737 461
729 457
730 440
730 449
749 462
722 445
741 458
722 454
741 467
741 468
742 469
742 470
742 471
741 472
741 473
742 474
733 459
726 438
741 453
740 452
739 451
738 450
742 452
743 453
738 449
742 451
741 450
738 448
739 447
737 447
734 441
735 440
735 439
723 441
722 440
721 439
720 438
719 439
719 440
720 441
720 442
721 443
744 454
736 450
714 450
736 468
737 442
745 455
718 438
737 451
718 447
737 469
737 470
737 471
738 472
738 473
739 474
737 474
737 475
736 473
735 472
734 471
734 470
740 475
733 472
733 473
734 474
734 475
734 476
735 477
736 478
737 479
737 480
736 477
722 444
740 461
733 440
732 439
733 449
736 445
725 445
744 458
733 458
725 454
748 456
736 454
733 467
733 468
732 466
717 450
716 449
716 448
715 447
715 446
716 445
716 444
716 443
715 442
715 441
716 440
717 441
716 439
715 438
715 437
714 436
714 445
713 444
712 443
712 442
712 441
711 440
711 444
711 445
712 446
712 447
713 448
711 439
712 438
713 439
712 437
711 448
710 443
709 442
709 441
708 440
708 439
709 438
709 437
708 436
709 436
707 438
707 437
711 443
736 463
736 472
737 446
738 445
738 444
726 446
718 442
729 442
750 461
751 462
737 455
726 455
710 438
718 451
729 451
729 460
751 457
707 441
707 442
706 441
705 440
705 439
704 438
704 437
703 439
702 439
703 440
743 462
722 439
723 438
724 439
743 471
752 458
752 459
753 460
753 461
754 462
740 456
732 452
721 452
740 465
732 461
740 474
733 444
725 440
736 440
714 440
733 453
744 453
706 436
736 449
714 449
725 449
744 462
733 462
717 445
736 458
748 460
736 467
726 441
737 441
737 450
739 469
740 470
718 446
729 446
710 442
729 455
751 461
728 459
707 436
743 457
721 438
740 451
732 447
721 447
740 460
752 462
713 443
724 443
732 456
740 469
724 452
732 465
733 439
733 448
714 444
736 444
725 444
744 457
733 457
706 440
735 476
717 440
736 453
725 453
717 449
738 481
738 482
747 459
739 464
718 441
729 441
731 460
739 473
710 437
739 482
710 446
728 445
728 454
743 452
743 461
732 442
721 442
740 455
702 438
724 438
713 438
732 451
740 464
724 447
713 447
732 460
755 462
756 461
757 462
756 460
755 459
754 458
755 458
733 443
736 439
725 439
714 439
735 471
714 448
725 448
736 448
717 444
738 476
738 477
739 478
739 479
740 480
740 479
741 478
741 477
740 478
739 450
750 459
739 459
731 455
739 468
731 464
739 477
728 440
728 449
720 445
709 445
751 460
728 458
743 456
740 450
721 446
732 446
724 442
713 442
732 455
705 438
754 461
717 439
706 439
735 475
738 471
738 480
739 472
709 440
720 440
712 436
712 445
742 464
721 441
713 437
742 473
734 469
713 446
735 443
724 455
735 452
735 470
738 466
738 475
716 438
739 449
716 447
708 443
719 443
739 467
709 435
709 444
720 444
712 440
741 476
712 449
753 459
723 455
734 464
724 441
713 441
734 473
705 437
754 460
746 456
715 450
727 452
738 452
735 465
738 461
735 474
738 470
738 479
716 442
731 440
708 438
719 438
739 453
716 451
719 447
750 462
731 458
728 443
709 439
720 439
741 471
720 448
712 444
742 454
723 450
734 450
742 463
737 445
737 472
715 439
737 481
707 440
722 438
741 451
752 457
741 469
711 437
740 473
734 439
723 439
711 446
733 452
733 470
715 443
736 475
737 440
726 440
745 453
737 449
718 445
710 441
737 476
722 442
741 455
743 474
752 461
740 468
711 441
740 477
714 443
744 456
736 452
733 465
717 448
736 461
736 470
736 479
737 444
745 457
718 440
748 458
737 453
726 453
710 436
729 449
718 449
737 462
710 445
739 481
729 458
707 439
704 439
722 446
740 454
740 463
732 459
755 461
740 472
711 436
733 442
725 438
714 438
733 451
736 447
714 447
725 447
756 462
744 460
733 460
717 443
734 459
736 456
725 456
742 472
733 469
717 452
734 468
736 465
734 477
736 474
735 442
726 439
727 438
735 451
737 448
726 448
715 445
738 447
729 444
718 444
735 460
746 460
739 476
710 440
738 456
727 456
729 453
738 465
751 459
716 437
743 455
716 446
739 448
731 444
708 442
719 442
737 478
722 441
743 473
731 453
740 449
721 445
732 445
752 460
740 458
728 438
741 457
730 457
721 440
732 454
740 467
724 450
741 466
732 463
720 443
740 476
741 475
714 442
712 439
753 458
733 455
717 438
701 439
733 446
734 445
723 445
725 442
736 442
742 458
744 455
706 438
734 454
723 454
714 451
736 451
725 451
733 464
717 447
734 463
736 460
734 472
747 457
736 469
713 449
744 473
735 446
726 443
737 443
739 462
704 440
727 442
715 440
718 439
729 439
735 455
746 455
739 471
738 451
727 451
715 449
729 448
718 448
739 480
710 444
738 460
745 459
728 452
737 464
716 441
743 459
737 473
708 437
731 439
716 450
719 446
730 443
732 440
749 456
740 453
713 436
741 452
730 452
732 449
721 449
722 448
740 462
713 445
724 445
730 461
755 460
732 458
740 471
724 454
741 470
741 479
733 441
723 440
711 438
734 440
714 437
742 453
733 450
735 469
725 446
734 449
723 449
711 447
736 446
714 446
753 462
742 462
717 442
735 478
734 458
736 455
725 455
738 474
734 467
738 483
747 461
735 441
750 457
739 457
733 471
739 466
727 446
715 444
738 446
731 462
736 476
739 475
710 439
745 454
726 450
728 447
709 443
737 459
751 458
728 456
743 454
720 452
737 468
712 448
743 463
719 441
737 477
708 441
743 472
730 447
732 444
721 444
749 460
722 443
740 457
713 440
702 440
724 440
730 456
741 456
732 453
721 453
705 436
722 452
724 449
741 465
732 462
754 459
741 474
735 464
734 444
723 444
711 442
736 441
725 441
714 441
703 438
717 437
735 473
706 437
734 453
723 453
738 469
717 446
738 478
756 459
747 456
739 452
733 466
731 448
739 461
727 441
736 471
739 470
715 448
