170 202
170 203
169 204
169 201
170 200
168 202
167 201
166 202
168 205
171 204
172 203
171 201
172 200
173 204
174 203
175 202
173 201
174 200
175 199
176 200
177 199
165 203
173 205
174 206
172 206
175 205
171 207
170 206
169 207
168 208
176 206
167 203
169 200
170 199
169 198
171 198
169 209
170 208
172 205
175 204
168 201
171 200
168 210
167 210
171 209
173 206
165 202
176 199
167 205
169 202
170 201
172 198
173 197
172 196
173 195
174 194
172 194
175 193
175 195
169 211
170 210
172 207
174 201
171 193
170 192
169 191
171 191
169 193
168 194
167 194
166 206
177 206
178 205
179 204
178 203
180 203
168 203
180 205
171 202
173 199
168 212
167 212
166 213
167 214
166 215
165 216
164 215
163 214
171 211
172 212
165 204
163 216
176 201
178 198
169 195
170 194
172 191
173 190
172 189
171 189
173 188
174 187
173 186
172 186
172 187
175 186
176 185
175 184
175 188
177 185
178 207
167 207
179 206
164 217
167 216
168 217
169 216
170 215
170 214
171 216
169 218
179 197
170 217
168 219
167 219
166 220
167 221
166 222
171 218
178 196
167 223
170 219
165 207
172 216
180 196
166 224
168 221
169 221
164 208
165 209
169 213
173 213
172 214
172 209
172 218
173 192
176 194
176 203
164 201
179 199
164 210
165 211
179 208
168 198
180 200
180 201
181 201
168 207
180 209
180 210
168 216
169 190
168 189
169 199
172 195
172 204
173 187
175 206
176 189
177 190
176 198
164 205
176 207
176 208
179 203
164 214
180 195
179 194
168 193
180 204
168 211
169 194
171 213
172 190
172 199
163 218
164 219
175 192
175 201
176 184
176 193
176 202
164 200
179 198
164 209
179 207
164 218
168 188
167 220
168 197
168 206
171 199
171 208
172 185
163 204
171 217
163 213
175 187
175 196
176 188
176 197
179 193
180 192
181 192
180 191
180 190
179 189
164 204
179 202
164 213
167 206
167 215
168 192
167 224
168 225
168 226
170 220
171 194
171 203
163 199
171 212
163 208
171 221
171 222
172 223
163 217
175 191
175 200
175 209
175 210
175 211
176 212
176 213
176 211
175 214
175 215
176 216
176 217
176 183
175 182
176 192
179 188
180 187
181 187
180 186
179 185
179 184
180 185
164 199
178 201
168 187
169 186
169 185
168 184
168 183
169 182
169 181
169 180
168 179
168 178
169 177
170 178
169 176
168 175
168 174
167 173
163 203
163 212
174 208
179 183
180 182
181 183
181 182
180 181
179 180
179 179
177 213
167 187
167 196
168 173
169 172
169 171
168 170
168 169
178 214
179 213
180 214
179 212
178 215
179 216
179 217
179 218
180 219
178 219
178 220
179 221
179 222
180 223
178 223
178 224
177 222
176 222
176 221
175 220
175 219
175 223
175 224
175 225
176 226
174 222
177 227
178 228
179 227
180 228
179 226
178 229
181 229
182 230
183 229
183 228
182 227
182 231
182 232
183 233
183 232
182 226
182 225
183 224
183 223
182 222
182 221
183 220
183 219
183 218
182 217
182 216
183 215
184 216
183 214
182 213
182 212
185 217
174 226
174 227
175 228
175 229
176 230
176 231
177 232
178 233
178 234
179 235
179 236
178 237
178 238
178 239
179 240
177 236
176 235
175 234
175 233
174 235
174 236
173 234
177 231
177 240
176 240
186 218
187 217
188 218
174 185
187 216
186 215
186 219
186 214
187 213
188 214
187 212
187 211
186 210
189 215
190 216
190 217
189 219
189 220
190 221
190 222
191 223
190 220
191 219
186 209
187 208
188 209
187 207
189 210
190 211
191 210
192 211
191 209
190 208
190 212
190 207
193 212
194 213
195 212
195 211
194 210
194 214
194 215
195 216
195 217
194 209
194 218
194 219
194 220
195 221
195 220
193 217
196 218
197 219
185 208
184 207
193 221
197 218
198 217
199 218
198 216
189 214
189 223
188 223
187 222
187 221
189 224
190 225
190 226
190 227
191 228
186 223
186 224
185 222
189 228
189 229
190 230
190 231
171 184
182 184
178 232
179 231
189 232
189 233
189 234
190 235
190 236
191 237
189 237
189 238
190 239
190 240
190 241
189 242
182 193
182 194
183 195
183 196
184 197
184 198
183 199
183 200
183 201
184 202
182 198
190 206
191 205
191 204
190 203
189 202
189 201
188 200
188 199
187 198
186 197
187 197
188 196
188 195
187 194
187 193
187 192
188 191
189 191
188 190
187 189
187 188
188 187
188 186
188 185
187 184
186 185
187 183
188 182
188 181
187 180
187 179
188 180
186 196
190 202
191 201
192 202
191 200
193 203
194 204
195 203
195 202
194 201
194 205
195 206
195 207
194 200
195 201
194 199
195 198
195 197
194 196
193 197
192 197
191 196
191 195
192 194
192 193
192 192
191 191
191 190
190 189
194 195
187 178
188 177
188 176
187 175
187 174
186 191
185 191
189 196
189 205
188 205
188 204
187 203
186 204
187 202
186 205
190 188
191 187
192 188
191 186
190 185
191 185
192 184
192 183
191 182
191 181
190 184
190 197
190 198
182 202
182 203
183 204
183 205
163 198
162 197
161 196
161 195
160 194
159 193
160 193
160 197
160 198
160 199
159 200
161 200
159 192
162 211
191 206
159 201
160 202
160 203
161 204
161 205
182 211
183 210
183 209
182 208
182 207
184 230
185 231
186 230
187 231
187 230
186 229
179 237
186 228
185 227
186 232
186 233
186 234
187 235
186 236
178 187
185 236
186 237
186 238
185 239
186 240
187 240
185 241
186 242
185 240
185 226
185 235
186 227
187 226
163 207
183 185
184 184
184 183
188 219
183 182
183 186
183 181
184 180
185 179
185 180
184 179
184 178
176 236
183 177
177 204
191 225
192 225
193 226
193 227
194 228
184 239
196 213
175 190
181 233
165 225
185 203
174 230
173 229
166 226
167 191
177 235
178 200
197 213
198 213
199 214
170 196
189 209
192 220
171 197
181 210
193 184
174 207
193 220
166 203
167 168
185 216
158 199
186 181
177 212
170 173
189 186
188 227
167 204
191 232
170 209
171 174
190 187
182 183
192 233
184 229
196 203
162 210
181 223
173 219
174 184
165 215
177 189
187 239
166 216
186 194
185 194
185 193
177 225
178 190
170 186
189 199
188 240
180 236
200 214
192 210
184 206
169 226
181 200
173 196
184 242
196 216
174 197
166 193
165 193
165 192
185 206
177 202
189 176
188 217
180 213
191 222
192 187
169 203
161 199
172 208
192 223
184 219
162 200
181 213
173 209
193 187
165 205
185 183
176 220
187 229
188 194
179 225
167 171
166 171
165 170
166 170
158 202
178 180
177 180
177 179
176 178
175 177
191 199
170 176
168 215
188 230
180 226
191 235
192 200
184 196
161 212
160 212
181 190
172 221
175 232
195 210
187 206
198 215
177 192
176 233
187 242
188 207
179 238
199 216
191 212
184 209
183 213
194 222
194 223
176 210
195 223
187 219
188 184
179 215
180 180
191 189
169 170
160 201
180 216
172 175
173 174
172 176
174 174
192 190
184 186
190 229
169 206
161 202
181 180
172 211
173 176
165 172
183 226
175 222
176 187
195 200
187 196
166 173
179 192
164 212
176 223
168 182
167 181
166 181
166 180
165 182
165 183
166 183
188 197
179 228
180 193
191 202
189 241
168 218
169 183
172 188
190 242
183 203
194 212
175 235
195 213
187 209
188 174
179 205
198 218
164 225
163 226
163 225
168 195
160 191
161 190
160 189
159 190
158 190
158 189
161 189
162 188
161 187
162 187
162 190
184 176
171 206
190 219
182 215
161 192
183 216
175 212
176 177
194 225
187 186
179 182
193 229
193 230
164 202
168 172
180 183
167 213
186 226
191 192
178 222
157 199
156 198
157 197
156 196
155 197
154 197
153 196
154 196
157 196
153 198
170 218
189 231
190 196
169 173
160 204
171 219
190 232
163 215
182 228
183 193
175 189
194 202
176 190
187 199
179 195
174 229
166 225
185 238
186 203
177 234
197 212
189 208
168 185
167 226
186 239
178 235
171 196
190 209
182 205
183 206
187 176
193 219
185 215
164 192
163 193
163 192
186 216
159 199
178 212
189 221
190 186
182 182
192 232
163 205
182 218
183 183
175 179
181 222
152 195
151 195
151 194
152 193
150 193
149 193
149 192
150 191
164 169
163 170
174 219
193 232
194 233
195 233
185 228
186 193
177 224
178 189
197 202
198 203
199 204
199 203
200 204
198 205
198 206
199 206
189 198
188 239
159 212
158 212
158 211
159 210
178 225
170 221
171 186
190 199
182 195
184 241
196 215
181 235
182 236
183 237
183 236
182 238
173 231
172 231
171 230
170 229
173 232
171 229
170 231
174 196
165 227
165 228
193 209
185 205
177 201
189 175
190 174
174 232
166 228
167 193
186 206
159 189
177 237
178 202
197 215
170 198
189 211
190 176
191 177
192 178
192 177
193 177
194 177
195 178
195 177
191 179
194 179
194 180
195 180
196 181
196 180
197 180
197 179
192 222
184 218
181 212
173 208
193 186
185 182
155 196
174 209
193 222
166 205
167 170
185 218
158 201
186 183
177 214
178 179
170 175
189 188
188 229
180 225
159 202
200 203
191 234
170 211
171 176
182 185
169 215
148 192
147 192
146 193
146 192
147 191
148 190
147 189
148 189
181 189
172 220
192 235
184 231
196 205
162 212
181 225
173 221
174 186
165 217
193 199
166 182
185 195
177 191
176 232
187 241
166 218
167 183
199 215
178 192
170 188
168 227
168 228
188 242
180 238
200 216
201 217
202 216
192 212
184 208
196 182
196 183
169 228
162 189
181 202
172 233
173 198
165 194
165 195
193 176
192 175
193 175
193 174
162 225
161 224
161 223
160 222
159 223
158 222
161 222
162 223
163 223
164 223
164 222
160 224
159 222
162 222
158 224
195 222
174 199
166 195
186 173
185 173
184 174
184 173
183 173
182 173
182 172
183 171
182 170
183 170
185 172
185 171
185 170
186 171
186 170
158 191
197 182
198 183
198 182
199 181
200 181
199 183
189 178
180 215
191 224
192 189
184 185
150 192
169 205
161 201
181 179
181 178
181 177
172 210
173 175
184 221
162 202
154 198
194 234
194 235
173 211
146 194
146 195
174 176
193 189
194 190
194 189
195 188
195 190
166 172
185 185
177 181
195 235
196 236
197 235
199 205
160 213
160 214
200 206
201 207
201 206
202 206
161 214
165 184
165 185
183 238
166 185
199 182
164 224
200 183
201 184
202 183
203 184
204 185
204 184
203 186
204 187
205 187
204 186
192 179
184 175
157 221
156 221
156 220
156 219
157 219
155 219
154 219
153 219
153 218
152 218
151 218
151 217
152 216
151 215
150 214
149 213
148 213
147 212
150 213
149 215
149 216
150 216
152 215
148 212
154 218
155 217
147 214
146 215
150 215
153 220
153 221
154 221
203 188
149 217
161 191
181 169
180 168
181 168
181 167
180 170
179 170
180 171
179 172
178 169
177 169
177 168
177 167
178 167
176 167
175 167
175 166
176 165
162 192
194 224
195 189
174 166
173 166
172 166
172 165
173 164
172 163
171 164
170 164
170 163
173 163
174 162
174 164
171 163
174 163
170 165
170 166
171 166
173 165
185 175
195 225
196 226
196 225
197 225
198 226
199 226
200 226
201 227
202 227
202 226
198 227
198 228
199 228
202 228
203 229
204 230
205 230
206 230
206 229
207 230
201 229
201 230
204 229
203 231
204 232
205 233
205 232
206 232
206 231
207 232
205 234
205 235
157 198
149 194
149 195
172 177
172 178
150 195
162 169
161 169
160 169
160 168
161 167
159 167
158 167
158 166
162 167
157 166
156 166
156 165
157 164
156 163
155 162
154 161
155 161
154 163
153 163
154 164
155 164
157 163
153 165
159 166
155 163
158 168
158 169
159 169
161 168
202 205
202 204
202 203
154 165
173 178
165 174
155 166
198 207
201 218
201 219
157 211
156 211
156 210
156 209
156 208
157 207
156 206
155 207
154 206
157 206
157 209
155 206
154 208
153 209
153 208
154 209
155 209
157 208
153 210
171 231
163 227
163 228
202 218
203 219
204 219
205 220
206 220
206 219
206 221
205 222
205 223
205 224
195 179
152 217
198 184
198 185
164 191
164 190
164 189
180 172
199 185
145 214
144 214
144 213
144 212
144 211
145 210
145 212
143 211
142 210
143 209
142 212
141 209
140 209
139 208
138 207
137 206
138 206
137 208
137 209
138 209
140 208
141 207
140 206
141 206
143 208
136 205
135 205
134 206
133 205
132 205
132 204
133 203
139 210
140 211
142 211
135 207
134 208
138 208
131 204
130 203
130 202
131 202
130 205
129 202
128 202
127 202
127 201
128 201
129 200
128 199
129 199
131 201
131 200
127 203
130 204
141 208
133 204
137 210
157 188
156 188
156 187
156 186
155 185
154 184
155 184
153 185
153 186
154 186
157 186
152 185
151 185
151 184
152 183
151 182
150 181
149 180
148 180
147 180
146 180
147 179
150 180
149 182
149 183
150 183
152 182
145 179
144 179
148 179
154 185
155 186
147 181
146 182
146 183
150 182
153 187
153 188
154 188
146 184
143 178
142 177
143 176
142 179
142 178
197 224
197 223
197 222
149 184
169 162
169 161
168 160
167 159
166 158
167 158
166 160
165 160
169 160
168 162
164 159
163 160
163 159
167 160
165 161
165 162
166 162
201 231
126 200
125 199
126 199
126 198
125 201
124 198
124 197
123 196
124 196
123 198
122 195
121 196
120 197
120 198
121 198
122 194
122 193
172 167
150 185
162 159
161 159
160 159
160 158
161 157
160 156
159 155
158 154
157 154
156 153
159 154
158 156
158 157
159 157
161 156
162 155
161 154
162 157
157 153
156 155
159 156
162 156
158 158
159 159
161 158
194 191
194 192
119 197
118 197
118 196
118 195
118 194
119 193
118 192
117 193
116 193
115 192
116 192
119 192
115 194
115 195
116 195
119 195
114 191
113 192
117 192
116 194
117 195
119 194
112 191
111 191
115 196
152 194
176 179
195 192
196 193
197 192
198 193
199 193
200 192
199 191
200 191
200 194
201 194
202 194
202 193
200 193
198 194
198 195
199 195
202 195
203 196
203 197
204 197
201 196
201 197
204 196
203 198
203 199
204 199
205 200
205 199
205 201
205 202
193 231
145 191
145 190
144 189
145 189
144 191
143 188
142 187
143 187
143 186
142 189
142 190
141 186
140 186
139 185
138 184
137 185
137 186
138 186
139 187
139 188
140 188
136 185
135 185
135 184
135 183
135 182
136 183
136 182
138 185
142 191
137 187
137 188
156 200
157 165
160 170
160 171
201 208
201 209
159 211
138 188
197 237
198 238
196 238
199 238
200 237
199 236
200 236
200 239
201 240
201 239
202 239
203 239
204 240
204 239
203 241
203 242
204 242
202 238
202 237
202 236
201 241
201 242
204 241
161 171
202 208
203 209
203 208
204 207
204 209
205 210
205 211
205 212
181 234
152 207
151 207
151 206
151 205
150 204
149 203
150 203
149 205
152 205
148 202
147 202
147 201
148 200
150 205
148 201
164 181
163 180
164 180
162 180
161 179
162 178
161 177
160 179
159 178
158 177
159 177
162 177
158 179
164 179
157 176
156 176
156 175
157 174
155 174
154 174
153 173
152 173
154 173
153 175
153 176
154 176
163 182
163 183
152 172
155 173
158 178
159 179
151 174
162 179
154 175
155 176
157 175
160 180
160 181
161 181
153 177
154 178
156 177
156 178
155 218
174 231
166 227
158 223
197 214
157 178
147 213
167 228
159 224
163 194
163 195
183 172
202 185
201 186
129 201
175 168
175 169
148 214
121 197
194 181
140 210
132 206
132 207
151 219
152 184
144 180
144 181
204 231
164 158
164 157
164 156
196 227
196 228
156 154
176 169
141 211
133 207
145 181
164 194
157 155
197 191
197 190
122 197
114 193
113 194
160 160
201 198
197 227
171 175
148 191
140 187
200 238
151 196
151 197
192 234
204 208
175 181
194 194
181 224
141 188
173 220
152 197
193 198
164 171
163 172
156 167
155 208
174 221
193 234
166 217
167 182
185 230
186 195
158 213
158 214
177 226
178 191
197 204
170 187
189 200
188 241
147 203
146 204
146 205
147 204
145 204
144 204
144 203
144 202
144 201
145 200
144 199
143 199
142 200
142 199
145 199
145 202
143 198
143 197
143 196
142 201
142 202
145 201
141 198
141 197
140 196
141 196
140 198
139 198
138 197
137 196
138 196
137 198
136 195
135 195
134 196
134 195
133 195
132 195
132 194
133 193
132 192
131 192
130 193
130 192
133 192
135 194
135 193
136 193
134 197
134 198
135 197
137 197
138 198
130 194
130 195
133 194
136 194
167 218
180 237
139 199
139 200
159 214
200 215
170 223
171 188
190 201
163 184
203 220
203 221
182 197
169 227
148 204
140 200
172 232
132 196
152 174
204 221
196 217
162 224
181 237
154 220
133 197
173 233
174 198
146 216
146 217
193 211
165 229
165 230
166 194
185 207
186 172
177 203
178 168
197 181
143 210
189 177
135 206
155 221
166 230
207 231
167 195
186 208
199 227
159 191
178 204
171 165
189 213
117 194
190 178
163 161
163 162
136 207
182 174
128 203
147 216
148 181
120 199
120 200
139 212
200 228
151 186
192 224
184 220
203 233
204 198
196 194
196 195
129 204
121 200
162 201
181 214
141 178
140 178
139 178
139 177
140 177
173 210
174 175
193 188
165 206
185 184
164 161
195 234
155 198
174 211
166 207
167 172
185 220
158 203
198 239
198 240
159 168
177 216
178 181
197 194
170 177
189 190
136 184
188 231
147 193
139 189
139 190
180 227
159 204
199 240
200 205
191 236
192 201
171 178
203 210
203 211
169 217
161 213
140 190
181 191
172 222
192 237
184 233
204 211
196 207
162 214
181 227
154 210
155 175
173 223
174 188
146 206
146 207
165 219
193 201
166 184
185 197
158 180
158 181
177 193
143 200
135 196
176 234
155 211
188 208
167 185
179 239
159 181
199 217
200 182
191 213
191 214
170 190
157 220
203 187
136 197
168 229
168 230
147 206
160 225
160 226
180 240
200 218
192 214
184 210
204 188
205 189
205 190
205 191
150 217
196 184
196 185
169 230
142 213
142 214
161 226
134 209
134 210
162 191
181 204
153 222
154 187
172 235
173 200
174 165
193 178
165 196
165 197
166 161
185 174
131 203
177 170
177 171
123 199
123 200
143 177
154 223
153 224
155 188
195 224
187 220
166 197
206 233
167 162
158 193
157 194
198 229
198 230
186 175
199 194
159 158
178 171
124 200
170 167
143 213
189 180
116 196
135 209
188 221
147 183
207 234
180 217
139 179
199 230
200 195
191 226
192 191
184 187
184 188
203 200
150 194
161 203
162 168
181 181
153 199
153 200
173 177
165 173
184 223
196 197
183 227
162 204
202 240
194 236
194 237
154 200
155 165
174 178
146 196
166 174
185 187
158 170
158 171
177 183
143 190
135 186
176 224
195 237
187 233
188 198
179 229
180 194
159 171
199 207
191 203
157 210
149 206
149 207
169 184
160 215
160 216
161 180
180 230
192 204
184 200
150 207
142 203
182 239
182 240
161 216
134 199
134 200
202 217
162 181
181 194
154 177
165 186
131 193
183 240
175 236
155 178
195 214
187 210
188 175
206 223
198 219
199 184
145 213
191 180
164 226
156 222
156 223
157 187
176 237
168 196
188 211
160 192
180 207
200 185
191 216
192 181
138 210
184 177
157 223
130 206
130 207
150 184
169 197
142 180
142 181
161 193
162 158
153 189
153 190
181 171
172 202
173 167
205 236
119 196
165 163
165 164
111 192
111 193
183 217
202 230
175 213
194 226
154 190
155 155
195 191
174 168
187 187
166 164
112 193
198 196
198 197
158 160
157 161
164 203
143 180
156 199
176 214
187 223
188 188
179 219
180 184
199 197
191 193
138 187
197 236
157 200
149 196
149 197
168 209
155 172
169 174
160 205
161 170
153 166
153 167
172 179
172 180
205 213
205 214
184 190
183 191
171 220
150 197
190 233
182 229
183 194
202 207
162 171
194 203
154 167
173 180
152 206
183 230
175 226
176 191
195 204
187 200
206 213
179 196
145 203
164 216
137 199
137 200
156 212
157 177
168 186
160 182
160 183
201 220
201 221
180 197
167 227
138 200
178 236
130 196
170 232
170 233
190 210
150 174
169 187
182 206
161 183
202 184
153 179
172 192
171 233
163 229
183 207
202 220
175 203
176 168
194 216
195 181
141 210
187 177
133 206
179 173
179 174
152 219
198 186
125 202
125 203
144 215
144 216
145 180
164 193
156 189
156 190
176 204
122 196
168 163
168 164
114 192
188 178
179 209
178 210
180 174
199 187
145 216
191 183
186 217
178 213
197 226
157 190
189 222
149 186
168 199
169 164
160 195
161 160
126 202
118 198
205 203
205 204
171 210
190 223
163 206
182 219
183 184
202 197
175 180
194 193
141 187
152 196
144 192
144 193
164 170
196 239
196 240
175 216
174 217
176 181
195 194
187 190
174 220
179 186
193 233
185 229
145 193
164 206
137 189
137 190
197 203
157 167
168 176
201 210
201 211
160 172
167 217
159 213
178 226
138 190
197 239
170 222
171 187
189 235
190 200
182 196
161 173
148 203
140 199
151 208
151 209
171 223
163 219
162 220
204 220
183 197
194 206
193 207
181 236
141 200
133 196
152 209
193 210
144 205
164 183
156 179
155 220
201 187
201 188
174 233
166 229
185 242
186 207
158 225
158 226
177 238
157 180
197 216
189 212
190 177
136 206
147 215
167 230
139 211
159 226
200 227
190 213
163 196
203 232
182 209
183 174
202 187
129 203
175 170
175 171
148 216
194 183
121 199
140 212
113 195
113 196
141 177
132 208
132 209
152 186
144 182
144 183
204 233
164 160
196 229
196 230
156 156
156 157
176 171
133 209
174 210
193 223
145 183
185 219
186 184
177 215
157 157
197 193
189 189
122 199
114 195
186 220
159 203
199 239
178 216
170 212
171 177
189 225
190 190
163 173
163 174
182 186
148 193
140 189
200 240
151 198
192 236
184 232
163 209
204 210
183 187
196 206
175 183
162 213
181 226
141 190
173 222
152 199
165 218
193 200
144 195
185 196
164 173
155 210
174 223
166 219
167 184
185 232
158 215
158 216
157 217
159 180
177 228
178 193
197 206
170 189
136 196
147 205
139 201
139 202
180 239
159 216
205 183
200 217
192 213
151 175
151 176
171 190
163 186
203 222
203 223
202 224
201 223
200 224
182 199
169 229
129 193
128 193
127 193
127 192
126 192
125 193
125 192
128 192
148 206
194 173
161 225
140 202
181 203
172 234
132 198
152 176
204 223
196 219
162 226
181 239
154 222
155 187
173 235
146 218
146 219
145 220
165 231
125 195
126 196
127 195
193 213
166 196
167 161
185 209
158 192
186 174
177 205
178 170
124 199
197 183
143 212
189 179
135 208
155 223
127 204
127 205
126 206
125 205
124 206
201 190
202 191
203 190
147 182
188 220
167 197
207 233
199 229
178 206
171 167
117 196
190 180
163 163
163 164
162 165
136 209
182 176
128 205
147 218
148 183
120 201
140 179
200 230
192 226
184 222
203 235
204 200
196 196
121 202
122 203
123 202
162 203
181 216
154 199
173 212
174 177
165 208
193 190
185 186
177 182
110 192
109 191
108 191
108 192
108 193
109 193
109 192
143 189
195 236
155 200
174 213
187 232
166 209
167 174
158 205
186 187
198 241
198 242
159 170
177 218
178 183
170 179
189 192
136 186
147 195
188 233
139 191
180 229
199 242
200 207
191 238
192 203
184 199
163 176
164 177
165 176
203 212
150 206
169 219
161 215
153 211
153 212
152 213
181 193
172 224
172 225
173 189
184 235
204 213
196 209
197 210
198 209
183 239
162 216
154 212
155 177
173 225
174 190
146 208
165 221
166 186
206 222
185 199
158 182
158 183
157 184
177 195
143 202
135 198
127 194
188 210
179 241
180 206
199 219
159 183
200 184
191 215
192 180
157 222
203 189
136 199
149 218
149 219
148 220
182 166
181 165
182 164
180 164
179 164
179 163
179 162
179 161
179 160
179 159
180 158
181 157
180 160
178 159
177 159
177 158
177 157
177 156
178 155
176 155
175 154
178 157
174 154
173 154
172 153
171 152
170 153
173 153
176 154
172 155
175 156
175 157
176 157
178 156
171 153
174 153
181 159
182 160
183 161
184 161
185 161
185 160
186 159
186 158
186 161
187 161
188 162
189 163
189 164
190 164
187 163
187 164
188 164
190 163
183 160
186 160
189 165
189 166
190 166
191 167
192 167
182 162
193 166
192 165
194 167
195 168
193 164
195 167
194 169
185 162
184 163
184 164
186 163
188 163
191 168
191 169
192 169
184 165
173 155
176 156
195 169
196 170
196 171
197 170
198 170
199 171
199 170
200 169
200 171
198 172
198 173
199 173
197 169
197 168
197 167
200 170
196 172
199 172
200 173
201 174
201 173
202 173
203 174
204 174
203 175
203 176
204 176
205 177
206 176
202 172
202 171
187 165
187 166
206 178
205 179
198 174
188 166
180 162
169 152
168 152
201 175
201 176
190 165
182 161
183 162
202 175
175 158
175 159
176 159
204 175
193 165
186 162
178 158
197 171
170 154
170 155
189 167
189 168
171 155
190 168
200 172
192 168
203 177
203 178
181 158
204 178
174 155
193 168
185 164
177 160
167 152
166 152
165 152
178 161
206 177
188 165
180 161
199 174
191 170
191 171
200 175
172 156
172 157
192 171
181 161
173 157
165 153
205 180
205 181
202 174
194 170
194 171
176 158
195 171
187 167
206 180
168 153
168 154
169 154
187 157
198 166
201 177
201 178
200 179
171 154
190 167
182 163
183 164
175 160
204 177
196 173
196 174
193 167
185 163
186 164
178 160
197 173
170 156
170 157
169 158
189 169
171 157
168 231
168 232
128 195
169 196
160 227
160 228
181 170
200 220
172 201
192 216
184 212
203 225
204 190
150 219
196 186
169 232
142 215
161 228
162 193
202 229
134 211
134 212
133 213
181 206
154 189
155 154
173 202
146 185
146 186
145 187
174 167
193 180
165 198
166 163
185 176
112 192
158 159
131 205
177 172
177 173
123 201
143 179
115 197
115 198
114 199
113 198
112 199
111 199
112 200
111 201
111 202
112 202
113 202
114 202
114 201
110 198
109 199
112 201
111 203
114 203
115 204
115 205
116 205
113 204
113 205
114 204
116 204
117 203
118 204
119 203
118 205
119 205
117 205
115 206
115 207
116 207
118 206
118 207
119 207
120 208
121 208
122 207
121 206
122 206
123 208
123 209
124 209
125 209
126 209
126 208
122 205
124 208
123 210
126 210
127 211
128 212
125 211
125 212
126 211
128 211
129 210
129 212
130 213
131 212
127 213
127 214
128 214
131 214
132 215
133 216
130 215
133 215
132 217
129 211
132 216
133 217
134 218
134 219
135 217
136 216
137 216
138 217
139 218
140 219
135 215
137 218
137 219
138 219
140 218
141 217
141 219
136 215
139 220
139 221
140 221
136 218
138 218
134 220
137 220
137 221
138 221
140 220
141 221
142 222
143 221
144 222
145 223
145 222
144 224
145 224
146 225
147 225
147 224
148 223
147 222
148 222
148 225
149 226
149 225
150 226
151 225
152 226
153 226
151 227
151 228
152 228
150 225
149 227
149 228
150 228
152 227
148 224
151 229
151 230
152 230
153 231
153 230
154 229
155 230
156 229
157 230
157 229
156 231
155 229
154 231
157 231
158 232
159 233
160 234
160 235
161 235
159 232
158 234
158 235
159 235
161 234
162 233
161 232
162 232
162 235
163 236
164 235
164 234
164 233
160 236
161 237
163 237
163 238
164 237
165 238
165 237
166 236
167 237
168 238
169 239
170 239
171 240
171 239
167 236
166 238
169 238
168 240
167 238
159 234
125 213
125 214
162 234
154 230
165 239
165 240
143 220
143 219
155 231
166 240
158 236
117 204
136 217
128 213
147 226
146 227
120 209
120 210
139 222
139 223
129 214
121 210
140 223
113 206
113 207
110 200
109 201
108 201
107 200
106 200
106 199
106 198
106 197
107 196
105 196
104 196
104 195
107 198
103 195
102 195
101 194
100 193
99 192
100 192
99 194
99 195
100 195
102 194
103 193
102 192
103 192
98 191
97 191
101 196
104 197
104 198
105 198
107 197
100 194
103 194
96 191
99 196
102 196
103 197
168 239
150 227
169 240
142 223
142 224
141 225
161 236
153 232
153 233
131 213
162 237
154 233
105 197
124 210
143 223
116 206
135 219
108 202
108 203
127 215
97 192
97 193
117 207
109 203
128 216
98 193
164 236
156 232
156 233
138 220
157 233
130 216
130 217
149 229
160 238
119 206
150 230
142 226
141 227
112 203
131 216
104 199
104 200
115 208
105 200
163 239
163 240
141 220
152 229
144 225
144 226
145 226
164 239
137 222
107 199
126 212
118 208
118 209
100 196
119 209
166 239
167 240
159 236
129 213
148 226
121 209
140 222
132 218
132 219
151 231
110 199
141 223
133 219
125 215
103 196
122 209
114 205
106 201
106 202
96 193
95 193
107 202
162 236
154 232
146 228
146 229
146 230
143 222
135 218
155 233
117 206
136 219
109 202
128 215
147 228
120 211
120 212
139 224
98 192
129 216
101 197
101 198
121 212
122 213
123 212
113 208
110 202
102 198
158 228
157 232
160 237
150 229
142 225
161 238
134 221
134 222
133 223
153 234
153 235
152 236
131 215
123 211
154 235
146 231
147 232
148 233
145 232
144 232
145 233
143 232
142 232
144 234
144 235
145 235
146 235
147 235
147 234
148 235
143 231
145 234
148 234
141 231
141 230
140 229
141 229
139 230
139 231
138 229
137 229
140 231
136 228
135 228
134 228
133 228
132 228
132 227
133 226
132 225
133 225
135 227
136 226
135 225
136 225
131 224
131 223
131 222
130 225
130 226
137 230
137 231
138 231
130 227
133 227
144 236
136 227
147 236
146 237
146 238
147 237
139 232
139 233
129 224
129 223
128 222
129 222
127 223
127 224
128 224
126 223
125 222
126 221
125 224
124 221
123 221
123 220
123 219
123 218
124 219
122 218
121 219
120 218
121 218
124 218
120 220
120 221
121 221
126 220
126 219
119 217
119 216
118 215
119 215
118 217
117 215
116 215
115 215
114 214
113 215
113 214
115 216
115 217
116 217
112 214
111 214
111 213
111 212
111 211
112 210
113 210
112 212
114 211
114 212
110 211
109 212
108 212
108 211
109 211
112 211
108 213
109 214
125 223
122 217
121 216
122 216
122 215
114 213
107 210
107 209
106 208
105 207
104 206
105 206
104 208
107 208
103 205
102 205
101 204
100 203
99 202
99 204
99 205
100 205
102 204
103 203
106 210
101 206
101 207
102 207
105 208
100 204
103 204
99 206
99 207
100 207
128 223
148 237
149 238
149 237
150 236
150 238
151 238
152 238
151 239
151 240
152 240
153 241
154 242
154 241
155 240
154 239
156 241
156 242
157 242
158 242
155 239
155 242
157 241
153 243
156 243
155 241
121 220
140 233
113 216
113 217
132 229
110 210
109 209
110 209
110 208
102 206
103 207
114 216
150 237
154 243
146 239
146 240
124 220
143 233
142 234
142 235
116 216
135 229
134 230
134 231
135 230
127 225
127 226
117 217
136 230
109 213
128 226
120 222
98 203
101 208
101 209
102 209
138 230
149 239
148 240
149 240
150 240
142 236
134 232
134 233
112 213
131 226
104 209
104 210
123 222
123 223
115 218
115 219
105 210
124 223
116 219
108 215
152 239
145 236
137 232
136 233
137 233
126 222
118 218
118 219
138 233
100 206
119 219
111 215
112 216
148 236
140 232
151 241
151 242
141 233
133 229
152 242
125 225
125 226
103 206
122 219
114 215
106 211
106 212
107 212
99 208
155 243
117 216
136 229
128 225
147 238
139 234
139 235
129 226
121 222
140 235
113 218
113 219
110 212
102 208
103 209
150 239
132 221
131 225
146 241
146 242
105 209
124 222
143 235
116 218
135 231
108 214
127 227
127 228
126 229
97 204
97 205
117 219
109 215
128 228
98 205
101 210
105 199
124 212
143 225
116 208
135 221
108 204
108 205
107 206
127 217
97 194
97 195
138 232
117 209
130 228
130 229
129 230
128 230
109 205
110 206
111 205
149 241
149 242
148 243
120 214
119 218
98 195
150 242
134 234
112 215
131 228
104 211
104 212
103 213
123 224
115 220
115 221
114 222
113 222
112 222
111 222
110 221
109 222
108 221
107 221
106 221
106 220
107 219
106 218
105 219
104 219
104 218
104 217
103 216
102 215
105 216
107 218
103 215
109 221
101 216
101 217
100 215
99 215
102 217
105 218
108 223
108 224
109 224
98 214
97 214
97 213
98 212
97 211
98 211
111 223
111 224
112 224
113 225
114 224
131 230
104 220
105 221
107 220
99 216
99 217
100 217
110 220
110 219
110 218
103 217
114 226
115 227
116 228
113 227
116 227
117 226
118 225
119 226
116 225
119 225
118 227
118 228
119 228
120 228
121 229
122 228
117 225
120 230
120 231
119 232
121 231
117 228
120 233
119 227
115 229
122 227
122 226
121 225
118 229
119 230
121 230
122 230
123 231
123 230
124 229
124 231
125 232
126 231
126 233
127 234
128 235
125 234
128 234
129 233
128 232
129 232
129 235
130 236
130 235
131 235
131 234
127 236
113 220
130 237
130 238
131 237
132 238
132 237
133 236
133 238
133 237
129 234
132 239
132 240
133 240
134 241
134 240
135 240
106 222
135 239
135 238
136 238
137 239
138 240
139 241
138 239
137 241
138 242
140 241
141 240
140 239
141 239
138 241
141 241
137 243
117 227
136 240
109 223
128 236
120 232
98 213
101 218
101 219
121 233
110 223
102 219
134 242
134 243
112 223
131 236
123 232
123 233
115 228
105 220
124 233
116 229
135 242
108 225
108 226
97 215
97 216
109 226
98 216
137 242
126 232
138 243
130 239
130 240
129 241
130 242
129 243
100 216
119 229
111 225
111 226
112 226
104 222
104 223
133 239
125 235
125 236
122 229
114 225
107 222
126 235
99 218
99 219
118 231
100 219
136 239
129 236
121 232
113 228
113 229
112 230
111 229
110 229
111 228
132 241
110 222
102 218
133 242
103 219
199 196
114 228
132 231
131 232
124 232
135 241
127 237
127 238
128 239
117 229
136 242
109 225
128 238
120 234
98 215
101 220
101 221
113 231
114 232
115 232
115 231
102 221
120 224
134 244
134 245
133 246
112 225
131 238
104 221
123 234
115 230
105 222
116 231
108 227
107 228
107 229
127 240
97 217
142 238
143 239
144 238
105 212
137 244
116 221
108 217
126 234
118 230
130 241
100 218
119 231
111 227
195 226
155 190
146 221
206 235
167 164
112 228
198 231
158 195
159 160
104 224
103 225
102 225
103 226
102 227
101 227
100 226
99 225
102 228
100 225
99 227
103 228
104 229
104 228
105 229
105 228
98 224
97 224
97 223
98 222
96 222
95 222
101 229
104 230
100 227
103 227
95 223
94 224
95 224
96 224
102 229
94 225
94 226
95 226
97 225
97 226
98 226
96 223
99 228
99 229
100 229
103 229
95 225
96 226
98 225
101 230
94 227
97 227
97 228
98 228
100 228
145 225
178 173
164 238
124 202
170 169
171 169
172 169
116 198
156 234
156 235
135 211
108 194
127 207
128 207
147 185
199 232
200 197
138 222
184 189
157 235
203 202
130 218
130 219
129 220
149 231
150 196
96 225
142 192
142 193
141 194
162 170
153 201
153 202
152 203
154 166
99 230
173 179
119 208
165 175
111 204
142 228
143 229
144 228
202 242
134 224
194 238
194 239
193 240
154 202
155 167
141 232
174 180
146 198
166 176
152 241
112 205
198 208
158 172
131 218
104 201
144 237
123 214
143 192
115 210
195 239
199 209
200 174
145 238
192 170
137 234
137 235
136 236
138 199
184 166
184 167
183 168
157 212
203 179
203 180
202 181
108 207
149 208
149 209
148 210
160 217
161 182
107 211
181 160
153 178
126 224
173 156
118 220
118 221
205 225
206 226
205 226
204 227
138 235
130 231
171 232
204 180
150 209
196 176
197 177
198 176
142 205
182 241
161 218
202 219
134 201
162 183
153 214
154 179
100 208
174 157
119 221
165 188
193 170
166 153
111 217
185 166
131 195
177 162
176 163
183 242
175 238
206 225
133 241
167 154
166 155
167 156
180 173
198 221
199 186
104 214
145 215
164 228
137 211
137 212
136 213
170 159
156 224
157 189
103 218
149 185
122 231
169 163
114 227
201 232
201 233
200 234
106 223
106 224
167 239
200 187
126 201
172 168
138 212
157 225
203 192
130 208
149 221
150 186
142 182
141 183
141 184
142 183
162 160
202 196
107 224
181 173
153 191
154 192
126 237
99 220
173 169
118 233
205 238
119 198
165 165
165 166
164 167
111 194
111 195
110 196
202 232
176 180
195 193
155 157
100 221
146 188
141 222
166 166
133 218
152 231
112 195
158 162
159 162
160 162
198 198
197 199
197 200
198 199
144 227
104 191
145 192
115 200
116 200
156 201
156 202
102 230
122 208
199 199
145 228
137 224
138 189
157 202
197 238
149 198
95 227
96 192
161 172
107 201
153 168
153 169
126 214
172 181
99 197
99 198
98 199
118 210
205 215
205 216
206 217
204 217
130 221
196 166
195 165
196 164
196 163
196 162
196 161
196 160
197 159
196 158
198 160
199 161
197 157
196 156
195 155
199 160
200 159
199 158
200 158
200 161
201 161
202 161
202 160
194 156
194 157
195 157
198 162
200 160
193 156
192 155
191 154
190 154
189 154
189 153
188 152
193 154
191 156
191 157
192 157
187 153
187 154
188 154
190 153
193 153
193 152
189 155
190 156
192 156
188 153
199 162
200 163
201 164
201 163
202 163
203 164
203 163
204 162
204 164
204 163
203 165
203 166
204 166
205 167
205 166
206 166
206 165
206 164
207 166
191 158
191 159
192 159
205 168
205 169
202 162
194 158
194 159
195 159
187 155
206 168
197 158
201 165
201 166
190 155
204 165
193 155
197 161
189 157
200 162
192 158
203 167
203 168
204 168
195 158
206 167
198 163
198 164
188 155
207 168
199 164
191 160
205 170
205 171
202 164
132 223
194 160
194 161
195 161
197 160
189 156
201 167
190 157
201 157
200 156
202 158
201 155
203 157
201 154
201 153
201 152
201 151
202 150
203 151
204 152
205 151
206 151
207 152
204 151
207 151
203 153
203 154
204 154
205 154
206 154
206 153
207 154
208 155
209 155
210 156
211 155
212 156
210 157
212 155
211 157
208 156
208 157
207 158
209 157
212 157
213 158
214 158
215 158
216 159
216 158
214 157
204 153
121 194
208 159
207 160
207 153
210 158
200 150
200 149
199 148
199 147
200 148
198 149
198 150
199 150
197 149
196 148
197 147
196 146
195 145
196 150
194 146
194 147
195 147
127 235
197 146
196 149
199 149
203 155
195 146
214 159
206 155
205 156
205 157
206 156
198 151
198 152
207 156
199 152
209 156
205 158
205 159
202 152
194 148
194 149
195 149
208 158
197 148
209 159
211 158
204 155
196 151
196 152
193 145
193 144
192 146
192 147
207 155
199 151
200 152
192 148
192 149
202 151
195 148
206 157
198 153
198 154
199 154
217 157
218 158
219 159
220 158
150 179
209 158
205 160
202 154
194 150
213 154
214 155
205 150
212 158
151 178
197 150
204 167
193 157
186 154
185 154
184 153
183 153
184 155
183 155
182 154
181 155
184 154
182 153
183 154
185 153
197 163
200 151
203 156
204 157
196 153
193 147
207 167
199 163
200 164
192 160
184 156
184 157
183 158
203 169
96 228
142 195
134 191
162 173
129 225
202 209
148 238
154 169
155 170
156 169
195 170
140 234
100 198
141 199
165 178
166 178
132 230
206 179
151 243
111 207
152 208
185 156
198 175
164 182
141 235
188 167
133 231
180 163
125 227
198 211
199 176
144 240
143 241
145 205
191 172
137 201
137 202
136 203
135 203
157 179
103 208
149 175
149 176
148 177
122 221
169 153
114 217
116 226
160 184
160 185
159 186
159 187
201 222
106 213
106 214
167 229
172 158
172 159
159 225
192 173
205 192
205 193
204 194
138 202
184 169
130 198
170 234
170 235
169 236
150 176
96 205
95 206
96 207
95 208
95 205
97 207
136 241
128 237
161 185
202 186
107 214
153 181
148 215
181 163
194 182
99 210
173 159
205 228
165 155
151 220
151 221
171 235
163 231
129 238
176 170
121 234
195 183
141 212
113 230
132 243
131 244
133 208
179 175
179 176
178 177
207 157
152 221
158 152
159 152
160 152
125 204
198 188
197 188
199 153
144 217
145 182
164 195
110 224
156 191
156 192
157 156
102 220
122 198
168 165
168 166
155 232
114 194
201 199
201 200
200 201
199 201
160 161
180 176
200 154
158 237
157 238
157 239
158 238
156 237
155 237
192 150
137 214
138 179
137 179
136 180
137 178
197 228
157 192
203 159
103 221
149 188
150 189
151 188
169 166
114 230
201 235
161 162
107 191
106 191
147 227
126 204
159 238
205 205
202 199
129 215
148 228
121 211
195 160
140 224
141 189
187 156
132 220
206 169
152 198
198 165
98 227
144 194
164 172
110 201
196 241
196 242
156 168
102 197
188 157
133 221
207 170
125 217
193 235
199 166
145 195
191 162
192 162
137 191
157 169
197 205
103 198
143 234
122 211
95 194
114 207
201 212
160 174
106 203
105 204
159 215
205 182
170 224
217 156
117 218
163 185
136 231
183 163
128 227
129 192
202 176
147 240
120 223
153 171
148 205
194 172
99 200
100 200
101 200
139 236
140 201
132 197
151 210
151 211
152 175
98 204
163 221
204 222
129 228
176 160
121 224
195 173
181 238
141 202
187 169
132 233
133 198
179 165
152 211
125 194
198 178
144 207
164 185
110 214
156 181
102 210
168 155
155 222
201 189
166 231
158 227
124 234
149 178
116 230
190 179
135 243
95 207
136 208
182 175
127 239
128 204
161 152
162 152
163 152
163 153
202 153
147 217
148 182
139 213
140 214
139 214
159 228
200 229
205 195
151 187
117 231
203 234
136 244
109 227
183 176
128 240
202 189
129 205
175 172
148 218
194 185
121 201
195 150
113 197
181 215
141 179
132 210
206 159
152 188
198 155
98 217
144 184
204 235
164 162
196 231
156 158
156 159
101 222
162 238
154 234
155 199
174 212
179 178
125 207
193 225
166 208
185 221
145 185
158 204
186 186
191 152
137 181
177 217
178 182
124 211
197 195
157 159
143 224
135 220
114 197
155 235
127 216
201 202
188 232
147 194
167 209
158 240
159 205
199 241
205 172
178 218
171 179
117 208
190 192
163 175
136 221
182 188
109 204
128 217
202 166
147 230
148 195
120 213
194 162
140 191
200 242
192 238
151 200
150 201
97 229
184 234
98 194
204 212
150 241
196 208
175 185
142 237
101 199
121 214
162 215
181 228
141 192
187 159
154 211
173 224
174 189
179 155
193 202
165 220
144 197
185 198
164 175
131 227
177 194
110 204
156 171
197 172
102 200
143 201
155 212
201 179
174 225
146 243
166 221
167 186
158 217
186 199
159 182
177 230
178 195
105 211
197 208
124 224
170 191
143 237
171 156
189 204
116 220
190 169
135 233
136 198
108 216
182 165
127 229
128 194
147 207
180 241
139 203
138 204
139 204
200 219
192 215
151 177
171 192
97 206
217 159
184 211
117 221
203 224
163 188
204 189
109 217
150 218
183 166
169 231
129 195
175 162
120 226
161 227
140 204
181 205
153 223
132 200
172 236
172 237
152 178
193 179
98 207
204 225
164 152
196 221
162 228
134 246
154 224
155 189
201 156
173 237
146 220
177 207
193 192
174 202
165 233
193 215
166 198
206 234
167 163
112 227
185 211
186 176
158 194
131 240
178 172
197 185
124 201
170 168
143 214
189 181
116 197
135 210
201 192
127 206
188 222
147 184
207 235
208 236
208 237
209 237
210 238
210 239
208 238
167 199
139 180
139 181
180 218
199 231
159 195
200 196
205 162
105 224
191 227
170 204
116 233
157 234
117 198
203 201
163 165
136 211
108 229
109 194
149 230
182 178
202 156
169 208
148 185
120 203
160 239
160 240
161 241
194 152
139 216
140 181
200 232
172 213
192 228
151 190
184 224
203 237
204 202
150 231
196 198
142 227
161 240
202 241
162 205
134 223
153 236
181 218
113 200
154 201
100 230
173 214
146 197
174 179
165 210
166 175
112 204
185 188
186 153
131 217
177 184
123 213
197 162
115 209
143 191
189 158
189 159
176 225
135 187
155 202
195 238
201 169
146 233
187 234
166 211
167 176
179 230
158 207
199 208
159 172
105 201
178 185
145 237
124 214
170 181
116 210
189 194
190 159
135 223
136 188
108 206
182 155
127 219
168 220
188 235
147 197
93 226
92 227
180 231
200 209
191 240
192 205
97 196
138 234
184 201
203 214
202 214
130 230
204 179
149 243
109 207
150 208
196 175
142 204
161 217
162 182
181 195
153 213
172 226
171 227
173 191
174 156
119 220
193 169
165 187
98 197
111 216
185 165
131 194
177 161
196 211
142 240
101 202
183 241
134 236
162 218
175 237
154 214
167 232
155 179
195 215
198 232
197 233
174 192
146 210
220 159
165 223
166 188
206 224
167 153
112 217
185 201
158 184
186 166
198 220
177 197
104 213
178 162
123 226
164 227
197 175
170 158
139 215
143 204
115 222
176 238
135 200
127 196
188 212
180 208
199 221
205 152
200 186
105 214
191 217
192 182
138 211
171 159
157 224
203 191
163 155
108 219
204 156
149 220
168 233
167 234
128 197
160 229
159 230
160 230
120 193
161 194
139 182
107 223
181 172
126 236
173 168
192 218
118 232
205 237
193 146
184 214
162 195
130 243
204 192
150 221
196 188
142 217
161 230
202 231
134 213
181 208
154 191
194 227
155 156
100 220
146 187
174 169
119 233
193 182
165 200
166 165
112 194
185 178
158 161
131 207
177 174
176 175
123 203
197 152
143 181
115 199
176 215
195 228
201 159
187 224
188 189
206 237
179 220
167 166
198 233
158 197
199 198
104 226
105 226
106 226
145 227
105 191
191 194
164 240
124 204
137 223
170 171
171 171
172 171
156 236
157 201
108 196
103 230
127 209
169 175
188 225
160 206
160 207
197 156
180 221
139 183
200 199
126 213
191 230
192 195
138 224
184 191
157 237
130 220
203 204
204 169
149 233
150 198
190 234
196 165
96 227
142 194
161 207
162 172
134 190
181 185
153 203
154 204
155 204
156 204
154 168
173 181
100 197
119 210
165 177
193 159
111 206
185 155
183 231
134 226
175 227
194 240
195 205
155 169
141 234
146 200
187 201
206 214
133 230
152 243
112 207
158 174
186 156
198 210
199 175
104 203
144 239
123 216
115 212
116 213
117 213
156 213
156 214
189 161
135 190
176 228
122 220
187 237
188 202
179 233
180 198
199 211
200 176
145 240
186 241
191 207
192 172
137 236
138 201
184 168
157 214
203 181
130 197
149 210
150 175
168 223
169 188
160 219
159 220
161 184
107 213
153 180
181 162
126 226
172 193
99 209
173 158
118 222
117 223
118 223
205 227
165 154
130 233
171 234
150 211
196 178
163 230
142 207
216 156
183 208
162 185
134 203
202 221
129 237
208 152
153 216
194 217
154 181
195 182
100 210
174 159
119 223
132 242
165 190
111 219
185 168
152 220
198 187
131 197
177 164
123 193
175 240
174 240
173 239
176 205
195 218
187 214
188 179
133 243
206 227
179 210
180 175
198 223
199 188
200 153
145 217
191 184
164 230
137 213
138 178
156 226
155 227
157 191
203 158
103 220
149 187
122 233
168 200
209 238
169 165
114 229
201 234
160 196
161 161
106 225
126 203
172 170
118 199
118 200
159 237
192 185
138 214
184 181
130 210
204 159
149 223
150 188
190 224
196 155
182 220
142 184
161 197
202 198
162 162
107 226
181 175
153 193
154 194
155 194
148 227
154 158
154 159
99 222
173 171
205 240
206 241
207 240
208 240
206 242
207 242
207 241
119 200
165 167
193 149
151 232
151 233
111 196
183 221
202 234
175 217
176 182
194 230
155 159
195 195
141 224
187 191
188 156
133 220
179 187
207 169
152 233
158 164
125 216
198 200
199 165
104 193
144 229
145 194
191 161
164 207
156 203
157 168
94 228
94 229
93 230
92 229
122 210
168 177
188 192
114 206
160 173
179 223
180 188
200 166
145 230
191 197
186 231
137 226
138 191
178 227
184 158
197 240
157 204
203 171
189 236
149 200
95 229
169 178
96 194
160 209
161 174
107 203
147 239
153 170
126 216
172 183
99 199
118 212
205 217
171 224
190 237
163 220
182 233
183 198
129 227
202 211
134 193
175 194
194 207
154 171
121 223
195 172
140 236
141 201
187 168
132 232
111 209
152 210
198 177
144 206
177 154
178 153
179 153
180 153
164 184
110 213
156 180
175 230
176 195
141 237
187 204
188 169
133 233
174 234
179 200
180 165
125 229
199 178
145 207
191 174
164 220
137 203
177 239
156 216
157 181
197 217
103 210
149 177
122 223
168 190
169 155
114 219
201 224
160 186
106 215
167 231
126 193
163 197
172 160
171 161
159 227
205 194
178 240
184 171
130 200
170 236
117 230
150 178
190 214
136 243
182 210
183 175
202 188
107 216
153 183
148 217
194 184
99 212
100 213
101 212
173 161
140 213
165 157
206 158
151 222
151 223
152 187
171 237
163 233
204 234
183 211
129 240
175 207
176 172
195 185
141 214
187 181
132 245
133 210
207 159
179 177
152 223
198 190
125 206
193 224
199 155
144 219
145 184
191 151
164 197
137 180
110 226
156 193
157 158
102 222
122 200
168 167
114 196
155 234
160 163
160 164
201 201
106 192
106 193
180 178
167 208
186 221
158 239
192 152
178 217
138 181
197 230
170 213
203 161
103 223
189 226
149 190
190 191
169 168
136 220
182 187
201 237
161 164
202 165
106 228
147 229
107 193
148 194
172 173
139 225
139 226
118 202
159 240
200 241
205 207
151 199
171 214
163 210
182 223
183 188
202 201
129 217
148 230
194 197
121 213
195 162
140 226
113 209
141 191
187 158
132 222
206 171
207 172
179 154
151 235
152 200
198 167
98 229
144 196
164 174
110 203
156 170
102 199
125 219
188 159
174 224
179 190
180 155
193 237
199 168
185 233
145 197
191 164
186 198
137 193
138 194
139 193
177 229
178 194
157 171
197 207
103 200
143 236
189 203
135 232
168 180
114 209
201 214
160 176
106 205
159 217
217 158
205 184
178 230
170 226
189 239
190 204
117 220
163 187
182 200
109 216
183 165
128 229
202 178
129 194
175 161
147 242
120 225
148 207
194 174
139 238
140 203
132 199
151 212
152 177
98 206
204 224
196 220
101 211
175 197
176 162
121 226
195 175
162 227
181 240
141 204
187 171
188 172
189 171
132 235
173 236
133 200
179 167
193 214
198 180
165 232
125 196
144 209
185 210
164 187
131 239
210 154
211 153
110 216
156 183
197 184
102 212
168 157
155 224
160 153
201 191
174 237
166 233
167 198
186 211
158 229
159 194
205 161
105 223
197 220
171 168
189 216
116 232
190 181
117 197
135 245
108 228
136 210
182 177
127 241
127 242
128 206
202 155
147 219
120 202
148 184
194 151
140 180
200 231
205 197
192 227
151 189
97 218
97 219
96 220
95 220
117 233
163 200
203 236
204 201
109 229
183 178
128 242
129 207
175 174
194 187
161 239
121 203
195 152
140 216
181 217
141 181
113 199
132 212
206 161
207 162
152 190
193 191
198 157
98 219
144 186
204 237
164 164
110 193
196 233
156 160
101 224
162 240
154 236
155 201
201 168
146 232
174 214
166 210
167 175
185 223
186 188
158 206
177 219
137 183
178 184
197 197
124 213
170 180
143 226
189 193
116 209
190 158
135 222
136 187
160 166
201 204
127 218
106 195
147 196
188 234
93 225
167 211
139 192
159 207
200 208
205 174
206 174
191 239
170 216
171 181
117 210
190 194
163 177
203 213
136 223
182 190
109 206
128 219
169 220
202 168
120 215
148 197
194 164
139 228
140 193
151 202
192 240
98 196
184 236
204 214
150 243
196 210
142 239
101 201
162 217
134 235
181 230
113 212
154 213
173 226
146 209
174 191
179 157
165 222
193 204
166 187
185 200
186 165
131 229
177 196
156 173
123 225
197 174
102 202
143 203
189 170
135 199
155 214
201 181
221 159
222 159
223 159
166 223
167 188
213 155
158 219
186 201
159 184
199 220
105 213
178 197
124 226
170 193
171 158
116 222
189 206
190 171
163 154
135 235
108 218
136 200
182 167
127 231
128 196
147 209
120 192
139 205
200 221
197 187
192 217
151 179
97 208
97 209
184 213
163 190
203 226
204 191
109 219
150 220
196 187
169 233
129 197
142 216
175 164
161 229
121 193
162 194
181 207
153 225
172 238
132 202
173 203
152 180
198 147
165 199
193 181
98 209
144 176
145 177
146 176
147 175
146 177
185 177
164 154
131 206
196 223
197 151
101 214
162 230
154 226
155 191
195 227
201 158
174 204
146 222
165 235
206 236
166 200
167 165
112 229
185 213
186 178
158 196
131 242
159 161
177 209
104 225
178 174
124 203
170 170
143 216
189 183
116 199
135 212
108 195
127 208
147 186
188 224
207 237
180 220
159 197
199 233
205 164
200 198
191 229
138 223
157 236
117 200
163 167
203 203
149 232
182 180
109 196
128 209
169 210
120 205
148 187
160 241
161 206
194 154
140 183
181 184
172 215
192 230
151 192
193 158
97 221
184 226
204 204
150 233
196 200
101 191
142 229
162 207
134 225
181 220
153 238
154 203
155 168
173 216
174 181
146 199
193 194
165 212
92 228
166 177
185 190
112 206
158 173
186 155
131 219
177 186
104 202
123 215
197 164
143 193
115 211
189 160
135 189
176 227
195 240
201 171
187 236
188 201
179 232
167 178
158 209
199 210
159 174
105 203
145 239
124 216
170 183
116 212
157 213
190 161
108 208
136 190
182 157
127 221
168 222
147 199
188 237
160 218
93 228
180 233
139 195
200 211
126 225
191 242
192 243
193 242
193 243
192 207
138 236
184 203
203 216
130 232
204 181
150 210
196 177
169 223
142 206
161 219
134 202
162 184
153 215
181 197
154 180
172 228
173 193
100 209
174 158
119 222
193 171
165 189
166 154
111 218
185 167
131 196
177 163
123 192
134 238
175 239
209 152
154 216
155 181
201 148
202 148
146 212
166 190
167 155
112 219
158 186
186 168
198 222
104 215
178 164
123 228
124 193
164 229
170 160
143 206
115 224
189 173
156 225
135 202
122 232
127 198
147 176
199 223
200 188
138 213
157 226
203 193
130 209
163 157
204 158
149 222
150 187
168 235
196 154
120 195
160 231
162 161
107 225
153 192
181 174
126 238
99 221
173 170
118 234
205 239
119 199
193 148
150 223
196 190
142 219
202 233
134 215
153 228
194 229
154 193
155 158
100 222
146 189
174 171
166 167
152 232
112 196
158 163
131 209
177 176
104 192
123 205
197 154
143 183
115 201
195 230
206 239
198 235
199 200
159 164
200 165
145 229
105 193
192 161
137 225
116 202
156 238
157 203
203 170
108 198
149 199
95 228
160 208
126 215
172 182
118 211
138 226
184 193
203 206
130 222
204 171
149 235
150 200
196 167
96 229
142 196
161 209
134 192
162 174
202 210
153 205
148 239
154 170
173 183
100 199
119 212
165 179
193 161
111 208
185 157
177 153
194 242
155 171
146 202
141 236
188 168
133 232
206 216
112 209
198 212
158 176
125 228
199 177
144 241
104 205
145 206
178 154
191 173
115 214
156 215
135 192
122 222
114 218
199 213
200 178
192 174
137 238
138 203
184 170
157 216
130 199
203 183
149 212
150 177
96 206
215 157
160 221
161 186
107 215
181 164
153 182
126 228
99 211
173 160
118 224
205 229
165 156
171 236
163 232
142 209
129 239
134 205
202 223
208 154
154 183
195 184
100 212
146 179
174 161
141 213
132 244
166 157
111 221
152 222
198 189
158 153
131 199
177 166
144 218
123 195
164 196
115 191
110 225
208 239
133 245
180 177
198 225
199 190
200 155
145 219
164 232
192 151
137 215
138 180
156 228
157 193
197 229
203 160
103 222
149 189
209 240
169 167
114 231
201 236
161 163
106 227
107 192
126 205
172 172
159 239
118 201
205 206
138 216
130 212
204 161
150 190
196 157
96 219
142 186
202 200
162 164
148 229
153 195
154 160
99 224
173 173
140 225
119 202
205 242
193 151
165 169
206 170
111 198
151 234
194 232
141 226
188 158
133 222
207 171
152 235
180 154
193 236
198 202
125 218
199 167
144 231
145 196
191 163
137 192
156 205
157 170
103 199
94 230
122 212
114 208
160 175
201 213
106 204
200 168
192 164
137 228
138 193
184 160
197 242
170 225
203 173
149 202
136 232
160 211
161 176
202 177
147 241
107 205
181 154
153 172
126 218
139 237
99 201
118 214
205 219
171 226
163 222
182 235
129 229
202 213
176 161
148 242
195 174
100 202
140 238
113 221
141 203
187 170
132 234
133 199
179 166
152 212
198 179
144 208
218 157
164 186
210 153
110 215
156 182
102 211
168 156
188 171
133 235
180 167
125 231
199 180
166 232
145 209
191 176
219 158
137 205
211 154
156 218
157 183
203 150
103 212
149 179
122 225
135 244
169 157
114 221
160 188
201 226
161 153
106 217
167 233
126 195
172 162
118 191
159 229
205 196
170 238
117 232
196 147
96 209
109 228
142 176
128 241
162 154
129 206
202 190
175 173
148 219
194 186
99 214
195 151
140 215
141 180
165 159
132 211
206 160
151 224
152 189
198 156
98 218
144 185
163 235
204 236
164 163
196 232
129 242
101 223
176 174
195 187
162 239
141 216
133 212
207 161
152 225
198 192
125 208
199 157
144 221
145 186
191 153
137 182
110 228
156 195
197 196
157 160
102 224
122 202
155 236
114 198
201 203
160 165
106 194
158 241
159 206
192 154
205 173
138 183
197 232
171 180
190 193
95 221
136 222
182 189
128 218
161 166
202 167
107 195
147 231
148 196
194 163
99 191
139 227
140 192
205 209
192 239
151 201
97 230
183 190
129 219
148 232
121 215
195 164
140 228
113 211
141 193
187 160
132 224
206 173
151 237
179 156
152 202
198 169
144 198
164 176
110 205
156 172
102 201
155 213
188 161
201 180
180 157
125 221
193 239
221 158
191 166
158 218
186 200
137 195
124 225
197 209
157 173
103 202
143 238
190 170
135 234
160 178
127 230
201 216
106 207
147 208
159 219
205 186
170 228
117 222
163 189
136 235
109 218
183 167
128 231
129 196
202 180
175 163
120 227
148 209
194 176
121 192
139 240
140 205
132 201
151 214
152 179
98 208
204 226
164 153
196 222
101 213
176 164
121 228
162 229
134 247
113 224
154 225
187 173
173 238
133 202
179 169
193 216
125 198
165 234
166 199
185 212
145 176
186 177
131 241
177 208
156 185
197 186
102 214
143 215
189 182
122 192
168 159
155 226
160 155
201 193
174 239
166 235
167 200
207 236
186 213
158 231
159 196
205 163
105 225
178 209
170 205
171 170
189 218
190 183
117 199
163 166
136 212
182 179
109 195
128 208
202 157
147 221
120 204
148 186
194 153
139 217
140 182
200 233
192 229
151 191
97 220
184 225
203 238
163 202
204 203
150 232
183 180
196 199
129 209
175 176
121 205
162 206
195 154
113 201
153 237
181 219
132 214
206 163
173 215
152 192
198 159
193 193
98 221
144 188
185 189
164 166
196 235
110 195
156 162
101 226
102 191
154 238
155 203
201 170
146 234
174 216
166 212
167 177
185 225
186 190
158 208
159 173
177 221
178 186
105 202
124 215
170 182
143 228
116 211
189 195
190 160
135 224
136 189
182 156
127 220
188 236
147 198
93 227
180 232
139 194
159 209
200 210
205 176
191 241
192 206
171 183
97 197
117 212
203 215
163 179
182 192
109 208
183 157
128 221
202 170
169 222
175 153
148 199
120 217
194 166
140 195
181 196
172 227
132 191
192 242
151 204
184 238
98 198
204 216
196 212
142 241
101 203
162 219
134 237
181 232
154 215
155 180
173 228
174 193
146 211
193 206
165 224
166 189
185 202
112 218
158 185
186 167
131 231
177 198
178 163
123 227
197 176
124 192
115 223
143 205
189 172
135 201
176 239
155 216
201 183
127 197
188 213
167 190
213 157
158 221
199 222
205 153
105 215
178 199
191 218
124 228
170 195
171 160
116 224
190 173
163 156
135 237
136 202
108 220
182 169
127 233
128 198
168 234
147 211
120 194
148 176
139 207
200 223
151 181
192 219
97 210
184 215
203 228
130 244
204 193
150 222
196 189
169 235
142 218
121 195
161 231
162 196
134 214
113 191
153 227
181 209
172 240
174 170
119 234
165 201
193 183
144 178
111 230
131 208
177 175
123 204
197 153
143 182
154 228
195 229
155 193
201 160
146 224
187 225
206 238
167 167
158 198
198 234
186 180
159 163
177 211
104 227
178 176
105 192
197 189
124 205
170 172
143 218
189 185
116 201
135 214
108 197
136 179
127 210
147 188
188 226
207 239
180 222
139 184
199 235
200 200
191 231
192 196
171 173
138 225
184 192
117 202
163 169
203 205
204 170
109 198
149 234
150 199
169 212
120 207
161 208
140 185
181 186
153 204
172 217
173 182
119 211
193 160
184 228
204 206
150 235
196 202
101 193
142 231
134 227
162 209
153 240
154 205
194 241
173 218
174 183
146 201
92 230
165 214
193 196
166 179
206 215
185 192
112 208
186 157
158 175
131 221
177 188
104 204
123 217
197 166
143 195
115 213
189 162
135 191
176 229
195 242
187 238
188 203
167 180
179 234
145 218
180 199
159 176
199 212
200 177
145 241
105 205
191 208
170 185
137 237
116 214
157 215
203 182
136 192
108 210
182 159
149 211
168 224
169 189
215 156
160 220
180 235
139 197
126 227
200 213
192 209
138 238
184 205
203 218
130 234
204 183
150 212
196 179
202 222
169 225
142 208
216 157
161 221
162 186
134 204
208 153
153 217
181 199
154 182
172 230
100 211
146 178
174 160
119 224
193 173
165 191
166 156
111 220
185 169
131 198
177 165
123 194
209 154
155 183
146 191
195 219
201 150
114 220
146 214
187 215
133 244
206 228
166 192
179 211
167 157
112 221
158 188
198 224
159 153
199 189
178 166
164 231
124 195
170 162
115 226
156 227
116 191
135 204
122 234
127 200
209 239
188 216
147 178
180 212
199 225
200 190
191 221
192 186
138 215
184 182
157 228
203 195
130 211
204 160
149 224
168 237
96 218
142 185
160 233
161 198
162 163
107 227
153 194
181 176
99 223
173 172
205 241
119 201
165 168
193 150
111 197
196 192
142 221
183 222
202 235
162 199
134 217
175 218
194 231
154 195
155 160
195 196
100 224
174 173
166 169
112 198
152 234
198 201
158 165
131 211
104 194
177 178
144 230
123 207
143 185
115 203
189 152
176 219
135 181
195 232
187 228
188 193
179 224
180 189
198 237
199 202
200 167
105 195
145 231
191 198
192 163
137 227
138 192
184 159
156 240
157 205
197 241
203 172
108 200
149 201
95 230
168 214
169 179
160 210
161 175
107 204
181 153
126 217
172 184
192 199
118 213
205 218
138 228
184 195
130 224
171 225
204 173
149 214
190 238
190 215
150 202
148 241
196 169
182 234
142 198
161 211
202 212
162 176
134 194
195 153
153 207
154 172
194 208
100 201
140 237
173 185
119 214
193 163
165 181
111 210
185 159
177 155
183 235
175 231
176 196
195 209
141 238
187 205
188 170
133 234
206 218
179 201
180 166
198 214
125 230
199 179
104 207
145 208
219 157
191 175
164 221
170 152
137 204
156 217
157 182
203 149
103 211
122 224
168 191
169 156
188 206
160 187
201 225
106 216
180 202
126 194
200 180
172 161
191 211
192 176
137 240
138 205
184 172
212 154
157 218
170 237
130 201
203 185
204 150
96 208
169 192
215 159
160 223
161 188
162 153
107 217
181 166
153 184
126 230
172 197
99 213
173 162
118 226
205 231
165 158
171 238
163 234
183 212
202 225
134 207
175 208
176 173
194 221
195 186
100 214
146 181
141 215
187 182
166 159
133 211
152 224
158 155
198 191
199 156
144 220
123 197
164 198
115 193
110 227
156 194
176 209
102 223
122 201
168 168
187 218
179 191
188 183
179 214
180 179
199 192
200 157
145 221
186 222
191 188
192 153
137 217
138 182
156 230
197 231
157 195
203 162
103 224
189 227
149 191
168 204
169 169
201 238
160 200
161 165
106 229
107 194
126 207
172 174
118 203
159 241
205 208
130 214
171 215
190 228
163 211
196 159
96 221
182 224
99 226
140 227
142 188
183 189
129 218
162 166
202 202
153 197
148 231
194 198
154 162
195 163
100 191
119 204
165 171
206 172
111 200
151 236
152 201
198 168
98 230
183 225
175 221
176 186
195 199
141 228
187 195
188 160
133 224
207 173
180 156
152 237
125 220
193 238
198 204
199 169
144 233
145 198
185 234
191 165
164 211
137 194
156 207
157 172
103 201
122 214
168 181
114 210
201 215
160 177
106 206
167 222
186 235
192 166
159 218
205 185
138 195
178 231
184 162
170 227
149 204
189 240
190 205
136 234
182 201
161 178
202 179
107 207
147 243
153 174
148 208
181 156
194 175
99 203
139 239
118 216
205 221
151 213
171 228
163 224
182 237
183 202
202 215
129 231
175 198
194 211
121 227
195 176
140 240
113 223
181 241
141 205
187 172
132 236
133 201
179 168
152 214
125 197
198 181
144 210
218 159
164 188
210 155
110 217
156 184
102 213
168 158
188 173
155 225
160 154
174 238
180 169
125 233
166 234
145 211
158 230
191 178
186 212
137 207
211 156
178 208
197 221
157 185
203 152
103 214
149 181
189 217
190 182
169 159
114 223
160 190
201 228
161 155
106 219
147 220
126 197
167 235
172 164
118 193
159 231
205 198
170 240
171 205
190 218
163 201
109 230
182 214
183 179
128 243
129 208
202 192
175 175
148 221
194 188
121 204
140 217
141 182
132 213
206 162
151 226
152 191
198 158
98 220
144 187
204 238
164 165
110 194
196 234
156 161
101 225
176 176
141 218
187 185
154 237
133 214
179 181
207 163
174 215
125 210
193 228
199 159
144 223
185 224
145 188
191 155
186 189
177 220
137 184
110 230
156 197
157 162
197 198
102 226
103 191
143 227
122 204
168 171
114 200
155 238
160 167
201 205
106 196
186 225
159 208
205 175
178 221
197 234
171 182
189 230
190 195
117 211
163 178
136 224
182 191
183 156
128 220
202 169
147 233
148 198
120 216
153 164
194 165
99 193
139 229
140 194
151 203
192 241
184 237
204 215
183 192
129 221
176 153
173 227
121 217
195 166
140 230
141 195
113 213
181 231
187 162
132 226
133 191
206 175
179 158
152 204
193 205
198 171
144 200
164 178
110 207
156 174
102 203
155 215
201 182
174 228
180 159
193 241
167 189
185 237
213 156
158 220
186 202
159 185
177 233
197 211
124 227
143 240
116 223
189 207
190 172
135 236
136 201
182 168
127 232
106 209
147 210
148 175
167 225
172 154
139 206
159 221
205 188
200 222
151 180
170 230
171 195
117 224
175 165
203 227
120 229
163 191
136 237
182 204
109 220
183 169
128 233
169 234
202 182
129 198
148 211
194 178
139 242
140 207
214 156
172 239
132 203
206 152
151 216
152 181
198 148
98 210
144 177
204 228
164 155
196 224
101 215
176 166
162 231
113 226
166 201
154 227
155 192
173 240
174 205
146 223
179 171
193 218
125 200
165 236
145 178
185 214
186 179
131 243
177 210
178 175
157 152
102 216
143 217
189 184
168 161
135 213
155 228
160 157
201 195
147 187
166 237
207 238
167 202
158 233
159 198
199 234
205 165
178 211
105 227
170 207
171 172
117 201
163 168
136 214
182 181
109 197
128 210
202 159
147 223
148 188
120 206
194 155
139 219
140 184
200 235
192 231
151 193
97 222
184 227
203 240
204 205
150 234
196 201
142 230
175 178
101 192
121 207
162 208
195 156
153 239
141 185
113 203
181 221
173 217
174 182
193 195
198 161
165 213
98 223
144 190
131 220
164 168
177 187
196 237
110 197
156 164
101 228
197 165
102 193
143 194
154 240
155 205
195 241
201 172
174 218
146 236
166 214
167 179
186 192
158 210
159 175
177 223
178 188
124 217
197 201
170 184
143 230
189 197
190 162
135 226
136 191
108 209
182 158
213 159
127 222
147 200
188 238
93 229
180 234
139 196
200 212
205 178
171 162
190 175
192 208
157 227
138 237
171 185
184 204
117 214
163 181
203 217
204 182
109 210
183 159
169 224
175 155
120 219
194 168
161 220
140 197
181 198
132 193
172 229
173 194
193 172
184 240
204 218
196 214
101 205
162 221
134 239
209 153
130 223
154 217
155 182
201 149
173 230
174 195
146 213
193 208
165 226
166 191
185 204
112 220
186 169
158 187
131 233
177 200
104 216
178 165
123 229
124 194
197 178
170 161
143 207
115 225
189 174
201 185
127 199
188 215
147 177
167 192
180 211
159 188
199 224
200 189
205 155
105 217
191 220
124 230
170 197
117 191
163 158
203 194
108 222
136 204
182 171
168 236
128 200
202 149
148 178
120 196
160 232
194 145
139 209
200 225
192 221
151 183
97 212
184 217
203 230
204 195
150 224
196 191
169 237
142 220
161 233
162 198
134 216
113 193
153 229
181 211
173 207
100 223
146 190
174 172
193 185
166 168
185 181
112 197
131 210
177 177
123 206
197 155
143 184
115 202
176 218
135 180
155 195
195 231
201 162
146 226
187 227
206 240
166 204
167 169
198 236
158 200
186 182
159 165
178 178
105 194
124 207
170 174
189 187
116 203
156 239
190 152
135 216
108 199
136 181
127 212
168 213
147 190
188 228
180 224
139 186
199 237
200 202
191 233
192 198
138 227
184 194
157 240
203 207
163 171
204 172
109 200
149 236
196 168
96 230
169 214
142 197
161 210
162 175
181 188
153 206
172 219
173 184
119 213
193 162
165 180
185 158
196 204
142 233
101 195
183 234
134 229
153 242
154 207
195 208
146 203
