788 553
787 554
789 553
790 554
790 555
789 556
791 553
790 557
791 556
787 552
786 551
785 552
788 551
789 550
790 551
791 550
788 557
787 555
788 554
787 558
786 557
785 558
785 559
784 560
786 560
785 561
784 562
784 563
792 554
793 553
794 552
784 559
783 558
782 559
789 549
790 556
789 558
791 555
794 554
783 560
782 561
781 561
780 562
779 563
778 564
780 564
781 563
787 551
785 563
787 560
792 556
793 555
795 552
784 552
783 551
782 550
783 549
784 550
782 552
779 565
778 566
777 566
790 549
789 551
791 548
790 547
791 546
790 545
791 544
792 545
793 544
794 543
794 545
792 547
793 546
795 543
796 542
795 541
796 540
794 547
795 548
791 557
783 553
782 554
781 554
780 553
780 555
779 556
778 555
778 557
780 557
781 556
780 566
781 565
783 562
785 556
787 553
792 549
793 548
795 545
788 561
789 560
787 562
779 558
778 559
793 557
784 554
795 554
796 554
797 553
797 555
798 554
796 556
797 539
798 540
799 541
786 554
800 542
801 541
802 540
801 539
799 543
801 543
803 540
802 542
779 567
778 568
777 568
789 544
788 545
787 544
786 545
785 546
785 554
786 547
784 545
783 544
782 543
783 542
782 541
784 541
794 540
793 539
782 556
796 549
785 549
786 549
788 563
777 563
797 541
797 550
797 551
789 546
781 542
789 555
781 551
789 564
789 565
781 560
801 538
800 537
793 543
778 554
793 552
778 563
782 542
784 561
804 539
805 540
776 566
785 544
796 544
796 553
785 553
788 549
785 562
788 558
777 567
797 545
797 546
800 541
797 554
789 559
781 555
781 564
801 542
793 538
780 568
781 569
781 570
793 547
792 551
795 556
784 556
796 539
785 548
796 548
788 544
785 557
796 557
796 558
797 559
797 560
777 562
788 562
797 540
800 536
797 549
789 545
781 541
789 554
781 550
780 563
792 537
792 546
795 542
784 542
792 555
795 551
784 551
804 538
776 565
796 543
785 543
796 552
788 548
796 561
796 562
796 563
797 564
795 560
788 566
788 567
788 568
789 569
800 540
799 553
800 554
800 555
800 556
801 557
780 549
791 558
780 558
783 554
780 567
783 563
803 541
792 550
784 546
795 546
792 559
792 560
784 555
795 555
784 564
784 565
785 566
785 567
795 564
795 565
796 566
796 567
797 568
797 569
804 542
804 543
796 538
797 537
797 536
797 535
796 534
795 537
794 536
793 535
793 534
793 533
792 532
776 569
776 570
777 571
777 572
778 573
785 547
796 547
788 543
789 542
790 542
789 541
789 540
788 539
788 552
800 535
801 534
801 533
800 532
800 531
801 530
787 565
779 561
799 539
799 557
799 558
800 559
800 560
801 561
780 571
780 572
779 570
792 536
795 550
795 559
804 537
805 536
805 535
804 534
804 533
803 532
803 536
796 533
797 532
798 533
797 531
797 530
795 532
794 531
776 564
798 561
799 562
788 538
789 537
790 538
790 537
789 536
788 535
788 534
775 568
798 570
799 571
799 572
800 573
800 574
799 575
799 576
799 577
800 578
798 575
788 547
802 558
803 559
804 558
804 557
803 560
804 561
804 562
804 556
803 555
802 554
803 554
804 553
805 554
804 552
803 551
803 550
803 563
803 564
803 565
804 566
804 567
803 568
803 569
803 570
804 571
804 570
802 568
802 563
802 549
801 548
801 547
800 546
800 545
787 569
787 570
788 571
788 572
789 573
789 574
799 534
802 567
801 566
800 565
800 564
799 566
799 567
779 574
779 575
780 576
780 577
781 578
781 579
780 580
779 580
780 581
780 582
781 583
779 579
791 539
799 552
800 551
801 552
800 550
779 583
778 582
777 582
777 581
776 580
776 579
776 583
776 584
776 585
777 586
777 585
779 584
780 585
780 586
780 587
781 588
776 578
777 577
777 576
776 575
776 574
775 582
779 588
779 589
780 590
780 591
782 589
783 590
784 589
785 590
784 588
783 587
783 591
784 592
784 593
783 586
786 591
787 592
788 591
789 592
788 590
787 589
787 593
787 588
783 585
784 584
785 585
785 586
784 583
783 582
783 581
784 580
785 581
784 579
785 580
784 578
783 577
786 582
787 583
788 582
789 583
788 581
787 584
788 585
788 586
783 576
784 575
785 576
784 574
783 573
783 572
784 573
785 572
785 571
784 570
784 569
783 568
783 567
790 584
791 585
792 584
792 583
791 582
791 586
792 587
792 588
791 581
791 580
792 579
792 578
791 577
791 576
790 593
791 592
792 593
791 591
792 592
791 590
791 594
791 595
791 596
792 597
775 577
786 577
775 586
786 586
787 578
788 577
789 578
788 576
787 579
787 587
780 548
781 547
782 547
781 546
781 545
780 544
799 561
779 592
779 593
779 594
780 595
780 596
781 597
779 597
779 598
780 599
780 600
780 601
779 602
779 603
780 604
780 605
780 606
779 607
779 608
780 609
780 610
779 611
779 612
778 610
777 609
782 598
781 611
782 612
783 611
783 610
784 611
783 609
782 608
782 607
783 606
784 607
783 605
783 604
782 603
799 570
800 569
803 531
792 531
778 596
777 595
776 594
776 593
775 595
775 596
776 597
776 598
774 594
773 593
772 592
772 591
773 592
772 590
773 589
772 588
772 587
773 588
772 586
772 585
773 584
773 583
772 582
772 581
773 580
773 579
773 578
773 577
773 576
773 575
773 574
772 573
772 577
788 573
772 572
787 574
772 576
771 589
792 540
792 541
793 594
783 571
772 571
772 570
773 570
773 569
772 568
795 536
803 549
804 548
804 547
803 546
803 545
805 568
790 579
771 575
782 584
771 584
790 597
770 575
769 576
769 577
769 578
770 578
768 575
790 598
791 599
791 600
791 601
792 602
768 579
768 580
769 581
769 582
790 602
790 603
791 604
791 605
792 606
793 607
794 606
795 606
794 605
795 604
796 604
793 608
768 574
769 573
770 573
769 572
768 583
768 584
767 582
766 581
766 580
765 579
764 580
764 578
765 578
764 581
764 582
765 583
764 584
765 584
766 585
765 586
764 587
764 588
765 589
766 590
765 588
765 587
792 580
764 586
767 591
767 592
768 593
771 593
790 606
789 606
763 589
782 602
788 533
786 572
787 537
802 553
775 599
774 598
773 597
772 596
787 573
779 569
799 547
791 543
793 589
805 563
778 609
784 540
783 539
771 570
790 583
782 579
774 575
794 590
795 589
796 590
806 564
807 563
808 564
798 560
802 530
775 576
786 585
787 550
789 596
781 592
801 570
780 547
779 546
783 552
778 586
803 530
770 582
790 560
793 602
806 541
798 537
771 583
790 596
782 592
774 588
786 562
777 599
777 600
802 543
767 585
779 559
799 537
766 589
791 533
781 605
793 579
794 544
805 553
778 599
790 573
782 569
806 554
807 553
808 554
798 550
796 589
775 566
774 566
774 565
808 563
787 540
786 540
786 539
785 538
784 537
797 590
789 586
781 582
801 560
793 556
778 576
770 572
790 550
782 546
793 592
794 557
805 566
792 596
771 573
774 578
786 552
785 593
797 567
769 585
769 586
802 533
789 563
781 559
800 572
801 537
766 579
778 553
789 599
788 598
781 595
801 573
802 573
803 573
794 534
805 543
770 585
790 563
791 563
792 564
773 596
784 605
785 604
786 605
787 606
785 603
785 570
776 601
776 602
797 544
788 575
808 553
800 549
765 591
764 592
765 592
763 592
762 591
785 606
777 602
789 576
781 572
801 550
766 592
790 540
780 612
773 573
792 586
784 582
804 560
795 591
795 592
807 565
807 566
786 542
785 583
777 579
796 592
797 557
769 575
788 588
808 566
781 549
800 562
793 559
780 589
805 533
791 598
792 563
783 594
783 595
803 572
782 549
795 568
795 569
794 567
773 586
792 599
793 599
794 600
795 601
795 602
796 602
784 595
785 560
804 573
796 569
797 534
788 565
800 539
765 581
789 566
781 562
801 540
787 605
793 536
779 601
799 579
798 580
799 580
797 580
796 580
795 579
796 579
797 578
797 577
778 556
791 575
792 574
780 602
772 598
792 576
783 607
784 572
785 537
776 568
804 550
795 581
796 546
788 542
807 555
785 573
777 569
797 547
788 578
789 543
808 556
809 556
810 557
800 552
787 582
780 579
772 575
791 588
792 553
783 584
784 549
803 562
795 558
784 585
785 550
776 581
804 563
796 559
788 555
781 552
768 582
779 591
780 556
799 569
791 565
791 566
783 561
803 539
780 592
792 566
783 597
804 540
790 605
796 536
788 532
789 531
810 556
789 533
775 598
767 594
767 595
786 607
787 572
779 568
799 546
768 595
769 596
770 595
779 604
780 569
791 578
792 543
811 556
812 557
812 556
813 557
783 574
784 539
803 552
794 589
806 563
785 540
776 571
775 575
786 584
802 565
787 585
779 581
780 546
799 559
793 601
772 578
771 582
804 530
805 531
805 530
806 531
807 532
808 531
807 533
808 533
795 561
790 595
782 591
774 587
794 602
798 572
775 588
776 589
777 590
777 589
776 591
767 584
799 536
791 532
768 585
781 604
780 559
792 533
783 564
778 598
803 542
770 594
790 572
795 538
794 579
806 553
798 549
771 595
763 591
809 558
809 559
782 604
774 600
775 565
786 574
787 539
810 559
777 611
776 612
776 611
777 612
775 611
774 611
774 610
775 609
774 608
773 607
772 606
771 606
770 605
773 606
772 608
772 609
773 609
775 608
771 605
802 555
797 589
787 575
779 571
799 549
791 545
783 541
793 591
794 556
805 565
778 611
806 530
770 607
769 608
769 609
771 572
790 585
782 581
774 577
794 592
806 566
798 562
796 601
797 600
802 532
775 578
767 574
786 587
779 548
797 602
798 603
789 598
781 594
801 572
793 568
793 569
805 542
778 588
770 584
790 562
782 558
793 604
794 569
806 543
807 543
808 543
792 608
791 608
790 608
789 609
788 609
788 608
789 608
798 539
771 585
763 581
762 581
782 594
774 590
786 564
785 605
777 601
802 545
797 579
769 597
769 598
788 610
789 575
801 549
766 591
812 558
812 559
791 535
778 565
790 539
781 607
793 581
794 546
813 559
814 560
815 559
816 558
815 557
816 557
805 555
778 601
770 597
790 575
762 593
782 571
774 567
786 541
773 608
798 552
785 582
796 591
797 556
788 587
808 565
787 542
797 592
798 593
799 592
769 610
789 588
781 584
801 562
793 558
805 532
778 578
770 574
790 552
782 548
794 559
806 533
792 598
784 594
804 572
795 603
774 580
785 595
786 595
787 595
777 591
769 587
769 588
788 600
770 587
815 558
773 598
776 603
796 581
816 559
817 560
818 561
818 560
817 562
808 555
765 593
764 594
764 595
777 604
766 594
799 591
799 590
782 538
781 537
782 536
781 539
772 610
795 593
807 567
807 568
808 532
773 611
808 568
809 569
809 568
810 567
811 566
810 569
811 565
811 564
778 545
777 544
778 543
777 546
776 546
792 565
783 596
803 574
802 575
802 576
803 575
795 570
795 571
807 544
807 545
784 597
804 575
805 576
805 575
806 574
806 576
807 576
808 576
807 577
807 578
808 578
809 579
810 580
810 579
809 581
811 578
810 577
811 577
812 579
811 576
796 571
789 532
808 545
809 546
810 547
776 599
810 546
809 548
768 594
814 561
814 562
787 607
799 581
800 582
800 583
801 583
798 582
798 583
799 582
801 582
800 584
800 585
801 585
802 586
802 585
803 585
803 584
803 583
804 583
804 585
805 586
806 587
807 586
808 587
808 586
806 586
805 588
802 587
802 588
811 555
811 554
811 553
790 532
764 596
785 539
803 587
815 561
807 557
798 594
798 595
810 568
775 610
768 607
767 607
767 606
767 605
768 605
766 604
765 604
764 605
764 604
763 604
762 603
763 602
762 601
763 601
765 603
765 602
765 601
766 602
766 601
761 600
761 599
761 598
765 606
799 594
800 595
800 594
801 593
801 595
811 568
812 569
813 569
814 570
815 570
815 569
816 568
815 567
816 567
816 570
817 570
816 569
815 571
814 572
814 573
814 574
776 547
776 548
807 534
807 535
794 601
806 575
777 548
809 580
808 535
809 536
809 535
810 534
811 533
812 534
813 535
813 534
812 536
813 537
814 537
815 537
815 536
816 535
815 534
816 534
816 537
817 537
818 538
817 539
817 540
818 540
819 541
820 540
810 536
820 539
820 538
813 536
819 542
819 543
816 536
820 542
821 543
822 543
823 542
822 541
824 543
824 544
825 544
826 544
827 545
828 546
829 547
827 544
823 541
826 546
826 547
827 547
829 546
830 545
830 547
825 543
828 548
828 549
829 549
824 545
827 546
812 538
830 546
823 543
826 548
815 538
814 539
814 540
827 549
816 539
786 596
786 597
810 581
802 577
802 578
787 597
791 567
791 568
811 545
810 544
811 544
812 546
812 547
813 547
811 543
813 546
812 548
812 549
813 549
814 550
814 549
815 549
815 548
815 547
815 546
816 545
816 547
816 546
816 549
817 550
818 550
819 551
820 551
820 550
820 552
821 553
822 554
819 553
822 553
823 552
822 551
824 553
825 554
823 551
823 554
825 553
821 555
824 555
824 556
823 553
822 555
814 551
814 552
823 556
792 568
805 587
790 607
815 551
806 588
798 584
798 585
818 562
819 563
819 564
819 565
810 558
775 600
767 596
767 597
799 548
768 597
801 594
811 558
794 591
806 565
771 607
818 539
763 603
809 570
809 571
829 548
821 544
821 545
810 571
797 601
822 545
814 541
811 535
793 603
794 568
805 577
805 578
825 555
817 551
817 552
763 580
782 593
774 589
794 604
786 563
806 578
798 574
818 552
810 548
802 544
775 590
767 586
787 564
779 560
799 538
791 534
781 606
801 584
780 561
793 580
813 558
792 535
783 566
778 600
770 596
790 574
762 592
795 540
782 570
794 581
806 555
798 551
771 597
763 593
809 560
782 606
775 567
786 576
787 541
810 561
802 557
797 591
789 587
800 596
779 573
766 603
812 570
812 571
791 547
783 543
778 577
793 593
794 558
813 571
805 567
806 532
825 545
770 609
771 574
817 541
817 542
790 587
809 537
809 538
782 583
828 550
774 579
786 553
806 568
798 564
785 594
818 542
810 538
796 603
802 534
775 580
788 599
767 576
808 577
779 550
789 600
781 596
801 574
793 570
793 571
794 535
813 548
805 544
805 545
778 590
770 586
762 582
762 583
790 564
782 560
794 571
806 545
798 541
771 587
784 606
763 583
804 584
774 592
786 566
787 531
786 531
785 607
777 603
797 581
769 599
769 600
789 577
781 573
781 574
800 586
801 551
766 593
812 560
812 561
778 567
790 541
781 609
782 537
801 587
793 583
794 548
813 561
805 557
770 599
790 577
782 573
774 569
786 543
773 610
785 584
777 580
796 593
797 558
788 589
816 571
817 572
808 567
800 563
820 541
765 605
812 537
778 544
797 594
789 590
781 586
801 564
793 560
766 606
813 538
805 534
778 580
770 576
773 587
806 535
819 554
819 555
792 600
798 531
784 596
804 574
776 592
795 605
796 570
816 548
807 579
807 580
808 544
765 582
785 597
777 593
797 571
769 589
789 567
808 580
800 576
820 554
793 537
766 583
812 550
790 531
794 538
780 603
772 599
772 600
805 547
792 577
783 608
803 586
804 551
795 582
795 583
815 560
807 556
773 600
784 609
785 574
776 605
804 587
777 570
796 583
797 548
788 579
816 561
808 557
781 540
800 553
765 595
781 576
801 554
768 606
793 550
799 593
791 589
811 567
790 544
782 540
827 548
819 544
819 545
792 590
784 586
785 551
804 564
776 582
777 547
796 560
815 573
816 538
788 556
761 602
807 569
808 534
800 530
777 583
769 579
797 561
788 592
789 557
781 553
800 566
801 531
787 596
820 544
778 547
823 555
780 593
772 589
791 602
764 585
792 567
783 598
811 580
803 576
804 541
795 572
795 573
796 537
815 550
807 546
807 547
773 590
784 599
785 564
776 595
796 573
797 538
788 569
816 551
789 534
808 547
800 543
786 608
786 609
765 585
802 589
802 590
768 596
814 563
814 564
787 609
793 540
779 605
780 570
799 583
791 579
792 544
783 575
811 557
803 553
795 549
773 567
784 576
785 541
804 554
776 572
796 550
815 563
788 546
798 596
798 597
810 570
789 547
802 566
830 548
781 543
822 544
767 608
767 609
787 586
779 582
799 560
811 534
823 545
768 609
780 583
826 550
772 579
792 557
811 570
783 588
784 553
803 566
804 531
776 549
795 562
815 540
807 536
794 603
806 577
798 573
777 550
818 551
809 582
809 583
788 559
808 537
775 589
821 556
821 557
800 533
786 598
786 599
787 563
810 583
802 579
822 557
768 586
814 553
787 599
779 595
780 560
799 573
791 569
792 534
783 565
811 547
803 543
795 539
794 580
805 589
805 590
784 566
785 531
804 544
771 596
817 563
817 564
790 609
782 605
788 536
774 601
774 602
786 575
798 586
818 564
810 560
802 556
775 602
767 598
787 576
779 572
799 550
814 566
813 567
780 573
772 569
813 570
783 578
778 612
784 543
770 608
803 556
790 586
782 582
794 593
806 567
798 563
771 609
818 541
809 572
809 573
810 537
775 579
821 546
821 547
767 575
786 588
779 549
810 573
811 574
812 573
802 569
797 603
822 547
768 576
779 585
780 550
799 563
791 559
783 555
811 537
778 589
803 533
793 605
794 570
805 579
805 580
806 544
771 586
817 553
817 554
790 599
763 582
809 549
809 550
808 551
782 595
774 591
786 565
806 580
798 576
818 554
809 585
810 550
802 546
775 592
767 588
787 566
779 562
799 540
791 536
781 608
801 586
793 582
813 560
805 556
778 602
770 598
790 576
762 594
762 595
782 572
774 568
794 583
806 557
798 553
771 599
817 566
763 595
809 562
775 569
786 578
787 543
802 559
769 611
797 593
789 589
781 585
814 533
801 563
780 540
779 540
778 541
766 605
812 572
791 549
783 545
778 579
824 546
824 547
790 553
793 595
794 560
813 573
805 569
806 534
825 547
798 530
770 611
771 576
817 543
790 589
809 539
809 540
808 541
782 585
774 581
786 555
798 566
785 596
810 540
811 541
812 540
777 592
796 605
802 536
797 570
788 601
788 602
787 603
767 578
808 579
787 556
800 575
779 552
820 553
799 530
766 582
789 602
781 598
801 576
793 572
794 537
813 550
805 546
778 592
770 588
790 566
762 584
762 585
761 586
782 562
794 573
786 532
786 533
773 599
806 547
798 543
784 608
763 585
804 586
776 604
809 552
796 582
816 560
786 568
787 533
765 594
785 609
777 605
769 601
769 602
768 603
797 583
789 579
781 575
800 588
801 553
793 549
766 595
812 562
778 569
790 543
782 539
793 585
794 550
805 559
772 611
792 589
817 533
762 597
782 575
795 594
795 595
774 571
815 572
761 601
796 595
816 573
808 569
820 543
765 607
812 539
778 546
793 562
812 575
813 540
811 579
819 556
819 557
818 558
784 598
804 576
796 572
816 550
807 581
808 546
785 599
797 573
788 604
808 582
787 608
820 556
812 552
790 533
772 601
772 602
771 603
764 597
764 598
763 599
803 588
795 584
795 585
815 562
807 558
807 559
773 602
804 589
776 607
796 585
816 563
808 559
765 597
823 544
768 608
814 575
814 576
813 577
826 549
799 595
811 569
815 539
827 550
819 546
819 547
818 548
777 549
815 575
816 540
808 536
810 582
822 556
787 598
812 542
778 549
811 546
823 557
792 569
811 582
783 600
803 578
795 574
815 552
807 548
807 549
819 559
820 560
820 561
821 559
806 589
818 563
775 601
808 549
786 610
786 611
802 591
768 598
814 565
787 611
799 585
811 559
772 604
764 600
771 608
798 598
810 572
822 546
767 610
814 542
814 543
813 544
811 536
823 547
768 611
826 552
815 542
807 538
806 579
777 552
818 553
809 584
810 549
775 591
821 558
767 587
786 600
802 581
768 588
787 601
791 571
811 549
784 532
783 533
784 533
794 582
806 556
785 533
771 598
817 565
763 594
809 561
774 603
774 604
798 588
818 566
810 562
775 604
767 600
814 532
814 531
814 530
814 529
815 528
814 527
815 526
816 525
815 524
816 524
813 526
812 526
812 525
813 524
816 526
817 527
817 528
818 528
818 527
817 529
817 530
818 530
819 531
819 530
820 530
821 530
822 531
823 531
824 531
825 531
821 532
821 533
822 533
824 532
824 533
825 533
826 534
827 535
828 536
828 537
829 537
827 534
826 536
829 536
830 535
829 534
830 534
830 537
831 538
831 537
832 537
832 536
832 535
832 534
828 538
831 539
831 540
820 529
820 528
820 527
832 539
833 540
833 539
827 536
819 532
819 533
830 536
822 532
823 533
825 532
818 529
829 538
821 534
821 535
822 535
811 525
810 526
809 526
813 525
832 538
824 534
824 535
825 535
817 531
809 527
809 528
810 528
831 541
831 542
820 531
812 527
812 528
813 528
823 532
826 537
826 538
815 527
827 538
819 534
816 528
830 538
822 534
823 535
815 530
833 533
825 534
828 539
828 540
818 531
810 527
829 540
821 536
821 526
813 527
832 540
824 536
824 537
825 537
809 529
827 537
817 523
816 527
831 543
820 533
812 529
812 530
811 531
813 530
831 533
830 532
831 531
831 530
831 529
831 528
831 527
832 526
831 525
832 525
833 527
834 528
830 525
829 524
832 524
834 527
835 526
834 525
836 527
837 528
835 528
837 527
830 524
833 529
833 530
834 530
836 529
836 530
828 525
828 526
827 524
826 524
826 523
827 522
837 530
838 531
829 526
825 523
824 523
824 522
824 521
824 520
823 519
822 518
825 521
823 518
822 520
821 520
822 521
821 521
823 521
825 520
821 522
821 523
822 523
835 527
820 519
819 518
820 518
820 517
819 520
819 521
818 517
823 520
834 529
826 525
826 526
835 530
827 526
819 522
837 529
829 525
830 526
822 522
833 531
823 523
825 522
836 531
836 532
828 527
828 528
818 519
837 532
829 528
821 524
832 528
824 524
825 525
835 529
827 525
820 521
823 522
834 531
826 527
826 528
827 528
818 518
837 531
829 527
830 528
822 524
833 523
832 527
825 524
828 529
828 530
818 521
829 530
821 516
820 515
821 514
822 514
820 520
832 530
824 526
835 531
827 527
819 523
819 524
818 525
820 523
823 534
826 539
826 540
825 541
815 529
827 540
816 530
838 526
830 527
833 532
823 524
834 533
826 529
819 526
829 539
830 540
822 536
780 539
811 526
823 537
826 542
813 572
825 546
770 610
790 588
815 532
828 551
794 595
806 569
798 565
771 611
818 543
809 574
810 539
802 535
775 581
821 548
767 577
786 590
833 522
833 521
833 520
833 519
834 518
833 517
834 517
835 516
834 515
836 517
836 518
837 518
838 518
839 519
835 515
838 520
838 521
839 521
835 518
837 517
836 519
837 520
839 520
832 516
831 515
832 514
831 517
830 514
829 514
828 514
828 513
827 512
827 511
826 513
826 514
827 514
829 513
830 512
828 515
828 516
829 516
835 517
827 513
838 522
838 523
839 523
840 524
840 523
841 523
830 513
841 522
841 521
841 520
842 519
842 521
843 522
844 523
845 524
844 522
843 524
844 524
833 518
842 523
834 519
826 515
826 516
827 516
840 525
840 526
837 519
829 515
830 516
841 525
843 525
843 526
832 515
844 526
845 526
836 521
828 517
829 518
839 522
831 518
831 519
832 518
842 522
845 527
835 519
827 515
838 524
830 515
841 524
842 525
834 521
826 517
844 525
836 520
840 527
840 528
839 529
837 521
829 517
830 518
843 527
832 517
825 514
824 514
828 519
839 524
831 520
831 521
830 522
832 520
842 524
834 520
835 521
827 517
838 516
837 515
838 514
838 513
838 512
838 511
838 510
839 509
838 508
839 508
839 511
840 512
840 511
841 511
841 510
842 509
841 508
842 508
842 511
843 512
844 512
840 513
840 514
837 507
837 506
836 505
835 506
834 505
837 505
836 507
835 505
834 507
833 507
841 513
843 513
843 514
844 514
845 514
839 510
842 510
834 506
845 515
845 516
835 507
841 512
833 508
833 509
842 513
834 509
844 513
836 508
836 509
840 515
837 509
843 515
843 516
844 516
839 512
842 512
834 508
845 517
845 518
835 509
838 504
837 508
841 514
833 510
833 511
832 512
834 511
844 515
836 510
836 511
837 511
840 507
839 506
840 505
840 504
840 503
840 502
840 501
839 500
838 500
838 501
838 502
839 502
841 504
843 517
844 518
839 501
843 507
835 508
839 514
838 503
839 504
842 514
834 510
845 519
835 511
830 517
841 526
779 551
802 571
789 601
822 549
823 514
768 578
814 545
801 575
834 523
780 552
826 519
791 561
811 539
783 557
778 591
803 535
795 531
790 565
794 572
805 581
806 546
798 542
771 588
817 555
818 520
790 601
763 584
809 551
782 597
829 529
774 593
821 525
841 503
786 567
787 532
798 578
785 608
818 556
810 552
830 530
797 582
802 548
822 526
767 590
842 504
787 568
800 587
833 535
779 564
799 542
791 538
783 534
781 610
801 588
793 584
794 549
840 516
840 517
813 562
805 558
778 604
825 536
770 600
817 532
762 596
790 578
837 510
782 574
828 541
828 542
774 570
794 585
786 544
806 559
798 555
817 568
818 533
763 597
809 564
810 529
796 594
829 542
775 571
821 538
816 572
841 516
786 580
787 545
833 512
779 541
797 595
844 527
789 591
781 587
801 565
780 542
793 561
766 607
812 574
813 539
778 581
783 547
824 548
824 549
770 577
836 522
836 523
782 551
828 518
793 597
794 562
813 575
805 571
806 536
792 601
825 549
798 532
771 578
817 545
809 541
837 523
782 587
829 519
774 583
821 515
785 598
777 594
769 590
769 591
797 572
802 538
788 603
789 568
822 516
808 581
800 577
779 554
820 555
766 584
812 551
832 529
778 558
824 525
789 604
781 600
801 578
793 574
794 539
840 506
813 552
805 548
778 594
825 526
770 590
817 522
762 586
790 568
837 500
836 500
782 564
828 531
827 532
786 534
786 535
773 601
798 545
784 610
785 575
818 523
809 554
804 588
776 606
796 584
821 528
788 580
816 562
841 506
808 558
787 535
809 547
820 532
765 596
785 611
777 607
797 585
769 603
844 517
789 581
781 577
800 590
801 555
793 551
766 597
812 564
813 529
832 542
778 571
824 538
823 539
836 512
835 513
836 513
840 519
805 561
792 591
771 568
784 587
817 535
837 513
804 565
809 531
795 596
795 597
774 573
815 574
807 570
807 571
785 588
777 584
796 597
797 562
769 580
788 593
808 571
800 567
801 532
820 545
812 541
832 519
778 548
824 515
824 516
781 590
801 568
793 564
813 542
780 594
805 538
791 603
825 516
770 580
811 581
783 599
803 577
836 525
828 521
773 591
819 558
792 604
784 600
785 565
831 532
804 578
776 596
777 561
796 574
816 552
788 570
789 535
807 583
806 584
808 548
800 544
820 522
777 597
797 575
769 593
789 571
781 567
800 580
801 545
787 610
793 541
766 587
812 554
779 606
799 584
832 532
778 561
790 535
840 509
780 607
827 539
772 603
773 568
819 535
819 536
792 581
764 599
783 612
839 513
784 577
785 542
803 590
776 573
804 555
795 586
794 587
796 551
815 564
816 529
807 560
807 561
773 604
785 578
831 545
776 609
777 574
796 587
797 552
843 519
788 583
789 548
808 561
781 544
800 557
820 535
765 599
812 531
832 509
831 509
831 510
823 546
768 610
814 577
835 520
780 584
826 551
799 597
772 580
791 593
792 558
838 525
783 589
811 571
803 567
804 532
795 563
828 511
815 541
807 537
827 552
773 581
819 548
792 594
839 526
784 590
785 555
831 522
776 586
804 568
777 551
795 599
796 564
816 542
788 560
807 573
808 538
800 534
769 583
810 584
802 580
781 557
822 558
768 587
801 535
814 554
814 555
787 600
793 531
834 532
779 596
799 574
791 570
824 518
811 548
803 544
835 533
780 597
827 529
772 593
791 606
819 525
764 589
792 571
783 602
839 503
784 567
785 532
803 580
804 545
776 563
796 541
815 554
788 537
761 583
760 584
807 550
806 551
798 587
831 535
777 564
818 565
797 542
843 509
844 510
789 538
830 539
775 603
800 547
767 599
787 577
820 525
799 551
802 593
823 536
768 600
814 567
779 609
835 510
780 574
826 541
799 587
791 583
792 548
838 515
783 579
811 561
784 544
803 557
795 553
796 586
843 518
816 564
825 538
817 538
808 560
793 576
820 534
765 598
832 508
797 587
769 605
844 519
800 592
766 599
812 566
795 580
813 531
799 596
824 540
836 514
786 569
770 593
828 544
828 510
840 521
827 551
839 525
828 543
770 592
809 533
795 598
829 511
816 541
807 572
812 580
796 599
809 553
788 595
808 573
820 547
842 507
825 519
842 506
766 576
777 596
818 545
797 584
840 522
812 543
787 580
832 521
819 561
778 550
820 557
824 517
793 566
835 532
792 570
825 518
817 534
836 524
799 568
783 601
812 563
796 600
803 579
828 524
795 575
828 523
815 553
761 582
819 560
784 602
831 534
804 580
796 576
843 508
821 550
816 554
807 585
808 550
820 524
785 577
769 595
786 537
802 592
768 599
799 586
824 530
811 560
836 504
827 541
778 574
804 581
772 605
819 537
764 601
839 515
803 592
831 511
795 588
815 566
816 531
807 562
798 599
843 521
767 611
820 537
812 533
832 511
778 540
823 548
835 522
826 553
827 518
838 527
811 573
815 543
807 539
819 550
839 528
821 531
831 524
776 588
816 544
807 575
808 540
786 601
802 582
823 525
768 589
814 556
787 602
760 585
834 534
826 530
791 572
811 550
835 535
827 531
772 595
819 527
792 573
764 591
839 505
785 534
803 582
795 578
815 556
761 585
807 552
798 589
818 567
810 563
843 511
830 541
775 605
781 536
822 537
767 601
842 515
845 520
811 527
823 529
823 538
835 503
768 602
814 569
835 512
826 543
799 589
838 517
811 563
815 533
807 529
794 596
819 540
839 518
806 570
831 514
777 543
818 544
809 575
808 530
821 549
841 527
798 602
816 555
810 576
802 572
822 550
823 515
814 546
834 524
826 520
791 562
811 540
835 525
827 521
819 517
838 530
805 582
817 556
807 542
806 583
798 579
818 557
810 553
830 531
822 527
786 604
842 505
833 536
783 535
823 528
768 592
814 559
801 589
826 533
813 563
838 507
778 605
784 536
770 601
815 523
794 577
794 586
806 560
798 556
771 602
817 569
818 534
763 598
809 565
782 611
810 530
829 543
774 607
775 572
821 539
841 517
786 581
787 546
833 513
779 542
798 592
810 566
830 544
802 562
797 596
822 540
767 604
814 536
842 518
834 514
779 578
780 543
799 556
766 608
845 523
791 552
811 530
783 548
793 598
794 563
813 576
805 572
806 537
825 550
776 545
771 579
817 546
790 592
837 524
809 542
782 588
829 520
774 584
794 599
786 558
806 573
798 569
818 547
809 578
810 543
830 521
802 539
775 585
821 552
822 517
767 581
786 594
787 559
833 526
779 555
799 533
789 605
781 601
801 579
793 575
813 553
805 549
778 595
825 527
770 591
795 535
762 587
790 569
837 501
782 565
828 532
794 576
805 585
806 550
798 546
771 592
817 559
818 524
763 588
809 555
782 601
829 533
774 597
821 529
841 507
786 571
787 536
777 608
769 604
797 586
802 552
789 582
822 530
814 526
800 591
801 556
834 504
766 598
812 565
791 542
783 538
778 572
824 539
790 546
801 592
793 588
794 553
840 520
813 566
805 562
778 608
825 540
770 604
771 569
817 536
790 582
762 600
837 514
809 532
782 578
828 545
829 510
774 574
764 593
786 548
798 559
785 589
818 537
787 561
810 533
796 598
797 563
830 511
788 594
821 542
808 572
787 549
833 516
800 568
779 545
820 546
797 599
789 595
781 591
801 569
793 565
766 611
812 578
813 543
805 539
778 585
824 552
825 517
770 581
790 559
836 526
782 555
828 522
794 566
806 540
790 570
792 605
798 536
834 513
792 607
817 549
784 601
809 545
804 579
829 523
796 575
821 519
816 553
807 584
786 561
785 602
777 598
797 576
769 594
788 607
789 572
808 585
781 568
800 581
801 546
820 559
793 542
766 588
812 555
792 552
832 533
838 519
778 562
824 529
790 536
836 503
793 578
840 510
780 608
783 592
790 591
813 556
805 552
792 582
825 530
817 526
762 590
803 591
837 504
782 568
795 587
828 535
815 565
829 509
786 538
773 605
785 579
831 546
776 610
777 575
796 588
769 571
843 520
816 566
788 584
808 562
800 558
820 536
765 600
812 532
832 510
765 609
769 607
844 521
789 585
781 581
801 559
812 568
813 533
799 598
778 575
828 547
824 542
770 571
811 572
836 516
782 545
828 512
773 582
819 549
792 595
839 527
784 591
761 589
831 523
804 569
776 587
795 600
796 565
816 543
807 574
808 539
765 577
785 592
777 588
797 566
769 584
788 597
789 562
808 575
781 558
800 571
801 536
820 549
793 532
766 578
812 545
776 608
832 523
778 552
824 519
824 528
836 502
794 533
835 534
780 598
827 530
772 594
791 607
792 572
764 590
783 603
784 568
803 581
804 546
795 577
815 555
761 584
807 551
773 595
819 562
784 604
785 569
831 536
776 600
804 582
777 565
796 578
797 543
843 510
788 574
816 556
789 539
807 587
808 552
781 535
800 548
770 602
820 526
765 590
827 519
844 511
781 571
768 601
814 568
793 545
779 610
780 575
799 588
791 584
783 580
811 562
836 506
803 558
782 535
780 611
827 543
772 607
773 572
819 539
792 585
764 603
839 517
784 581
831 513
804 559
776 577
777 542
795 590
761 588
796 555
815 568
816 533
807 564
808 529
798 601
777 578
769 574
810 575
843 523
789 552
781 548
800 561
842 527
787 591
812 535
771 601
779 587
799 565
832 513
778 542
823 550
835 524
780 588
827 520
772 584
791 597
819 516
792 562
838 529
783 593
811 575
810 532
784 558
803 571
804 536
795 567
796 532
815 545
795 576
807 541
773 585
819 552
806 582
831 526
776 590
796 568
797 533
788 564
775 594
808 542
800 538
786 603
820 516
765 580
802 584
823 527
768 591
814 558
787 604
760 587
834 536
779 600
780 565
826 532
799 578
791 574
792 539
838 506
783 570
811 552
784 535
841 528
803 548
795 544
827 533
802 537
815 531
772 597
819 529
792 575
839 516
827 542
794 594
839 507
784 571
773 571
819 538
785 536
764 602
804 549
776 567
796 545
785 545
831 512
771 610
776 576
782 610
816 523
788 541
761 587
774 606
807 554
788 550
816 532
808 528
786 589
798 591
798 600
810 565
802 561
830 543
775 607
781 538
810 574
822 539
767 603
802 570
842 517
814 535
787 581
822 548
779 577
768 577
814 544
842 526
787 590
799 555
834 522
845 522
779 586
780 551
791 551
826 518
799 564
811 529
791 560
811 538
823 540
783 556
768 604
814 571
803 534
823 549
835 514
780 578
826 545
772 574
835 523
791 587
826 554
793 606
783 583
772 583
784 548
792 561
803 561
764 579
838 528
776 544
795 557
784 557
815 535
804 535
795 566
790 600
807 531
796 531
782 596
794 598
815 544
807 540
794 607
806 572
798 568
831 516
806 581
777 545
818 546
798 577
809 577
802 547
810 542
818 555
830 520
775 584
810 551
821 551
767 580
830 529
775 593
786 593
821 560
833 525
822 525
767 589
786 602
787 567
833 534
799 532
810 578
802 574
791 537
798 547
785 568
822 552
823 517
767 593
802 583
768 581
814 548
787 594
823 526
834 526
768 590
779 590
814 557
826 522
760 586
834 535
779 599
791 564
826 531
811 542
791 573
792 538
803 538
838 505
811 551
783 569
778 603
784 534
795 534
803 547
794 575
827 523
819 519
764 583
805 584
794 584
806 549
817 567
819 528
771 591
788 531
774 596
806 558
817 558
790 604
763 587
796 535
785 535
771 600
782 600
829 532
818 532
763 596
809 563
782 609
788 540
829 541
774 605
786 570
775 570
821 537
806 585
841 515
786 579
798 581
818 559
798 590
810 555
802 551
830 533
775 597
810 564
822 529
802 560
830 542
786 606
814 525
775 606
787 571
833 538
822 538
767 602
842 516
814 534
799 545
834 512
779 576
791 541
780 541
799 554
845 521
783 537
811 528
823 530
783 546
801 591
835 504
793 587
826 535
805 570
813 565
792 542
793 596
794 561
838 509
778 607
784 538
784 547
813 574
825 539
770 603
795 547
762 599
790 581
825 548
782 577
815 525
771 577
776 543
817 544
790 590
837 522
782 586
794 588
807 530
774 582
794 597
806 562
798 558
786 556
771 604
817 571
806 571
818 536
763 600
809 567
830 519
817 548
798 567
829 545
798 544
774 609
830 510
809 576
775 574
810 541
821 541
841 519
786 583
775 583
787 548
833 515
822 515
767 579
779 544
786 592
787 557
833 524
779 553
799 531
802 564
797 598
789 594
822 542
814 538
804 590
842 520
789 603
823 516
826 521
834 516
814 547
781 599
780 545
826 512
766 610
845 525
812 577
801 577
791 554
780 554
793 573
811 532
783 550
778 584
824 551
813 551
778 593
783 559
790 558
803 537
770 589
795 533
790 567
793 600
794 565
782 563
813 578
794 574
805 574
806 539
825 552
798 535
771 581
805 583
806 548
790 594
837 526
809 544
782 590
771 590
817 557
829 522
818 522
763 586
774 586
821 518
782 599
829 531
774 595
821 527
841 505
798 571
787 534
818 549
785 601
810 545
810 554
785 610
830 523
802 541
775 587
821 554
777 606
788 606
822 519
767 583
808 584
802 550
822 528
833 528
789 580
779 557
820 558
814 524
800 589
833 537
799 535
779 566
791 531
799 544
766 596
791 540
832 541
789 607
783 536
778 570
781 603
801 581
781 612
793 577
794 542
805 560
801 590
813 555
793 586
794 551
805 551
778 597
840 518
813 564
825 529
778 606
817 525
790 571
762 589
837 503
782 567
828 534
762 598
790 580
837 512
809 530
794 578
782 576
774 572
806 552
786 546
798 548
771 594
818 535
806 561
785 587
817 561
818 526
763 590
804 591
809 557
798 557
829 535
774 599
809 566
810 531
816 565
796 596
829 544
830 509
841 509
775 573
786 573
787 538
821 540
808 570
841 518
787 547
833 514
779 543
765 608
777 610
797 588
769 606
844 520
789 584
797 597
781 580
814 528
789 593
800 593
801 558
781 589
793 554
766 600
812 567
801 567
813 532
793 563
766 609
783 540
812 576
824 541
813 541
770 570
805 537
778 583
790 548
824 550
825 515
836 515
770 579
782 544
793 590
794 555
782 553
805 573
828 520
813 568
794 564
805 564
806 529
771 580
825 542
770 606
771 571
806 538
762 602
792 603
825 551
837 516
809 534
798 534
782 580
817 547
829 512
774 576
837 525
804 577
809 543
829 521
774 585
786 550
821 517
807 582
786 559
785 591
777 587
810 535
785 600
802 531
797 565
788 596
789 561
797 574
808 574
769 592
788 605
800 570
789 570
779 547
808 583
781 566
820 548
766 577
800 579
812 544
801 544
832 522
766 586
812 553
778 551
832 531
789 597
778 560
824 527
781 593
801 571
790 534
813 554
781 602
836 501
793 567
794 532
801 580
813 545
805 541
794 541
840 508
778 587
824 554
770 583
805 550
790 561
825 528
836 528
782 557
817 524
762 588
803 589
837 502
782 566
828 533
773 594
806 542
798 538
786 536
773 603
796 577
831 544
784 603
777 573
