356 405
355 405
354 406
353 406
356 406
356 407
352 405
355 404
355 407
357 404
358 403
354 405
356 408
357 407
354 408
351 406
350 405
349 406
359 404
359 405
360 406
360 403
361 404
362 403
361 407
362 406
363 405
364 406
365 405
353 407
366 406
366 407
365 408
364 409
363 408
359 402
362 409
361 410
358 408
349 405
360 405
363 404
357 406
361 406
351 405
358 409
362 405
366 405
359 408
360 409
357 410
367 405
358 402
357 401
356 410
358 401
356 402
358 410
360 407
359 411
360 412
361 413
362 412
363 411
363 413
364 411
363 406
350 406
355 402
354 401
353 400
354 399
352 401
355 400
353 402
352 403
351 403
356 403
361 408
351 407
362 407
353 404
364 404
364 413
351 400
350 399
366 409
366 410
367 408
368 407
369 408
370 407
370 409
369 410
368 410
370 411
371 410
369 412
368 412
367 413
366 412
366 414
368 414
372 411
373 410
374 411
375 410
376 411
377 412
373 412
374 413
370 413
371 412
375 412
358 405
360 402
350 401
349 402
349 403
369 414
360 411
352 407
373 414
372 414
365 410
368 409
351 402
353 399
371 414
362 411
375 414
375 415
377 411
366 411
376 413
377 414
378 415
379 414
380 413
379 412
380 411
377 416
379 416
381 413
378 417
379 418
380 418
381 418
382 417
381 416
382 415
383 414
383 416
383 418
384 415
381 415
384 417
367 410
358 407
369 407
360 404
349 404
359 406
350 403
352 400
354 403
356 400
357 399
382 419
374 415
385 415
365 412
368 411
356 409
379 411
370 408
357 408
351 404
362 404
384 419
386 416
387 416
388 415
389 414
386 417
389 416
387 418
388 417
390 414
391 413
386 419
389 418
388 419
390 416
390 418
387 415
388 414
392 414
366 413
377 413
376 415
378 412
367 412
369 409
352 402
380 415
391 415
385 417
388 416
390 413
379 413
368 413
371 409
392 416
386 418
359 401
377 415
367 414
378 414
358 411
369 411
360 408
359 410
352 404
380 417
382 414
373 411
372 413
374 410
363 410
354 407
365 407
356 404
368 406
355 406
357 403
385 419
388 418
351 399
371 411
361 403
361 412
384 414
375 411
366 408
364 408
367 407
358 404
359 403
350 400
378 416
369 413
359 412
352 406
354 400
380 419
382 416
373 413
355 399
383 415
363 412
374 412
365 409
355 408
357 405
361 405
371 413
350 402
352 399
389 415
380 412
384 416
354 402
376 412
356 399
382 418
355 401
383 417
361 411
374 414
365 411
387 417
370 410
353 403
381 419
384 418
386 415
364 412
376 414
367 411
378 411
359 407
350 404
389 417
380 414
391 414
353 401
372 410
363 407
354 404
365 404
356 401
355 403
357 400
383 419
385 416
365 413
357 409
387 419
392 415
379 415
390 415
370 412
361 409
362 408
353 405
364 405
376 416
378 413
359 409
364 407
380 416
391 416
360 410
372 412
363 409
365 406
357 402
385 418
368 408
351 401
390 417
379 417
370 414
381 414
362 410
381 417
367 406
375 413
362 413
364 410
367 409
358 406
