611 282
612 281
613 280
610 282
614 280
613 281
612 279
611 278
613 278
614 277
615 281
616 280
612 282
615 278
616 277
617 278
618 277
617 281
617 282
616 283
615 284
614 283
613 284
612 285
611 284
619 278
610 279
618 280
617 284
619 281
620 280
612 286
621 279
618 283
609 280
611 277
612 276
613 275
614 276
611 286
616 285
621 281
612 278
622 280
613 277
613 286
615 283
617 277
617 286
619 283
618 285
609 282
620 282
611 279
610 281
616 278
616 287
621 283
608 283
607 282
606 281
607 280
606 279
605 278
607 284
622 282
613 279
615 276
617 279
618 278
617 288
619 285
618 287
620 284
609 284
611 281
610 283
605 280
604 281
603 280
603 282
602 279
601 278
600 277
601 276
602 275
602 277
600 279
603 275
604 274
603 273
604 272
604 276
601 280
603 277
602 272
616 289
608 285
607 286
622 284
623 285
624 284
625 283
624 282
602 281
610 276
609 275
610 274
609 273
608 276
607 277
609 277
611 274
617 290
618 290
619 290
620 289
621 288
620 287
622 287
621 290
622 289
620 291
619 292
618 292
617 293
616 292
616 294
617 295
618 294
616 296
622 291
623 292
624 291
625 290
624 289
626 289
627 288
626 287
626 291
628 288
627 290
617 297
627 292
628 293
628 294
627 295
626 296
629 292
630 291
629 290
625 297
624 296
623 295
622 296
624 298
630 293
619 288
623 299
622 298
621 298
620 298
619 297
625 299
626 300
618 296
622 293
621 297
611 283
603 279
614 285
625 285
626 286
618 282
626 295
625 294
610 278
620 296
626 298
607 278
628 295
627 297
628 298
629 296
618 291
629 291
610 287
610 288
611 288
607 281
621 292
603 274
606 276
625 289
606 285
625 298
626 290
610 273
618 286
618 295
629 295
628 299
629 300
629 301
630 302
607 276
621 287
613 283
602 283
603 284
621 296
614 275
625 284
614 284
606 280
625 293
600 275
600 274
618 281
610 277
610 286
617 285
617 294
620 290
609 287
628 300
629 299
602 284
630 300
609 289
609 290
610 291
610 292
611 293
620 299
621 282
602 278
621 291
613 287
621 300
621 301
614 279
614 288
614 289
614 290
625 288
606 284
616 297
610 272
617 280
617 289
628 289
620 285
609 285
617 298
617 299
618 300
602 273
621 286
602 282
613 282
621 295
620 294
613 291
613 292
614 293
614 294
614 274
613 273
624 287
628 302
628 303
627 302
613 295
613 296
624 300
624 301
625 302
625 303
625 304
626 305
627 306
628 307
628 297
620 293
631 299
632 300
633 299
633 298
632 301
633 302
633 303
633 297
632 296
632 295
633 294
634 295
633 293
632 292
632 291
634 304
635 296
635 297
636 298
636 297
623 294
612 294
615 290
635 305
635 306
636 307
636 308
637 309
636 306
637 305
627 301
605 273
606 274
607 273
607 272
606 271
607 271
624 286
605 282
616 282
624 295
608 278
616 291
624 304
623 303
608 287
638 306
639 307
640 306
640 305
639 304
640 304
639 308
639 309
640 310
640 309
639 303
617 283
620 279
609 279
601 275
641 311
620 288
609 288
631 294
631 303
631 304
632 305
632 306
633 307
633 308
632 309
632 310
634 309
635 310
635 311
636 312
636 313
637 314
636 311
631 308
619 301
634 299
642 312
643 311
644 312
644 311
643 310
642 313
643 314
643 315
644 316
643 309
642 308
634 308
612 280
623 289
612 289
615 285
627 287
604 285
623 298
635 300
635 301
636 302
636 303
615 294
627 296
627 305
605 277
624 290
608 273
616 286
605 286
605 287
608 282
616 295
608 291
630 297
609 274
638 310
638 311
639 312
639 313
640 314
640 315
641 306
620 283
622 302
601 279
641 315
619 287
619 296
631 298
634 294
611 292
642 307
643 306
631 307
630 306
629 305
634 303
642 316
634 312
612 275
612 284
623 284
604 280
615 280
635 295
623 293
612 293
615 289
627 291
623 302
615 298
627 300
605 272
624 285
626 304
637 304
616 281
605 281
608 277
637 313
616 290
608 286
630 292
638 305
622 288
630 301
638 314
622 297
641 310
601 274
619 282
600 278
619 291
611 287
631 302
619 300
603 283
634 298
634 307
633 311
615 275
604 275
612 288
623 288
604 284
627 286
623 297
615 293
626 299
637 299
637 300
638 301
616 276
605 276
608 272
637 308
629 304
608 281
607 285
638 300
622 283
630 296
638 309
622 292
630 305
641 305
622 301
641 314
611 273
619 286
619 295
603 278
611 291
612 274
633 306
623 283
612 283
644 315
604 279
615 279
615 288
626 285
626 294
626 303
637 303
618 299
637 312
629 308
638 304
630 309
641 309
640 313
633 292
633 301
615 274
633 310
644 310
637 298
629 294
637 307
610 290
629 303
630 295
622 300
611 272
640 308
632 304
611 290
633 296
625 292
614 292
633 305
606 288
606 289
607 289
625 301
644 314
626 293
629 289
618 289
626 302
637 302
610 285
629 298
618 298
629 307
607 279
636 304
642 311
632 297
613 293
635 299
643 312
606 272
635 308
627 304
617 291
605 285
608 290
639 305
639 314
636 299
609 291
628 304
620 300
631 297
631 306
642 306
634 302
642 315
634 311
613 288
612 292
643 307
623 301
635 303
643 316
615 297
627 299
635 312
624 293
624 302
639 300
616 298
638 313
628 290
601 273
620 286
609 286
601 282
620 295
631 292
631 301
619 299
634 297
613 274
602 274
642 310
631 310
607 288
634 306
622 286
612 287
623 287
640 303
641 302
604 283
621 299
632 299
635 298
623 296
611 276
600 276
640 312
615 292
627 294
603 272
632 308
635 307
627 303
603 281
614 278
616 275
605 275
624 288
608 271
625 287
614 287
616 284
605 284
633 300
606 283
624 297
608 280
625 296
614 296
616 293
633 309
644 309
608 289
625 305
638 299
617 276
609 272
638 308
626 288
641 304
630 304
618 284
609 281
620 281
637 297
610 280
641 313
601 277
629 293
618 293
610 289
629 302
636 301
619 294
631 296
636 310
607 274
628 306
631 305
642 305
607 283
634 301
642 314
634 310
612 273
621 285
623 282
604 278
621 294
632 294
623 291
612 291
640 307
613 290
615 287
627 289
604 287
632 303
623 300
635 302
640 316
615 296
627 298
624 283
614 282
605 279
616 279
633 295
606 278
624 292
637 311
614 291
625 291
616 288
633 304
606 287
608 284
625 300
630 290
638 303
639 302
630 299
618 279
609 276
638 312
622 295
610 275
639 311
641 308
630 308
601 272
629 288
617 292
618 288
610 284
601 281
619 280
636 296
610 293
628 292
631 291
619 289
636 305
611 285
628 301
631 300
619 298
636 314
620 297
611 294
634 296
631 309
642 309
634 305
621 280
612 277
613 276
602 276
604 273
621 289
623 286
640 302
613 285
615 282
604 282
632 298
612 295
640 311
613 294
615 291
627 293
632 307
623 304
626 297
643 313
605 274
635 309
606 273
637 306
626 306
614 286
625 286
605 283
606 282
608 279
625 295
614 295
608 288
624 299
638 298
630 294
638 307
622 290
639 306
630 303
641 303
622 299
639 315
641 312
617 287
628 287
619 284
636 300
609 283
611 280
600 280
628 296
617 296
631 295
619 293
603 276
636 309
620 292
609 292
611 289
628 305
603 285
620 301
634 300
612 272
621 284
623 281
602 280
615 277
604 277
644 313
621 293
632 293
623 290
612 290
613 289
615 286
604 286
632 302
615 295
626 292
643 308
635 304
637 301
626 301
614 281
618 297
629 297
606 277
608 274
637 310
629 306
606 286
624 294
630 289
607 287
624 303
638 302
622 285
639 301
630 298
622 294
639 310
641 307
630 307
622 303
641 316
619 279
609 278
611 275
628 291
631 290
