476 303
477 304
475 302
474 303
473 304
472 303
471 304
470 305
478 303
479 302
480 301
481 302
469 306
469 307
470 308
471 307
472 306
473 307
474 306
475 305
476 306
468 305
467 306
466 305
465 306
464 305
463 306
462 307
477 307
482 303
472 302
483 302
484 301
483 300
463 308
474 308
464 307
475 307
466 304
465 303
466 302
470 304
481 304
484 303
471 303
470 302
485 302
462 309
473 309
472 309
471 310
470 311
469 312
468 311
472 311
470 313
471 312
476 308
468 304
477 309
482 305
469 305
483 304
472 304
474 301
473 300
472 300
474 299
473 298
474 297
475 296
476 297
475 298
476 299
477 300
475 300
469 314
472 313
461 310
464 309
475 309
466 306
479 300
481 306
470 306
471 305
485 304
473 302
476 301
470 315
471 314
473 311
462 311
468 306
486 305
487 306
477 302
472 297
471 296
470 295
472 295
470 297
469 298
468 297
467 310
466 311
478 310
479 309
480 308
479 307
477 311
483 306
464 302
463 301
462 300
463 299
462 298
463 297
464 296
465 296
464 298
466 295
465 294
466 293
467 294
468 293
469 292
470 293
471 293
472 293
468 295
464 300
466 297
473 293
474 292
462 302
474 294
464 293
463 292
462 291
461 292
463 290
464 289
461 303
469 316
470 299
473 295
481 308
462 304
485 306
470 317
473 313
463 296
462 295
474 296
466 292
466 301
465 305
488 307
480 303
477 297
469 293
489 308
489 309
477 306
469 302
461 298
469 311
461 307
470 294
462 290
461 289
470 303
481 303
473 299
462 299
473 308
462 308
484 305
476 310
468 315
465 300
465 309
480 307
477 301
469 297
477 310
461 293
461 302
469 315
473 294
462 294
476 296
487 305
476 305
468 301
468 310
465 295
465 304
488 306
480 302
477 296
477 305
461 288
469 301
461 297
469 310
461 306
483 303
472 312
462 289
464 308
475 308
484 304
476 300
468 296
476 309
468 314
465 290
465 299
465 308
480 306
479 310
480 311
480 312
481 313
469 296
471 315
461 301
472 298
472 307
483 307
475 303
464 303
472 316
472 317
473 318
476 295
484 308
484 309
484 310
485 311
468 291
476 304
468 300
468 309
479 305
461 287
462 286
463 287
483 311
482 310
483 312
484 313
484 314
487 308
487 309
487 310
488 311
488 312
489 313
487 313
487 314
488 315
488 316
488 317
489 318
487 318
487 319
488 320
488 321
489 322
490 319
491 320
491 321
490 314
490 323
490 324
491 325
491 315
492 314
493 315
492 313
491 312
491 316
491 311
494 316
494 317
495 318
495 319
496 320
496 321
495 322
495 323
495 324
494 321
494 325
494 320
497 322
498 323
486 312
465 289
466 288
467 289
460 296
490 309
498 322
460 305
490 318
491 310
492 309
475 293
483 315
483 316
483 317
484 318
484 319
485 320
483 320
483 321
484 322
484 323
484 324
486 321
472 315
494 315
495 314
496 315
496 316
495 313
494 312
494 311
475 311
475 312
476 313
476 314
476 315
477 316
477 315
475 316
474 315
475 317
476 318
476 319
477 320
478 317
479 318
480 317
481 317
480 316
479 319
480 320
480 321
480 322
481 322
479 323
479 324
475 320
475 321
475 322
476 323
482 319
497 317
498 318
498 319
468 290
468 299
486 307
467 303
467 312
478 312
478 321
460 291
459 290
479 304
471 300
460 300
459 299
458 298
458 297
458 296
457 295
457 299
457 300
458 301
458 302
457 294
458 293
459 294
458 292
457 291
457 290
457 289
458 288
458 287
457 286
456 293
455 293
455 292
454 291
454 290
454 294
454 295
454 296
455 297
453 293
453 297
453 298
454 299
454 300
455 301
455 302
453 292
452 291
451 291
451 290
450 289
450 288
450 292
450 293
451 294
451 295
449 291
449 290
453 301
452 300
451 299
450 298
450 297
449 296
449 295
449 294
456 302
490 313
479 313
479 314
471 309
460 309
479 322
490 322
471 318
471 319
472 320
472 292
471 291
470 290
464 288
493 324
492 323
483 301
472 301
452 295
475 297
464 297
464 306
475 306
482 314
463 310
464 311
464 312
465 313
465 314
474 310
482 323
474 319
497 321
453 296
486 302
467 298
478 298
486 311
467 307
478 307
486 320
459 303
467 316
478 316
456 288
455 288
455 287
454 286
453 287
453 288
460 286
479 299
480 298
481 299
480 297
456 297
448 293
471 295
460 295
479 308
490 308
491 307
460 304
471 313
493 310
493 319
492 318
485 315
486 316
452 290
464 292
485 324
486 325
487 324
488 325
487 323
475 301
452 299
482 300
482 309
474 305
463 305
482 318
474 314
497 316
466 310
467 293
486 306
459 289
478 302
467 302
486 315
459 298
467 311
478 311
478 320
489 317
456 292
460 290
471 290
479 303
456 301
492 322
471 299
460 299
471 308
493 314
470 312
481 312
485 310
481 321
464 287
493 323
473 317
485 319
452 294
463 291
482 304
474 300
463 300
482 313
466 296
455 296
463 309
474 309
482 322
497 320
474 318
466 314
496 324
467 288
467 297
478 297
486 310
459 293
478 306
459 302
478 315
467 315
489 312
456 287
489 321
477 319
456 296
492 317
471 294
448 292
460 294
470 298
481 307
470 307
485 305
462 303
473 303
470 316
493 318
481 316
473 312
485 314
452 289
473 321
485 323
463 286
482 299
474 295
463 295
482 308
466 291
455 291
463 304
474 304
482 317
455 300
466 300
474 313
466 309
496 319
467 292
459 288
488 324
478 301
467 301
459 297
459 306
458 306
457 305
457 304
459 307
489 307
489 316
477 314
456 291
492 312
489 325
477 323
492 321
451 289
451 298
481 311
493 313
485 309
481 320
454 303
473 316
485 318
455 286
455 295
466 313
496 314
488 310
496 323
488 319
478 296
480 315
459 292
480 324
489 311
458 305
477 318
489 320
492 316
492 325
462 293
451 293
454 289
481 315
454 298
485 313
481 324
473 320
484 317
495 317
463 294
466 290
455 290
487 322
476 322
466 299
455 299
466 308
496 318
465 312
488 314
480 310
488 323
459 287
480 319
477 295
469 291
458 291
489 306
469 300
458 300
489 315
477 313
461 296
450 296
469 309
492 311
477 322
461 305
492 320
470 292
491 324
451 288
462 288
470 301
481 301
473 297
451 297
462 297
470 310
481 310
454 293
462 306
473 306
454 302
473 315
484 312
463 289
495 321
484 321
487 317
476 317
455 294
466 294
468 313
465 298
465 307
488 309
496 322
480 305
457 303
488 318
480 314
480 323
458 286
477 299
458 295
469 295
477 308
450 291
461 291
469 304
458 304
477 317
461 300
492 315
469 313
461 309
491 319
470 296
462 292
451 292
454 288
494 324
483 324
473 301
462 301
454 297
484 307
495 316
484 316
487 312
476 312
495 325
484 325
468 308
487 321
476 321
468 317
465 293
465 302
488 304
496 317
480 300
457 298
488 313
465 311
480 309
488 322
480 318
469 290
458 290
477 303
461 286
458 299
469 299
450 295
461 295
469 308
461 304
491 314
470 291
472 310
483 310
491 323
462 287
451 287
483 319
472 319
494 319
473 296
475 315
454 292
484 302
476 298
484 311
468 294
476 307
487 307
495 320
484 320
468 303
476 316
487 316
468 312
487 325
465 288
465 297
491 313
483 309
460 287
491 322
483 318
472 318
494 318
475 314
453 286
453 295
451 296
468 302
470 314
487 315
470 309
465 287
486 319
462 310
457 292
449 288
490 312
457 301
481 323
473 319
477 312
449 297
479 298
462 305
472 314
456 305
490 307
498 320
460 303
479 316
481 318
464 310
490 316
490 325
454 301
491 308
464 291
491 317
452 298
472 305
483 313
473 314
490 317
483 323
475 319
494 313
483 322
494 322
475 318
497 315
453 290
464 301
465 301
491 318
468 288
453 299
486 314
465 291
486 323
457 287
478 319
457 296
449 292
460 289
456 300
471 298
460 298
479 311
475 310
490 311
460 307
472 291
490 320
479 320
471 316
493 322
472 299
475 295
464 295
452 293
483 308
472 308
464 304
475 304
475 313
482 312
482 321
474 317
497 319
453 294
468 292
467 296
450 294
486 309
467 305
478 305
486 318
459 301
478 314
467 314
478 323
456 286
456 295
479 297
448 291
460 293
479 306
456 304
490 306
471 302
460 302
479 315
490 315
471 311
493 317
472 294
452 288
464 290
485 322
475 299
464 299
452 297
482 307
463 303
482 316
474 312
463 312
453 289
497 323
461 294
474 321
467 291
486 304
478 300
467 300
486 313
459 296
481 314
467 309
478 309
486 322
459 305
478 318
456 290
489 324
460 288
479 301
456 299
471 297
448 295
460 297
490 310
460 306
471 306
493 312
485 308
493 321
481 319
470 319
485 317
464 294
452 292
475 294
482 302
474 298
463 298
482 311
474 307
463 307
482 320
466 303
455 303
474 316
497 318
466 312
467 295
486 308
459 291
478 304
467 304
486 317
459 300
467 313
478 313
489 310
478 322
489 319
456 294
457 293
448 290
471 292
460 292
488 308
449 289
456 303
492 324
457 302
480 304
460 301
471 301
480 313
481 305
498 321
485 303
477 298
479 317
493 316
469 294
458 294
473 310
485 312
461 290
450 290
452 287
493 325
458 303
469 303
485 321
461 299
452 296
472 296
463 293
461 308
474 293
491 309
482 306
466 289
455 289
483 305
463 302
474 302
482 315
455 298
466 298
494 314
483 314
463 311
474 311
482 324
466 307
454 287
494 323
474 320
453 291
467 290
484 306
486 303
459 286
476 302
453 300
467 299
478 299
495 315
484 315
468 298
459 295
476 311
487 311
478 308
467 308
468 307
459 304
489 305
476 320
487 320
468 316
489 314
465 292
456 289
492 310
457 288
486 324
477 321
489 323
456 298
492 319
469 317
457 297
480 299
448 294
465 310
449 293
470 300
481 300
462 296
479 312
493 311
481 309
469 289
458 289
460 308
485 307
473 305
490 321
479 321
493 320
470 318
471 317
482 301
485 325
463 288
485 316
