485 458
486 458
484 457
483 457
487 457
485 456
486 457
485 459
484 460
487 456
486 460
487 459
483 458
482 459
481 458
482 456
483 455
484 454
485 453
486 454
487 453
483 461
482 462
481 461
488 457
489 456
488 454
489 453
490 452
491 453
490 451
491 450
481 457
480 459
479 460
478 459
485 455
484 459
486 456
489 455
491 452
492 451
482 461
488 456
489 450
490 453
481 459
480 461
492 452
485 460
488 458
489 459
490 460
484 452
484 461
489 457
492 453
482 454
488 449
487 450
486 449
485 448
486 447
489 448
482 463
490 455
486 451
485 462
486 463
487 464
488 463
489 462
486 465
489 464
488 465
487 466
486 467
488 467
484 463
487 468
486 469
485 469
484 468
484 470
483 471
484 472
485 471
486 472
487 471
488 470
488 472
487 473
486 474
488 474
487 475
486 476
485 476
484 475
488 476
487 477
486 478
491 459
492 458
493 457
488 451
483 464
482 465
488 460
490 457
480 456
479 455
478 454
477 453
478 452
477 451
479 451
480 450
479 453
481 450
480 452
477 455
481 452
480 454
476 450
475 451
478 456
477 457
476 457
474 452
473 451
475 453
479 457
488 469
473 450
484 456
486 453
477 450
476 452
487 452
484 465
484 466
486 462
485 464
487 461
478 458
484 474
486 471
485 473
487 470
482 449
483 448
483 450
487 479
488 479
487 480
488 481
489 478
489 480
482 458
474 454
475 455
488 453
479 450
490 450
483 466
489 482
488 462
480 458
493 452
484 449
484 458
486 455
477 452
485 457
487 454
476 454
478 451
484 467
486 464
485 466
490 480
487 463
485 475
487 472
491 454
492 455
482 451
487 481
489 466
482 460
483 459
488 455
480 451
483 468
491 481
491 482
492 483
491 484
493 484
494 485
495 486
494 487
495 488
492 485
493 486
494 484
496 487
497 488
498 489
499 490
498 491
500 491
500 492
501 493
500 494
501 495
502 496
503 497
504 496
502 498
504 498
479 458
500 496
501 497
499 497
500 498
500 499
501 500
500 501
501 502
500 503
502 500
502 502
502 495
499 499
503 499
504 500
500 500
502 497
505 499
506 500
499 492
498 493
498 494
501 504
502 505
503 506
504 505
502 507
504 507
505 504
502 504
505 506
503 508
502 509
501 510
502 511
501 511
474 450
500 512
499 513
498 514
498 515
497 516
496 517
496 518
498 517
499 518
500 517
498 519
500 519
499 520
481 455
506 505
498 521
497 521
496 522
495 523
494 524
484 450
477 456
496 524
497 523
487 478
484 473
495 525
491 455
494 453
490 483
500 521
501 501
496 526
499 516
492 454
502 510
479 456
498 523
499 523
497 525
499 495
499 522
495 454
496 454
494 455
474 453
493 485
495 518
494 519
494 520
493 521
492 522
491 451
491 523
490 524
483 453
492 524
483 451
475 452
494 521
490 456
485 451
488 477
500 514
501 514
502 514
499 514
503 513
504 514
505 514
479 454
488 482
492 484
499 500
504 508
495 527
494 528
501 503
504 512
485 449
493 528
492 529
502 512
505 511
505 510
494 454
477 458
489 461
506 509
493 455
489 469
491 530
481 451
502 506
489 479
495 526
505 513
483 456
482 452
488 452
496 455
497 454
504 503
496 519
504 502
498 516
497 518
499 515
499 524
500 524
501 518
502 517
503 518
502 516
485 454
503 505
478 457
493 483
495 521
501 516
503 515
506 511
486 479
495 456
493 523
495 520
500 516
505 515
505 516
490 529
489 529
489 528
488 527
489 526
502 508
506 503
506 502
487 528
487 451
486 529
488 529
484 462
490 526
480 453
477 454
505 505
487 530
487 531
485 452
486 477
486 531
488 531
489 531
496 488
483 449
490 528
491 525
492 526
503 500
489 458
496 521
497 520
499 517
506 504
501 520
502 520
493 524
503 520
504 521
505 520
505 519
505 518
503 509
486 452
489 449
503 522
502 523
506 518
503 517
504 516
506 513
490 458
493 525
495 522
486 528
485 530
505 508
502 518
505 517
489 530
491 527
496 523
494 523
497 522
499 519
503 501
480 460
501 513
500 493
503 510
504 509
506 506
494 486
493 454
501 522
503 519
484 451
500 502
486 448
504 518
485 450
506 515
493 527
476 456
495 524
502 522
478 453
484 469
485 468
487 465
490 482
505 501
485 532
484 532
483 533
482 534
482 533
483 532
484 533
498 495
487 529
485 477
499 494
487 474
491 456
482 453
500 523
483 452
489 468
474 449
488 448
497 515
499 512
491 529
492 528
494 525
497 524
499 521
483 470
503 503
491 483
492 482
501 515
500 495
503 512
504 511
506 508
481 454
493 456
503 521
495 453
484 453
486 450
504 520
493 520
487 449
506 517
481 463
490 530
493 529
488 478
485 461
487 458
478 455
485 470
505 503
487 467
490 484
484 448
489 452
502 513
499 496
505 512
491 458
482 455
492 457
483 454
474 451
492 521
488 450
475 450
482 464
497 517
503 516
483 463
501 499
503 496
492 530
494 527
483 472
480 455
504 504
498 518
506 501
501 517
503 514
504 513
490 459
479 459
506 510
481 456
484 455
495 455
493 522
488 471
473 452
506 519
495 519
476 451
484 464
485 463
488 480
487 460
498 490
485 472
499 489
489 454
487 469
500 518
502 515
499 498
489 463
482 457
489 527
494 456
486 473
491 524
501 492
492 523
497 519
483 465
489 481
503 498
504 497
503 507
500 490
504 506
492 486
498 520
479 452
501 519
504 515
488 464
490 461
506 512
488 528
490 525
488 473
476 453
478 450
502 499
485 465
505 498
487 462
485 529
498 492
500 511
499 491
485 474
505 507
482 450
500 520
486 466
489 465
486 530
501 494
486 475
491 526
492 525
494 522
475 454
495 487
483 467
489 483
504 499
501 512
496 525
490 454
498 522
501 521
493 453
504 517
488 466
506 514
481 460
488 530
490 527
493 526
488 475
476 455
487 455
502 501
485 467
505 500
490 481
485 531
500 513
499 493
486 459
505 509
500 522
484 471
486 468
502 519
489 467
486 532
491 528
483 460
501 496
487 476
492 527
501 505
483 469
503 502
504 501
503 511
504 510
488 459
506 507
498 524
481 453
501 523
488 468
504 519
473 449
491 485
506 516
487 448
481 462
500 497
502 494
497 489
502 503
505 502
489 451
500 515
486 461
489 460
491 457
492 456
502 521
486 470
475 449
501 498
483 462
503 495
494 526
503 504
490 449
496 520
488 461
480 457
