77 600
78 599
79 599
80 600
80 599
78 598
77 597
76 598
75 597
74 598
76 601
75 600
74 601
79 600
79 597
80 596
81 600
82 599
83 598
81 597
82 596
83 595
84 596
85 595
73 599
72 600
71 599
70 598
73 602
72 603
77 602
83 597
85 594
86 593
85 592
87 592
88 591
74 603
76 600
75 602
81 599
84 598
87 594
89 591
73 604
72 605
71 605
83 599
74 596
73 595
72 594
74 594
75 593
74 592
72 596
85 596
76 593
75 595
74 605
75 604
79 595
84 591
83 590
84 589
83 588
84 587
85 587
86 586
85 585
86 584
85 583
87 583
88 582
88 584
87 585
89 582
90 581
89 580
90 579
88 586
84 582
83 581
84 580
86 588
87 587
81 601
89 584
72 598
71 600
70 601
82 600
73 597
91 578
92 579
93 580
94 581
95 580
96 579
95 578
93 582
96 581
95 582
97 579
73 606
72 607
71 607
83 583
82 584
81 583
94 583
93 584
85 580
86 579
85 578
84 578
86 577
85 576
86 575
87 574
88 573
88 575
87 576
89 573
90 572
89 571
90 570
89 575
80 602
69 602
70 603
81 585
82 586
81 603
73 608
85 582
85 591
74 591
73 590
74 600
86 574
85 573
88 593
89 593
89 570
89 579
92 581
77 592
78 593
77 601
80 597
69 597
81 598
73 594
73 603
93 581
84 600
85 601
85 600
85 577
85 586
96 583
97 584
88 588
89 589
76 595
89 574
76 604
80 583
92 585
92 586
93 587
93 586
77 596
77 605
77 606
69 601
68 600
80 601
81 584
73 589
73 598
84 595
85 581
96 578
88 574
88 583
88 592
76 599
92 580
77 591
76 590
69 596
68 595
84 581
73 593
84 590
87 586
72 597
84 599
87 595
72 606
88 569
96 582
88 578
88 587
88 596
88 597
89 598
76 594
76 603
68 599
67 598
92 584
80 582
77 595
69 600
75 598
84 576
84 585
87 581
84 594
83 593
72 592
87 590
72 601
96 577
95 576
76 589
76 607
76 608
76 609
77 610
77 611
76 612
76 613
77 614
77 615
75 612
75 607
68 603
68 604
69 605
69 606
69 607
68 608
68 609
69 610
80 586
80 587
80 588
81 589
81 590
81 588
80 591
80 592
81 593
81 594
91 583
94 588
75 611
74 610
95 589
95 590
96 591
96 592
97 593
88 577
68 598
91 587
83 592
75 588
83 601
83 602
84 603
84 604
85 605
95 575
84 575
83 574
75 606
95 584
95 585
96 586
96 587
97 588
84 584
87 580
72 591
95 593
95 594
95 595
96 596
96 597
95 598
95 599
96 600
96 601
96 602
95 603
95 604
96 605
96 606
94 602
94 597
93 596
92 595
93 595
92 594
95 607
94 607
95 608
95 609
96 610
96 611
95 612
95 613
95 614
94 611
94 606
93 605
92 604
92 603
91 602
91 601
92 600
93 600
92 599
92 598
91 597
94 615
93 614
92 613
94 616
95 617
95 618
91 596
90 595
94 592
93 591
92 590
92 589
91 605
91 606
90 604
94 601
91 614
90 614
91 615
91 616
92 617
92 618
91 619
91 620
91 621
92 622
90 618
90 613
90 622
90 623
91 624
91 625
89 621
88 621
88 620
87 619
87 618
87 622
87 623
88 624
88 625
87 617
88 616
88 615
87 614
87 613
86 621
89 626
90 627
90 628
86 616
94 610
94 619
94 620
94 621
95 622
95 623
96 624
94 624
94 625
84 593
93 623
87 589
87 598
87 599
87 600
88 601
88 602
87 603
87 604
88 605
88 606
88 607
87 608
87 609
88 610
88 611
88 572
87 571
86 602
97 602
97 611
76 588
77 587
77 586
78 607
89 607
67 607
66 606
86 620
85 619
84 618
84 617
83 616
83 615
84 614
84 613
84 612
83 611
84 610
85 610
84 609
84 608
83 607
82 614
83 606
83 610
82 609
81 608
81 607
80 606
80 605
79 604
86 611
98 585
99 586
100 585
100 584
99 583
99 587
99 588
100 589
100 590
99 582
99 591
99 592
100 593
100 594
98 590
89 616
78 616
98 594
89 625
79 590
78 589
101 590
90 590
98 603
99 602
99 601
98 604
99 605
99 606
99 607
100 608
98 608
98 609
99 610
90 599
82 595
71 595
70 594
79 608
79 609
80 610
80 611
81 612
90 608
90 609
91 610
92 609
92 608
91 611
101 608
91 573
71 604
82 604
79 617
80 616
81 617
80 615
79 614
79 618
80 619
80 620
79 613
82 618
82 619
83 620
83 621
84 622
84 623
83 624
83 625
83 626
84 627
84 628
83 629
83 630
84 631
84 632
84 633
83 634
83 635
84 636
82 633
82 628
82 623
81 622
82 632
81 631
85 633
86 633
82 627
81 626
80 625
80 624
79 623
79 622
78 621
77 620
77 619
76 618
75 617
76 617
75 616
82 636
82 637
82 638
75 615
85 628
86 629
87 628
88 629
87 627
86 626
86 630
86 625
90 617
91 582
82 613
94 578
93 577
92 576
93 576
92 575
83 578
90 626
91 591
91 592
102 591
103 590
104 591
104 592
105 593
103 589
106 594
102 592
103 593
103 594
103 588
104 587
104 586
103 585
103 584
104 583
105 584
104 582
106 585
107 585
108 585
109 586
108 584
107 583
107 582
107 586
107 587
102 583
107 581
108 580
108 579
107 578
106 578
105 579
104 578
104 577
105 580
107 577
108 576
109 577
110 576
108 575
111 576
112 577
112 578
111 575
111 579
111 580
112 581
113 580
112 582
114 580
106 576
105 575
105 574
104 573
104 572
103 571
102 571
101 571
101 572
100 571
100 570
99 569
111 574
112 573
112 572
111 571
110 570
111 570
110 578
106 580
99 568
98 567
97 566
98 565
97 565
96 564
99 564
100 563
101 563
101 562
100 562
100 561
100 565
100 566
101 567
96 563
97 562
97 561
98 562
97 560
96 559
95 559
94 560
93 559
93 558
92 557
93 557
100 560
99 559
98 558
97 557
97 556
98 557
97 555
96 554
97 553
97 552
98 553
97 551
97 550
98 549
96 550
99 550
83 612
92 556
91 555
91 554
92 553
93 554
94 555
98 591
93 553
94 552
94 551
92 552
110 573
109 572
108 571
108 570
107 572
96 560
107 573
106 571
105 570
104 569
104 568
104 567
105 566
105 565
104 564
104 563
104 562
105 561
105 560
106 559
104 559
104 558
105 557
105 556
104 555
103 554
102 555
101 554
100 554
104 554
105 555
107 559
108 560
109 559
109 558
108 557
107 557
108 561
108 562
109 563
99 555
100 556
103 566
103 579
102 578
106 584
110 559
103 556
94 587
95 552
106 561
84 579
75 610
96 553
87 584
74 614
107 562
99 558
85 623
97 597
113 578
86 624
78 620
79 585
98 598
90 594
82 590
110 572
102 568
83 591
103 569
75 587
94 600
95 565
94 564
81 630
106 574
93 604
109 585
86 601
78 597
97 610
70 593
89 606
90 571
101 589
71 592
88 580
82 624
93 564
73 613
72 614
71 614
92 565
79 598
71 594
90 607
91 572
82 603
94 577
105 592
109 562
74 604
93 617
85 613
90 615
113 579
78 584
80 629
75 605
82 597
90 578
93 563
73 612
108 556
72 611
92 562
79 628
93 562
86 578
97 587
98 552
89 583
101 557
101 558
67 601
66 601
66 600
86 614
78 610
98 588
70 606
89 619
90 584
110 562
82 580
101 593
102 558
94 554
105 569
95 555
98 596
81 604
78 596
85 621
90 596
100 557
65 599
106 577
67 603
66 603
65 604
92 571
93 572
64 600
108 574
81 620
93 594
93 573
89 615
79 605
74 615
72 615
79 592
72 616
73 617
73 618
71 617
73 616
85 590
97 564
74 619
75 620
109 575
74 617
85 626
76 602
87 615
75 621
76 622
86 591
78 587
76 623
97 600
89 596
77 624
101 570
92 607
83 576
98 586
111 561
105 590
91 562
104 581
105 589
94 571
80 632
79 631
78 630
93 571
105 582
108 587
81 633
93 607
85 603
97 577
98 576
97 575
98 575
88 614
100 588
70 596
90 574
77 604
80 609
92 620
104 594
105 559
108 564
108 565
81 610
97 554
84 621
109 565
96 595
87 626
86 581
99 600
98 555
89 586
72 589
77 629
76 616
101 560
88 627
76 628
76 627
77 627
92 597
112 575
104 571
77 617
80 622
81 587
93 561
80 634
105 572
83 633
108 566
108 577
85 593
107 566
109 567
97 567
84 634
96 608
109 568
97 574
96 573
88 604
92 574
76 629
75 630
77 594
92 610
104 584
73 596
93 574
113 576
114 575
84 611
95 620
96 585
87 616
81 628
89 590
114 576
75 631
76 632
88 581
107 594
99 590
76 606
68 602
108 594
77 633
88 617
100 591
92 587
110 558
83 579
76 631
79 633
79 587
89 622
102 560
88 626
95 573
93 578
101 583
115 577
115 578
90 610
71 591
75 626
97 589
78 627
111 557
95 553
90 573
98 577
79 591
102 588
76 626
112 558
112 559
113 560
114 559
114 558
114 557
115 559
116 560
99 578
100 579
115 558
74 627
73 627
73 626
101 580
101 581
102 581
113 558
100 578
115 557
116 556
117 556
116 558
104 561
77 607
69 603
80 612
93 551
91 627
83 623
84 588
108 567
75 619
95 597
87 593
107 571
72 613
84 624
116 557
117 558
116 561
118 558
96 598
87 629
88 594
99 603
68 601
117 562
100 568
92 564
111 577
117 563
76 619
80 589
95 583
72 625
71 624
72 624
72 623
79 630
71 626
70 626
71 627
104 574
91 604
82 635
83 600
103 578
94 609
106 583
72 590
83 636
84 601
75 632
95 610
96 575
87 606
88 571
69 625
69 624
68 623
67 624
66 624
66 623
69 623
68 625
107 584
99 580
72 626
119 558
120 559
121 560
121 559
122 559
123 559
124 560
124 559
120 561
121 562
123 561
123 562
124 562
125 562
126 562
126 561
76 596
100 581
92 577
79 607
90 616
69 593
115 560
82 612
102 590
91 617
83 613
75 609
103 591
94 622
95 587
96 552
107 561
99 557
96 588
99 593
100 558
86 623
92 554
65 600
78 619
98 597
89 628
68 605
79 620
71 616
91 594
82 625
103 568
94 599
95 564
114 577
106 573
75 622
95 600
124 561
73 622
120 563
96 565
87 596
74 626
102 577
107 574
127 561
99 570
85 635
97 609
128 562
128 563
129 564
129 563
127 564
127 565
76 586
67 623
78 632
70 628
70 629
98 610
71 593
90 606
91 571
82 602
110 584
111 585
102 580
94 576
122 558
71 629
91 607
83 603
103 581
75 599
94 612
69 629
95 577
87 573
122 557
122 556
106 586
93 616
126 564
125 565
125 564
72 593
67 600
86 613
78 609
121 555
70 605
68 628
98 587
89 618
90 583
124 565
110 561
101 592
123 564
102 557
120 558
101 569
72 630
73 629
79 610
73 631
71 606
93 590
100 580
101 582
123 563
100 609
74 597
110 583
109 582
86 612
98 595
68 627
124 564
127 560
102 565
78 603
72 629
81 627
93 610
119 561
111 584
123 558
68 622
68 621
69 620
69 619
106 590
107 564
85 620
93 601
108 581
118 564
107 591
108 591
107 592
119 565
119 566
121 561
120 567
67 621
110 582
119 568
118 568
117 567
116 566
119 569
117 566
116 568
115 568
117 569
118 570
118 560
90 619
91 584
82 615
83 580
102 593
103 558
94 589
95 554
114 567
113 568
106 563
96 555
74 616
99 560
85 625
86 590
97 599
98 564
89 595
78 622
70 618
98 600
91 561
82 592
115 566
120 568
115 569
121 569
114 565
115 570
122 568
110 574
102 570
94 566
94 567
75 589
95 567
81 632
128 564
73 628
93 606
85 602
109 587
74 629
113 565
112 565
111 565
111 564
112 563
66 625
113 557
86 603
97 612
70 595
112 564
116 570
93 568
89 608
92 619
112 568
111 567
115 564
71 596
89 602
116 565
92 567
93 567
111 566
123 567
112 567
115 563
65 603
64 602
92 566
112 562
71 619
72 620
115 567
79 632
71 628
114 571
115 572
116 572
115 573
116 574
116 575
103 580
92 623
126 563
118 559
75 625
107 568
96 568
97 569
97 570
97 571
72 610
124 566
72 619
105 562
119 560
92 561
67 626
66 627
78 626
92 570
123 557
124 556
122 561
79 627
71 623
114 566
103 575
95 571
106 589
107 563
118 563
75 629
96 572
64 601
74 633
75 634
75 635
76 636
76 637
77 638
78 638
79 637
80 638
102 569
79 636
78 635
99 577
100 576
100 575
100 574
99 573
119 564
111 560
98 599
71 609
102 587
71 618
122 565
103 561
69 621
114 561
106 557
103 570
114 570
95 566
106 566
114 579
106 575
96 549
106 593
96 558
95 557
107 558
99 554
96 567
118 567
107 567
99 563
107 576
74 628
99 572
100 555
113 574
92 551
113 583
92 560
91 559
78 625
67 625
125 557
126 558
127 557
105 571
70 621
110 568
78 634
91 564
90 565
89 566
90 567
102 564
125 566
110 564
70 630
70 631
71 632
71 633
70 634
69 634
68 633
68 632
72 634
72 635
73 636
68 631
72 633
67 630
70 635
67 622
74 637
98 581
67 634
66 633
65 632
65 631
113 561
110 577
102 573
94 569
102 582
71 613
122 560
71 622
82 622
83 587
91 600
103 565
83 596
94 596
95 561
103 574
75 592
114 574
83 605
94 605
106 570
95 570
81 635
114 583
75 601
103 583
95 579
106 579
126 557
87 575
93 609
106 588
93 618
99 549
72 595
96 562
85 614
118 562
74 590
109 581
74 623
109 590
108 589
99 567
85 632
74 632
86 597
121 564
66 628
86 606
97 606
98 571
67 602
78 602
113 569
86 615
98 580
78 611
89 611
101 576
90 576
70 607
98 589
67 620
89 620
90 585
101 585
98 607
82 581
110 563
67 629
78 629
79 594
101 594
102 559
125 561
70 625
71 590
79 603
90 603
91 568
110 581
90 612
79 612
91 577
82 608
71 608
122 555
94 573
102 586
91 586
82 617
83 582
94 582
122 564
103 560
114 560
94 591
102 563
106 556
95 556
114 569
81 621
105 588
106 565
75 596
95 574
84 574
108 593
117 571
73 635
93 613
87 579
118 557
119 556
119 555
85 609
74 609
109 576
93 622
66 605
74 618
85 618
86 583
97 583
85 627
86 592
97 592
78 588
89 588
74 636
97 601
98 566
121 568
66 632
89 597
67 597
113 564
86 610
78 606
67 606
113 573
86 619
70 602
98 584
78 615
113 582
90 580
70 611
98 593
78 624
89 624
90 589
79 589
125 556
102 554
70 620
98 602
110 567
82 585
94 550
90 598
91 563
77 628
82 594
94 559
101 607
102 606
103 607
102 572
92 626
71 603
77 637
94 568
91 581
69 633
80 633
83 577
103 555
94 586
83 586
95 551
81 616
114 564
105 583
106 560
95 560
75 591
81 625
117 557
73 621
106 569
108 588
81 634
93 599
73 630
74 595
120 562
93 608
85 604
109 571
74 613
97 578
109 580
85 622
74 622
86 587
109 589
74 631
85 631
86 596
97 596
121 563
98 561
78 592
89 592
113 559
86 605
97 605
98 570
78 601
89 601
101 566
90 566
98 579
70 597
89 610
90 575
82 589
113 577
101 575
100 607
101 584
79 584
90 593
79 593
92 612
125 560
91 558
110 571
77 623
102 567
92 621
91 567
71 598
82 598
77 632
94 563
80 628
102 576
69 628
94 572
80 637
81 602
116 569
81 611
105 578
73 607
106 555
107 554
105 587
93 585
108 583
81 629
128 561
117 561
73 625
108 592
81 638
109 557
120 557
93 603
117 570
73 634
85 599
74 599
109 566
120 566
93 612
85 608
74 608
97 573
86 573
93 621
66 604
89 569
85 617
97 582
86 582
109 584
129 562
89 578
97 591
109 593
98 556
121 558
89 587
96 623
86 600
121 567
88 619
67 596
101 561
113 563
88 628
70 592
98 574
89 605
67 605
78 605
113 572
98 583
76 635
101 579
70 610
77 609
110 557
112 576
101 588
91 553
77 618
92 616
102 562
80 614
94 558
80 623
92 625
104 590
77 636
69 632
105 564
116 564
81 606
105 573
116 573
108 569
81 615
73 611
108 578
81 624
93 589
105 591
73 620
93 598
117 565
97 559
109 561
84 626
97 568
109 570
66 599
84 635
74 612
85 612
109 579
87 631
66 608
96 609
97 586
98 551
97 595
98 560
78 591
101 556
98 569
76 621
88 623
89 600
113 567
101 565
76 630
68 626
101 574
92 593
100 606
112 571
92 602
77 613
112 580
92 611
69 609
115 576
104 576
77 622
94 553
80 618
104 585
77 631
124 563
80 627
69 627
81 592
116 559
127 559
73 588
108 555
80 636
93 566
105 568
105 577
116 577
93 575
108 573
81 619
105 586
73 615
108 582
93 593
117 560
128 560
73 624
74 589
85 589
109 556
120 556
93 602
95 621
85 598
120 565
97 563
84 630
72 628
85 607
86 572
97 572
109 574
96 604
89 568
64 633
97 581
88 600
89 577
96 613
99 609
88 609
78 586
96 622
88 618
100 583
111 583
76 625
70 591
100 592
77 590
112 557
92 588
76 634
77 599
123 566
112 566
68 630
69 595
80 595
115 562
77 608
80 604
92 606
69 604
115 571
112 584
92 615
80 613
104 580
77 626
124 558
69 622
92 624
104 589
93 552
105 554
124 567
69 631
80 631
81 596
127 563
116 563
105 563
73 592
108 559
81 605
93 570
73 601
108 568
81 614
93 579
105 581
73 610
85 575
93 588
84 607
117 555
109 560
75 638
85 584
108 586
97 549
84 616
95 616
74 593
87 612
97 558
120 560
84 625
96 590
107 590
87 621
66 598
72 632
96 599
97 576
87 630
88 595
89 572
98 550
99 604
65 602
111 569
100 569
88 613
76 611
111 578
101 555
68 607
76 620
88 622
100 587
92 583
112 561
80 590
92 592
104 557
76 638
100 605
77 603
112 570
68 634
69 599
92 601
104 566
77 612
112 579
69 608
80 608
115 575
104 575
77 621
80 617
81 582
80 626
104 593
81 591
105 558
127 558
93 556
91 623
105 567
93 565
116 567
83 619
108 563
83 628
73 605
108 572
75 624
93 583
83 637
95 602
84 602
75 633
85 579
72 609
95 611
96 576
87 607
120 555
72 618
84 620
99 581
72 627
84 629
96 594
119 559
87 625
88 590
72 636
96 603
64 632
88 599
99 599
76 597
100 564
96 612
88 608
99 608
100 573
111 573
92 569
76 615
111 582
100 582
92 578
76 624
77 589
123 556
68 620
80 585
76 633
77 598
123 565
68 629
92 596
69 594
80 594
115 561
79 626
112 574
92 605
80 603
104 570
79 635
104 579
71 631
82 631
115 579
124 557
91 609
81 586
91 618
83 614
116 562
94 614
127 562
93 560
73 591
108 558
103 592
94 623
93 569
95 588
83 632
84 597
130 564
75 628
85 574
95 606
84 606
72 604
96 571
75 637
87 602
95 615
84 615
96 580
107 580
87 611
88 576
99 576
95 624
72 622
107 589
96 589
87 620
88 585
99 585
72 631
119 563
99 594
76 592
100 559
111 559
96 607
92 555
65 601
88 603
111 568
68 597
76 610
88 612
100 577
68 606
92 573
100 586
92 582
77 593
123 560
112 560
68 624
92 591
104 556
112 569
90 621
79 621
69 598
80 598
104 565
115 565
91 595
80 607
82 626
115 574
81 581
71 635
91 613
114 578
93 555
83 609
91 622
103 587
94 618
83 618
84 583
75 614
83 627
84 592
95 592
106 592
96 557
75 623
87 588
95 601
72 599
96 566
118 566
87 597
99 562
72 608
107 575
64 604
63 604
62 604
62 603
61 602
60 603
62 602
62 601
61 604
61 603
99 571
84 619
72 617
95 619
96 584
96 593
107 593
87 624
76 587
88 589
99 589
119 567
88 598
111 563
86 628
92 559
65 605
76 605
100 572
111 572
92 568
76 614
111 581
67 633
78 633
98 611
77 588
80 584
110 585
79 616
80 593
71 612
104 560
79 625
90 625
91 590
71 621
82 621
79 634
91 599
103 564
71 630
82 630
94 595
91 608
103 573
114 573
83 604
93 550
94 604
95 569
103 582
114 582
94 613
91 626
126 556
83 622
106 587
75 618
126 565
83 631
95 596
130 563
118 561
96 561
75 627
84 605
95 605
107 570
96 570
75 636
87 601
99 566
72 612
107 579
87 610
99 575
72 621
107 588
99 584
100 549
119 562
76 591
111 558
97 623
100 567
68 596
86 632
92 563
78 628
67 628
98 606
92 572
70 624
78 637
90 602
79 602
70 633
110 580
79 611
90 611
91 576
82 607
90 620
91 585
63 603
102 585
82 616
122 563
79 629
102 594
103 559
71 625
94 590
79 638
91 603
114 568
71 634
82 634
106 564
91 612
103 577
83 608
94 608
103 586
83 617
94 617
106 582
75 613
126 560
87 578
106 591
95 591
96 556
107 556
118 556
107 565
118 565
99 561
96 574
87 605
64 603
88 570
74 635
88 579
99 579
66 631
86 609
119 557
86 618
89 614
111 562
78 614
113 581
86 627
92 558
98 592
78 623
89 623
79 588
90 588
70 619
98 601
110 566
67 632
90 597
110 575
82 593
101 606
79 606
71 602
79 615
91 580
71 611
94 562
82 611
90 624
79 624
91 589
102 589
82 620
71 620
122 567
83 585
94 585
95 550
91 598
103 563
114 563
82 629
83 594
94 594
102 607
103 572
75 590
114 572
94 603
106 568
95 568
114 581
84 577
75 608
95 586
84 586
96 551
87 582
107 560
87 591
93 625
99 556
72 602
74 621
96 569
107 569
118 569
109 588
99 565
74 630
85 630
86 595
99 574
66 626
86 604
97 604
78 600
98 578
89 609
67 609
86 622
78 618
79 583
86 631
67 627
89 627
90 592
125 559
91 557
98 605
70 623
82 588
78 636
90 601
79 601
102 566
91 566
70 632
71 597
110 579
91 575
102 575
82 606
79 619
102 584
63 602
71 615
94 580
122 562
91 593
83 589
106 554
103 567
94 598
95 563
103 576
75 594
95 572
106 572
75 603
81 637
73 633
106 581
95 581
87 577
126 559
93 611
118 555
74 607
107 555
93 620
85 616
109 583
74 625
97 590
109 592
121 557
74 634
85 634
86 599
121 566
66 630
78 595
113 562
86 608
98 582
97 608
98 573
81 613
67 604
78 604
89 604
90 569
113 571
86 617
70 600
78 613
89 613
79 596
101 578
70 609
110 556
90 587
67 631
101 587
91 552
82 583
110 565
78 631
102 561
125 563
70 627
94 557
101 605
90 605
91 570
77 635
82 601
71 601
102 579
91 579
82 610
71 610
94 575
91 588
94 584
122 566
83 584
95 549
103 562
114 562
94 593
95 558
106 558
81 623
73 619
106 567
93 597
117 564
87 572
74 602
109 569
120 569
93 615
85 611
74 611
86 576
109 578
93 624
74 620
97 585
86 585
89 581
85 629
97 594
86 594
98 559
78 590
97 603
98 568
66 634
89 599
67 599
101 564
113 566
90 564
67 608
78 608
113 575
101 573
70 604
78 617
89 617
90 582
113 584
110 560
101 591
90 591
91 556
102 556
125 558
70 622
82 587
110 569
90 600
91 565
77 630
94 561
91 574
102 574
69 626
82 605
94 570
69 635
63 601
80 635
94 579
103 557
81 609
105 576
116 576
81 618
105 585
95 562
106 562
73 614
93 592
105 594
117 559
73 623
74 588
108 590
85 588
81 636
117 568
73 632
85 597
109 564
120 564
85 606
74 606
86 571
109 573
93 619
66 602
85 615
86 580
97 580
89 576
74 624
85 624
109 591
86 589
98 554
121 556
78 585
89 585
86 607
86 598
97 598
98 563
121 565
66 629
89 594
78 594
101 559
97 607
98 572
89 603
101 568
113 570
90 568
65 633
70 599
78 612
89 612
90 577
101 577
70 608
101 586
90 586
79 586
77 616
82 582
112 583
91 560
92 614
77 625
82 591
94 556
91 569
80 621
104 588
77 634
94 565
69 630
80 630
81 595
116 571
73 600
94 574
73 609
