266 374
267 373
268 374
268 375
269 376
265 373
264 374
263 373
270 375
271 374
272 373
273 374
274 373
262 374
261 375
260 374
259 375
275 374
276 373
277 374
278 373
279 372
280 373
268 377
271 376
258 376
257 375
257 377
272 375
260 373
261 372
260 371
262 371
263 370
274 372
273 371
274 370
263 372
276 375
278 372
279 371
278 370
280 370
256 378
255 377
254 376
255 375
253 377
252 378
270 377
259 377
261 374
262 373
253 379
266 373
277 373
280 372
257 379
269 378
268 379
258 378
272 377
260 375
263 374
274 374
255 379
264 375
265 376
278 374
279 373
259 370
281 370
282 369
281 368
282 367
281 366
256 380
259 379
260 380
261 381
262 380
263 379
264 380
260 382
263 381
264 382
261 383
262 382
260 384
259 384
258 383
257 384
256 385
255 384
257 386
258 385
255 386
256 387
259 386
257 388
258 387
254 383
270 379
271 379
261 376
262 375
256 389
259 388
260 389
261 390
262 389
263 388
264 389
280 368
260 391
265 390
266 389
264 391
262 391
266 391
267 390
265 392
264 393
262 384
263 385
264 384
280 365
279 364
278 363
277 375
266 375
280 363
258 371
258 380
269 380
266 393
258 389
281 363
278 376
281 372
259 372
270 381
259 381
251 377
250 376
262 377
262 386
282 364
263 369
262 368
274 369
255 374
273 373
254 378
254 387
277 370
269 375
258 375
266 388
265 387
258 384
278 362
277 361
278 371
281 367
270 376
259 376
262 372
262 381
261 385
273 368
273 377
254 373
254 382
265 382
265 391
258 370
266 383
266 384
269 379
258 379
250 375
258 388
281 362
281 371
262 367
261 380
253 376
261 389
273 372
254 377
265 377
265 378
266 379
266 380
254 386
253 385
265 386
277 360
277 369
269 374
258 374
280 371
272 376
257 387
260 392
261 366
261 384
253 380
261 393
261 394
273 367
273 376
265 372
254 372
253 371
254 381
265 381
277 364
277 365
277 366
278 367
264 394
265 395
265 396
265 397
266 398
258 369
259 368
259 367
258 366
258 365
280 366
250 374
251 373
251 372
250 371
250 370
257 373
268 373
272 371
257 382
272 380
273 381
273 382
260 378
268 391
268 392
269 393
269 394
260 387
261 370
261 379
253 375
261 388
253 384
264 398
264 399
265 400
265 401
266 402
280 361
257 368
272 366
249 373
268 395
268 396
267 395
261 365
262 364
263 365
262 363
262 362
261 361
253 370
252 369
251 368
251 367
250 366
253 388
253 389
253 390
254 391
254 392
255 393
253 393
253 394
254 395
254 396
254 397
253 398
253 399
254 400
254 401
256 394
257 395
258 394
259 395
258 393
257 392
257 396
257 391
260 396
260 397
261 398
261 399
262 400
261 397
260 400
260 401
261 402
261 403
261 404
273 366
274 365
252 392
251 391
250 390
250 389
249 391
249 392
250 393
250 394
248 390
247 389
246 388
246 387
247 388
246 386
247 385
247 384
246 383
246 382
246 381
247 380
247 379
246 378
246 377
247 376
247 375
247 374
246 373
246 372
247 371
247 370
246 369
246 368
245 385
276 359
246 367
247 366
247 365
276 368
267 399
245 371
245 380
245 389
264 402
264 403
263 402
248 385
280 374
280 375
281 376
281 377
282 378
268 372
269 371
270 372
269 370
269 369
270 368
271 369
270 367
269 366
269 365
268 368
267 367
266 366
266 365
266 364
265 363
265 367
265 368
266 369
266 370
265 362
266 361
267 362
266 360
265 359
265 358
268 363
257 372
272 370
260 368
257 381
268 381
268 382
272 379
249 377
249 378
250 379
250 380
250 381
251 382
251 381
249 382
260 377
257 390
268 390
269 389
269 388
268 387
268 386
269 385
270 386
269 384
260 386
249 386
250 385
251 386
250 384
249 387
251 387
249 395
249 396
249 397
250 398
250 399
251 400
249 400
249 401
248 399
247 398
246 397
246 396
252 401
245 398
245 399
246 400
246 401
246 402
247 403
248 394
247 394
247 393
246 392
246 391
248 403
260 395
261 360
262 359
263 360
262 358
261 369
283 366
284 367
284 368
285 369
285 370
286 371
285 372
284 373
285 374
285 375
285 373
284 372
284 376
284 377
284 378
285 379
285 378
263 397
253 374
283 375
282 374
275 371
255 402
256 403
256 404
257 404
258 403
286 380
265 357
266 356
266 355
267 376
252 387
282 365
267 385
264 361
276 363
275 362
274 361
274 360
273 362
273 363
272 361
271 360
270 359
270 358
270 357
269 356
269 360
269 361
270 362
270 363
271 364
269 355
270 354
271 355
267 394
287 372
288 371
289 372
290 373
289 371
288 370
288 369
287 373
288 374
288 375
288 376
289 376
287 368
287 377
291 374
292 373
292 372
291 375
292 371
291 370
290 369
276 372
264 370
279 368
264 379
287 381
288 380
288 379
287 382
256 375
279 377
278 378
277 379
277 380
278 381
277 378
276 378
279 378
280 379
280 380
281 381
276 377
279 382
279 383
280 384
280 385
281 386
280 383
276 381
276 382
277 383
277 384
278 385
275 380
274 379
264 388
248 371
245 384
244 383
243 382
243 381
242 380
242 379
241 378
240 377
240 376
279 386
279 387
280 388
280 389
256 384
264 397
248 380
256 393
280 360
281 359
282 360
281 358
281 357
280 356
271 356
272 357
273 358
273 357
274 356
275 357
274 355
273 354
279 359
278 358
278 357
277 356
248 389
272 356
256 402
257 401
257 400
258 399
258 398
256 399
256 398
280 369
268 367
291 369
292 368
293 369
292 367
291 366
290 367
289 367
288 366
289 366
288 365
291 365
290 364
289 363
289 362
290 361
288 361
287 360
288 360
291 361
292 362
292 363
293 364
293 365
294 366
294 367
295 368
296 369
297 368
297 367
296 366
296 365
295 364
295 363
296 364
297 363
297 362
296 361
296 360
297 359
298 360
297 358
297 357
296 356
295 359
296 355
295 354
294 353
293 354
294 352
293 351
293 355
292 354
292 353
291 352
295 358
294 357
293 358
293 359
293 360
292 359
290 360
290 359
289 358
288 357
289 357
288 356
292 358
295 367
288 355
289 354
290 355
289 353
290 354
288 352
289 352
288 351
287 359
291 356
292 357
295 353
296 352
296 351
296 350
297 349
295 349
295 362
287 354
286 353
285 354
285 355
285 356
286 357
291 351
291 360
257 367
256 366
255 366
255 365
254 367
254 368
253 366
248 398
272 365
268 376
257 376
272 374
260 372
249 372
268 385
292 352
260 381
249 381
295 348
241 377
242 376
243 377
243 376
242 375
242 374
243 373
244 374
243 372
242 371
242 370
241 369
241 373
240 372
240 371
245 375
271 378
260 390
295 357
282 387
271 387
271 388
295 361
272 389
272 390
273 390
284 356
283 357
284 358
284 359
285 360
285 361
286 362
284 357
285 359
284 362
284 363
284 364
285 365
285 364
287 363
261 364
260 363
259 363
259 362
263 383
274 383
274 384
273 385
274 386
273 387
274 388
273 386
272 385
272 384
271 383
275 385
276 386
276 387
277 388
272 363
277 389
275 389
294 361
283 361
263 392
253 369
283 370
255 388
294 370
263 401
275 366
286 366
255 397
283 379
283 380
284 381
284 382
284 383
285 384
285 383
283 384
282 383
243 383
242 384
242 385
243 386
243 387
241 383
240 384
239 385
240 386
239 384
239 383
241 387
242 388
242 389
243 390
244 391
241 382
240 381
241 386
286 375
252 373
275 375
283 388
284 387
285 388
284 386
283 389
267 371
275 384
252 382
286 384
244 378
267 380
252 391
271 390
270 391
271 392
271 393
272 393
276 358
264 356
263 356
263 355
298 358
287 358
244 387
267 389
252 400
287 367
264 365
276 367
267 398
279 363
276 376
287 376
245 370
244 369
243 368
264 383
248 366
256 379
245 379
279 381
264 392
248 375
299 359
300 358
256 388
245 388
291 355
248 384
256 397
280 364
268 362
291 364
248 393
272 360
268 371
257 371
256 370
255 370
259 390
270 390
260 367
249 367
249 368
290 368
259 399
260 376
249 376
251 395
252 396
262 396
262 395
241 372
282 373
271 373
262 404
241 381
271 382
282 382
274 378
263 378
271 391
283 356
294 356
274 387
240 385
263 387
286 352
255 383
294 365
283 365
263 396
275 361
286 361
255 392
283 374
267 357
267 358
268 358
275 370
286 370
252 368
283 383
255 401
267 366
286 379
275 379
252 377
244 373
267 375
275 388
252 386
287 353
267 384
244 382
252 395
287 362
276 362
264 360
267 393
279 358
287 371
276 371
264 369
244 400
256 365
279 367
264 378
266 397
256 374
245 374
279 376
248 370
256 383
245 383
258 402
247 402
248 379
278 380
268 357
248 388
272 355
278 389
268 366
259 385
270 385
281 385
260 362
290 363
270 394
259 394
282 359
271 359
262 390
290 372
251 390
259 403
282 368
271 368
293 368
262 399
251 399
263 364
274 364
271 377
282 377
271 386
282 386
294 351
255 369
263 382
274 382
255 378
283 360
294 360
263 391
275 356
286 356
283 369
294 369
255 387
243 385
263 400
275 365
286 365
255 396
283 378
267 361
252 372
286 374
267 370
244 368
275 383
286 383
252 381
244 377
267 379
252 390
276 357
287 357
264 355
267 388
244 386
285 387
264 364
279 362
264 373
266 392
256 369
245 369
248 365
266 401
278 366
258 397
247 397
248 374
278 375
289 375
270 371
259 371
250 402
250 403
278 384
270 380
259 380
244 372
281 380
262 376
251 376
290 358
259 389
270 389
281 389
271 354
262 385
251 385
259 398
282 363
271 363
293 363
262 394
290 376
251 394
274 359
263 359
282 372
271 372
262 403
251 403
274 368
263 368
282 381
271 381
240 375
263 377
274 377
255 373
294 355
243 371
263 386
286 351
283 364
255 382
243 380
294 364
263 395
275 360
286 360
243 389
255 391
267 356
286 369
275 369
252 367
267 365
297 366
252 376
267 374
287 352
244 381
285 382
264 359
266 378
279 357
266 387
277 387
247 383
269 383
266 396
278 361
289 361
247 392
269 392
258 392
248 369
289 370
250 388
247 401
258 401
259 366
270 366
250 397
278 379
281 375
278 388
251 371
290 353
270 384
281 384
251 380
290 362
259 393
270 393
271 358
282 358
290 371
293 362
251 389
259 402
293 367
271 367
251 398
262 398
263 363
274 363
282 376
240 370
255 368
294 350
274 381
240 379
283 359
243 375
294 359
286 355
275 355
243 384
275 364
286 364
267 360
297 361
252 371
254 390
285 368
265 399
254 399
244 376
285 377
285 386
247 369
266 382
277 382
247 378
278 356
289 356
247 387
269 387
266 400
289 365
278 365
250 383
258 396
247 396
281 361
270 361
289 374
250 392
262 357
261 356
261 355
270 370
250 401
278 383
262 366
251 366
281 379
251 375
290 357
270 388
281 388
271 353
293 353
290 366
251 384
290 352
282 362
271 362
251 393
262 393
263 358
274 358
282 371
293 371
271 371
263 367
274 367
274 376
240 374
243 370
255 372
240 383
253 402
253 403
254 404
243 379
273 380
288 378
243 388
273 389
267 355
297 356
254 385
265 385
297 365
285 363
254 394
265 394
266 359
277 359
246 390
265 403
254 403
277 368
266 368
285 381
246 399
258 364
269 364
277 377
266 377
269 373
258 373
247 373
266 386
277 386
289 351
250 369
269 382
258 382
247 382
266 395
289 360
250 378
278 360
258 391
269 391
247 391
270 356
281 356
250 387
278 369
289 369
258 400
247 400
281 365
270 365
259 365
250 396
262 361
270 374
259 374
281 374
262 370
251 370
281 383
270 383
262 379
251 379
271 357
293 357
282 357
262 388
284 385
274 362
263 362
261 392
296 359
255 367
261 401
296 368
253 397
288 364
243 374
273 375
288 373
254 371
265 371
273 384
254 380
289 364
265 380
246 376
285 358
297 360
254 389
265 389
285 367
246 385
297 369
265 398
254 398
277 363
266 363
285 376
269 359
266 372
277 372
285 385
269 368
258 368
247 368
277 381
266 381
269 377
258 377
247 377
266 390
250 373
289 355
269 386
258 386
247 386
278 364
250 382
269 395
258 395
281 360
270 360
250 391
262 356
270 369
259 369
281 369
272 388
262 365
268 399
257 399
292 366
251 374
293 356
293 352
284 371
261 378
284 380
274 357
284 389
261 387
296 354
253 383
242 383
261 396
273 361
296 363
253 392
288 359
243 369
273 370
253 401
265 366
254 366
288 368
273 379
288 377
265 375
254 375
273 388
246 371
254 384
265 384
285 362
246 380
297 364
268 356
265 393
254 393
266 358
277 358
285 371
246 389
269 354
265 402
254 402
277 367
266 367
285 380
246 398
258 363
269 363
277 376
266 376
258 372
269 372
247 372
250 368
258 381
247 381
269 381
278 359
289 359
250 377
280 378
270 355
250 386
257 385
280 387
281 364
270 364
272 383
257 394
262 360
268 394
292 361
249 390
272 392
257 403
292 370
260 399
249 399
295 366
284 366
239 376
261 373
284 375
242 369
284 384
261 382
296 349
253 378
242 378
261 391
273 356
296 358
242 387
253 387
288 354
261 400
273 365
296 367
253 396
265 361
288 363
288 372
254 370
265 370
273 383
246 366
288 381
265 379
254 379
246 375
285 357
265 388
254 388
285 366
246 384
276 385
277 362
266 362
246 393
269 358
277 371
266 371
258 367
269 367
264 401
247 367
245 397
250 372
291 373
248 402
272 369
280 382
268 380
257 380
272 378
262 355
257 389
268 389
292 356
249 385
260 385
272 387
295 352
268 398
257 398
292 365
249 394
260 394
284 361
261 359
292 374
260 403
249 403
284 370
261 368
261 377
284 379
253 373
242 373
284 388
261 386
296 353
253 382
242 382
261 395
273 360
296 362
253 391
265 356
288 358
273 369
253 400
265 365
254 365
288 367
273 378
265 374
254 374
246 370
265 383
246 379
287 380
276 380
266 357
277 357
264 387
276 389
279 385
269 362
264 396
256 392
280 359
291 359
250 367
245 401
256 401
257 366
291 368
248 397
272 364
280 377
249 371
268 384
280 386
292 351
272 382
249 380
268 393
257 393
241 376
292 360
272 391
249 389
295 356
257 402
292 369
241 385
260 398
249 398
284 365
295 365
261 363
284 374
253 368
296 348
242 377
296 357
273 355
242 386
253 386
283 387
288 353
273 364
253 395
265 360
288 362
254 369
265 369
252 399
276 366
287 366
267 397
246 374
287 375
276 384
279 380
245 378
269 357
299 358
245 387
279 389
291 354
264 400
248 383
256 396
268 361
291 363
248 392
272 359
257 370
268 370
291 372
248 401
272 368
295 351
260 366
249 366
280 381
249 375
268 388
292 355
276 379
241 371
272 386
249 384
238 384
268 397
257 397
241 380
292 364
249 393
260 393
284 360
295 360
261 358
260 402
249 402
261 367
284 369
295 369
242 372
253 372
283 373
263 404
253 381
242 381
283 382
255 400
273 359
275 378
286 378
265 355
275 387
252 385
265 364
267 383
252 394
276 361
287 361
267 392
244 390
252 403
264 368
276 370
287 370
267 401
244 399
279 366
264 377
287 379
279 375
245 373
256 373
264 386
276 388
248 387
279 384
245 382
256 382
264 395
248 378
245 391
256 391
291 358
280 358
264 404
272 354
256 400
245 400
280 367
257 365
268 365
291 367
248 396
260 361
257 374
280 376
272 372
260 370
249 370
257 383
268 383
272 381
249 379
260 379
241 375
260 388
249 388
295 355
241 384
271 385
282 385
261 362
271 394
261 371
263 390
253 367
283 368
294 368
263 399
255 395
283 377
275 373
286 373
283 386
255 404
267 369
286 382
275 382
252 380
267 378
252 389
287 356
276 356
267 387
244 385
252 398
264 363
287 365
276 365
267 396
279 361
264 372
287 374
276 374
256 368
245 368
279 370
264 381
276 383
256 377
245 377
279 379
264 390
248 373
279 388
256 386
245 386
291 353
248 382
256 395
291 362
280 362
268 360
248 391
272 358
257 369
291 371
268 369
248 400
272 367
260 365
268 378
257 378
259 397
249 374
290 375
241 370
249 383
260 383
262 402
251 402
295 350
241 379
282 380
271 380
261 357
263 376
271 389
282 389
294 354
274 385
283 363
294 363
255 381
263 394
275 359
286 359
255 390
283 372
263 403
275 368
252 366
286 368
255 399
283 381
267 364
252 375
275 377
286 377
244 371
275 386
252 384
287 351
267 382
244 380
252 393
276 360
264 358
267 391
244 389
279 356
252 402
287 369
264 367
276 369
244 398
267 400
279 365
287 378
264 376
245 372
279 374
256 372
264 385
248 368
256 381
245 381
248 377
245 390
256 390
291 357
280 357
268 355
248 386
278 387
272 353
268 364
257 364
259 383
248 395
272 362
259 392
270 392
249 369
260 369
290 370
251 388
259 401
271 366
282 366
293 366
251 397
262 397
241 374
271 375
282 375
274 371
263 371
282 384
271 384
263 380
240 378
274 380
263 366
255 376
294 358
283 358
274 389
263 389
286 354
283 367
255 385
263 398
286 363
275 363
283 376
255 394
267 359
252 370
286 372
275 372
283 385
255 403
267 368
286 381
252 379
275 381
267 377
244 375
252 388
287 355
244 384
267 386
252 397
264 362
276 364
287 364
279 360
264 371
279 369
256 367
245 367
266 399
245 376
256 376
247 395
248 372
289 373
248 381
250 400
278 382
268 359
281 378
270 378
259 378
290 356
281 387
270 387
259 387
260 364
262 383
251 383
290 365
259 396
271 361
282 361
293 361
290 374
251 392
262 392
263 357
271 370
293 370
282 370
262 401
251 401
274 366
282 379
274 375
240 373
263 375
282 388
255 371
263 384
240 382
243 378
283 362
255 380
294 362
263 393
286 358
275 358
255 389
283 371
286 367
275 367
255 398
267 363
275 376
286 376
252 374
267 372
244 370
252 383
267 381
244 379
264 357
298 359
244 388
285 389
264 366
266 385
277 385
266 394
256 371
258 390
247 390
269 390
248 367
289 368
278 368
247 399
259 364
248 376
289 377
250 395
278 377
281 373
259 373
270 373
278 386
262 369
251 369
290 351
270 382
281 382
259 382
262 378
251 378
259 391
282 356
262 387
259 400
271 365
251 396
263 361
