440 447
439 447
438 447
437 448
437 449
436 448
436 447
439 446
436 450
441 446
442 445
443 444
444 445
445 444
435 448
434 447
433 448
432 449
431 448
435 451
434 450
433 451
446 445
447 444
432 452
431 451
430 450
448 445
429 450
431 447
432 446
431 445
433 445
434 444
430 446
445 446
434 446
439 445
432 448
433 447
447 446
435 444
436 443
435 442
436 441
437 447
448 447
431 449
434 448
441 444
440 443
439 443
441 442
442 441
441 440
443 440
443 442
442 443
432 450
433 449
435 446
437 440
438 441
438 448
429 445
428 446
427 445
426 444
440 445
434 441
433 440
432 439
431 438
432 437
433 436
434 435
430 437
434 437
433 438
435 435
436 434
435 433
436 432
430 439
431 440
434 439
436 436
432 441
435 437
429 436
428 437
434 432
433 431
432 430
433 429
432 428
434 428
431 431
430 430
434 430
432 432
435 428
436 427
435 426
436 425
437 424
435 424
438 423
438 425
430 432
434 423
431 433
436 429
431 442
426 446
433 424
432 423
432 425
427 438
428 439
426 437
425 436
426 435
424 437
439 440
432 434
433 433
439 449
440 450
441 449
442 448
443 447
443 449
441 451
442 450
440 452
439 452
438 451
437 452
443 451
442 452
443 453
435 430
432 443
435 439
438 450
439 424
439 442
427 440
428 441
439 451
442 447
431 428
443 439
442 438
431 437
431 446
432 429
435 425
435 434
449 445
438 445
430 441
427 435
450 446
450 447
451 448
427 444
442 442
442 451
431 423
431 432
431 441
432 424
445 443
434 443
434 452
435 453
435 429
446 444
430 427
438 440
430 436
438 449
430 445
439 423
427 439
439 441
442 437
442 446
441 450
431 427
426 440
425 441
431 436
434 438
426 434
445 447
426 443
438 426
430 422
446 448
446 449
446 450
430 431
449 444
438 444
430 440
438 453
438 454
438 455
439 456
430 449
439 427
439 428
440 429
427 434
427 443
441 445
431 422
432 421
432 420
433 450
434 424
434 433
434 442
445 442
426 438
434 451
445 451
445 452
446 453
446 454
426 447
426 448
427 449
427 448
446 443
430 426
438 439
439 438
439 437
438 436
438 435
430 435
449 448
449 449
449 450
450 451
450 452
451 453
449 453
449 454
449 455
450 456
450 455
452 454
453 455
453 456
430 444
439 422
438 421
448 452
440 457
441 458
442 457
443 458
442 456
441 459
442 460
442 461
426 442
445 455
445 456
445 457
446 458
446 459
445 460
445 461
446 462
446 463
446 464
445 465
445 466
444 459
438 434
439 433
439 432
438 431
438 430
437 438
429 443
437 456
437 457
438 458
438 459
439 460
439 461
448 456
440 461
452 453
453 452
454 453
441 453
441 454
441 462
441 463
441 464
442 465
442 466
443 467
441 467
441 468
440 466
439 465
438 464
438 463
444 468
437 465
437 466
438 467
438 468
438 469
439 470
440 471
441 472
441 473
437 470
437 471
438 472
438 473
439 474
440 475
440 476
441 477
441 478
442 479
436 464
437 474
437 475
436 473
440 470
440 479
439 479
438 478
438 477
440 480
441 481
441 482
441 483
442 484
437 479
437 480
436 478
445 441
446 440
446 439
445 438
438 420
439 419
440 420
439 418
438 417
444 454
430 425
437 433
436 477
435 476
434 476
434 475
433 474
433 473
434 474
433 477
433 478
434 479
434 480
433 472
434 471
434 470
433 469
433 468
433 467
434 466
435 467
434 465
433 464
433 463
434 462
435 462
434 461
434 460
433 459
433 458
434 457
434 456
433 455
435 458
433 454
432 471
436 459
436 468
437 442
429 438
440 438
437 451
448 451
429 447
437 460
437 461
440 456
441 421
437 469
440 465
441 430
442 429
442 428
442 427
443 426
443 425
442 424
442 423
441 431
441 426
434 481
433 482
433 483
434 484
434 485
433 426
440 474
441 439
433 435
441 448
433 444
433 453
443 485
444 486
445 485
446 486
445 484
444 487
447 487
447 488
448 489
448 490
448 488
434 427
432 457
431 456
430 455
431 455
430 454
429 456
429 457
430 458
430 459
430 460
431 460
429 461
429 462
430 463
430 464
431 465
428 455
427 454
427 453
426 452
426 451
425 450
429 465
429 466
428 464
427 463
426 462
427 462
426 461
447 455
432 466
447 464
448 465
449 464
450 465
449 463
432 475
431 474
430 474
430 473
429 475
429 476
430 477
430 478
428 474
429 479
429 480
429 481
430 482
430 483
429 484
429 485
428 483
428 478
427 477
427 476
428 473
427 472
426 471
426 470
428 484
425 469
425 468
424 467
426 467
427 468
427 467
426 466
426 465
425 464
428 469
429 470
430 469
431 469
430 468
429 471
428 482
427 481
426 481
429 474
431 483
444 440
435 471
432 484
432 485
444 449
435 480
436 445
425 445
424 444
423 443
423 442
423 441
422 444
422 445
423 446
423 447
424 448
421 443
444 458
447 491
446 491
447 492
447 493
448 494
448 493
436 454
437 419
444 467
428 450
425 463
424 462
423 461
423 460
422 459
422 458
421 457
420 456
420 455
419 454
419 453
418 452
417 453
416 453
436 463
416 454
416 455
415 456
415 457
416 458
415 455
417 455
418 456
418 457
419 458
419 459
420 460
421 461
421 462
422 463
422 464
423 465
437 428
417 459
440 424
425 472
424 471
423 470
436 472
437 437
428 468
440 433
429 433
428 432
436 481
436 482
436 483
437 446
448 446
428 477
429 442
440 442
448 455
437 455
428 486
427 486
426 486
426 485
426 484
428 487
428 488
429 451
429 452
440 451
429 460
428 459
427 459
427 458
426 457
426 456
418 460
418 461
440 460
441 425
421 456
422 455
423 456
422 454
422 453
423 452
424 453
423 451
422 450
421 450
420 451
419 450
422 449
421 448
420 447
420 446
419 445
419 444
421 452
425 454
421 447
433 421
451 457
452 458
452 459
453 460
453 461
452 462
451 462
450 461
450 460
449 459
449 458
452 463
452 464
448 460
448 461
441 434
441 435
433 430
441 443
443 462
444 463
454 462
433 439
431 478
443 480
443 481
444 482
434 422
435 421
436 422
435 420
434 419
447 441
455 454
447 450
455 463
456 464
457 464
457 463
457 462
456 461
456 460
455 459
454 458
456 459
432 461
444 426
424 457
447 459
447 460
435 457
432 470
424 466
435 466
436 431
432 479
432 480
444 444
435 475
425 440
424 439
436 440
444 453
428 436
435 484
436 449
425 449
444 462
428 445
425 458
425 459
436 458
437 423
428 454
446 490
445 489
444 490
444 491
444 492
445 493
445 494
444 495
444 496
444 497
445 498
445 499
446 500
443 495
447 501
447 502
448 503
448 502
443 490
443 494
446 495
447 496
447 497
448 498
448 499
449 500
450 501
450 502
443 489
442 488
417 454
440 419
425 467
436 467
437 432
446 499
428 463
440 428
437 441
428 472
440 437
429 437
437 450
449 504
449 505
450 506
448 450
439 469
440 446
429 446
439 478
429 455
440 455
442 474
442 475
441 420
442 419
443 420
443 421
444 422
444 423
445 424
442 418
443 417
444 417
443 416
443 415
443 414
444 413
443 412
444 412
442 414
442 413
445 414
445 423
446 415
446 416
445 418
445 419
445 413
445 422
427 485
421 451
451 452
441 429
442 483
443 448
433 425
451 461
443 457
454 457
450 505
433 434
443 466
431 464
431 473
432 438
445 417
423 469
431 482
443 484
432 447
447 445
435 443
424 443
432 456
455 458
456 457
456 456
444 421
435 452
424 452
447 454
432 465
424 461
435 461
447 463
436 426
432 474
444 439
416 457
424 470
435 470
436 435
425 435
444 448
435 479
436 444
425 444
444 457
428 440
425 453
436 453
437 418
446 485
428 449
436 462
425 462
437 427
438 481
439 482
438 482
439 483
428 458
417 458
446 494
440 423
437 436
439 455
428 467
429 432
430 486
430 487
430 488
431 487
440 432
449 499
439 464
450 464
429 441
440 441
427 471
439 473
442 469
442 470
443 471
441 415
440 416
441 416
427 480
421 446
451 447
442 478
441 424
443 443
427 489
426 489
427 490
451 456
433 420
442 487
443 452
420 450
431 450
451 465
431 459
454 461
443 461
420 459
423 455
443 470
431 468
432 433
423 464
431 477
432 442
447 440
424 438
435 438
431 486
432 451
444 416
424 447
435 447
447 449
432 460
444 425
447 458
435 456
424 456
436 421
432 469
445 488
424 465
435 465
436 430
444 443
445 497
435 474
436 439
425 439
428 435
425 448
428 444
438 476
437 422
446 489
428 453
440 418
430 472
437 431
439 450
450 450
446 498
440 427
430 481
439 459
450 459
427 457
440 436
442 455
449 503
439 468
427 466
442 464
419 462
439 477
427 475
442 473
443 438
427 484
451 451
442 482
420 445
451 460
443 456
431 454
454 456
420 454
423 450
431 463
443 465
420 463
423 459
431 472
423 468
431 481
444 411
424 442
432 455
444 420
447 453
424 451
434 483
445 483
435 460
424 460
444 438
445 492
416 456
446 457
457 457
426 488
446 466
449 462
438 462
438 471
439 436
428 448
446 484
430 467
438 480
450 445
446 493
430 476
440 422
427 452
439 454
450 454
430 485
450 463
427 461
439 463
442 459
419 457
443 424
427 470
439 472
442 468
427 479
442 477
427 488
451 455
420 449
423 445
443 460
454 460
431 458
420 458
423 454
435 419
431 467
423 463
447 439
434 469
444 415
424 446
434 478
444 424
424 455
435 455
436 420
445 487
446 452
426 483
445 496
446 461
438 457
449 457
428 434
430 453
438 466
439 431
430 462
438 475
446 488
440 417
430 471
442 436
427 447
450 449
430 480
439 458
427 456
450 458
442 454
419 452
443 419
427 465
439 467
442 463
419 461
448 497
431 426
443 428
427 474
442 472
431 435
443 437
431 444
443 446
420 444
441 476
431 453
420 453
423 449
431 462
420 462
433 481
432 427
423 458
435 423
453 459
432 436
434 455
423 467
435 432
445 464
434 464
435 441
424 441
426 460
444 419
434 473
446 438
426 469
434 482
446 447
436 424
438 443
445 491
446 456
426 487
438 452
449 452
445 500
439 417
446 465
430 448
449 461
438 461
439 426
430 457
442 422
438 470
439 435
427 433
430 466
438 479
439 444
427 442
430 475
442 440
439 453
427 451
450 453
430 484
437 483
442 449
419 447
427 460
442 458
448 492
419 456
443 423
431 421
427 469
429 488
448 501
431 430
443 441
431 439
441 471
420 448
423 444
441 480
432 422
433 476
423 453
453 454
433 485
432 431
445 450
435 427
453 463
445 459
434 459
435 436
426 455
434 468
426 464
438 429
434 477
446 442
426 473
438 438
445 486
446 451
430 434
426 482
449 447
446 460
430 443
449 456
438 456
415 454
439 421
430 452
442 417
449 465
444 499
438 465
439 430
430 461
442 426
439 439
427 437
430 470
442 435
439 448
427 446
450 448
442 444
437 478
427 455
448 487
419 451
442 453
443 418
440 483
429 483
419 460
448 496
431 425
443 427
441 457
452 457
431 434
441 466
431 443
422 462
433 462
441 475
433 471
434 436
441 484
423 448
433 480
445 445
434 445
435 422
453 458
426 441
434 454
445 454
441 423
426 450
445 463
434 463
426 459
438 424
434 472
426 468
438 433
446 446
447 500
430 429
438 442
446 455
430 438
444 485
449 451
430 447
442 412
438 460
415 458
449 460
444 494
439 425
430 456
442 421
439 434
430 465
437 464
442 430
448 464
427 441
442 439
437 473
427 450
440 469
429 469
437 482
419 446
443 413
429 478
440 478
419 455
448 491
443 422
429 487
441 452
452 452
448 500
431 429
422 448
441 461
452 461
433 457
422 457
441 470
433 466
422 466
434 431
441 479
433 475
434 440
445 440
453 453
426 436
433 484
434 449
445 449
446 414
453 462
426 445
445 458
434 458
426 454
438 419
434 467
447 486
426 463
438 428
447 495
446 441
430 424
426 472
438 437
430 433
449 446
438 446
430 442
436 476
444 489
439 420
430 451
442 416
444 498
456 463
439 429
428 481
437 459
442 425
448 459
427 436
418 455
437 468
429 464
440 464
437 477
421 460
429 473
440 473
441 438
429 482
440 482
441 447
448 495
431 424
433 443
422 443
452 456
441 456
433 452
422 452
441 465
422 461
433 461
445 426
434 426
441 474
414 457
443 493
422 470
433 470
433 479
453 457
434 453
445 453
446 418
432 483
426 449
445 462
426 458
447 490
444 466
438 432
447 499
430 428
425 471
436 471
444 484
436 480
437 445
444 493
428 476
456 458
442 420
448 454
437 454
428 485
437 463
448 463
440 459
418 459
429 459
437 472
421 455
440 468
429 468
441 433
437 481
421 464
429 477
440 477
429 486
422 447
445 412
441 460
452 460
433 456
422 456
434 421
445 421
441 469
443 488
433 465
422 465
443 497
455 462
445 439
445 448
446 413
432 478
426 453
438 418
444 452
435 483
447 485
438 427
444 461
447 494
430 423
425 457
436 457
436 466
425 466
428 462
436 475
444 488
428 471
442 415
448 449
428 480
456 462
437 458
448 458
428 489
440 454
429 454
418 454
441 419
437 467
429 463
440 463
441 428
437 476
421 459
429 472
440 472
441 437
450 504
440 481
433 442
422 442
452 455
441 455
443 474
422 451
445 416
443 483
433 460
422 460
434 425
445 425
443 492
414 456
455 457
434 434
432 464
447 462
432 473
426 439
435 469
446 417
424 469
432 482
444 447
435 478
425 443
438 422
444 456
447 489
436 452
425 452
444 465
447 498
425 461
436 461
437 426
428 457
417 457
425 470
436 470
437 435
444 483
428 466
429 431
440 431
436 479
437 444
448 444
428 475
429 440
440 440
449 507
448 453
437 453
429 449
440 449
441 414
437 462
448 462
439 481
421 445
440 458
418 458
429 458
421 454
429 467
440 467
441 432
442 486
421 463
433 428
451 464
441 441
433 437
443 469
422 446
433 446
431 476
434 420
445 420
443 487
431 485
434 429
447 448
443 496
432 459
455 461
447 457
432 468
435 464
424 464
432 477
444 442
435 473
436 438
425 438
432 486
444 451
435 482
425 447
444 460
428 443
425 456
436 456
437 421
428 452
425 465
436 465
437 430
446 497
428 461
440 426
436 474
437 439
428 470
429 435
440 435
449 502
448 448
428 479
440 444
429 444
448 457
439 476
440 453
429 453
418 453
441 418
421 449
427 483
440 462
442 481
441 427
421 458
433 423
451 459
442 490
441 436
454 455
443 455
450 503
433 432
443 464
433 441
443 473
431 471
445 415
431 480
443 482
432 445
447 443
443 491
455 456
432 454
435 450
424 450
447 452
432 463
424 459
435 459
447 461
432 472
444 437
435 468
424 468
436 433
432 481
444 446
435 477
436 442
425 442
444 455
428 438
436 451
425 451
444 464
428 447
436 460
425 460
437 425
446 492
428 456
417 456
440 421
436 469
437 434
428 465
429 430
440 430
437 443
448 443
439 462
450 462
440 439
429 439
449 506
439 471
429 448
440 448
442 467
421 444
427 478
439 480
442 476
441 422
421 453
427 487
451 454
442 485
443 450
451 463
433 427
420 457
454 459
443 459
431 457
443 468
431 466
423 462
431 475
432 440
423 471
424 436
443 486
431 484
444 414
447 447
435 445
424 445
455 460
432 458
449 508
447 456
424 454
435 454
436 419
432 467
424 463
435 463
447 465
436 428
432 476
445 495
416 459
444 441
435 472
425 437
436 437
444 450
428 433
435 481
436 446
425 446
428 442
436 455
425 455
438 474
437 420
428 451
446 487
438 483
437 429
446 496
417 460
428 460
440 425
430 479
450 457
439 457
429 434
440 434
449 501
439 466
427 464
442 462
439 475
427 473
442 471
441 417
443 436
427 482
442 480
443 445
420 443
433 422
451 458
442 489
420 452
431 452
454 454
443 454
443 463
431 461
420 461
454 463
432 426
423 457
431 470
443 472
432 435
423 466
435 431
431 479
432 444
435 440
424 440
447 442
432 453
455 455
444 418
424 449
435 449
447 451
432 462
444 427
424 458
436 423
445 490
