590 151
591 150
590 149
589 148
589 147
590 148
589 150
588 151
588 148
587 149
587 152
586 153
585 152
586 150
585 149
584 148
583 149
582 150
592 151
593 150
594 149
592 152
593 153
594 152
595 151
595 153
592 154
591 155
590 154
594 151
583 151
584 150
588 150
590 147
591 146
590 145
589 144
592 145
593 144
593 146
590 156
582 152
596 151
585 151
586 152
591 148
592 147
594 144
592 156
594 153
583 153
584 152
588 143
588 152
582 154
581 154
580 153
579 154
578 155
579 156
580 155
578 157
581 156
579 158
580 157
586 154
581 149
580 148
579 147
580 146
579 145
581 145
578 148
581 147
579 149
582 145
583 144
582 143
583 142
582 141
584 141
585 140
585 142
586 143
584 143
585 144
586 145
587 146
581 140
578 150
577 151
592 149
594 146
583 146
584 145
578 159
581 158
582 159
583 158
584 157
585 158
586 159
583 140
583 160
584 159
582 161
581 161
580 162
579 163
578 162
578 164
581 163
579 165
580 164
587 160
588 159
589 158
588 157
586 161
578 166
581 165
584 161
588 161
590 158
589 160
579 167
577 167
576 167
580 166
582 163
587 162
586 163
584 154
578 168
588 145
580 141
579 140
579 142
580 143
579 151
589 153
588 154
580 150
582 147
588 163
579 160
590 160
591 161
591 162
592 163
595 150
587 155
587 164
588 147
588 156
580 152
588 165
588 166
580 161
581 144
592 144
584 140
592 153
584 149
591 157
592 158
583 162
584 163
575 167
595 145
596 146
595 154
576 150
587 150
587 159
576 168
576 169
588 142
587 141
580 147
588 160
580 156
581 139
580 138
579 169
580 170
580 171
584 144
591 143
591 152
583 148
583 157
595 149
587 145
587 154
587 163
588 146
580 142
580 151
579 155
579 164
582 160
591 147
594 143
583 143
591 156
583 152
583 161
575 166
595 144
587 140
576 149
575 148
587 158
588 141
580 137
581 136
581 135
580 134
580 133
578 167
579 150
590 150
590 159
579 159
582 155
579 168
582 164
591 142
591 151
583 147
594 147
591 160
583 156
583 165
583 166
583 167
584 168
575 170
575 171
575 172
576 173
576 174
576 172
575 175
575 176
576 177
576 178
595 148
587 144
574 174
587 153
586 157
580 132
581 131
581 130
580 129
580 128
581 127
581 126
581 125
580 124
580 123
581 122
581 121
580 120
580 119
581 120
579 136
590 163
590 164
591 165
591 166
579 172
579 173
579 174
580 175
578 171
582 168
582 169
583 170
583 171
594 142
575 147
574 146
575 165
576 164
576 163
575 162
575 161
576 160
576 159
576 158
575 157
575 156
576 155
576 154
575 153
575 152
587 139
588 138
588 137
587 136
587 135
574 169
589 167
590 168
590 169
591 170
591 171
592 172
590 172
590 173
591 174
591 175
591 176
590 177
590 178
591 179
591 180
589 172
577 174
589 176
588 175
587 174
587 173
587 172
586 171
586 175
586 176
587 177
587 178
588 179
580 118
581 117
581 116
580 115
580 114
586 170
587 169
588 170
587 168
579 131
586 179
586 180
585 179
578 175
578 176
579 177
579 178
582 136
590 167
591 141
592 140
592 139
591 138
591 137
592 136
593 137
592 135
594 138
595 139
595 140
590 136
590 140
582 172
582 173
582 174
583 175
583 176
584 177
582 177
582 178
583 179
583 180
583 181
582 182
582 183
583 184
583 185
583 137
584 136
585 137
584 135
583 138
594 137
595 136
596 137
595 135
595 134
596 133
596 132
595 131
595 130
594 129
593 128
593 127
592 126
592 125
591 124
594 133
593 132
592 131
592 130
591 123
592 122
593 123
592 121
592 120
593 119
593 118
592 117
592 116
591 119
594 124
595 125
596 124
597 125
596 123
595 126
598 126
599 127
600 126
600 125
599 124
599 128
599 129
600 130
600 131
600 129
599 123
599 132
599 133
600 134
600 135
599 122
600 121
600 120
599 119
599 118
600 117
601 118
600 116
600 115
599 114
594 119
591 132
591 133
590 131
589 130
588 129
588 128
588 127
587 126
587 130
586 129
585 128
584 127
584 126
587 131
588 132
588 133
584 125
585 124
585 123
584 122
584 121
583 124
594 128
583 128
583 129
584 130
584 131
585 132
585 133
585 174
595 120
596 119
597 120
596 118
595 117
595 121
595 116
596 115
597 116
596 114
575 151
595 129
596 128
587 125
588 124
589 125
588 123
587 122
587 121
586 120
585 119
585 118
584 117
584 116
585 115
586 115
587 116
587 117
588 118
588 119
574 155
587 134
574 164
589 162
577 160
601 127
574 173
586 138
577 169
589 171
601 136
580 113
586 147
577 178
589 180
589 181
590 182
590 183
591 184
592 183
592 182
591 185
590 186
590 187
589 186
593 183
594 184
594 185
595 186
595 187
589 185
588 184
587 183
587 182
586 184
586 185
592 186
593 187
585 183
578 143
577 142
576 141
576 140
576 139
575 138
575 142
574 141
573 140
573 139
572 138
575 143
576 144
576 145
577 146
572 137
571 136
586 156
598 121
578 152
579 117
578 116
578 115
577 114
576 115
577 113
576 112
575 115
574 114
574 113
573 112
573 111
573 115
573 116
573 117
574 118
572 115
576 116
576 117
577 118
577 119
578 120
602 119
603 120
604 119
605 120
604 118
603 117
603 121
603 122
604 123
604 122
603 116
603 115
604 114
605 115
604 113
602 115
606 121
606 122
606 123
607 123
607 122
586 165
586 166
585 165
598 130
578 161
590 126
602 128
602 129
603 130
603 131
604 132
586 174
582 122
589 126
578 170
579 135
578 134
602 137
603 136
604 137
603 135
603 134
602 134
602 138
603 139
603 140
604 141
603 142
602 143
603 144
603 145
604 146
602 133
573 172
572 171
572 170
571 169
571 168
572 167
572 166
572 165
577 133
577 132
576 131
571 164
572 163
572 162
573 161
572 161
571 160
570 167
569 166
568 165
569 165
568 164
567 163
568 163
569 162
569 161
568 160
569 160
568 159
567 162
566 161
565 162
565 163
564 162
563 163
564 161
563 160
562 159
562 158
561 157
561 156
562 155
562 154
562 153
602 142
601 141
566 160
567 161
570 166
590 144
582 140
581 181
593 155
584 186
583 141
575 137
595 115
594 114
585 187
589 157
601 131
574 177
573 176
572 175
571 174
586 151
578 147
598 125
582 117
602 132
579 148
592 167
591 122
590 121
582 153
583 118
575 114
594 127
593 168
585 164
605 142
597 138
589 134
574 154
586 128
577 159
589 170
601 144
588 174
578 160
579 125
578 125
578 124
590 134
582 130
581 171
592 180
593 145
584 176
585 141
605 119
596 150
597 115
562 157
608 124
608 125
573 166
585 177
597 151
609 125
601 121
574 167
587 186
587 187
566 163
586 141
577 172
578 137
577 137
577 136
576 135
575 134
598 115
588 187
581 148
592 157
593 122
584 153
604 131
596 127
581 184
580 184
580 183
593 158
594 157
595 158
585 154
605 132
597 128
589 124
574 144
573 144
573 143
572 142
571 141
586 118
577 149
578 114
588 164
580 160
579 115
592 134
603 143
582 120
592 170
593 135
584 166
585 131
604 144
596 140
573 156
577 126
577 127
576 125
575 124
589 137
587 176
578 127
588 177
580 173
581 138
604 121
596 117
569 163
561 159
605 122
572 174
591 187
597 118
583 183
575 179
575 180
595 157
574 134
573 134
573 133
574 132
573 131
572 132
571 131
574 131
577 139
576 180
581 115
600 128
592 124
584 120
603 133
581 151
593 125
584 156
585 121
604 134
596 130
591 164
594 169
595 168
594 170
573 146
574 111
577 116
576 157
595 170
587 166
588 131
580 127
580 163
581 128
600 141
599 141
599 140
600 139
599 138
600 138
592 137
584 133
603 146
590 176
572 164
591 177
564 160
583 173
575 169
576 134
594 182
595 147
587 143
607 121
599 117
576 170
568 166
587 179
588 144
580 140
600 118
586 183
603 123
593 115
571 176
570 176
571 177
572 141
596 120
591 154
582 185
583 150
575 146
594 159
594 160
595 124
572 177
583 186
576 147
595 160
596 160
597 161
587 156
588 121
580 117
599 130
602 141
581 118
592 127
579 157
584 123
590 166
591 131
582 162
594 136
573 113
591 167
583 163
575 159
576 124
595 137
587 133
589 179
588 134
580 130
567 160
586 173
578 169
603 113
590 143
606 124
606 125
579 170
571 166
572 131
590 179
591 144
563 162
582 175
575 136
595 114
585 186
564 163
584 184
570 130
569 130
568 131
597 160
576 137
574 176
607 124
599 120
577 181
578 180
577 182
579 180
602 131
586 186
578 182
570 178
598 160
599 161
600 161
571 143
570 143
571 144
591 121
583 117
594 126
593 167
572 144
575 149
576 114
595 127
587 123
589 169
601 143
579 124
598 137
590 133
582 129
602 144
606 114
592 179
593 178
563 152
564 151
563 150
565 152
566 151
566 150
567 151
568 151
569 151
569 150
564 150
567 150
591 134
582 165
583 130
575 126
594 139
593 180
594 180
595 180
585 176
596 185
597 184
596 183
597 183
597 150
576 127
589 146
609 124
574 166
566 162
586 140
577 171
578 136
598 114
589 182
602 121
578 172
579 137
598 150
599 151
599 150
600 149
600 151
570 168
571 133
570 133
590 146
582 142
594 116
581 183
593 157
572 134
584 188
585 153
605 131
596 162
596 163
575 139
573 178
573 179
574 143
577 148
597 163
589 159
601 133
574 179
578 149
579 114
598 127
570 145
590 123
582 119
581 160
592 169
571 146
572 111
571 111
570 111
584 165
604 143
583 120
575 116
573 155
572 154
571 154
570 153
569 153
568 154
568 153
571 153
572 152
570 155
570 156
571 156
593 170
585 166
605 144
606 145
607 144
597 140
589 136
574 156
566 152
586 130
577 161
578 126
588 176
567 153
580 172
600 150
579 127
582 132
581 173
593 147
584 178
585 143
605 121
596 152
597 117
608 126
608 127
573 168
574 133
565 164
565 165
577 138
597 153
589 149
576 179
609 127
610 128
610 127
611 127
587 188
566 165
567 130
566 130
565 130
565 129
566 128
565 127
564 128
563 127
567 128
562 127
561 127
561 126
562 125
561 124
560 125
559 125
558 124
559 124
562 124
558 126
564 127
557 123
556 124
560 124
563 129
563 130
564 130
566 129
599 162
599 163
559 126
578 139
570 135
598 117
580 185
581 150
600 163
601 164
602 165
603 166
604 167
602 164
601 166
604 166
605 165
604 164
605 164
605 167
606 168
606 167
607 167
608 167
609 168
608 169
608 170
609 170
610 171
611 170
611 169
612 168
612 170
613 171
614 172
615 173
616 174
614 171
613 173
616 173
617 172
616 171
617 171
617 174
618 175
618 174
619 174
619 173
615 175
618 176
618 177
610 172
610 173
607 166
607 165
607 164
619 176
620 177
620 176
621 175
621 177
592 159
593 124
611 172
584 155
585 120
603 168
604 133
596 129
569 175
568 174
569 174
569 173
568 176
567 173
566 173
565 172
564 171
563 172
563 173
564 173
565 174
565 175
566 175
573 145
593 160
585 156
605 134
606 135
606 134
607 134
577 115
597 130
562 172
595 169
570 112
570 113
600 140
571 113
569 152
562 149
561 149
561 148
561 147
562 147
560 147
594 181
574 123
574 122
573 121
574 121
573 123
572 121
571 121
570 121
569 120
568 121
568 120
570 122
570 123
571 123
573 122
577 128
595 182
567 120
566 120
565 120
565 119
566 118
565 117
564 118
563 118
563 117
566 117
567 116
567 115
567 118
564 117
567 117
563 119
566 119
599 152
599 153
611 126
611 125
611 124
612 123
612 125
621 176
600 153
601 154
601 153
602 152
602 154
603 154
604 154
605 154
606 155
607 155
607 154
603 155
603 156
604 156
607 156
608 157
609 158
606 157
606 158
609 157
608 159
608 160
609 160
610 161
610 160
611 160
611 159
611 158
611 157
612 158
612 157
612 160
613 161
614 161
615 162
616 161
617 162
615 163
617 161
618 162
619 162
619 161
616 163
619 163
620 164
621 165
618 164
618 165
621 164
620 166
620 167
621 167
622 168
622 167
623 167
623 166
624 165
623 164
624 164
624 167
625 168
626 168
622 169
622 170
623 169
625 169
625 170
626 170
627 171
628 170
618 166
610 162
610 163
611 162
612 127
613 128
614 128
615 128
616 129
616 128
617 129
618 129
619 129
619 128
615 130
617 128
616 130
619 130
620 131
621 132
618 131
618 132
619 131
621 131
620 133
620 134
621 134
622 135
622 134
623 134
623 133
623 132
624 132
624 134
625 135
626 136
626 135
625 137
622 136
622 137
623 136
562 126
614 173
573 135
565 131
565 132
606 169
606 170
572 176
564 172
575 181
575 182
555 123
554 122
554 121
554 120
555 119
555 121
595 159
566 132
607 133
607 132
607 131
576 182
607 169
569 142
568 141
569 141
569 140
568 143
568 144
567 140
566 140
565 140
564 140
563 140
563 139
564 138
565 141
565 142
566 142
562 139
561 139
561 138
561 137
561 136
562 135
561 134
560 135
559 134
562 137
560 134
559 136
558 137
558 136
559 137
560 137
562 136
558 138
594 171
594 172
595 172
596 173
596 172
597 171
598 170
597 173
568 155
568 156
607 146
608 147
606 147
609 147
610 148
611 148
611 147
612 148
613 148
614 149
615 150
616 151
614 148
613 150
613 151
614 151
616 150
617 149
617 151
618 152
619 151
612 147
615 152
615 153
616 153
619 153
620 154
621 155
618 154
621 154
620 156
611 149
610 150
610 151
614 150
610 152
599 142
569 119
569 118
569 117
621 166
613 162
613 163
625 136
598 182
597 181
598 181
599 183
599 184
600 184
598 180
600 183
599 185
599 186
600 186
601 187
601 186
602 185
603 186
604 187
602 187
605 187
602 186
562 116
561 116
561 115
561 114
560 113
559 112
560 112
558 113
558 114
559 114
562 114
557 113
556 114
556 113
560 114
558 115
558 116
559 116
614 163
606 159
565 121
626 137
627 138
627 139
628 137
629 138
630 139
630 138
631 137
630 136
632 138
633 139
631 139
633 138
629 140
629 141
630 141
632 140
632 141
633 141
634 142
635 142
636 141
637 142
638 143
638 142
637 144
631 138
634 143
634 144
635 144
627 140
638 144
639 145
640 145
641 145
642 146
642 145
643 146
644 145
645 146
645 145
641 147
641 148
642 148
644 147
644 148
645 148
640 144
643 145
642 147
643 148
645 147
630 140
641 149
631 141
633 140
644 149
644 150
645 150
646 151
646 150
647 149
647 151
648 151
649 151
650 150
649 149
650 149
650 151
651 152
652 153
653 154
653 155
654 155
652 152
651 154
651 155
652 155
654 154
655 153
654 152
655 155
656 156
653 156
654 157
656 157
656 158
648 152
648 153
657 157
658 158
649 153
652 154
618 133
618 134
610 129
610 130
629 142
576 136
568 132
568 133
557 122
557 121
617 173
609 169
620 178
620 179
578 181
611 129
598 159
598 158
598 157
569 132
561 128
602 166
621 179
622 180
622 179
623 179
606 136
606 137
579 182
571 178
572 143
563 174
563 175
564 139
582 187
594 161
572 179
564 175
617 150
568 145
607 136
608 137
608 136
609 135
609 137
610 138
611 137
612 136
611 135
612 135
612 137
613 138
614 139
615 140
615 141
616 141
614 138
613 140
614 141
616 140
617 139
616 138
617 138
617 141
618 142
618 141
619 141
619 140
619 139
615 142
618 143
618 144
610 139
610 140
619 143
620 144
620 143
621 142
621 144
622 145
623 144
624 144
625 145
626 146
626 145
625 147
625 148
626 148
627 148
628 148
629 148
630 149
631 149
629 150
629 151
630 151
632 150
633 149
632 151
633 151
628 147
628 150
627 151
627 150
630 150
631 151
623 146
622 147
626 147
629 152
629 153
630 153
611 139
621 143
632 152
632 153
614 140
633 153
634 154
635 154
625 149
620 155
621 156
622 157
622 158
623 156
624 155
625 155
626 156
623 154
625 157
625 158
626 158
624 154
624 157
626 157
622 159
625 159
625 160
626 160
627 161
627 160
628 160
629 161
630 161
631 161
632 161
633 162
633 161
632 163
629 162
629 163
630 163
633 163
634 164
635 165
635 164
636 164
637 165
637 164
638 165
638 164
634 166
635 167
637 166
637 167
638 167
639 168
639 167
640 167
640 166
640 165
639 169
639 170
636 163
635 162
636 162
636 161
628 159
628 158
628 157
640 169
641 170
641 169
642 168
643 169
644 168
645 169
645 168
644 170
643 168
642 170
645 170
646 171
647 172
648 173
648 174
649 174
647 171
646 173
646 174
647 174
649 173
650 172
649 171
650 171
650 174
651 175
652 175
653 176
654 175
655 176
653 177
655 175
654 177
648 175
649 176
651 176
651 177
652 177
655 177
656 178
656 179
657 178
658 178
659 179
659 178
658 180
658 181
659 181
660 181
661 181
661 180
662 179
661 178
662 181
663 182
664 182
657 177
663 183
663 184
664 184
665 184
666 184
656 180
659 180
662 180
665 185
665 186
647 173
666 186
658 182
613 152
613 153
560 146
560 145
598 172
599 173
600 174
601 174
602 175
603 176
604 177
602 174
601 176
601 177
602 177
604 176
605 175
604 174
605 177
606 178
607 177
607 176
600 173
603 178
603 179
604 179
606 179
606 180
607 179
608 180
609 180
599 175
602 176
605 176
608 181
608 182
609 182
610 183
611 182
612 181
613 181
614 182
615 183
616 184
611 180
614 181
613 183
613 184
614 184
616 183
617 182
617 184
612 180
615 185
615 186
616 186
614 183
617 183
613 185
614 186
616 185
617 186
618 187
618 186
619 186
620 187
621 187
601 178
571 155
614 153
655 154
647 150
572 156
658 159
658 160
564 152
624 166
616 162
576 126
568 122
568 123
636 140
636 139
607 113
606 112
608 114
609 113
608 115
609 112
609 115
610 115
611 115
611 114
612 113
611 112
612 112
612 115
607 111
609 114
612 114
608 116
611 116
610 117
610 118
611 117
612 117
613 118
613 117
614 116
615 117
615 118
616 118
614 118
616 117
617 116
617 118
618 119
619 118
615 119
615 120
616 120
619 120
620 121
620 122
621 122
622 122
623 122
623 121
624 122
618 121
621 121
624 121
620 123
623 123
622 124
622 125
623 124
624 124
625 125
625 124
626 123
626 125
626 124
622 126
622 127
614 117
625 126
625 127
626 127
627 128
628 127
629 128
630 129
630 128
631 127
630 126
632 128
633 129
631 126
631 129
633 128
629 130
632 130
631 128
629 129
630 130
633 130
634 131
634 132
635 132
635 131
636 131
637 132
634 133
634 134
635 134
637 133
637 134
638 134
639 135
610 119
659 160
660 161
661 160
651 156
597 185
557 112
557 111
557 110
617 163
609 159
628 172
629 173
630 172
630 171
631 172
632 171
633 172
633 171
630 174
632 173
632 174
633 174
634 174
635 175
635 174
636 174
631 171
634 176
634 177
635 177
627 173
630 173
631 174
597 139
633 173
629 175
629 176
636 173
636 172
632 175
635 176
636 176
637 177
637 176
638 175
638 177
639 178
640 177
640 179
641 180
641 181
642 181
639 180
642 180
643 179
642 178
644 180
644 181
645 181
646 181
647 182
648 183
648 184
649 184
643 178
646 183
646 184
647 184
649 183
650 182
650 184
651 185
652 186
653 187
652 185
651 187
654 187
655 186
654 185
655 185
643 181
645 180
648 185
648 186
649 186
641 182
652 187
644 182
645 183
655 187
647 183
643 180
646 185
646 186
647 186
601 155
601 156
620 168
621 133
640 146
639 147
613 129
613 130
632 142
632 143
598 149
597 148
598 148
598 147
569 122
602 156
614 130
633 143
606 126
572 133
563 164
564 129
623 178
623 177
624 177
625 178
626 179
626 178
625 180
626 181
627 181
628 181
628 180
626 180
625 182
628 182
629 183
629 184
630 184
627 183
627 184
630 183
631 182
630 181
632 183
633 182
632 184
633 184
631 184
633 183
629 185
629 186
630 186
632 185
632 186
633 186
634 187
635 187
636 186
635 185
637 187
636 184
638 187
631 183
556 125
556 126
627 185
585 188
605 166
624 179
597 162
616 175
617 140
636 153
637 152
638 153
635 152
636 152
638 152
637 154
637 155
638 155
639 155
640 155
640 154
636 151
638 154
637 156
640 156
641 157
641 158
642 158
639 157
639 158
640 157
642 157
643 156
643 158
644 158
645 158
641 159
641 160
642 160
644 159
644 160
645 160
646 161
647 162
648 161
649 162
649 161
650 162
651 162
652 163
653 164
654 165
648 163
651 164
651 165
652 165
654 164
655 163
655 165
656 166
657 165
647 161
650 161
653 166
653 167
654 167
646 163
657 167
658 168
659 169
656 168
659 168
658 170
649 163
650 164
652 164
659 170
660 171
660 172
661 171
661 170
662 169
661 168
662 168
662 171
663 172
663 171
664 170
665 171
666 172
664 172
665 173
665 174
666 174
667 175
668 175
669 174
670 175
671 176
671 175
670 177
664 171
667 176
667 177
668 177
660 173
671 177
672 178
673 178
674 178
675 179
674 180
674 181
675 181
673 177
675 180
676 181
677 182
678 182
663 173
663 174
674 182
664 174
675 183
677 183
677 184
666 173
678 183
679 184
680 184
651 166
651 167
652 167
669 173
669 172
643 157
662 170
654 166
673 179
672 180
672 181
646 162
665 175
665 176
655 167
647 163
666 176
639 159
639 160
608 171
608 172
609 136
628 149
574 178
620 145
620 146
566 174
577 183
577 184
557 125
609 172
650 173
642 169
621 146
661 182
660 183
660 184
661 183
567 175
613 142
653 178
653 179
560 136
578 184
619 185
619 184
598 162
571 145
563 141
563 142
583 119
643 170
662 183
635 166
654 179
627 162
627 163
646 175
593 169
639 136
639 137
572 146
612 182
604 178
564 142
605 143
596 174
596 175
624 156
615 187
616 152
608 148
608 149
628 126
628 125
605 179
597 175
638 176
617 153
609 149
649 185
628 162
601 145
601 146
621 123
567 152
640 136
641 135
642 136
643 136
641 137
644 137
645 138
642 137
644 139
613 119
613 120
579 126
570 157
570 158
598 139
571 122
590 135
631 173
650 186
582 131
602 146
642 182
643 147
634 178
634 179
635 143
654 156
581 172
614 120
560 149
600 185
646 152
646 153
606 116
592 181
571 158
572 123
612 159
591 136
563 154
564 119
604 155
583 132
623 168
624 133
556 115
575 128
615 164
615 165
635 179
636 180
637 179
594 141
655 157
668 176
573 167
647 153
593 182
679 185
585 178
605 156
624 169
596 187
597 152
616 165
617 130
657 166
608 161
636 143
609 126
628 139
601 122
601 123
574 168
620 135
566 164
567 129
586 142
672 182
577 173
578 138
557 115
598 116
570 134
630 185
631 150
650 163
622 181
622 182
669 176
617 117
642 159
602 123
621 136
661 172
634 155
634 156
567 165
653 168
653 169
600 162
560 126
579 139
619 175
570 170
571 135
611 171
631 186
563 131
603 167
582 144
623 145
664 183
643 160
594 118
635 156
654 169
581 185
627 152
593 159
612 172
585 155
604 168
564 132
605 133
623 181
596 164
596 165
624 146
597 129
616 142
562 171
562 170
562 169
608 138
608 139
573 180
660 185
660 186
574 145
565 176
565 177
566 141
586 119
577 150
597 165
610 184
610 185
638 166
657 179
617 143
589 161
630 162
649 175
609 139
601 135
641 171
641 172
566 177
607 178
567 142
586 155
559 138
599 174
578 151
579 116
619 152
598 129
570 147
571 112
590 125
631 163
650 176
582 121
642 172
643 137
634 168
635 133
581 162
627 129
627 130
560 139
600 175
592 171
593 136
611 184
612 149
572 113
584 167
603 180
604 145
623 158
596 141
596 142
624 123
615 154
575 118
616 119
562 148
573 157
573 158
660 162
660 163
593 172
565 153
565 154
585 168
626 169
645 182
605 146
637 178
597 142
616 155
589 138
657 156
617 120
629 174
648 187
649 152
609 116
595 181
628 129
574 158
566 154
567 119
586 132
559 115
577 163
578 128
638 179
570 124
570 125
630 175
631 140
650 153
622 171
622 172
642 149
602 113
601 113
588 178
661 162
634 145
634 146
580 174
653 158
599 187
560 116
600 152
619 165
592 148
611 161
571 125
572 125
573 125
612 126
603 157
603 158
582 134
623 135
664 173
569 164
643 150
656 169
656 170
615 131
615 132
561 160
561 161
675 182
635 146
581 175
667 178
667 179
592 184
593 149
633 185
584 180
612 162
585 145
625 181
604 158
605 123
645 159
624 136
596 154
597 119
616 132
562 161
676 183
648 164
648 165
608 128
668 179
555 122
573 170
574 135
565 166
566 131
626 182
558 127
558 128
577 140
618 178
618 179
638 156
610 174
610 175
657 169
629 187
589 151
630 152
576 181
649 165
622 148
622 149
568 177
568 178
601 125
641 161
588 155
567 132
607 168
599 164
599 165
559 128
578 141
619 142
570 137
569 138
568 137
567 138
611 138
652 176
631 153
663 185
663 186
642 162
581 152
600 165
592 161
593 126
611 174
612 139
585 122
604 135
644 171
644 172
623 148
664 186
596 131
569 177
562 138
573 147
614 185
574 112
606 181
606 182
565 143
565 144
626 159
645 172
577 117
618 155
618 156
597 132
637 168
638 133
589 128
629 164
629 165
648 177
595 171
641 138
641 139
574 148
587 167
566 144
607 145
586 122
577 153
578 118
619 119
638 169
570 114
630 165
631 130
642 139
588 168
634 135
607 181
581 129
600 142
640 178
619 155
592 138
611 151
584 134
612 116
603 147
604 112
623 125
569 154
656 159
656 160
615 121
615 122
561 150
561 151
562 115
573 124
614 162
593 139
633 175
584 170
625 171
625 172
585 135
644 184
605 113
645 149
596 144
597 144
598 145
591 178
637 145
637 146
583 174
616 122
562 151
648 154
648 155
594 183
555 112
555 111
555 110
573 160
574 125
566 121
626 172
558 117
558 118
577 130
637 181
636 182
638 146
610 164
629 177
628 178
630 142
670 178
670 179
576 171
649 155
622 138
622 139
595 184
636 185
568 167
568 168
587 180
607 158
599 154
559 118
600 119
619 132
592 115
652 166
611 128
671 179
603 124
603 125
663 175
569 131
674 184
580 177
581 142
621 178
600 155
613 174
613 175
632 187
633 152
593 116
612 129
584 147
579 181
604 125
644 161
644 162
664 176
596 121
569 167
582 186
562 128
614 175
573 137
606 171
565 133
626 149
666 185
645 162
572 178
618 145
618 146
564 174
610 141
610 142
583 187
589 118
629 154
575 183
575 184
576 148
595 161
587 157
588 122
607 135
599 131
659 182
651 178
651 179
576 184
617 185
609 181
588 158
580 154
581 119
600 132
640 168
592 128
632 164
632 165
611 141
652 179
584 124
603 137
598 171
644 138
569 144
561 140
602 178
613 187
573 114
614 152
633 165
606 148
606 149
625 161
585 125
626 126
572 155
645 139
618 122
618 123
591 168
637 135
637 136
583 164
629 131
629 132
575 160
594 173
595 138
574 115
647 185
607 112
639 181
639 182
577 120
659 159
638 136
630 132
576 161
622 128
595 174
568 157
636 175
587 170
588 135
628 171
607 148
580 131
599 144
619 122
652 156
611 118
603 114
569 121
602 155
561 117
561 118
621 168
581 132
640 181
613 164
613 165
614 129
633 142
584 137
579 171
625 138
625 139
598 184
604 115
571 167
644 151
590 180
677 185
591 145
582 176
562 118
594 150
614 165
655 166
626 139
666 175
572 168
618 135
658 171
658 172
591 181
564 164
610 131
610 132
583 177
624 178
575 173
576 138
594 186
568 134
568 135
587 147
607 125
599 121
659 172
678 185
651 168
557 124
617 175
609 171
628 184
601 167
601 168
580 144
620 180
621 145
600 122
567 174
640 158
613 141
586 187
592 118
632 154
632 155
578 183
570 179
570 180
603 127
598 161
590 157
569 134
602 168
621 181
662 182
614 142
654 178
633 155
606 138
606 139
579 184
571 180
572 145
563 176
591 158
564 141
583 154
575 150
595 128
655 179
587 124
647 175
639 171
639 172
564 177
605 178
597 174
616 187
576 151
617 152
608 183
608 184
607 185
606 184
605 185
636 165
609 148
588 125
628 161
580 121
620 157
620 158
599 134
598 135
640 135
586 164
632 131
632 132
598 138
609 184
650 185
602 145
621 158
613 154
614 119
560 148
633 132
606 115
579 161
625 128
625 129
598 174
571 157
572 122
590 170
591 135
563 153
582 166
583 131
643 182
575 127
635 178
594 140
655 156
627 174
627 175
646 187
647 152
593 181
626 129
639 148
639 149
572 158
658 161
658 162
564 154
605 155
596 186
624 168
575 163
576 128
616 164
595 141
636 142
568 124
568 125
587 137
628 138
607 115
680 185
659 162
597 187
557 114
617 165
589 183
609 161
628 174
601 157
601 158
669 175
602 122
621 135
640 148
567 164
613 131
613 132
586 177
632 144
578 173
579 138
598 151
570 169
571 134
631 185
602 158
643 159
662 172
594 117
635 155
654 168
614 132
673 181
646 164
646 165
665 177
571 170
572 135
612 171
564 131
582 179
623 180
624 145
556 127
575 140
615 176
615 177
595 118
655 169
647 165
639 161
605 168
624 181
597 164
616 177
617 142
608 173
636 155
609 138
588 115
589 116
589 115
590 115
628 151
601 134
574 180
620 147
620 148
566 176
567 141
577 185
557 127
570 146
598 128
631 162
590 124
650 175
602 135
642 171
621 148
661 184
634 167
567 177
653 180
653 181
560 138
578 186
619 187
611 183
571 147
572 112
591 125
563 143
563 144
582 156
583 121
623 157
643 172
575 117
594 130
635 168
654 181
627 164
627 165
593 171
639 138
639 139
612 184
585 167
618 115
619 116
620 115
604 180
564 144
605 145
610 111
596 176
596 177
595 178
624 158
597 141
576 118
616 154
617 119
568 114
608 150
608 151
607 152
606 151
605 152
636 132
587 127
603 187
628 128
574 157
620 124
620 125
619 126
618 125
617 126
616 126
566 153
586 131
577 162
651 148
597 177
598 178
599 177
638 178
589 173
617 155
649 187
609 151
650 152
641 183
641 184
640 185
639 184
638 185
601 147
620 160
621 125
661 161
567 154
640 138
653 157
613 121
586 167
560 115
578 163
579 128
619 164
570 159
598 141
571 124
590 137
631 175
563 120
563 121
562 122
582 133
642 184
643 149
634 180
662 162
663 162
663 163
664 163
665 164
665 165
666 165
667 166
667 167
668 167
667 168
668 169
635 145
654 158
581 174
614 122
627 141
627 142
626 143
600 187
606 118
607 119
608 118
646 154
646 155
645 156
593 148
584 179
612 161
563 156
564 121
604 157
583 134
623 170
596 153
624 135
615 166
615 167
575 130
616 131
562 160
676 182
627 177
668 178
647 155
573 169
660 174
660 175
593 184
639 151
640 152
641 151
585 180
605 158
597 154
616 167
617 132
657 168
608 163
636 145
649 164
609 128
628 141
601 124
574 170
620 137
566 166
567 131
586 144
559 127
577 175
578 140
598 118
570 136
630 187
631 152
650 165
622 183
622 184
621 185
669 178
642 161
602 125
661 174
634 157
634 158
633 159
613 134
580 186
580 187
579 188
653 170
560 128
600 164
579 141
619 177
592 160
571 137
611 173
612 138
591 115
563 133
603 169
603 170
582 146
623 147
664 185
569 176
643 162
615 143
615 144
656 181
656 182
635 158
636 159
637 158
594 120
581 187
646 167
593 161
612 174
585 157
604 170
605 135
645 171
596 166
624 148
597 131
616 144
589 127
562 173
648 176
608 140
574 147
620 114
620 113
620 112
620 111
620 110
621 109
621 111
622 112
623 111
624 110
624 112
625 112
626 113
625 114
625 115
626 115
627 116
627 115
627 117
627 118
624 111
623 113
622 114
626 114
619 110
618 109
618 111
618 110
625 116
621 113
623 112
627 119
627 120
624 113
617 110
616 110
615 109
616 109
622 115
622 116
619 109
623 115
615 111
626 116
618 112
618 113
619 112
621 112
614 109
613 109
617 109
565 178
566 143
586 121
577 152
578 117
610 186
610 187
638 168
657 181
589 163
630 164
609 141
649 177
622 160
622 161
621 162
641 173
641 174
640 175
601 137
642 138
588 167
621 115
567 144
607 180
613 111
599 176
559 140
578 153
579 118
619 154
598 131
570 149
571 114
611 150
631 165
590 127
582 123
642 174
643 139
634 170
635 135
581 164
627 131
627 132
626 133
600 177
646 144
592 173
593 138
611 186
584 169
612 151
585 134
604 147
644 183
605 112
623 160
624 125
596 143
615 156
575 120
616 121
562 150
608 117
668 168
573 159
574 124
660 164
660 165
659 166
639 141
640 142
641 141
565 155
566 156
565 156
585 170
626 171
605 148
645 184
577 129
618 167
618 168
617 169
637 180
638 145
589 140
617 122
657 158
608 153
649 154
609 118
595 183
601 114
641 150
574 160
620 127
567 121
607 157
672 174
671 173
672 172
672 171
672 170
671 169
670 169
673 171
586 134
559 117
577 165
578 130
638 181
570 126
630 177
671 178
631 142
650 155
622 173
641 186
640 187
642 151
588 180
661 164
634 147
674 183
580 176
581 141
560 118
600 154
619 167
592 150
571 127
611 163
612 128
584 146
603 159
603 160
563 123
564 123
565 123
604 124
664 175
623 137
615 133
615 134
656 171
656 172
655 173
675 184
561 162
561 163
635 148
636 149
637 148
581 177
627 144
628 145
629 144
667 180
667 181
666 182
573 136
614 174
593 151
633 187
584 182
585 147
625 183
625 184
624 185
604 160
605 125
645 161
596 156
624 138
597 121
637 157
616 134
589 117
562 163
648 166
648 167
608 130
668 181
669 182
670 181
574 137
660 177
566 133
626 184
558 129
558 130
618 180
610 176
610 177
609 178
638 158
657 171
630 154
576 183
649 167
622 150
623 151
624 152
622 151
621 152
625 151
641 163
568 179
568 180
567 181
567 134
607 170
559 130
599 166
599 167
598 168
619 144
570 139
652 178
611 140
631 155
623 114
569 143
615 110
634 160
627 121
600 167
613 186
633 164
612 141
644 173
644 174
623 150
624 115
569 179
656 184
657 185
658 184
616 111
562 140
573 149
614 187
606 183
565 145
626 161
645 174
618 157
618 158
617 159
637 170
636 170
638 135
610 153
610 154
609 155
629 166
629 167
628 168
630 131
595 173
641 140
566 146
607 147
599 143
619 121
570 116
630 167
631 132
622 163
663 164
663 165
662 166
642 141
634 137
599 179
640 180
600 144
619 157
632 176
632 177
611 153
612 118
598 183
623 127
664 165
569 156
656 161
615 123
561 152
562 117
667 170
614 164
573 126
573 127
633 177
606 160
606 161
605 162
565 122
625 173
625 174
624 175
626 138
645 151
637 147
629 143
608 120
648 156
660 167
574 127
566 123
626 174
558 119
618 170
619 171
620 170
659 171
638 148
678 184
629 179
670 180
630 144
649 157
622 140
636 187
641 153
568 169
568 170
567 171
628 183
607 160
599 156
619 134
611 130
652 168
671 181
603 126
663 177
569 133
602 167
561 129
561 130
621 180
613 176
613 177
612 178
633 154
579 183
625 150
644 163
571 179
604 127
582 188
656 174
657 175
658 174
562 130
594 162
594 163
614 177
655 178
625 186
624 187
623 187
626 151
645 164
572 180
658 183
618 147
637 160
564 176
610 143
610 144
609 145
629 156
575 185
622 117
622 118
621 119
595 163
568 146
568 147
567 148
607 137
659 184
619 111
651 180
617 187
568 182
569 183
567 183
566 183
567 184
566 185
565 185
564 185
563 185
563 184
563 183
564 183
562 182
567 185
568 186
568 187
569 186
570 186
571 187
571 186
572 185
572 187
570 188
570 189
571 189
573 188
574 187
573 189
574 189
569 185
572 186
568 188
568 189
571 188
572 189
574 188
562 181
562 180
562 179
565 186
565 187
566 187
569 187
562 184
572 188
564 184
563 186
563 187
564 187
566 186
567 187
570 182
562 183
565 188
566 189
569 189
564 186
609 183
601 179
601 180
600 181
634 127
633 126
621 157
567 186
640 170
632 166
632 167
633 131
652 181
598 173
644 140
644 141
623 117
569 146
602 180
614 154
633 167
606 150
625 163
626 128
572 157
645 141
646 142
618 124
563 188
564 153
637 137
610 120
610 121
629 133
629 134
628 135
594 175
647 187
607 114
639 183
618 160
659 161
610 156
651 157
651 158
650 159
630 134
597 186
670 170
617 164
622 130
636 177
628 173
620 169
599 146
640 147
619 124
611 120
652 158
671 171
663 167
569 123
602 157
561 119
561 120
621 170
640 183
613 166
614 131
673 180
633 144
606 127
606 128
625 140
625 141
624 142
598 186
563 165
563 166
562 167
562 120
614 167
627 186
627 187
655 168
606 163
647 164
626 141
666 177
618 137
658 173
564 166
610 133
624 180
629 146
616 176
636 154
568 136
607 127
659 174
651 170
670 183
669 184
670 185
668 185
669 185
671 185
669 186
672 184
557 126
617 177
609 173
628 186
601 169
601 170
600 171
620 182
619 182
621 147
640 160
567 176
613 143
613 144
612 145
632 156
578 185
625 117
625 118
624 119
570 181
598 163
602 170
643 171
662 184
613 179
654 180
614 144
606 140
646 176
646 177
645 178
579 186
625 153
626 118
571 182
572 183
573 182
612 183
572 147
618 114
563 178
564 143
610 110
568 113
568 112
567 111
566 111
565 111
564 111
563 111
562 112
563 110
565 112
564 113
565 113
566 113
655 181
647 177
639 173
658 186
605 180
597 176
622 120
617 154
636 167
608 185
568 149
609 150
628 163
620 159
621 124
566 188
640 137
632 133
632 134
611 110
598 140
609 186
650 187
569 113
601 182
602 147
642 183
621 160
662 161
567 189
613 156
614 121
560 150
633 134
606 117
625 130
665 166
665 167
598 176
571 159
572 124
563 155
564 120
583 133
643 184
575 129
635 180
655 158
627 176
647 154
666 167
639 150
618 127
658 163
564 156
605 157
610 123
624 170
616 166
576 130
617 131
608 162
568 126
636 144
628 140
607 117
620 136
639 186
672 183
651 160
557 116
617 167
609 163
669 177
601 159
602 124
620 172
621 137
661 173
640 150
567 166
613 133
560 127
570 171
598 153
631 187
563 132
643 161
662 174
635 157
581 186
614 134
654 170
627 153
627 154
673 183
606 130
646 166
571 172
612 173
563 168
604 169
564 133
623 182
624 147
615 178
615 179
616 143
647 167
573 181
639 163
605 170
624 183
597 166
616 179
617 144
657 180
608 175
636 157
609 140
628 153
574 182
620 149
621 114
566 178
567 143
613 110
559 139
577 187
570 148
631 164
650 177
642 173
643 138
661 186
634 169
567 179
613 146
653 182
614 111
600 176
560 140
646 143
579 153
625 120
570 184
571 149
611 185
612 150
572 114
563 145
603 181
603 182
603 183
591 127
564 110
582 158
623 159
583 123
643 174
569 188
575 119
615 155
594 132
635 170
627 166
646 179
647 144
648 144
593 173
639 140
612 186
585 169
604 182
610 113
605 147
624 160
596 178
597 143
576 120
616 156
589 139
617 121
562 185
636 134
608 152
568 116
609 117
628 130
574 159
620 126
566 155
586 133
672 173
577 164
578 129
638 180
589 175
630 176
609 153
650 154
601 149
641 185
602 114
642 150
621 127
661 163
567 156
613 123
653 159
653 160
632 136
560 117
578 165
619 166
579 130
598 143
570 161
571 126
590 139
631 177
563 122
582 135
642 186
643 151
634 182
662 164
635 147
581 176
654 160
627 143
606 120
646 156
592 185
665 169
584 181
612 163
572 127
585 146
604 159
605 124
623 172
624 137
596 155
556 119
615 168
614 169
575 132
616 133
562 162
676 184
608 129
668 180
573 171
574 136
660 176
639 153
565 167
565 168
585 182
626 183
605 160
577 141
597 156
638 157
657 170
589 152
617 134
608 165
609 130
649 166
628 143
641 162
601 126
574 172
620 139
566 168
567 133
586 146
559 129
577 177
578 142
570 138
598 120
631 154
590 116
650 167
622 185
602 127
642 163
661 176
634 159
580 188
581 153
600 166
560 130
619 179
592 162
571 139
611 175
584 158
612 140
603 171
603 172
591 117
563 135
564 135
565 135
604 136
623 149
624 114
569 178
615 145
616 146
616 147
615 146
656 183
594 122
635 160
627 156
573 148
593 163
585 159
604 172
605 137
645 173
596 168
624 150
637 169
597 133
617 111
589 129
562 175
648 178
648 179
608 142
607 142
628 120
629 120
629 121
629 122
630 122
629 123
573 184
574 149
620 116
566 145
586 123
577 154
578 119
638 170
570 115
657 183
630 166
631 131
649 179
622 162
601 139
641 175
642 140
588 169
634 136
607 182
567 146
580 165
613 113
599 178
600 143
579 120
619 156
570 151
571 116
611 152
590 129
631 167
563 112
603 148
603 149
582 125
564 114
564 115
623 126
664 164
643 141
569 155
634 172
635 137
581 166
667 169
627 133
600 179
646 146
592 175
593 140
633 176
612 153
584 171
585 136
603 184
644 185
644 186
604 149
605 114
623 162
596 145
624 127
616 123
562 152
608 119
668 170
574 126
660 166
565 157
565 158
566 122
626 173
645 186
618 169
577 131
637 182
597 146
638 147
610 165
610 166
589 142
657 160
629 178
630 143
609 120
649 156
595 185
641 152
601 116
587 181
620 129
566 158
567 123
607 159
586 136
559 119
599 155
578 132
619 133
570 128
569 128
630 179
671 180
631 144
622 175
650 157
663 176
642 153
588 182
674 185
634 149
580 178
653 162
581 143
560 120
600 156
619 169
593 117
611 165
612 130
563 125
564 125
565 125
603 161
602 162
604 126
623 139
664 177
596 122
569 168
615 135
614 136
656 173
562 129
667 182
627 146
614 176
573 138
606 172
606 173
565 134
625 185
626 150
605 127
645 163
596 158
597 123
637 159
616 136
583 188
589 119
629 155
562 165
608 132
648 168
647 169
648 169
595 162
574 139
660 179
565 170
566 135
626 186
558 131
577 144
618 182
659 183
638 160
610 178
630 156
649 169
576 185
622 152
568 181
641 165
607 172
559 132
599 168
600 133
619 146
592 129
652 180
611 142
603 138
623 116
569 145
615 112
615 113
561 141
561 142
602 179
627 123
592 165
633 166
593 130
612 143
585 126
625 162
604 139
644 175
643 176
644 176
645 140
591 169
624 117
596 135
615 148
656 186
616 113
562 142
648 145
648 146
649 147
594 174
573 151
574 116
606 185
565 147
564 148
566 112
626 163
645 176
577 121
576 122
618 159
564 188
637 172
610 155
638 137
589 132
629 168
630 133
648 181
576 162
649 146
622 129
595 175
568 158
641 142
587 171
588 136
607 149
567 113
599 145
619 123
570 118
571 118
572 119
652 157
611 119
671 170
631 134
622 165
663 166
642 143
588 172
634 139
580 168
621 169
581 133
640 182
600 146
592 142
632 178
632 179
611 155
612 120
584 138
603 151
598 185
644 152
644 153
604 116
590 181
623 129
664 167
569 158
615 125
614 126
656 163
561 154
584 151
562 119
667 172
573 128
572 129
614 166
633 179
606 162
565 124
585 139
625 175
626 140
645 153
572 169
618 136
591 182
637 149
564 165
583 178
629 145
575 174
648 158
647 159
594 187
595 152
587 148
566 125
607 126
558 121
577 134
618 172
659 173
638 150
610 168
651 169
670 182
630 146
576 175
617 176
622 142
641 155
568 171
587 184
588 149
628 185
607 162
620 181
580 145
599 158
600 123
640 159
619 136
586 188
592 119
611 132
652 170
584 115
671 183
603 128
663 179
569 135
561 131
561 132
602 169
581 146
621 182
613 178
614 143
633 156
593 120
579 185
585 116
625 152
626 117
571 181
644 165
643 166
563 177
591 159
596 125
583 155
562 132
594 164
594 165
573 141
614 179
655 180
565 137
606 175
647 176
626 153
572 182
618 149
658 185
637 162
564 178
610 145
629 158
630 123
575 187
576 152
622 119
595 165
636 166
568 148
587 161
588 126
607 139
580 122
599 135
659 186
619 113
651 182
609 185
569 112
601 181
580 158
581 123
621 159
640 172
567 188
613 155
632 168
631 169
592 132
633 133
612 110
579 162
584 128
598 175
644 142
644 143
590 171
569 148
615 115
582 167
561 144
602 182
643 183
573 118
614 156
633 169
565 114
606 152
625 165
666 166
626 130
645 143
572 159
618 126
591 172
637 139
564 155
610 122
583 168
629 135
575 164
648 148
576 129
594 177
595 142
587 138
607 116
639 185
558 111
659 163
610 158
651 159
670 172
576 165
617 166
622 132
589 184
636 179
568 161
609 162
628 175
588 139
580 135
620 171
599 148
640 149
586 178
632 145
632 146
611 122
652 160
578 174
603 118
598 152
663 169
569 125
602 159
561 121
560 122
621 172
662 173
613 168
614 133
632 181
673 182
633 146
606 129
579 175
625 142
665 178
665 179
571 171
644 155
572 136
590 184
563 167
591 149
582 180
583 145
575 141
594 154
595 119
655 170
587 115
606 165
647 166
666 179
639 162
572 172
618 139
658 175
564 168
610 135
605 169
624 182
575 177
616 178
576 142
622 109
595 155
568 138
636 156
608 174
587 151
588 116
628 152
607 129
574 181
599 125
659 176
577 186
651 172
652 173
653 172
557 128
617 179
609 175
601 171
602 136
620 184
581 113
621 149
661 185
640 162
567 178
613 145
614 110
632 158
631 159
578 187
579 152
584 118
625 119
598 165
570 183
571 148
590 161
591 126
582 157
583 122
602 172
643 173
662 186
594 131
635 169
654 182
614 146
646 178
606 142
589 135
626 120
571 184
612 185
572 149
618 116
563 180
564 181
565 180
564 145
604 181
610 112
624 159
629 125
575 154
576 119
594 167
595 132
568 115
636 133
655 183
587 128
647 179
639 175
605 182
651 149
652 150
597 178
617 156
589 174
636 169
608 187
607 187
609 152
628 165
601 148
620 161
580 125
621 126
567 155
640 139
613 122
586 168
632 135
579 129
570 160
598 142
590 138
631 176
569 115
601 184
561 111
560 110
642 185
602 149
634 181
662 163
613 158
614 159
615 158
614 123
654 159
673 172
633 136
606 119
625 132
665 168
571 161
572 126
590 174
563 157
591 139
564 122
582 170
583 135
623 171
556 118
643 186
575 131
635 182
627 178
655 160
647 156
666 169
593 185
639 152
585 181
658 165
564 158
605 159
610 125
624 172
597 155
616 168
576 132
617 133
608 164
568 128
636 146
609 129
628 142
574 171
620 138
599 115
566 167
672 185
577 176
557 118
598 119
589 187
609 165
650 166
601 161
669 179
602 126
620 174
661 175
621 139
567 168
613 135
653 171
586 181
632 148
560 129
578 177
619 178
598 155
570 173
571 138
591 116
563 134
643 163
662 176
635 159
594 121
654 172
581 188
627 155
673 185
646 168
606 132
665 181
593 162
612 175
572 139
563 170
604 171
605 136
623 184
596 167
624 149
615 180
575 144
616 145
595 122
562 174
608 141
587 118
628 119
573 183
639 165
565 179
605 172
597 168
616 181
589 164
617 146
657 182
608 177
649 178
609 142
628 155
601 138
574 184
620 151
621 116
566 180
567 145
613 112
586 158
559 141
559 142
632 125
578 154
579 119
570 150
598 132
571 115
631 166
590 128
650 179
582 124
602 139
642 175
643 140
634 171
635 136
653 184
614 113
600 178
560 142
646 145
625 122
592 174
571 151
611 187
572 116
612 152
591 129
563 147
564 112
604 148
623 161
583 125
624 126
575 121
615 157
594 134
635 172
627 168
647 146
593 175
639 142
585 171
604 184
645 185
605 149
624 162
596 180
597 145
616 158
657 159
589 141
617 123
562 187
568 118
608 154
636 136
609 119
628 132
601 115
574 161
620 128
566 157
567 122
586 135
672 175
577 166
578 131
638 182
570 127
589 177
630 178
631 143
622 174
650 156
669 169
601 151
641 187
602 116
642 152
588 181
621 129
661 165
634 148
567 158
653 161
613 125
560 119
579 132
619 168
570 163
611 164
571 128
590 141
631 179
563 124
582 137
623 138
643 153
634 184
675 185
635 149
581 178
654 162
627 145
646 158
592 187
593 152
584 183
612 165
585 148
604 161
605 126
623 174
596 157
556 121
624 139
597 122
615 170
616 135
562 164
608 131
668 182
573 173
660 178
574 138
565 169
566 134
585 184
626 185
577 143
618 181
597 158
638 159
589 154
617 136
657 172
630 155
609 132
649 168
601 128
641 164
620 141
566 170
607 171
567 135
586 148
559 131
577 179
578 144
619 145
570 140
598 122
590 118
631 156
650 169
622 187
582 114
642 165
634 161
653 174
581 155
627 122
600 168
560 132
619 181
592 164
593 129
611 177
584 160
612 142
563 137
603 173
604 138
583 115
596 134
624 116
569 180
656 185
575 111
615 147
616 112
562 141
627 158
573 150
593 165
565 146
585 161
626 162
645 175
605 139
596 170
637 171
597 135
616 148
589 131
617 113
562 177
608 144
648 180
628 122
573 186
574 151
620 118
565 182
566 147
567 112
586 125
577 156
578 121
638 172
570 117
630 168
631 133
649 181
622 164
650 146
641 177
642 142
588 171
634 138
607 184
580 167
613 115
653 151
599 180
600 145
619 158
579 122
592 141
611 154
612 119
563 114
603 150
582 127
623 128
664 166
569 157
643 143
615 124
656 162
561 153
635 139
581 168
667 171
627 135
646 148
592 177
593 142
633 178
612 155
584 173
585 138
604 151
644 187
645 152
605 116
556 111
596 147
624 129
615 160
616 125
608 121
648 157
668 172
573 163
660 168
574 128
565 159
566 124
626 175
558 120
618 171
637 184
610 167
638 149
657 162
629 180
630 145
609 122
649 158
622 141
641 154
607 161
567 125
599 157
559 121
619 135
611 131
652 169
671 182
631 146
622 177
663 178
642 155
634 151
580 180
600 158
611 167
612 132
603 163
604 128
644 164
623 141
664 179
569 170
615 137
656 175
562 131
667 184
614 178
606 174
565 136
625 187
626 152
605 129
572 181
645 165
618 148
637 161
589 121
629 157
575 186
648 170
608 134
595 164
566 137
607 138
558 133
618 184
659 185
638 162
610 180
651 181
630 158
631 123
576 187
622 154
641 167
568 183
634 128
607 174
599 170
640 171
619 148
652 182
611 144
612 109
623 118
569 147
615 114
602 181
561 143
627 125
614 155
633 168
625 164
644 177
645 142
637 138
616 115
562 144
608 111
648 147
594 176
573 153
606 187
565 149
566 114
626 165
558 110
577 123
618 161
637 174
610 157
638 139
629 170
630 135
670 171
649 148
622 131
595 177
636 178
641 144
607 151
599 147
559 111
619 125
570 120
652 159
611 121
671 172
631 136
663 168
569 124
634 141
621 171
600 148
640 184
613 167
632 180
633 145
612 122
603 153
598 187
644 154
664 169
623 131
656 165
615 127
562 121
667 174
614 168
573 130
633 181
565 126
606 164
625 177
666 178
626 142
645 155
618 138
564 167
637 151
610 134
629 147
648 160
566 127
607 128
558 123
659 175
610 170
651 171
630 148
670 184
617 178
622 144
568 173
609 174
628 187
620 183
599 160
640 161
619 138
632 157
611 134
652 172
598 164
663 181
569 137
561 133
602 171
621 184
662 185
613 180
614 145
633 158
606 141
579 187
625 154
626 119
571 183
644 167
572 148
563 179
629 124
562 134
594 166
655 182
565 139
606 177
647 178
626 155
639 174
572 184
618 151
564 180
610 147
605 181
629 160
630 125
575 189
622 121
595 167
636 168
608 186
568 150
628 164
607 141
599 137
619 115
651 184
611 111
609 187
569 114
601 183
602 148
561 110
621 161
640 174
613 157
632 170
633 135
625 131
598 177
644 144
656 155
561 146
602 184
643 185
562 111
635 181
573 120
614 158
655 159
565 116
606 154
625 167
666 168
626 132
618 128
658 164
564 157
637 141
610 124
624 171
629 137
648 150
594 179
568 127
607 118
639 187
659 165
651 161
670 174
557 117
617 168
636 181
609 164
628 177
601 160
620 173
621 138
640 151
567 167
632 147
652 162
598 154
570 172
569 127
561 123
602 161
621 174
662 175
613 170
614 135
654 171
673 184
633 148
606 131
625 144
665 180
571 173
644 157
563 169
564 134
623 183
594 156
655 172
647 168
666 181
639 164
658 177
564 170
605 171
610 137
624 184
597 167
616 180
622 111
617 145
568 140
636 158
608 176
628 154
574 183
620 150
566 179
632 124
651 174
577 188
557 130
617 181
609 177
650 178
601 173
620 186
621 151
640 164
567 180
613 147
653 183
614 112
632 160
560 141
633 125
625 121
570 185
598 167
571 150
563 146
591 128
643 175
635 171
654 184
627 167
606 144
646 180
647 145
626 122
593 174
612 187
572 151
618 118
563 182
604 183
564 147
610 114
596 179
629 127
624 161
576 121
616 157
562 186
568 117
636 135
628 131
647 181
639 177
605 184
651 151
597 180
617 158
636 171
609 154
628 167
601 150
669 168
620 163
621 128
567 157
640 141
613 124
632 137
570 162
598 144
631 178
602 151
561 113
642 187
643 152
662 165
634 183
613 160
614 125
654 161
646 157
625 134
665 170
571 163
572 128
612 164
563 159
677 181
564 124
623 173
556 120
575 133
615 169
635 184
676 185
627 180
655 162
647 158
666 171
639 154
658 167
605 161
624 174
597 157
616 170
617 135
568 130
608 166
636 148
609 131
628 144
620 140
566 169
557 120
590 117
609 167
622 186
650 168
669 181
601 163
642 164
621 141
661 177
567 170
613 137
653 173
560 131
578 179
579 144
619 180
570 175
571 140
611 176
590 153
591 118
563 136
582 149
583 114
643 165
662 178
594 123
635 161
654 174
627 157
646 170
665 183
593 164
612 177
585 160
564 137
604 173
605 138
623 186
624 151
596 169
597 134
615 182
576 111
617 112
562 176
608 143
587 120
628 121
573 185
574 150
620 117
565 181
586 124
605 174
577 155
597 170
638 171
617 148
657 184
589 166
608 179
609 144
649 180
641 176
601 140
574 186
620 153
621 118
566 182
567 147
607 183
613 114
586 160
632 127
578 156
579 121
598 134
570 152
571 117
590 130
631 168
563 113
650 181
582 126
642 177
643 142
634 173
635 138
653 186
581 167
614 115
627 134
560 144
600 180
646 147
606 111
592 176
593 141
572 118
584 172
612 154
563 149
603 185
604 150
583 127
623 163
556 110
624 128
615 159
575 123
616 124
627 170
668 171
573 162
647 148
593 177
639 144
585 173
604 186
645 187
605 151
596 182
597 147
637 183
616 160
589 143
617 125
657 161
636 138
608 156
609 121
628 134
601 117
574 163
620 130
566 159
567 124
672 177
586 137
559 120
577 168
578 133
638 184
570 129
630 180
631 145
622 176
650 158
669 171
602 118
642 154
661 167
588 183
634 150
613 127
580 179
653 163
600 157
560 121
579 134
619 170
570 165
611 166
571 130
612 131
631 181
563 126
603 162
582 139
623 140
664 178
569 169
643 155
615 136
634 186
635 151
581 180
627 147
667 183
646 160
593 154
612 167
584 185
585 150
604 163
605 128
623 176
556 123
596 159
624 141
597 124
615 172
616 137
589 120
562 166
608 133
668 184
573 175
574 140
660 180
565 171
566 136
626 187
558 132
577 145
618 183
610 179
638 161
657 174
589 156
630 157
609 134
649 170
576 186
622 153
601 130
641 166
566 172
607 173
567 137
559 133
599 169
578 146
619 147
570 142
598 124
611 143
590 120
631 158
582 116
642 167
634 163
581 157
627 124
600 170
619 183
592 166
593 131
611 179
612 144
584 162
585 127
603 175
604 140
623 153
596 136
624 118
569 182
575 113
615 149
656 187
616 114
562 143
608 110
573 152
574 117
606 186
639 134
565 148
585 163
626 164
605 141
645 177
577 122
597 137
637 173
638 138
629 169
589 133
617 115
648 182
608 146
609 111
595 176
628 124
641 143
574 153
620 120
565 184
566 149
567 114
607 150
586 127
559 110
577 158
578 123
638 174
570 119
630 170
631 135
622 166
650 148
641 179
642 144
588 173
634 140
607 186
580 169
653 153
581 134
599 182
600 147
560 111
619 160
592 143
571 120
611 156
584 139
612 121
563 116
603 152
604 117
623 130
664 168
569 159
615 126
656 164
561 155
635 141
581 170
627 137
667 173
573 129
633 180
584 175
625 176
604 153
605 118
645 154
624 131
591 183
596 149
637 150
597 114
616 127
562 156
648 159
608 123
668 174
573 165
571 119
574 130
660 170
565 161
566 126
626 177
558 122
577 135
618 173
637 186
610 169
638 151
657 164
629 182
630 147
576 176
649 160
622 143
601 120
641 156
568 172
587 185
567 127
607 163
559 123
599 159
600 124
619 137
570 132
652 171
611 133
671 184
631 148
603 129
663 180
569 136
588 186
634 153
580 182
621 183
627 114
600 160
593 121
633 157
612 134
585 117
603 165
644 166
604 130
623 143
664 181
596 126
569 172
615 139
656 177
562 133
667 186
614 180
573 142
565 138
606 176
626 154
645 167
577 112
618 150
597 127
637 163
564 179
610 146
589 123
629 159
630 124
648 172
575 188
576 153
595 166
566 139
607 140
586 117
558 135
599 136
578 113
619 114
610 182
651 183
630 160
631 125
576 189
622 156
568 185
634 130
580 159
581 124
599 172
600 137
640 173
619 150
592 133
632 169
652 184
611 146
612 111
584 129
623 120
569 149
615 116
656 154
561 145
602 183
562 110
627 127
573 119
614 157
593 134
633 170
606 153
565 115
585 130
625 166
626 131
644 179
645 144
572 160
591 173
596 139
637 140
583 169
629 136
562 146
648 149
608 113
594 178
595 143
574 120
660 160
565 151
566 116
626 167
558 112
577 125
618 163
659 164
610 159
638 141
629 172
670 173
630 137
649 150
576 166
622 133
595 179
568 162
641 146
587 175
588 140
628 176
607 153
580 136
599 149
559 113
600 114
619 127
611 123
652 161
671 174
603 119
663 170
569 126
674 179
561 122
602 160
621 173
581 137
640 186
613 169
592 146
632 182
633 147
612 124
579 176
584 142
625 143
604 120
644 156
590 185
596 116
582 181
615 129
656 167
561 158
562 123
594 155
614 170
573 132
655 171
606 166
565 128
625 179
626 144
666 180
645 157
658 176
572 173
618 140
591 186
564 169
637 153
610 136
583 182
629 149
648 162
575 178
576 143
622 110
595 156
555 120
568 139
588 117
607 130
558 125
599 126
659 177
651 173
557 129
617 180
622 146
568 175
609 176
588 153
601 172
620 185
580 149
621 150
581 114
640 163
600 127
592 123
632 159
611 136
652 174
578 188
584 119
603 132
598 166
590 162
623 110
569 139
561 135
602 173
621 186
613 182
654 183
614 147
633 160
606 143
625 156
626 121
571 185
644 169
572 150
618 117
563 181
591 163
564 146
583 159
629 126
575 155
594 168
595 133
655 184
587 129
647 180
639 176
618 153
564 182
610 149
605 183
651 150
597 179
630 127
576 156
617 157
622 123
568 152
641 136
587 165
588 130
628 166
607 143
580 126
620 162
599 139
640 140
586 169
619 117
651 186
652 151
611 113
569 116
601 185
561 112
602 150
621 163
640 176
613 159
614 124
632 172
633 137
579 166
584 132
625 133
598 179
571 162
644 146
590 175
591 140
563 158
582 171
583 136
562 113
643 187
594 145
635 183
614 160
627 179
655 161
565 118
606 156
647 157
593 186
626 134
666 170
658 166
618 130
637 143
564 159
610 126
583 172
629 139
624 173
575 168
616 169
576 133
595 146
568 129
636 147
587 142
607 120
599 116
659 167
651 163
670 176
557 119
617 170
636 183
609 166
628 179
601 162
669 180
580 139
620 175
621 140
567 169
640 153
613 136
586 182
632 149
578 178
579 143
570 174
598 156
590 152
569 129
582 148
602 163
561 125
643 164
662 177
613 172
614 137
654 173
633 150
646 169
606 133
579 179
665 182
625 146
571 175
572 140
612 176
591 153
563 171
564 136
582 184
623 185
575 145
615 181
594 158
595 123
655 174
587 119
647 170
666 183
639 166
658 179
605 173
608 178
624 186
597 169
616 182
576 146
617 147
622 113
589 165
568 142
636 160
609 143
588 120
628 156
574 185
580 116
620 152
621 117
566 181
632 126
598 133
609 179
650 180
601 175
602 140
642 176
621 153
567 182
613 149
653 185
614 114
632 162
633 127
560 143
625 123
598 169
570 187
571 152
572 117
590 165
591 130
563 148
583 126
643 177
575 122
635 173
594 135
654 186
627 169
606 146
646 182
647 147
593 176
639 143
572 153
576 123
585 172
618 120
604 185
564 149
605 150
610 116
624 163
596 181
575 158
616 159
617 124
562 188
568 119
608 155
636 137
587 132
628 133
574 162
639 179
672 176
605 186
651 153
597 182
638 183
589 178
617 160
609 156
628 169
669 170
601 152
602 117
620 165
621 130
661 166
567 159
640 143
613 126
586 172
632 139
579 133
598 146
570 164
571 129
590 142
631 180
582 138
602 153
643 154
634 185
662 167
635 150
654 163
581 179
614 127
673 176
646 159
665 172
571 165
572 130
612 166
563 161
564 126
604 162
583 139
623 175
556 122
624 140
615 171
575 135
594 148
635 186
627 182
655 164
668 183
573 174
647 160
639 156
658 169
585 185
605 163
624 176
597 159
616 172
617 137
589 155
657 173
636 150
608 168
609 133
628 146
601 129
574 175
620 142
566 171
567 136
586 149
577 180
578 145
598 123
570 141
590 119
631 157
650 170
582 115
669 183
601 165
642 166
602 130
661 179
634 162
567 172
653 175
613 139
600 169
560 133
579 146
625 113
570 177
571 142
611 178
590 155
603 174
563 138
591 120
582 151
583 116
623 152
643 167
569 181
575 112
635 163
594 125
654 176
627 159
646 172
593 166
612 179
585 162
604 175
605 140
624 153
596 171
597 136
615 184
576 113
616 149
617 114
562 178
608 145
609 110
628 123
573 187
574 152
620 119
565 183
566 148
586 126
577 157
578 122
597 172
638 173
657 186
589 168
630 169
609 146
649 182
650 147
601 142
641 178
621 120
566 184
567 149
653 152
613 116
586 162
599 181
632 129
578 158
579 123
619 159
598 136
570 154
590 132
631 170
563 115
650 183
582 128
642 179
643 144
634 175
635 140
581 169
654 153
627 136
600 182
606 113
646 149
592 178
593 143
612 156
572 120
584 174
563 151
604 152
564 116
605 117
623 165
556 112
624 130
596 148
615 161
575 125
608 122
627 172
668 173
573 164
660 169
574 129
593 179
565 160
639 146
585 175
626 176
605 153
596 184
637 185
597 149
657 163
629 181
589 145
617 127
608 158
609 123
649 159
628 136
601 119
574 165
620 132
567 126
586 139
672 179
559 122
577 170
578 135
638 186
570 131
630 182
631 147
622 178
650 160
602 120
642 156
661 169
588 185
634 152
580 181
653 165
560 123
600 159
619 172
592 155
571 132
611 168
612 133
563 128
603 164
604 129
623 142
664 180
569 171
615 138
656 176
594 115
635 153
581 182
627 149
667 185
593 156
584 187
612 169
604 165
605 130
645 166
596 161
624 143
597 126
615 174
616 139
589 122
562 168
608 135
648 171
668 186
573 177
574 142
660 182
620 109
565 173
566 138
586 116
558 134
618 185
577 147
578 112
638 163
610 181
657 176
630 159
631 124
576 188
649 172
622 155
641 168
601 132
568 184
588 162
621 110
634 129
567 139
607 175
599 171
559 135
600 136
579 113
619 149
570 144
611 145
652 183
631 160
590 122
603 141
582 118
623 119
634 165
635 130
581 159
627 126
600 172
592 168
593 133
611 181
584 164
612 146
585 129
603 177
604 142
644 178
623 155
596 138
624 120
569 184
615 151
616 116
562 145
608 112
573 154
574 119
565 150
566 115
626 166
645 179
577 124
637 175
638 140
629 171
