626 380
627 379
625 380
624 381
628 380
623 380
622 379
621 380
627 381
626 379
627 378
629 381
630 380
626 382
628 379
629 378
628 382
620 381
619 382
618 381
617 382
631 381
632 380
633 381
634 380
635 379
636 380
616 383
615 382
621 382
632 382
623 379
624 378
623 377
625 377
626 376
627 375
635 381
626 378
628 375
627 377
629 374
628 373
629 372
630 373
615 384
618 383
629 383
619 384
633 383
624 380
634 382
625 379
616 385
632 384
631 384
623 381
635 383
637 380
629 376
615 386
618 385
636 384
637 385
631 379
619 386
633 385
624 382
634 384
625 381
614 381
613 380
612 379
614 379
612 381
638 384
639 385
640 384
640 386
641 387
642 386
643 385
642 384
643 383
644 383
645 382
644 381
645 380
646 379
647 380
646 381
640 388
643 387
646 383
648 380
642 388
644 385
643 380
642 379
643 378
642 377
643 376
642 375
643 374
644 374
645 373
644 372
645 371
646 370
647 371
646 372
647 373
645 375
646 374
648 371
644 376
643 371
642 370
641 371
640 370
639 369
638 368
637 367
636 368
639 367
637 369
636 370
635 370
643 369
637 371
635 367
646 376
627 372
623 383
635 385
615 379
616 380
638 386
630 382
622 378
642 374
631 374
631 375
634 370
631 383
619 381
642 383
641 382
634 379
643 375
635 371
635 372
646 371
646 380
623 378
612 378
627 376
615 383
645 384
646 385
638 372
649 372
638 381
638 382
649 381
641 377
630 377
641 386
622 382
650 373
650 374
642 369
641 368
650 382
650 383
642 378
631 378
642 387
619 385
634 383
635 366
634 365
627 371
645 370
615 378
645 379
626 375
637 384
629 380
618 380
638 367
630 372
641 372
638 385
630 381
641 381
622 377
631 373
642 373
634 369
619 380
634 378
633 382
645 374
637 370
648 370
626 370
645 383
637 379
648 379
629 375
629 384
618 384
638 371
649 371
650 370
650 369
650 368
649 367
641 367
649 380
650 379
650 378
649 377
649 376
638 380
630 376
641 376
630 385
630 386
630 387
631 388
641 385
622 381
642 368
643 367
643 366
642 365
642 364
641 363
634 364
635 363
636 363
635 362
634 361
634 360
644 377
633 377
633 386
644 386
614 382
625 382
645 369
645 378
648 374
626 374
645 387
645 388
637 383
626 383
626 384
629 379
618 379
629 388
629 389
630 390
630 391
631 392
631 393
632 394
633 395
633 396
634 397
634 398
638 366
637 365
649 366
650 365
651 366
650 364
649 363
648 365
647 364
646 363
646 362
641 362
649 375
630 371
631 370
631 369
630 368
630 367
629 370
641 380
622 376
634 359
635 358
635 357
632 389
633 363
614 377
633 390
634 389
635 390
634 388
633 391
633 399
633 400
632 398
631 397
630 396
630 395
629 394
629 393
629 397
629 398
629 399
630 400
630 399
645 364
645 365
646 366
646 367
644 363
643 362
643 361
642 360
642 359
643 358
641 358
648 369
626 369
627 368
628 368
627 367
625 368
637 378
636 377
635 376
634 375
638 377
639 378
634 374
638 376
637 375
637 374
638 375
648 378
637 387
637 388
637 389
638 390
638 391
637 392
637 393
637 394
638 395
638 396
638 394
637 397
637 398
638 399
638 400
629 392
636 391
630 366
631 365
631 364
630 363
630 362
629 361
629 365
628 364
627 363
627 362
641 366
628 396
627 395
626 394
626 393
626 392
625 391
625 395
625 396
626 397
626 398
640 379
621 375
632 375
632 393
633 358
644 367
633 376
633 394
634 393
625 390
626 389
627 390
626 388
625 387
625 386
645 368
637 364
638 363
639 364
638 362
638 361
639 360
639 359
638 358
638 357
637 360
648 364
626 364
626 365
625 363
624 362
624 361
623 360
623 359
629 360
628 359
627 359
627 358
626 360
648 373
637 373
626 373
625 372
624 371
623 370
623 369
622 368
623 368
622 367
622 371
622 372
622 373
623 374
624 375
623 373
639 392
640 393
629 369
639 401
640 402
641 401
642 402
641 400
641 399
640 403
640 398
640 397
641 396
642 397
641 395
618 378
619 377
620 378
619 376
618 375
619 375
618 374
617 373
651 375
636 386
651 384
636 395
641 361
628 391
620 387
652 367
653 368
653 369
653 370
654 371
652 368
640 365
652 376
652 377
653 378
653 379
654 380
632 370
621 370
620 369
652 385
653 384
654 385
653 383
652 382
652 386
653 387
653 388
652 381
640 383
632 379
621 379
640 392
641 391
642 392
642 393
643 394
641 390
644 395
644 396
645 397
645 398
646 399
644 399
644 400
645 401
645 402
644 394
645 393
645 392
644 391
644 390
632 388
621 388
622 387
623 388
623 387
622 386
621 389
622 390
622 391
622 392
623 392
621 393
621 394
640 401
632 397
644 362
633 362
632 361
631 360
631 359
631 358
630 358
633 371
633 372
644 371
625 367
624 366
623 365
623 364
622 363
622 362
621 361
620 360
619 361
619 362
643 403
633 380
644 380
635 399
636 400
614 376
615 375
616 376
615 374
615 373
614 373
614 372
613 375
612 374
612 373
625 376
625 385
655 386
645 363
647 382
648 383
648 384
649 385
648 386
649 386
650 387
650 388
624 385
648 387
648 388
648 389
649 390
649 391
650 392
648 392
648 393
649 394
649 395
649 396
650 397
648 397
648 398
649 399
649 400
651 389
651 398
652 390
652 391
653 392
653 393
654 394
652 399
652 400
647 396
651 393
651 394
652 395
652 396
653 397
654 397
655 396
656 397
657 396
657 395
656 394
657 394
656 393
656 392
657 391
657 390
656 389
657 389
656 388
655 391
626 359
625 358
637 359
655 395
647 391
646 390
658 391
624 389
648 368
637 368
639 387
629 364
647 400
647 401
639 396
636 372
651 370
636 381
628 377
651 379
617 377
636 390
659 392
660 391
660 390
659 389
660 388
660 387
660 386
660 385
659 384
660 383
660 382
660 381
659 393
659 388
659 383
647 387
658 382
657 381
657 380
656 379
656 378
655 377
654 376
654 375
653 374
653 373
652 372
617 386
651 388
636 399
620 382
651 397
628 395
640 360
652 371
640 369
632 365
652 380
640 378
632 374
621 374
620 373
619 372
619 371
618 370
618 369
617 368
616 367
616 366
615 365
640 387
632 383
621 383
621 384
613 379
632 392
621 392
620 391
619 391
619 390
618 389
618 388
633 357
643 389
654 389
633 366
633 367
644 366
625 362
643 398
654 398
654 399
644 375
633 375
635 394
646 394
625 371
614 371
615 370
616 371
615 369
614 368
614 367
613 370
655 372
656 373
616 381
656 374
656 375
657 376
657 375
647 368
655 381
647 377
658 377
655 390
639 373
640 374
647 386
624 384
639 382
647 395
629 359
624 393
658 395
636 358
639 391
636 367
639 400
651 365
628 363
636 376
659 378
659 379
651 374
628 372
617 372
659 387
658 386
657 386
657 385
656 384
656 383
636 385
620 368
619 367
618 366
619 366
618 365
617 364
618 364
617 363
617 381
651 383
628 381
636 394
620 377
628 390
651 392
620 386
640 364
652 366
621 360
650 396
632 360
640 373
632 369
621 369
640 382
642 401
621 378
632 378
613 374
632 387
643 384
654 384
644 361
645 360
633 361
635 380
654 393
643 393
646 389
635 389
643 402
625 366
627 385
627 386
628 386
646 398
635 398
647 363
655 376
627 394
647 372
624 370
655 385
639 368
658 381
647 381
624 379
655 394
639 377
616 375
647 390
658 390
624 388
616 384
639 386
647 399
636 362
639 395
628 358
636 371
651 369
628 367
617 367
620 363
620 364
621 365
628 376
651 378
617 376
636 389
620 372
617 385
628 385
628 394
640 359
620 390
650 391
640 368
631 387
632 364
650 400
621 364
631 396
653 396
642 396
621 373
632 373
634 392
643 370
654 370
634 401
613 378
643 379
654 379
646 375
635 375
643 388
654 388
646 384
623 382
635 384
643 397
627 380
623 391
646 393
635 393
615 387
627 389
655 371
646 402
647 367
624 365
655 380
627 398
639 363
624 374
658 376
647 376
655 389
639 372
616 370
624 383
658 385
647 385
616 379
639 381
658 394
624 392
636 357
639 390
616 388
636 366
628 362
636 375
628 371
617 371
651 373
620 367
617 380
620 376
650 377
620 385
650 386
640 363
631 382
653 382
642 382
632 359
650 395
653 391
642 391
619 389
631 391
632 368
634 387
642 400
631 400
643 365
634 396
646 361
635 361
654 374
654 383
627 366
612 377
643 392
654 392
646 388
635 388
623 386
627 384
635 397
646 397
647 362
624 360
627 393
655 375
639 358
624 369
616 365
658 380
616 374
639 376
624 387
657 384
636 361
657 393
638 389
649 389
628 366
617 366
649 398
638 398
620 362
630 394
641 394
620 371
650 372
641 403
631 368
650 381
631 377
653 377
650 390
634 373
631 386
653 386
650 399
653 395
631 395
642 395
643 360
634 391
654 369
634 400
635 365
623 363
646 365
654 378
627 361
612 372
623 372
635 374
654 387
627 370
615 368
615 377
646 392
635 392
623 390
627 388
647 366
624 364
627 397
645 396
639 362
624 373
639 371
616 369
648 401
637 401
637 402
616 378
657 379
657 388
649 384
628 361
649 393
638 393
641 389
630 389
620 366
638 402
650 367
622 385
641 398
630 398
631 363
642 363
650 376
622 394
623 395
623 396
619 370
631 372
642 372
653 372
650 385
634 368
642 381
653 381
619 379
650 394
634 377
619 388
631 390
653 390
642 390
634 386
642 399
631 399
653 399
643 364
634 395
635 360
646 360
643 373
654 373
623 367
646 369
635 369
654 382
627 365
623 376
646 378
635 378
612 376
627 374
615 372
623 385
627 383
615 381
623 394
624 359
660 380
645 391
624 368
626 387
660 389
639 366
645 400
616 364
637 396
648 396
626 396
616 373
657 374
649 370
638 370
657 383
638 379
649 379
657 392
641 375
630 375
638 388
649 388
630 384
641 384
638 397
649 397
622 380
641 393
630 393
642 358
650 371
622 389
641 402
619 365
653 367
631 367
642 367
650 380
634 363
642 376
653 376
619 374
631 376
650 389
634 372
619 383
631 385
642 385
653 385
634 381
653 394
643 359
634 390
643 368
654 368
656 387
635 364
646 364
623 362
627 360
656 396
646 373
635 373
623 371
627 369
615 367
612 380
615 376
645 377
615 385
645 386
624 363
637 382
648 382
660 384
645 395
626 391
648 391
637 391
618 387
629 387
648 400
637 400
638 365
649 365
657 378
629 396
630 361
649 374
638 374
657 387
641 370
630 370
638 383
649 383
622 366
630 379
641 379
649 392
638 392
622 375
641 388
630 388
641 397
649 401
622 384
650 366
630 397
642 362
631 362
622 393
650 375
634 358
652 394
653 371
642 371
619 369
631 371
634 367
642 380
653 380
619 378
631 380
634 376
619 387
634 385
656 382
635 359
644 389
633 389
656 391
623 366
644 398
627 364
633 398
623 375
625 394
615 371
645 372
626 368
645 381
626 377
637 377
648 377
645 390
629 373
618 373
637 386
626 386
645 399
629 382
618 382
637 395
648 395
626 395
638 360
657 373
618 391
629 391
638 369
649 369
657 382
641 365
630 365
638 378
649 378
622 361
630 374
641 374
638 387
649 387
622 370
630 383
641 383
630 392
641 392
631 357
622 388
652 389
642 366
631 366
619 364
634 362
640 396
652 398
619 373
653 375
634 371
656 377
633 384
644 384
656 386
623 361
614 380
633 393
644 393
656 395
625 389
644 402
615 366
645 367
626 363
648 363
637 363
645 376
648 372
637 372
626 372
645 385
629 368
618 368
637 381
626 381
648 381
645 394
618 377
629 377
626 390
648 390
637 390
629 386
618 386
637 399
648 399
649 364
638 364
657 377
629 395
641 360
630 360
638 373
649 373
641 369
630 369
649 382
622 365
641 378
630 378
622 374
652 375
622 383
652 384
642 361
631 361
634 357
652 393
640 391
619 368
621 387
640 400
634 366
632 396
633 370
656 372
644 370
633 379
644 379
656 381
625 375
614 375
656 390
644 388
633 388
614 384
625 384
633 397
644 397
645 362
625 393
637 358
626 358
648 367
626 367
629 363
618 363
648 376
637 376
645 389
618 372
626 385
648 385
659 382
648 394
638 359
618 390
629 390
659 391
649 368
651 387
641 364
630 364
636 398
651 396
622 360
641 373
622 369
652 370
640 377
652 379
652 388
619 363
640 395
652 397
621 391
632 391
632 400
633 365
644 365
625 361
633 374
656 376
614 370
625 370
656 385
633 392
644 392
625 388
644 401
645 366
625 397
626 362
655 398
637 362
629 358
647 394
626 371
618 367
629 367
639 399
618 376
629 385
659 386
651 382
636 393
630 359
641 359
628 389
651 391
617 389
651 400
628 398
622 364
640 372
652 374
621 368
640 381
652 383
621 377
632 377
652 392
640 390
613 373
632 386
621 386
640 399
613 382
632 395
633 360
644 360
644 369
633 369
643 401
625 365
644 378
633 378
656 380
614 374
625 374
633 387
644 387
625 383
614 383
655 384
645 361
625 392
637 357
655 393
647 389
658 389
626 366
648 366
637 366
629 362
624 396
618 362
647 398
648 375
639 394
629 371
618 371
651 368
636 379
659 381
651 377
617 375
636 388
659 390
628 384
651 386
617 384
636 397
620 380
651 395
628 393
640 358
620 389
640 367
652 369
632 363
621 363
640 376
652 378
632 372
621 372
640 385
652 387
621 381
632 381
640 394
613 377
632 390
621 390
632 399
633 364
644 364
625 360
654 396
643 396
644 373
633 373
625 369
614 369
655 370
644 382
646 401
635 401
625 378
614 378
655 379
647 375
658 375
655 388
647 384
658 384
655 397
637 361
626 361
639 380
624 391
658 393
647 393
616 387
639 389
629 366
636 365
639 398
636 374
617 370
628 370
651 372
636 383
659 385
617 379
651 381
636 392
620 375
651 390
617 388
628 388
636 401
620 384
651 399
628 397
640 362
620 393
632 358
652 373
640 371
621 367
632 367
640 380
632 376
621 376
640 389
613 372
632 385
621 385
613 381
643 382
633 359
644 359
643 391
654 391
633 368
644 368
646 387
635 387
643 400
625 364
635 396
646 396
625 373
627 392
655 374
647 370
655 383
647 379
624 377
658 379
655 392
639 375
624 386
658 388
647 388
639 384
616 382
647 397
624 395
636 360
639 393
636 369
639 402
628 365
617 365
651 367
636 378
659 380
620 361
628 374
617 374
651 376
636 387
620 370
617 383
628 383
651 385
636 396
620 379
628 392
640 357
620 388
640 366
650 398
632 362
621 362
640 375
642 394
631 394
621 371
632 371
642 403
634 399
613 376
643 377
654 377
643 386
654 386
646 382
635 382
643 395
654 395
625 359
635 391
646 391
623 389
627 387
646 400
635 400
647 365
627 396
655 378
639 361
647 374
624 372
655 387
639 370
616 368
658 383
647 383
616 377
639 379
658 392
647 392
624 390
639 388
616 386
636 364
639 397
628 360
636 373
617 369
651 371
628 369
636 382
620 365
638 401
628 378
651 380
617 378
620 374
628 387
617 387
620 383
650 384
640 361
620 392
632 357
650 393
653 389
642 389
631 389
621 366
632 366
642 398
653 398
631 398
643 363
634 394
613 371
612 375
654 372
643 372
635 368
646 368
643 381
654 381
646 377
635 377
654 390
643 390
627 373
623 384
646 386
635 386
643 399
615 380
627 382
635 395
646 395
623 393
627 391
655 373
647 369
624 367
655 382
639 365
624 376
658 378
647 378
639 374
616 372
658 387
639 383
624 394
636 359
