306 344
305 344
304 345
306 345
307 345
307 344
305 343
308 344
304 343
303 342
305 342
304 346
306 343
305 345
307 342
308 341
306 346
309 345
310 344
309 342
310 341
311 345
302 342
301 341
300 340
299 341
298 342
297 341
301 339
296 342
295 341
294 342
303 344
302 345
294 341
308 340
295 340
294 339
296 339
297 338
293 342
292 342
307 341
306 340
296 341
309 344
311 341
301 340
303 346
302 347
301 347
294 343
295 342
310 342
299 342
300 343
304 347
293 344
292 344
305 346
296 343
307 343
298 340
309 346
311 343
302 340
301 342
312 342
303 339
303 348
294 345
295 344
308 347
307 348
299 344
313 343
314 344
315 345
314 346
313 346
312 347
311 348
310 349
313 348
311 350
312 349
313 350
315 347
314 348
304 340
305 339
305 348
293 346
292 346
291 347
290 346
290 348
309 339
306 349
307 350
309 348
312 344
301 344
303 341
292 341
291 340
290 339
292 339
290 341
289 342
288 341
314 350
297 340
308 349
310 346
290 343
290 344
313 345
300 345
291 342
305 341
293 339
296 338
305 350
305 351
304 352
303 351
302 352
301 351
300 352
301 353
303 350
300 354
288 343
288 344
287 345
286 344
285 345
286 346
285 347
284 347
283 348
282 349
288 346
284 344
283 343
282 342
283 341
282 340
283 339
284 338
285 338
284 340
286 337
285 336
286 335
287 336
288 335
287 338
288 337
285 340
284 342
286 339
282 344
288 339
284 335
283 336
283 345
286 341
282 337
281 338
282 346
283 338
285 335
284 337
284 346
286 343
282 339
288 334
282 348
306 342
309 341
306 351
309 350
311 347
287 347
312 346
289 344
301 346
292 343
303 343
283 340
294 340
281 340
280 340
295 339
284 339
286 336
303 352
281 349
280 349
284 348
286 345
316 346
308 342
297 342
299 339
310 339
311 339
311 338
310 348
290 345
300 347
291 344
293 341
282 341
288 336
282 350
282 351
281 352
280 352
282 353
280 351
279 352
278 353
280 353
309 343
311 340
287 340
312 348
289 346
301 348
301 349
292 345
314 345
303 345
284 341
286 338
281 351
302 349
316 348
317 349
317 350
316 349
318 349
316 351
318 351
319 349
317 347
318 347
285 342
297 344
290 338
280 337
279 336
278 337
277 337
310 350
290 347
300 349
291 346
293 343
282 343
282 352
304 349
315 349
318 348
287 342
289 339
279 338
312 350
301 350
314 347
295 343
284 343
281 353
302 351
316 350
283 347
308 346
285 344
310 343
299 343
290 340
300 342
280 339
291 339
282 336
300 351
291 348
293 345
282 345
304 342
306 339
287 335
315 351
304 351
318 350
306 348
309 347
307 347
298 344
287 344
301 343
289 341
312 343
303 340
281 337
284 336
302 344
285 337
297 339
302 353
283 349
317 351
308 348
285 346
299 345
310 345
300 344
291 341
282 338
300 353
280 350
313 347
304 344
306 341
309 340
296 340
307 340
287 337
306 350
305 352
307 349
287 346
289 343
301 345
312 345
288 345
281 339
295 338
279 351
281 348
311 349
302 346
316 345
283 342
285 339
308 350
285 348
319 350
310 347
286 347
300 346
291 343
293 340
300 355
313 349
315 346
298 339
287 339
306 352
288 338
307 351
289 345
288 347
281 341
285 341
311 342
302 339
279 353
281 350
302 348
316 347
303 347
292 347
317 346
294 344
283 344
308 343
297 343
299 340
310 340
286 340
300 339
280 336
300 348
291 345
304 339
304 348
315 348
305 347
296 344
298 341
287 341
278 338
289 338
288 340
279 337
289 347
311 344
302 341
292 340
283 337
302 350
301 352
303 349
314 349
317 348
283 346
285 343
308 345
284 345
286 342
300 341
280 338
300 350
313 344
290 342
304 341
305 340
287 334
315 350
304 350
306 347
305 349
282 347
307 346
298 343
287 343
289 340
288 342
279 339
281 336
309 349
311 346
302 343
