335 464
336 464
337 464
338 463
336 463
335 462
338 464
337 462
338 461
339 465
337 465
340 464
341 463
339 462
340 461
341 460
342 461
343 460
342 464
344 461
343 463
345 460
346 459
347 458
348 459
349 458
350 457
336 461
351 458
350 456
336 466
349 460
341 465
346 461
348 458
338 466
340 463
339 467
342 466
344 463
343 465
334 462
345 462
352 458
353 457
354 456
353 455
354 454
355 453
356 453
355 455
357 452
356 451
357 450
358 451
359 450
359 452
354 458
355 457
357 454
341 467
346 463
333 463
332 462
332 464
338 468
339 460
338 459
342 459
341 458
342 457
343 456
342 455
353 459
344 456
343 458
345 455
344 454
345 453
344 452
345 451
346 450
347 451
346 452
346 454
348 451
339 469
342 468
344 465
343 467
331 465
330 465
334 464
345 464
349 455
348 456
355 450
354 449
353 448
354 447
353 446
354 445
355 444
356 444
355 446
357 443
356 442
357 441
358 442
359 441
358 444
359 443
360 443
361 443
356 446
355 448
357 445
353 450
359 445
355 441
354 440
355 439
354 438
352 447
355 438
356 437
357 436
356 435
357 434
356 439
351 446
351 455
343 451
343 469
344 470
355 434
355 443
355 452
359 440
344 451
359 449
356 434
358 453
359 454
347 453
347 462
335 460
350 458
351 459
351 460
343 455
339 466
331 462
343 464
355 447
355 456
332 463
354 460
355 461
355 462
346 465
338 470
339 471
358 448
347 457
347 466
347 467
351 445
350 444
351 454
350 453
343 450
339 461
343 459
339 470
331 466
331 467
332 468
332 469
343 468
355 433
355 442
354 455
346 451
346 460
358 434
359 435
359 436
338 465
358 443
347 452
358 452
335 459
347 461
343 454
331 461
332 460
332 459
331 458
331 457
342 458
331 470
331 471
331 472
332 473
355 437
342 467
334 463
354 441
354 450
357 446
354 459
357 455
346 455
346 464
338 460
338 469
358 447
350 443
347 456
358 456
358 457
350 452
351 451
351 450
351 449
350 448
335 463
350 461
350 462
351 463
351 464
362 444
363 443
363 442
362 441
362 445
362 446
363 447
363 448
362 440
362 449
362 450
363 451
363 452
351 444
330 470
361 448
331 456
332 455
332 454
331 453
331 452
364 453
342 453
353 453
342 462
345 458
334 458
354 436
365 454
365 455
366 456
366 457
354 463
354 464
353 462
346 468
346 469
347 470
347 471
347 472
346 473
346 474
347 475
347 476
345 472
345 467
358 433
359 432
360 432
359 431
359 430
358 429
350 447
335 458
336 457
336 456
335 455
335 454
352 465
333 470
364 448
334 453
353 466
353 467
354 468
354 469
345 471
334 471
334 472
335 473
335 474
336 475
335 472
365 449
366 448
367 449
366 447
365 450
366 451
366 452
366 446
367 445
367 444
366 443
366 442
365 441
365 445
365 440
365 458
365 459
365 460
366 461
366 462
367 463
366 460
365 463
365 464
366 465
366 466
366 467
365 468
365 469
366 470
366 471
364 467
363 466
364 462
363 461
362 460
362 459
365 472
364 472
365 473
365 474
364 471
363 470
362 469
362 468
361 467
361 466
361 461
361 462
362 463
362 464
360 460
359 459
364 457
363 457
363 456
362 455
362 454
361 470
361 471
360 469
359 468
358 467
358 466
357 465
357 464
357 468
357 469
358 470
358 471
358 472
357 473
357 474
358 475
358 476
357 477
357 478
357 479
358 480
358 481
357 482
357 483
357 484
356 481
355 480
354 479
354 478
354 477
353 476
353 480
353 481
354 482
354 483
352 479
351 478
350 477
350 476
350 475
349 474
349 478
349 479
350 480
350 481
351 482
351 483
352 484
353 485
353 486
352 483
364 466
353 475
354 474
355 475
354 473
353 472
353 471
352 474
351 473
350 472
350 471
364 475
363 475
362 474
362 473
364 476
361 475
361 476
360 477
362 477
362 478
360 474
360 478
360 479
361 480
361 479
353 484
357 463
358 462
358 461
357 460
357 459
358 428
359 427
360 427
359 426
357 427
356 426
355 425
356 425
355 424
355 423
354 422
358 437
358 438
356 467
355 466
350 442
351 441
351 440
350 439
350 438
356 476
335 453
336 452
348 472
356 485
360 455
330 451
352 460
330 460
349 473
360 473
333 456
330 469
341 469
349 482
349 483
349 484
350 485
350 486
351 487
349 487
349 488
348 486
347 485
346 484
346 483
346 482
347 481
346 480
346 479
347 480
346 478
345 477
345 481
345 476
345 485
345 486
346 487
346 488
347 489
347 490
348 491
345 480
348 481
348 490
333 465
361 447
352 478
364 443
333 474
333 475
334 476
334 477
335 478
335 477
361 456
361 457
352 487
353 452
342 452
341 451
341 450
340 449
339 448
339 447
338 446
339 446
340 445
364 452
361 465
360 464
353 461
364 461
354 426
353 425
354 427
355 428
355 429
356 430
345 457
334 457
364 470
353 470
352 469
351 469
351 468
350 467
349 468
350 466
349 465
349 469
349 464
342 470
342 471
342 472
341 473
343 473
343 474
341 474
342 475
342 476
354 435
353 434
334 466
334 467
335 468
335 469
336 470
345 466
357 431
354 444
353 443
365 444
334 475
345 475
357 440
365 453
367 472
357 449
346 449
347 448
348 449
347 447
346 446
346 445
345 444
344 443
344 442
343 441
342 442
343 440
342 439
342 443
345 448
344 447
343 446
344 446
343 445
338 445
337 444
336 443
336 442
335 441
335 440
336 439
337 440
336 438
336 437
335 436
353 436
352 437
364 477
351 436
351 435
350 434
338 441
339 442
339 443
335 435
336 434
337 435
336 433
350 433
349 432
348 431
348 430
351 432
352 432
351 431
347 429
361 453
354 423
351 430
350 429
349 428
361 452
347 428
346 427
335 444
364 440
335 445
334 444
334 439
338 436
338 437
339 438
339 437
340 436
341 437
340 435
339 434
333 467
339 433
338 432
337 431
337 430
336 429
335 429
334 430
334 431
334 432
333 433
336 428
335 431
348 427
348 426
348 425
347 424
346 424
345 424
344 424
344 423
343 422
330 462
351 474
330 461
360 470
343 421
344 420
345 421
344 419
343 418
344 418
345 417
344 416
345 415
345 416
344 415
344 414
343 413
342 413
341 414
340 413
340 412
341 411
340 411
343 412
346 422
368 446
359 477
347 423
348 422
349 423
358 432
350 428
337 458
348 467
360 441
330 455
341 464
333 460
361 442
352 473
353 438
364 447
355 484
334 461
354 439
367 458
338 431
357 444
344 474
356 448
368 459
337 471
356 484
348 480
349 445
341 441
360 454
352 450
330 468
329 467
363 465
333 473
334 438
333 437
353 451
345 447
367 471
359 467
344 487
343 488
356 461
348 457
349 422
360 431
341 454
340 454
340 453
342 419
341 419
361 432
352 463
353 428
352 428
352 427
351 426
350 425
363 478
355 474
367 448
346 425
359 444
344 464
336 460
356 438
368 449
369 448
370 449
359 480
337 461
348 470
349 435
348 435
348 434
347 433
346 432
340 466
360 444
352 440
351 481
343 477
343 478
363 455
355 451
334 428
333 428
333 427
332 467
344 441
367 461
359 457
344 477
336 473
337 438
348 447
340 443
347 488
362 467
341 444
333 440
345 414
363 468
355 464
359 434
356 428
348 424
340 420
340 421
347 465
358 474
337 451
338 451
339 451
336 450
337 449
336 448
337 448
350 470
370 448
349 425
341 421
352 430
351 471
363 445
332 457
336 427
337 426
367 451
359 447
354 481
346 477
366 455
337 428
356 441
369 460
370 459
369 461
335 467
340 433
347 478
350 483
351 448
370 461
343 444
362 457
331 469
332 434
331 434
332 435
330 435
329 435
329 434
363 458
355 454
332 470
345 489
345 490
365 467
344 444
336 440
340 410
341 409
340 408
341 408
342 409
346 490
347 455
366 468
358 464
350 460
339 450
351 461
343 457
362 470
355 431
361 474
344 421
354 471
346 467
366 445
357 476
358 441
369 450
369 451
335 457
347 468
358 477
350 473
351 438
370 451
371 451
372 452
362 447
339 463
331 459
342 474
334 470
353 483
354 448
345 479
365 457
357 453
336 430
354 484
347 445
366 458
358 454
350 450
343 411
335 470
339 440
331 436
331 437
343 447
355 421
361 464
353 460
332 437
364 469
344 411
345 412
346 412
342 487
341 487
340 486
341 486
342 485
341 484
342 484
354 461
346 457
347 422
365 470
357 466
358 431
350 427
335 447
334 448
350 463
351 428
343 424
349 467
360 476
361 441
352 472
361 477
334 460
353 473
345 469
373 451
374 452
375 453
375 452
374 454
346 434
345 434
346 435
365 447
338 430
346 470
347 435
350 440
356 483
348 479
339 430
340 431
341 431
342 432
343 432
344 432
344 431
330 467
349 480
341 476
340 476
342 441
361 454
333 472
334 437
352 485
345 446
364 459
342 477
334 473
354 451
345 482
346 447
347 412
348 412
349 413
349 412
348 414
338 443
357 456
344 486
335 437
368 471
369 471
370 471
339 407
338 408
338 409
343 414
349 457
340 488
341 453
360 466
361 431
352 462
353 427
341 489
342 454
353 463
354 428
345 459
357 433
368 448
347 425
359 479
371 453
371 454
350 430
337 460
356 473
348 469
349 434
340 465
339 420
338 421
338 420
352 439
372 454
330 457
329 457
349 470
341 466
342 431
333 462
361 444
334 427
352 475
353 440
345 436
345 437
364 449
355 486
367 460
346 437
359 456
338 433
344 476
336 472
356 450
335 427
348 446
368 461
337 473
338 474
339 473
329 469
330 434
348 482
349 447
341 443
342 408
360 456
333 439
352 452
345 413
343 489
343 490
363 467
342 444
355 463
334 440
345 449
346 414
338 410
344 453
367 473
359 469
344 489
337 450
356 463
349 424
340 455
340 456
341 420
360 433
352 429
362 479
341 456
342 421
361 434
362 435
362 434
363 433
364 434
365 435
363 435
365 434
366 433
366 435
367 436
368 437
369 438
370 439
368 436
367 438
370 438
369 440
364 436
364 437
365 437
368 438
333 452
374 453
353 430
345 426
364 439
355 476
375 454
376 455
377 454
367 450
359 446
344 466
336 462
337 427
356 440
348 436
348 437
368 451
340 432
337 463
329 459
370 460
349 437
340 468
341 433
360 446
333 429
352 442
343 479
343 480
369 472
369 473
329 436
349 414
350 415
351 416
352 417
352 418
353 418
351 415
350 417
350 418
351 418
353 417
354 416
353 415
354 415
354 418
355 419
355 418
356 418
356 417
356 416
341 410
352 419
330 437
363 434
342 411
339 485
338 484
339 484
339 483
338 486
338 487
337 483
336 483
340 422
340 423
370 450
341 423
344 433
343 434
343 435
338 475
338 476
369 462
369 463
370 463
371 464
372 464
355 420
328 466
328 465
327 464
328 464
327 466
326 467
325 466
324 466
324 465
324 464
324 463
325 464
323 463
322 464
322 463
327 465
339 475
332 436
344 410
344 409
344 408
342 486
321 463
320 463
319 462
320 461
319 460
318 461
317 461
317 460
320 460
321 459
320 458
321 458
321 461
318 460
321 460
317 462
320 462
345 491
345 492
337 407
337 406
336 405
337 405
336 407
335 404
334 405
333 405
332 404
331 404
331 403
332 402
331 401
330 400
329 399
328 399
327 399
327 398
330 399
329 401
329 402
330 402
332 401
328 398
327 400
326 401
326 402
330 401
333 406
333 407
334 407
326 403
336 406
356 420
357 421
357 420
358 419
358 421
359 422
360 421
361 420
361 419
361 421
362 422
363 423
364 424
364 425
365 425
363 422
362 424
362 425
363 425
365 424
366 423
365 422
366 422
366 425
367 426
368 426
369 427
370 426
369 428
370 428
364 426
365 427
367 427
367 428
368 428
360 423
359 424
363 424
329 403
329 404
346 492
338 488
351 427
370 440
371 441
371 442
372 442
372 441
373 441
374 442
374 441
375 440
375 442
375 441
371 443
371 444
372 444
374 443
374 444
375 444
376 445
377 444
378 445
379 445
380 446
381 445
382 446
382 445
381 447
380 445
378 446
378 447
379 447
382 447
383 448
384 449
385 448
386 449
386 448
387 449
385 450
385 451
386 451
384 448
387 448
383 450
383 451
384 451
386 450
387 451
388 452
389 452
385 452
385 453
377 443
377 442
330 404
362 436
362 437
335 482
334 481
335 480
333 482
333 483
334 483
332 482
331 482
331 481
331 480
331 479
332 478
331 477
330 478
329 477
332 480
328 477
327 477
326 477
327 476
328 475
327 474
328 474
330 477
329 479
329 480
330 480
332 479
325 476
325 475
324 474
325 474
324 476
323 473
322 474
328 476
321 473
320 473
319 473
319 472
320 471
319 470
318 471
317 471
317 470
320 470
321 469
321 471
316 470
315 469
316 468
315 467
314 469
313 468
312 467
313 467
316 467
312 469
318 470
311 466
310 466
310 465
311 464
309 464
308 464
307 465
307 466
308 466
317 472
317 473
318 473
309 463
309 462
320 472
312 468
313 469
334 482
323 472
323 471
316 469
308 465
327 478
326 479
319 474
319 475
339 452
338 453
338 454
363 437
309 466
320 475
373 450
373 449
347 434
377 456
378 457
378 458
379 458
376 457
379 457
380 456
381 455
382 456
379 455
382 455
381 457
381 458
380 455
380 458
378 459
381 459
381 460
369 452
339 429
339 428
370 453
343 436
328 456
327 456
326 457
326 456
325 456
324 456
324 455
324 454
324 453
325 452
324 451
323 451
322 451
325 451
325 454
323 450
325 453
321 450
321 449
320 448
321 448
320 450
319 450
318 449
317 448
318 448
317 450
316 447
315 447
314 446
313 445
312 444
311 444
310 444
310 443
309 442
308 441
313 444
309 441
312 446
312 447
313 447
315 446
316 445
308 443
307 443
311 443
314 448
314 449
315 449
317 449
318 450
310 445
313 446
306 442
305 441
306 440
305 443
304 440
303 440
303 439
304 438
303 437
302 437
301 438
300 437
301 437
300 439
300 440
301 440
306 439
306 438
305 442
302 436
302 435
302 434
316 446
327 455
327 454
327 453
328 452
328 454
328 453
319 451
319 452
309 443
301 439
320 452
312 448
332 426
332 425
331 424
330 423
329 422
330 422
329 424
332 424
328 421
327 421
327 420
328 419
331 426
330 424
313 449
326 468
326 469
373 463
372 462
374 464
373 461
375 464
366 424
358 420
323 462
323 461
323 460
369 429
369 430
351 417
370 430
371 431
372 431
316 459
315 459
314 459
314 458
315 457
313 457
312 457
312 456
313 455
316 457
311 456
310 456
310 455
310 454
310 453
309 452
308 451
311 454
309 451
308 453
307 453
308 454
309 454
311 453
307 455
313 456
306 452
305 451
306 451
306 450
304 450
303 450
309 453
312 458
312 459
313 459
302 449
301 448
302 447
300 449
300 450
301 450
302 446
302 445
299 449
298 449
298 448
298 447
298 446
299 445
297 445
296 444
299 444
299 447
297 444
296 446
295 447
295 446
296 447
297 447
299 446
295 448
301 449
294 445
293 445
293 444
293 443
292 442
291 441
292 441
291 443
294 443
290 440
289 440
288 440
287 440
286 440
291 442
292 443
286 441
287 442
288 443
288 442
289 442
315 458
297 446
362 426
308 455
327 468
300 451
300 452
328 433
328 432
327 431
328 431
327 433
326 434
325 433
324 433
324 432
324 431
325 431
323 430
322 431
322 430
319 464
331 438
332 403
384 450
289 441
330 479
376 446
376 447
309 456
322 475
322 476
341 488
301 452
321 430
320 430
319 430
319 429
320 428
319 427
318 426
317 425
316 425
315 424
314 424
318 425
317 427
317 428
318 428
320 427
321 426
320 425
321 428
313 424
312 424
312 423
313 422
316 424
314 425
314 426
315 426
318 427
311 423
310 423
310 422
310 421
310 420
311 419
309 419
308 418
311 421
309 418
308 420
307 421
307 420
308 421
309 421
311 420
307 422
308 423
321 427
317 429
306 419
305 418
306 418
306 417
305 420
305 421
304 417
304 416
303 415
304 415
303 417
309 420
320 429
312 425
312 426
333 484
333 485
313 426
373 440
372 439
373 439
373 438
305 422
325 400
324 400
324 399
324 398
325 398
323 397
322 396
323 395
322 398
321 395
320 395
319 395
319 394
320 394
321 393
319 396
319 397
320 397
321 394
365 436
344 413
311 465
290 442
342 489
314 470
314 471
302 416
301 415
300 416
300 417
301 417
301 416
334 485
366 437
338 455
318 397
377 446
323 475
315 471
307 467
335 449
334 450
333 450
332 449
331 449
331 448
331 447
331 446
332 445
330 445
329 445
329 444
332 447
328 444
327 444
326 444
327 443
328 442
327 441
328 441
330 444
329 446
329 447
330 447
332 446
325 443
325 442
324 441
325 441
324 443
323 440
322 441
322 442
322 443
328 443
321 440
320 440
319 440
319 439
320 438
319 437
318 436
317 437
317 438
318 438
321 438
316 437
315 437
314 437
314 436
313 435
312 434
313 434
312 436
315 436
316 435
315 434
316 434
318 437
311 433
310 433
310 432
310 431
311 431
309 431
308 431
307 430
306 430
305 431
305 430
308 430
309 429
307 432
307 433
308 433
314 438
304 430
303 430
303 429
303 428
303 427
304 428
304 427
317 439
317 440
306 429
306 428
306 427
318 440
320 439
313 436
305 432
305 433
302 426
301 425
302 425
302 424
301 427
300 427
301 428
300 429
299 426
298 426
298 425
298 424
299 424
297 424
296 424
295 424
295 423
294 423
293 423
293 422
294 421
293 420
292 419
291 418
292 418
291 420
291 421
292 421
294 420
296 423
297 422
292 420
295 425
295 426
296 426
294 422
297 423
316 436
308 432
327 445
326 446
326 447
319 441
319 442
339 419
338 418
339 418
337 418
336 418
336 417
337 416
336 415
337 415
339 417
335 414
334 415
333 415
334 416
333 417
332 414
331 414
331 413
332 412
330 412
329 412
328 411
327 411
326 412
326 411
325 411
324 411
324 410
325 409
324 408
325 408
327 410
328 409
327 408
328 408
334 417
326 413
326 414
323 407
322 406
323 406
323 405
322 408
322 409
321 405
320 405
319 406
319 407
318 405
317 405
317 404
318 403
320 407
316 404
315 404
314 404
314 403
315 402
315 401
316 402
316 401
313 404
312 403
315 403
327 413
337 417
329 413
329 414
330 414
322 410
314 405
325 410
317 406
317 407
336 419
318 407
328 410
320 406
380 457
331 415
331 416
372 453
308 468
309 433
301 429
320 442
321 407
313 403
332 416
324 412
290 419
293 424
326 458
326 459
373 453
346 436
304 439
323 452
322 453
322 454
315 448
307 444
307 445
335 426
334 425
335 425
335 424
327 422
326 423
326 424
327 423
325 423
324 423
324 422
324 421
324 420
325 419
324 418
323 418
322 419
322 418
325 421
321 418
320 418
319 417
318 416
317 415
318 415
317 417
320 417
321 416
320 415
321 415
323 417
316 414
315 414
314 414
314 413
313 412
312 411
311 411
310 411
310 410
311 409
310 408
309 409
311 408
313 411
309 408
312 413
312 414
313 414
315 413
316 412
319 419
309 411
322 420
322 421
311 410
314 415
314 416
323 420
315 416
325 420
318 417
310 412
321 417
313 413
316 413
368 460
347 437
319 418
371 465
371 466
337 472
316 449
308 445
309 410
327 458
328 423
340 477
340 478
300 441
320 419
339 432
312 415
312 416
322 465
322 466
341 478
313 416
326 435
326 436
354 417
373 430
374 429
375 430
372 429
373 429
375 429
374 431
374 432
375 432
376 432
377 432
377 431
373 428
375 431
374 433
377 433
378 434
378 435
379 435
376 434
376 435
377 434
379 434
380 433
380 435
381 435
382 435
378 436
378 437
379 437
381 436
381 437
382 437
383 438
384 439
385 438
386 439
386 438
387 439
388 439
389 440
390 441
391 442
385 440
388 441
388 442
389 442
391 441
392 440
392 442
393 443
394 442
384 438
387 438
390 443
390 444
391 444
383 440
394 444
395 445
396 446
393 445
396 445
395 447
386 440
387 441
389 441
396 447
397 448
397 449
398 448
398 447
399 446
398 445
399 445
399 448
400 448
401 447
388 443
388 444
389 444
380 434
399 447
391 443
383 439
392 444
384 440
376 436
376 437
346 413
365 426
311 455
357 422
357 423
303 451
323 429
323 428
323 427
314 460
314 461
315 425
335 403
335 402
387 450
347 414
366 427
379 446
358 423
344 488
350 419
323 465
336 484
336 485
296 448
315 461
316 426
356 462
288 444
288 445
335 439
308 422
327 435
368 473
328 400
300 418
300 419
319 431
320 396
339 409
380 447
331 405
331 406
372 443
318 472
337 485
383 452
343 416
329 481
330 446
349 459
309 423
340 490
341 455
301 419
342 420
360 468
361 433
333 451
321 397
352 464
353 429
332 406
345 425
364 438
310 467
310 468
311 432
330 482
342 456
334 452
354 430
326 448
345 461
346 426
365 439
338 422
338 423
311 468
357 435
304 429
323 442
296 425
315 438
316 403
307 434
307 435
335 416
368 450
327 412
359 481
319 408
319 409
379 459
371 455
371 456
297 426
356 475
329 458
348 471
308 435
349 436
340 467
328 413
341 432
360 445
320 409
352 441
312 405
372 456
330 459
322 455
341 468
342 433
361 446
333 464
334 429
352 477
353 442
394 443
326 425
326 426
345 438
364 451
311 445
303 441
303 442
323 419
314 450
315 415
367 462
368 427
359 458
387 440
338 435
379 436
398 449
325 465
371 432
371 433
344 478
304 442
390 445
390 446
336 474
337 439
356 452
316 416
348 448
308 412
327 425
368 463
340 444
360 422
380 437
372 433
318 462
391 446
337 475
329 471
330 436
348 484
349 449
322 432
322 433
341 445
342 410
360 458
361 423
333 441
333 442
334 406
352 454
353 419
299 448
364 428
291 444
291 445
310 457
311 422
343 491
343 492
303 418
303 419
363 469
323 396
355 465
314 427
314 428
334 442
375 443
321 472
354 420
367 439
367 440
346 416
386 452
292 445
332 481
378 448
378 449
324 477
324 478
357 425
304 419
344 455
323 432
336 451
315 428
356 429
307 424
335 406
368 440
327 402
359 471
319 398
379 449
325 478
371 445
344 491
317 474
318 439
337 452
356 465
329 448
329 449
330 413
348 461
349 426
340 457
341 422
360 435
333 418
333 419
352 431
299 425
310 434
310 435
351 472
330 449
363 446
342 423
333 454
334 419
374 455
374 456
353 432
326 415
345 428
344 429
332 458
292 422
311 435
303 431
323 409
355 478
315 405
375 456
367 452
359 448
325 455
344 468
317 451
317 452
337 429
316 406
329 425
329 426
348 438
348 439
340 434
306 441
347 479
393 446
393 447
318 452
350 484
329 461
328 462
370 462
330 426
349 439
322 422
362 458
341 435
382 436
333 431
352 444
299 438
339 474
385 441
385 442
351 485
311 412
343 481
363 459
314 417
375 433
394 446
321 462
367 429
367 430
313 458
386 442
359 425
332 471
378 438
324 467
324 468
325 432
344 445
336 441
315 418
356 419
302 448
348 415
348 416
294 444
368 430
359 461
346 491
379 439
325 468
366 469
318 429
358 465
337 442
329 438
330 403
349 416
322 399
322 400
340 447
335 481
341 412
381 448
381 449
360 425
287 441
333 408
333 409
306 454
347 492
298 450
351 462
310 424
362 471
363 436
309 465
382 449
355 432
328 478
334 409
374 445
374 446
320 474
321 439
339 487
345 418
312 470
312 471
331 483
332 448
311 425
324 444
324 445
344 422
323 399
355 468
375 446
321 475
367 442
313 471
354 472
359 438
325 445
344 458
317 441
317 442
318 406
336 454
337 419
377 455
356 432
329 415
329 416
348 428
340 424
347 469
306 431
298 427
298 428
358 478
318 442
350 474
351 439
330 416
370 452
362 448
381 461
341 425
328 455
320 451
299 428
339 464
331 460
351 475
343 471
363 449
355 445
321 452
313 448
332 461
373 462
305 444
305 445
324 457
325 422
344 435
317 418
317 419
336 431
302 438
389 443
354 485
346 481
347 446
338 477
338 478
366 459
358 455
318 419
337 432
350 451
369 464
369 465
370 429
316 458
340 437
335 471
381 438
381 439
327 467
347 482
306 444
319 463
339 441
350 487
351 452
370 465
343 448
362 461
363 426
382 439
309 455
355 422
328 468
301 451
320 464
321 429
339 477
312 460
312 461
313 425
331 473
332 438
324 434
324 435
325 399
344 412
290 441
336 408
336 409
342 488
302 415
334 484
293 446
293 447
313 461
359 428
326 480
326 481
354 462
345 493
345 494
346 458
365 471
325 435
366 436
357 467
318 396
336 444
337 409
377 445
323 474
369 441
369 442
329 405
302 451
315 470
294 447
340 414
339 415
335 448
346 494
347 459
306 421
366 472
358 468
350 464
351 429
370 442
343 425
343 426
316 471
362 438
335 484
308 467
309 432
327 480
328 445
319 476
320 441
321 406
339 454
312 437
312 438
331 450
332 415
343 461
363 439
376 458
376 459
309 468
355 435
342 465
321 442
361 478
353 474
313 438
332 451
373 452
305 434
345 470
325 412
365 448
344 425
317 408
317 409
302 428
294 424
354 475
346 471
347 436
366 449
338 467
357 480
318 409
358 445
377 458
350 441
369 454
316 448
335 461
308 444
327 457
328 422
319 453
319 454
339 431
372 465
331 427
331 428
351 442
392 443
343 438
362 451
349 481
309 445
395 448
395 449
328 458
341 477
301 441
320 454
361 455
321 419
352 486
312 450
313 415
331 463
332 428
364 460
324 424
396 449
342 478
388 445
334 474
353 487
354 452
326 470
326 471
345 483
346 448
347 413
365 461
338 444
366 426
357 457
358 422
304 451
377 435
323 464
333 438
369 431
369 432
315 460
307 456
307 457
335 438
368 472
327 434
347 449
339 408
358 458
350 454
351 419
337 484
297 448
370 432
343 415
316 461
308 457
309 422
327 470
300 453
340 489
328 435
301 418
360 467
320 431
321 396
339 444
312 427
312 428
332 405
324 401
324 402
384 452
330 481
289 443
376 448
376 449
322 477
322 478
341 490
361 468
333 486
333 487
334 451
353 464
313 428
354 429
373 442
364 473
365 438
325 402
311 467
317 398
290 444
323 441
302 418
314 472
314 473
334 487
335 488
336 487
335 415
354 465
347 426
366 439
338 457
357 470
356 471
358 435
350 431
323 477
297 425
315 473
356 474
316 438
335 451
308 434
327 447
300 430
300 431
328 412
319 443
320 408
380 459
339 421
312 404
372 455
331 417
331 418
343 428
342 429
330 458
349 471
309 435
301 431
360 480
361 445
321 409
352 476
313 405
353 441
332 418
364 450
353 477
354 442
326 460
345 473
346 438
365 451
338 434
357 447
304 441
323 454
315 450
316 415
335 428
307 446
307 447
308 411
327 424
368 462
319 420
319 421
380 436
399 449
371 467
371 468
372 432
391 445
337 474
383 441
383 442
316 451
362 418
329 470
348 483
308 447
309 412
349 448
340 479
340 480
339 481
338 480
337 481
300 443
328 425
320 421
360 457
361 422
352 453
312 417
392 446
364 427
384 442
330 471
376 438
322 467
341 480
342 445
333 476
361 458
334 441
353 454
354 419
326 437
326 438
325 439
345 450
373 432
346 415
364 463
292 444
365 428
338 411
338 412
337 413
311 457
357 424
304 418
295 449
295 450
294 451
323 431
314 462
315 427
307 423
335 405
326 473
368 439
327 401
387 452
347 416
359 470
338 447
379 448
358 425
325 477
344 490
350 421
336 486
296 450
315 463
356 464
288 446
316 428
308 424
348 460
327 437
328 402
300 420
300 421
299 422
320 398
360 434
339 411
380 449
285 440
284 440
284 439
331 407
372 445
318 474
337 487
383 454
329 483
330 448
349 461
322 444
322 445
321 446
301 421
302 422
303 421
341 457
342 422
333 453
361 435
321 399
334 418
352 466
353 431
345 427
324 404
310 469
311 434
323 408
355 477
314 439
314 440
334 454
375 455
354 432
326 450
345 463
346 428
378 460
378 461
377 462
376 461
375 462
338 424
311 470
357 437
344 467
304 431
323 444
315 440
316 405
335 418
307 436
368 452
327 414
319 410
319 411
379 461
371 457
318 451
356 477
329 460
330 425
348 473
349 438
340 469
341 434
320 411
360 447
333 430
312 407
352 443
351 484
310 446
310 447
376 428
377 429
378 428
322 457
341 470
342 435
333 466
353 444
394 445
326 427
326 428
325 429
345 440
386 441
311 447
303 443
323 421
315 417
307 413
307 414
306 415
367 464
368 429
359 460
387 442
379 438
325 467
371 434
371 435
370 436
344 480
390 447
350 411
317 463
317 464
316 465
336 476
337 441
316 418
356 454
329 437
308 414
348 450
349 415
340 446
360 424
347 491
306 453
380 439
352 420
352 421
372 435
373 436
374 435
318 464
337 477
383 444
329 473
330 438
349 451
322 434
322 435
321 436
340 482
341 447
342 412
382 448
333 443
361 425
334 408
352 456
353 421
326 404
326 405
325 406
339 486
299 450
291 446
291 447
290 448
311 424
343 493
303 420
363 471
323 398
355 467
314 429
314 430
375 445
321 474
326 440
367 441
346 418
313 470
359 437
332 483
292 447
338 414
378 450
378 451
377 452
324 479
324 480
323 481
322 480
321 481
320 481
321 482
319 482
319 483
318 481
320 483
317 482
317 483
318 483
321 483
322 484
323 484
323 483
319 484
319 485
320 485
323 485
324 486
324 487
325 487
326 487
327 487
327 486
328 485
327 484
328 487
322 486
322 487
325 486
328 486
324 488
327 488
326 489
326 490
327 489
328 489
329 490
329 489
330 488
330 490
331 490
332 490
331 491
331 492
332 492
333 493
334 494
334 493
333 495
335 492
334 491
335 491
336 493
337 494
338 494
339 494
339 493
335 490
337 493
336 495
337 496
338 497
338 496
339 496
340 496
341 497
341 496
342 495
342 497
340 498
340 499
341 499
339 495
338 498
338 499
330 489
341 498
342 499
343 500
344 499
334 495
326 491
326 492
316 482
315 482
314 482
314 481
315 480
314 479
313 478
312 477
313 477
312 479
312 480
313 480
315 479
316 478
315 477
316 477
316 480
311 476
310 476
309 475
313 479
316 479
309 476
312 481
315 481
344 498
344 497
318 482
337 495
329 491
329 492
340 500
340 501
310 477
310 478
330 492
322 488
341 501
311 478
314 483
343 501
343 502
332 491
325 488
344 501
317 484
317 485
336 497
318 485
328 488
320 484
339 497
331 493
331 494
321 485
313 481
332 494
342 498
338 500
316 481
335 494
327 490
319 486
319 487
309 478
308 478
320 487
330 491
341 500
333 496
333 497
311 477
342 501
334 497
326 493
323 487
315 483
326 483
325 484
344 500
336 496
318 484
337 497
329 493
329 494
340 502
310 479
310 480
330 494
311 480
340 492
343 503
343 504
342 505
321 484
332 493
324 489
324 490
323 491
322 490
321 491
325 490
344 503
345 504
317 486
317 487
316 488
318 487
325 444
304 421
344 457
295 452
294 453
293 453
294 454
292 454
291 454
291 453
293 455
294 456
295 456
296 457
296 456
297 455
298 456
298 457
297 457
292 453
295 458
295 459
296 459
291 455
294 455
297 456
293 457
296 458
297 459
292 455
293 456
294 457
297 458
290 454
291 456
292 457
336 453
315 430
356 431
335 408
307 426
368 442
327 404
359 473
379 451
325 480
371 447
317 476
318 441
336 489
337 454
329 450
330 415
348 463
322 411
322 412
321 413
335 493
340 459
341 424
360 437
333 420
333 421
332 422
352 433
299 427
310 436
310 437
343 470
322 447
323 448
324 447
309 477
342 425
314 406
314 407
328 490
374 457
374 458
373 459
334 421
335 422
336 421
320 486
321 451
339 499
312 482
312 483
311 484
345 430
331 495
378 427
378 426
378 425
378 424
379 423
378 422
377 422
376 422
379 422
380 423
381 422
382 423
379 425
381 424
381 425
382 425
377 421
380 422
379 424
380 425
382 424
375 421
375 420
374 419
375 419
374 421
373 418
372 419
371 419
370 418
369 418
369 417
371 420
371 421
372 421
368 418
367 418
367 417
370 417
381 426
381 427
382 427
383 428
383 427
384 426
384 428
385 428
386 428
387 427
386 426
387 426
385 429
385 430
386 430
384 427
377 423
376 424
369 419
369 420
370 420
380 424
372 420
383 429
383 430
384 430
373 420
386 429
368 417
379 426
371 422
371 423
380 427
372 423
382 426
374 422
374 423
385 431
385 432
375 423
367 419
386 432
370 419
381 428
384 429
376 425
376 426
373 419
377 425
369 421
388 425
380 426
372 422
383 431
383 432
382 433
384 432
373 422
375 422
386 431
311 437
343 506
344 507
342 507
341 507
342 508
341 509
340 509
339 508
338 507
339 506
338 509
337 506
336 506
336 505
337 504
336 503
335 503
334 504
333 503
334 503
337 503
333 505
333 506
334 506
339 505
332 502
331 502
330 501
329 500
330 500
329 502
338 508
335 502
335 501
335 500
328 499
327 499
326 500
325 499
324 499
324 498
325 497
324 496
323 496
322 497
322 496
325 496
327 498
327 497
328 497
342 509
343 510
344 510
345 510
346 511
346 510
347 511
345 512
345 513
346 513
344 509
347 510
346 512
334 505
326 501
326 502
323 495
322 494
323 494
321 494
320 494
319 493
318 494
317 493
320 493
323 493
319 495
318 493
321 493
317 495
320 495
316 492
315 492
314 492
314 491
315 490
314 489
313 490
312 490
312 489
316 490
311 489
310 489
310 488
311 487
310 486
309 485
309 484
311 486
313 489
312 491
312 492
313 492
315 491
327 501
337 505
340 510
340 511
330 502
322 498
322 499
341 511
333 507
311 488
314 493
314 494
315 494
325 498
344 511
343 512
343 513
317 494
336 507
336 508
318 495
337 508
347 512
328 498
339 507
331 503
331 504
343 514
321 495
313 491
332 504
324 500
324 501
325 501
338 510
338 511
316 491
335 504
327 500
319 496
319 497
328 501
320 497
339 510
312 493
313 494
341 510
342 511
334 507
326 503
326 504
323 497
315 493
316 494
327 503
345 506
337 507
329 503
329 504
340 512
340 513
341 514
330 504
322 500
341 513
311 490
314 495
332 503
325 500
344 513
317 496
317 497
336 509
336 510
335 511
335 512
335 513
334 514
333 515
333 516
334 516
332 515
331 515
331 514
331 513
331 512
330 511
329 510
332 513
328 510
327 509
328 508
326 510
328 507
330 510
329 512
329 513
316 498
315 499
315 500
316 501
316 500
330 513
332 512
325 509
324 509
324 508
325 507
328 509
334 515
316 502
317 503
317 504
318 504
319 505
320 504
319 506
320 503
319 502
318 501
321 504
320 506
318 503
321 503
317 505
317 506
318 506
320 505
321 506
322 507
323 506
323 505
323 504
335 515
336 516
337 515
337 514
337 516
327 511
326 512
319 507
320 508
330 512
322 508
322 509
333 517
333 518
334 518
323 508
336 517
336 518
318 505
337 518
338 519
339 518
339 517
340 519
341 520
339 516
341 519
342 518
341 517
342 517
342 520
340 521
342 519
341 521
342 522
329 514
321 505
319 503
332 514
324 510
324 511
325 511
317 507
338 520
338 521
335 514
327 510
328 511
320 507
339 520
331 516
321 508
342 521
334 517
326 513
327 514
326 514
323 507
335 517
327 513
319 509
319 510
338 513
337 517
340 522
340 523
330 514
322 510
322 511
341 523
333 519
334 520
323 510
325 510
336 519
336 520
318 507
337 520
318 497
329 506
339 519
321 507
332 516
324 512
324 513
323 514
325 513
336 499
328 500
320 496
339 509
331 505
331 506
321 497
313 493
332 506
324 502
338 522
338 523
337 524
317 499
335 516
327 512
319 508
328 513
320 509
339 522
303 433
344 434
323 411
315 407
342 510
375 458
321 487
367 454
368 419
313 483
332 496
378 463
377 464
379 428
324 492
325 457
371 424
317 453
317 454
316 455
315 454
318 418
329 427
329 428
328 429
348 440
306 443
393 448
393 449
392 450
391 450
338 512
372 425
373 426
374 425
298 439
297 440
296 441
297 442
295 440
294 441
298 440
296 440
318 454
310 413
310 414
330 428
370 464
316 493
335 506
382 438
327 502
328 467
374 434
319 498
319 499
339 476
299 440
345 407
385 443
385 444
311 414
343 483
314 419
314 420
315 421
316 422
317 421
328 503
341 522
375 435
320 499
321 464
394 448
367 431
313 460
386 444
378 440
338 404
337 403
339 405
338 402
340 404
338 401
338 400
338 399
338 398
339 397
340 398
341 399
341 398
342 397
341 396
342 396
342 399
343 400
343 399
344 399
344 398
340 400
343 401
343 402
344 401
345 402
345 401
346 401
342 398
345 403
345 404
340 399
341 400
344 400
337 397
336 397
336 396
336 395
336 394
337 393
337 395
335 394
334 393
333 392
332 392
331 391
330 390
329 389
334 392
335 392
330 389
333 394
333 395
334 395
329 391
330 392
332 391
335 391
328 388
327 388
326 389
326 390
326 391
325 388
324 388
324 387
325 386
331 393
334 394
327 390
337 394
330 391
333 396
333 397
334 397
323 387
325 387
329 393
339 396
339 395
339 394
343 403
332 393
324 389
324 390
325 390
335 393
327 389
328 390
339 399
342 400
334 396
326 392
326 393
327 394
345 405
374 426
323 386
322 385
323 385
323 384
323 383
323 382
321 384
321 383
320 382
321 382
327 392
334 436
337 396
329 392
340 401
340 402
330 393
341 402
333 398
326 395
325 396
319 500
325 389
354 414
354 413
354 412
344 402
336 398
336 399
337 399
288 441
328 389
339 398
331 394
330 395
331 395
329 395
328 396
332 395
324 391
325 392
343 395
344 396
345 395
324 381
335 395
327 391
328 392
339 401
345 394
346 395
341 401
342 402
334 398
353 411
352 411
352 410
326 394
323 388
324 469
325 434
317 430
317 431
316 432
337 408
356 421
342 523
302 450
307 416
348 417
348 418
334 519
368 432
294 446
326 515
326 516
325 517
286 442
346 493
306 420
371 437
338 489
338 490
337 491
317 466
318 431
323 509
329 440
330 441
331 440
370 441
330 405
349 418
322 401
322 402
321 403
335 483
381 450
381 451
381 452
380 453
327 479
287 443
333 410
306 456
338 525
339 526
339 527
337 526
336 526
337 527
319 428
336 528
339 528
338 529
338 530
339 529
338 531
338 532
335 525
334 524
335 524
335 523
336 522
334 526
333 526
332 525
331 525
331 524
332 523
331 522
330 521
329 522
329 523
330 523
328 522
327 522
326 523
326 522
327 521
326 520
327 520
325 520
324 519
327 519
328 520
295 457
325 519
328 519
324 521
330 522
333 527
333 528
334 528
326 524
323 518
322 517
323 516
337 528
329 524
328 525
329 525
330 525
332 524
325 521
328 521
331 526
331 527
332 527
334 527
323 517
335 527
327 523
330 524
333 529
333 530
332 531
331 532
330 531
332 533
330 533
329 533
328 532
329 534
329 535
330 535
331 535
332 535
333 536
334 537
334 536
335 536
336 536
333 538
333 539
334 539
335 535
334 534
335 533
334 538
333 540
328 531
331 536
331 537
332 537
335 537
328 534
327 534
330 534
334 530
323 520
329 536
329 537
330 537
336 529
336 530
337 530
329 526
330 527
333 532
332 536
340 525
332 526
324 522
324 523
325 523
336 532
328 533
331 538
331 539
332 539
335 526
328 523
331 528
330 529
327 535
334 529
323 519
335 529
330 536
339 453
299 417
298 417
297 417
310 426
337 529
363 438
309 467
382 451
327 515
328 480
374 447
334 411
335 412
336 411
320 476
321 441
326 407
339 489
312 472
312 473
311 474
313 437
332 450
324 446
303 423
330 526
290 453
295 419
294 418
336 420
342 500
302 427
333 531
334 496
293 458
313 473
345 505
325 447
317 443
318 408
337 421
377 457
323 486
369 453
329 417
334 532
340 426
306 433
338 502
323 522
330 418
370 454
343 437
316 483
322 414
323 415
324 414
335 496
308 479
308 480
382 428
309 444
327 492
328 457
333 423
374 424
319 488
320 453
299 430
312 449
345 397
346 397
385 433
332 427
397 444
396 443
397 442
397 441
311 404
329 538
329 539
328 540
330 503
309 480
396 448
341 512
375 425
333 508
332 509
332 510
333 509
331 508
321 454
367 421
312 485
313 450
386 434
386 435
387 436
388 435
305 446
304 447
304 448
305 447
373 464
378 430
324 459
325 424
344 437
317 420
330 539
337 398
342 513
329 394
302 440
389 445
334 509
340 403
326 505
338 479
318 421
323 499
329 430
330 430
331 430
369 466
369 467
370 431
315 495
316 460
362 427
362 428
361 429
308 456
381 440
341 404
342 405
343 406
339 480
343 405
327 469
328 434
333 400
334 400
319 465
319 466
393 451
394 451
298 442
331 439
337 519
316 496
329 515
329 516
328 517
363 428
309 457
382 441
381 442
380 443
379 442
328 397
328 470
340 524
301 453
374 437
319 501
320 466
321 431
312 462
313 427
332 440
305 423
305 424
304 425
324 436
325 401
330 516
290 443
336 410
322 512
341 525
342 490
302 417
333 521
334 486
293 448
292 449
293 449
326 482
345 495
325 437
366 438
338 456
317 433
318 398
337 411
377 447
323 476
283 440
282 439
369 443
369 444
329 407
315 472
294 449
340 416
341 416
307 468
335 450
326 518
327 446
306 423
338 492
325 522
336 531
370 444
343 427
316 473
308 469
381 453
309 434
327 482
328 447
301 430
320 443
321 408
339 456
312 439
312 440
311 441
332 417
324 413
337 532
329 528
330 493
376 460
322 489
341 502
321 444
333 498
333 499
332 500
293 425
313 440
373 454
324 449
325 414
344 427
311 479
317 410
336 423
377 424
323 453
302 430
314 484
314 485
334 499
340 393
340 392
340 391
340 390
341 390
341 392
341 391
326 495
345 508
347 438
332 538
377 460
344 512
323 489
370 421
343 404
315 485
316 450
362 417
322 381
308 446
327 459
328 424
300 442
333 390
332 389
332 388
333 388
333 387
333 386
334 385
335 384
334 383
333 382
334 381
334 380
335 380
336 385
335 379
334 382
335 382
336 382
333 384
332 381
331 381
335 381
334 384
330 381
329 381
329 380
329 379
330 379
328 378
327 378
326 379
326 378
325 378
324 378
324 377
325 376
324 375
323 375
322 376
322 375
325 375
327 377
327 376
327 375
328 376
326 380
326 381
327 382
323 374
322 373
323 373
321 373
320 373
320 372
323 372
319 374
321 372
319 373
320 374
327 380
322 377
321 378
326 383
327 384
325 377
336 386
318 374
317 374
317 373
317 372
316 371
315 371
314 371
313 371
314 372
315 373
337 387
328 377
331 382
331 383
321 374
332 383
324 379
335 383
327 379
319 375
319 376
328 380
320 376
331 425
312 372
312 373
330 380
333 385
334 386
326 382
323 376
315 372
316 373
318 373
329 382
329 383
330 383
322 379
314 374
314 375
315 376
332 382
325 379
317 375
317 376
336 388
318 376
336 378
328 379
320 375
331 384
331 385
321 376
313 372
332 385
316 372
335 385
327 381
319 377
319 378
319 379
318 380
328 420
328 430
320 378
312 374
330 382
322 378
314 373
334 388
326 384
323 378
315 374
334 378
333 378
332 379
333 377
333 376
333 375
333 374
333 373
333 372
334 372
335 371
334 370
336 372
337 373
338 373
339 373
339 372
335 369
337 372
336 374
339 374
338 375
338 376
339 375
338 377
338 378
334 374
337 374
335 370
339 376
340 377
340 378
340 379
339 380
338 380
332 373
331 373
331 372
334 373
338 379
335 373
334 376
336 375
336 376
337 376
330 373
329 373
329 372
332 372
335 372
339 378
331 374
331 375
334 375
335 375
338 371
337 370
338 369
339 369
340 368
340 367
341 366
340 365
341 365
342 364
341 363
342 362
342 363
341 397
339 364
338 363
339 362
338 365
337 362
336 362
336 361
336 360
342 440
373 425
337 360
335 359
334 360
333 361
333 362
334 362
312 422
332 361
342 365
334 361
335 361
333 363
333 364
334 364
336 363
336 364
337 364
339 363
338 366
338 367
335 360
339 366
331 362
334 363
335 363
338 359
337 363
333 365
334 366
335 367
336 366
336 365
337 366
339 365
332 362
343 362
382 443
338 368
335 362
339 368
334 365
337 375
340 380
326 374
336 387
318 375
337 388
338 389
338 390
338 391
329 384
329 385
328 386
330 385
398 446
319 455
318 456
318 457
318 458
319 456
320 420
331 429
332 394
318 496
392 445
337 509
384 441
329 505
363 418
364 418
364 417
365 418
309 447
355 414
314 376
395 450
340 514
301 443
341 479
320 456
321 421
312 452
313 453
314 452
313 417
332 430
373 431
324 426
325 391
344 404
330 506
336 400
322 502
337 365
341 515
342 480
388 447
333 511
326 472
347 415
366 428
358 424
377 437
350 420
323 466
329 397
330 397
331 397
369 433
369 434
323 426
296 449
315 462
316 427
327 436
328 401
319 432
319 433
380 448
339 410
325 512
317 508
317 509
351 421
336 521
337 486
297 450
383 453
343 417
316 463
362 430
329 482
309 424
328 437
340 491
301 420
320 433
321 398
312 429
331 442
332 407
318 509
324 403
337 522
384 454
329 518
330 483
289 445
376 450
336 377
322 479
340 527
341 492
388 424
388 423
388 422
389 423
390 423
391 424
390 422
391 421
392 420
393 420
394 420
325 374
394 419
394 421
395 422
396 423
373 437
393 422
393 423
394 422
396 422
334 403
392 421
391 423
394 423
390 425
391 422
392 423
395 418
396 417
397 416
397 415
398 415
397 418
398 419
398 414
397 413
398 413
396 413
395 412
398 412
396 412
397 417
396 414
398 416
397 419
396 416
390 424
341 442
398 418
387 422
397 421
398 421
399 421
400 420
400 419
389 422
396 415
400 421
392 422
333 488
326 449
354 431
373 444
305 426
325 404
292 456
311 469
317 400
318 401
319 400
337 378
323 443
329 374
314 474
314 475
315 439
389 425
335 417
326 485
332 528
379 460
325 489
344 502
369 446
336 498
297 427
343 394
315 475
316 440
308 436
327 449
328 414
300 432
300 433
299 434
299 435
320 410
321 375
380 461
339 423
312 406
331 419
330 420
372 457
332 384
318 486
336 534
337 534
337 499
324 380
384 431
329 495
376 427
322 456
340 504
301 433
342 434
321 411
312 442
313 442
314 442
313 407
345 439
373 421
324 416
365 417
325 381
310 481
309 482
310 482
344 394
311 446
317 377
343 515
376 463
336 390
322 492
388 437
314 451
328 535
321 496
346 440
331 540
332 505
366 418
311 482
318 378
344 479
304 443
377 427
350 410
323 456
315 452
316 417
335 430
307 448
308 449
309 449
310 449
308 413
327 426
368 464
328 391
319 422
319 423
380 438
339 400
325 502
371 469
372 434
331 396
317 498
351 411
318 463
391 447
336 511
337 476
383 443
343 407
329 472
348 485
349 450
309 414
340 481
300 445
341 446
360 459
320 423
361 424
352 455
312 419
353 420
332 397
318 499
364 429
365 430
364 430
324 393
323 393
384 444
310 458
309 459
310 459
330 473
376 440
336 367
322 469
396 418
341 482
342 447
361 460
333 478
328 512
334 443
353 456
354 421
326 439
339 521
373 434
345 452
346 417
364 465
331 517
331 518
331 519
292 446
338 413
311 459
357 426
304 420
323 433
295 451
314 464
313 465
315 429
335 407
307 425
321 509
327 403
368 441
347 418
359 472
319 399
332 518
338 449
379 450
339 377
324 514
325 479
371 446
344 492
350 423
351 423
352 423
317 475
336 488
296 452
297 452
298 452
337 453
356 466
316 430
348 462
308 426
341 364
349 427
300 422
340 458
328 404
319 435
320 400
360 436
339 413
380 451
372 447
332 374
318 476
337 489
329 485
330 450
349 463
322 446
335 528
340 494
341 459
342 424
360 472
327 524
361 437
333 455
334 420
352 468
353 433
326 416
326 417
339 498
345 429
346 394
364 442
310 471
309 472
311 436
343 505
336 380
303 432
323 410
314 441
355 479
315 406
334 456
375 457
321 486
326 452
367 453
346 430
313 482
331 530
332 495
338 426
378 462
379 427
324 491
304 433
344 469
336 465
315 442
356 443
316 407
335 420
307 438
308 439
309 439
327 416
368 454
328 381
319 412
318 413
320 377
379 463
380 463
380 428
339 390
325 492
371 459
372 424
331 386
330 387
317 488
318 453
336 501
337 466
383 433
343 397
356 479
402 446
329 462
330 427
348 475
349 440
322 423
322 424
340 471
335 505
341 436
342 401
360 449
333 432
352 445
312 409
313 409
314 409
315 409
313 374
299 439
332 387
345 406
364 419
363 420
364 420
324 383
351 486
310 448
311 413
330 463
343 482
376 430
322 459
363 460
342 437
314 418
333 468
328 502
334 433
375 434
320 498
394 447
326 429
339 511
345 442
346 442
347 443
348 443
386 443
331 507
365 420
332 472
378 439
338 403
311 449
357 416
358 417
359 416
360 417
359 417
398 417
303 445
295 441
323 423
314 454
315 419
335 397
307 415
321 499
367 466
368 431
327 393
313 495
387 444
359 462
332 508
379 440
339 367
324 504
325 469
399 418
371 436
344 482
390 449
389 450
317 465
318 430
336 478
337 443
356 456
329 439
348 452
308 416
309 416
310 416
349 417
340 448
328 394
341 413
360 426
347 493
306 455
352 422
338 524
372 437
298 451
331 399
332 364
318 466
310 425
329 475
330 440
378 455
395 420
322 436
362 472
335 518
341 449
342 414
382 450
328 479
333 445
361 427
334 410
353 423
326 406
339 488
299 452
345 419
364 432
291 448
331 484
331 485
310 461
311 426
343 495
303 422
363 473
323 400
295 418
355 469
314 431
313 432
328 515
346 421
347 420
375 447
335 374
320 511
321 476
367 443
313 472
331 520
359 439
332 485
338 416
378 452
324 481
325 446
304 423
344 459
336 455
296 419
297 419
298 419
337 420
356 433
307 428
348 429
334 531
327 406
294 458
368 444
340 425
359 475
319 402
306 432
325 482
338 501
371 449
331 376
330 377
317 478
318 479
319 478
358 479
318 443
337 456
383 423
323 521
321 404
329 452
330 417
349 430
322 413
335 495
341 426
360 439
327 491
333 422
334 387
352 435
299 429
345 396
310 438
351 476
397 443
343 472
363 450
323 377
309 479
314 408
328 492
334 423
374 459
375 424
320 488
326 419
342 404
321 453
367 420
339 501
312 484
386 433
331 497
330 498
338 393
378 429
324 458
303 435
344 436
330 538
323 413
336 432
355 482
316 374
342 512
335 387
302 439
321 489
334 508
367 456
327 383
368 421
313 485
354 486
387 434
379 430
380 431
381 430
324 494
325 459
371 426
390 439
390 438
328 418
390 437
390 436
391 437
317 455
318 420
336 468
337 433
343 364
323 498
329 429
330 394
348 442
340 438
341 403
360 416
333 399
347 483
306 445
352 412
351 413
393 450
338 514
298 441
350 488
351 453
310 415
397 420
370 466
343 449
316 495
362 462
322 426
335 508
363 427
382 440
327 504
328 469
333 435
374 436
320 465
353 413
326 396
299 442
339 478
345 409
346 409
347 410
395 446
378 453
385 445
384 446
385 446
308 452
331 474
331 475
332 439
338 370
311 416
343 485
363 463
330 515
323 390
322 390
321 391
322 391
355 459
314 421
341 524
375 437
335 364
320 501
321 466
333 520
367 433
386 446
313 462
359 429
332 475
378 442
324 471
325 436
398 420
344 449
368 467
317 432
336 445
337 410
356 423
283 439
329 406
342 525
302 452
348 419
334 521
294 448
340 415
326 517
346 495
347 460
306 422
366 473
338 491
298 418
358 469
318 433
350 465
323 511
327 518
329 442
330 407
370 443
349 420
316 472
362 439
322 403
335 485
327 481
333 412
328 446
334 377
352 425
319 477
298 454
326 373
326 372
339 455
299 419
331 451
351 466
310 428
337 531
343 462
329 527
335 465
362 475
363 440
309 469
382 453
355 436
328 482
374 449
320 478
321 443
326 409
339 491
312 474
313 439
386 423
386 424
385 423
385 422
331 487
332 452
305 435
305 436
324 448
325 413
344 426
330 528
295 421
290 455
336 422
342 502
302 429
333 533
334 498
294 425
327 373
326 494
354 476
359 442
345 507
346 472
325 449
366 450
317 445
318 446
319 445
357 481
318 410
358 446
337 423
377 459
323 488
369 455
369 456
369 457
329 419
330 384
348 432
315 484
322 380
340 428
381 429
341 393
346 508
333 389
347 473
306 435
393 440
394 439
395 439
328 495
393 438
395 440
338 504
358 482
350 478
351 443
370 456
343 439
316 485
322 416
362 452
335 498
363 417
309 446
382 430
327 494
328 459
301 442
334 390
320 455
326 386
321 420
339 468
312 451
385 435
384 436
312 410
331 464
332 429
338 360
311 406
324 425
344 403
329 540
330 505
323 380
322 501
355 449
314 411
396 450
342 479
375 427
388 446
333 510
321 456
367 423
368 424
369 424
369 423
312 487
313 452
359 419
354 453
345 484
378 432
305 448
324 461
365 462
325 426
344 439
311 491
357 458
317 422
336 435
377 436
337 400
342 515
329 396
302 442
314 496
314 497
389 447
334 511
340 405
326 507
401 421
402 422
403 423
404 423
405 423
402 421
312 486
403 422
406 422
407 423
408 422
409 423
409 422
410 422
410 421
411 422
412 423
412 422
413 421
312 455
413 423
409 424
409 425
412 424
342 407
412 425
376 433
413 425
414 425
414 426
415 425
416 426
417 427
417 426
418 425
419 426
420 427
349 486
343 443
323 459
418 424
418 427
420 426
416 428
419 428
419 429
420 429
421 429
422 430
423 429
424 430
338 482
425 430
327 472
423 431
423 432
424 432
334 422
422 429
418 426
314 447
421 431
421 432
334 426
376 443
422 432
372 430
424 431
417 428
325 462
420 428
423 433
415 424
415 423
419 430
325 385
317 416
422 431
414 427
414 428
413 429
411 421
415 427
418 428
421 433
410 423
414 430
411 424
413 424
416 429
416 430
417 430
377 463
409 426
420 430
412 426
412 427
413 427
415 426
407 422
408 423
422 433
414 429
411 423
415 429
417 429
418 430
410 425
421 425
420 424
421 423
421 422
421 421
421 420
421 419
422 420
423 419
424 420
338 472
424 419
425 418
424 417
303 438
425 420
426 421
329 387
427 420
428 419
427 419
423 421
423 422
424 422
331 379
426 422
426 423
422 419
425 419
424 421
425 422
420 418
420 417
419 416
418 415
417 414
418 413
314 434
418 414
417 416
416 416
318 489
420 416
419 418
336 479
315 456
418 416
343 496
416 417
416 418
417 418
419 417
423 423
426 424
426 425
422 421
415 417
414 418
413 419
425 421
417 417
418 418
424 423
416 419
416 420
415 421
417 420
419 419
419 420
420 420
426 426
426 427
425 428
418 417
422 423
414 419
325 393
425 423
417 419
418 420
413 426
416 431
416 432
415 433
417 432
341 485
325 470
428 418
429 417
430 416
430 415
431 415
430 418
330 476
429 415
428 415
428 414
428 413
428 412
429 411
429 413
430 413
431 413
431 412
432 411
433 412
433 413
433 414
434 414
356 459
345 422
317 435
432 413
361 430
429 412
328 539
317 459
356 455
349 466
432 412
431 414
432 415
433 416
434 416
430 417
427 411
426 410
427 410
425 410
424 410
423 409
422 408
421 409
424 409
425 408
424 407
425 407
309 470
427 409
365 466
367 459
423 411
426 412
426 413
422 409
425 409
345 465
396 444
423 410
424 411
431 417
426 414
429 414
317 502
421 410
420 411
421 411
334 489
422 411
432 414
428 410
429 409
425 411
428 416
431 416
423 412
423 413
422 414
421 413
420 414
432 417
424 413
427 413
324 428
420 410
322 383
423 415
422 416
422 417
430 409
422 410
426 406
427 407
428 406
429 407
430 406
430 405
431 404
352 448
432 405
433 406
430 407
433 407
433 408
341 481
434 408
429 404
428 403
429 403
334 512
428 404
435 409
435 410
436 410
437 411
437 412
436 413
437 414
436 415
438 411
327 507
438 410
439 411
440 410
328 518
431 406
438 413
433 409
434 410
429 416
421 412
422 413
428 405
437 410
419 423
419 422
429 406
432 416
424 412
425 413
420 419
423 424
423 425
424 425
416 421
417 422
439 410
419 431
419 432
431 405
420 432
412 428
404 424
403 425
403 426
403 427
402 428
401 427
401 426
341 407
323 469
403 428
404 429
405 429
406 428
406 427
406 426
331 389
323 502
334 522
377 449
404 425
403 429
407 425
432 406
435 411
405 425
416 434
415 435
414 436
414 437
415 436
416 437
417 437
417 436
418 437
419 436
420 437
349 443
416 438
416 439
417 439
419 438
419 439
420 439
392 441
418 436
414 438
414 439
337 525
417 438
320 380
418 439
352 481
332 390
420 438
416 440
417 441
419 440
415 437
418 438
414 440
417 440
418 441
420 440
413 437
412 437
411 438
416 442
412 439
415 439
418 440
413 436
416 441
412 438
413 439
428 408
415 438
427 412
423 414
424 415
419 421
313 419
420 422
438 412
430 408
415 428
407 424
408 425
431 408
426 415
426 416
415 441
427 415
419 411
422 422
426 428
415 418
418 429
326 445
421 434
421 435
326 462
410 424
434 409
411 425
430 411
407 427
427 405
293 441
422 412
426 418
418 419
421 424
422 425
351 420
414 421
417 431
409 427
429 405
418 432
433 411
410 427
402 423
401 424
400 424
399 423
398 423
398 424
399 424
426 408
413 438
425 412
428 417
429 418
421 414
422 415
424 424
425 425
417 421
418 422
421 427
422 427
423 427
420 431
413 428
405 424
416 433
436 411
428 407
417 434
418 434
419 434
429 408
406 424
424 414
425 415
420 421
423 426
424 427
416 423
319 490
318 491
338 361
408 424
419 433
431 407
346 485
420 434
347 450
338 481
366 463
318 423
358 459
432 408
404 426
350 455
323 501
369 468
368 469
329 433
330 432
331 432
297 449
370 433
315 497
316 462
322 393
362 429
435 413
335 475
327 471
333 402
328 436
300 454
334 367
319 467
318 468
319 468
320 432
339 445
405 427
331 441
318 508
310 418
351 456
397 423
337 521
343 452
384 453
329 517
289 444
363 430
355 426
340 526
341 491
374 439
415 440
320 468
361 469
321 433
312 464
353 465
313 429
427 414
332 442
373 443
305 425
324 438
323 438
364 474
325 403
330 518
317 399
290 445
336 412
337 377
341 527
342 492
302 419
333 523
389 424
293 450
292 451
291 451
334 488
354 466
326 484
345 497
346 462
347 427
365 475
338 458
366 440
357 471
318 400
358 436
350 432
423 416
323 478
369 445
329 409
330 410
331 410
331 409
330 374
315 474
316 439
340 418
335 452
327 448
333 379
347 463
306 425
319 444
298 421
339 422
380 460
350 468
351 433
336 533
337 498
370 446
343 429
316 475
362 442
349 472
309 436
328 449
340 503
301 432
319 480
320 445
321 410
326 376
339 458
385 425
312 441
313 406
331 454
332 419
324 415
325 380
329 530
330 495
376 462
336 389
322 491
396 440
341 504
342 469
388 436
333 500
334 465
353 478
354 443
326 461
305 438
373 456
345 474
346 439
365 452
325 416
366 417
311 481
357 448
317 412
318 377
336 425
337 390
377 426
323 455
329 386
369 422
302 432
314 486
314 487
315 451
389 437
334 501
340 395
326 497
400 446
346 475
347 440
332 540
338 471
366 453
412 420
358 449
344 514
350 445
351 410
369 458
370 423
297 439
315 487
316 452
362 419
308 448
381 432
342 361
341 360
340 360
309 413
327 461
328 426
300 444
319 457
320 422
339 435
312 418
331 431
332 396
318 498
392 447
324 392
337 511
343 442
384 443
430 410
329 507
330 472
376 439
349 485
355 416
322 468
340 516
301 445
342 446
415 430
361 459
333 477
321 423
407 426
312 454
427 404
332 432
305 415
373 433
364 464
365 429
311 458
344 406
330 508
336 402
322 504
337 367
342 482
388 449
314 463
333 513
293 440
334 478
408 427
326 474
400 423
345 487
347 417
365 465
332 517
338 448
366 430
357 461
431 410
358 426
334 455
377 439
350 422
323 468
369 435
296 451
315 464
288 447
288 448
316 429
335 442
308 425
327 438
328 403
319 434
320 399
339 412
380 450
426 417
325 514
285 441
331 408
372 446
318 475
336 523
392 424
337 488
343 419
362 432
329 484
349 462
309 426
340 493
328 439
301 422
360 471
320 435
361 436
321 400
312 431
352 467
331 444
332 409
364 441
324 405
310 470
329 520
330 485
289 447
376 452
336 379
322 481
341 494
388 426
333 490
328 524
361 472
353 468
427 417
326 451
354 433
305 428
373 446
346 429
419 413
331 529
365 442
338 425
311 471
357 438
317 402
304 432
337 380
323 445
329 376
314 476
315 441
335 419
307 437
422 424
368 453
327 415
414 420
347 430
332 530
379 462
325 491
358 439
371 458
344 504
350 435
336 500
343 396
316 442
356 478
348 474
308 438
327 451
328 416
340 470
300 434
319 447
360 448
320 412
321 377
339 425
312 408
313 373
331 421
372 459
332 386
318 488
317 500
332 363
337 501
324 382
384 433
329 497
376 429
349 475
322 458
395 442
308 415
340 506
341 471
301 435
342 436
415 420
327 536
327 537
361 449
352 480
353 445
373 423
345 441
364 454
365 419
325 383
310 483
311 448
357 415
357 414
317 379
303 444
336 392
418 431
323 422
314 453
328 537
339 513
334 468
340 362
335 396
354 446
321 498
326 464
367 465
387 443
433 410
332 507
366 420
338 438
324 503
357 451
358 416
399 417
304 445
344 481
350 412
390 448
323 458
336 477
369 425
410 426
316 419
335 432
307 450
368 466
327 428
328 393
319 424
434 411
339 402
380 440
325 504
426 407
372 436
331 398
391 449
318 465
336 513
337 478
411 427
383 445
343 409
329 474
330 439
348 487
349 452
395 419
300 447
340 483
341 448
360 461
361 426
333 444
352 457
312 421
353 422
299 451
332 399
364 431
324 395
310 460
330 475
376 442
343 494
336 369
322 471
396 420
363 472
342 449
328 514
333 480
334 445
320 510
353 458
326 441
339 523
345 454
346 419
292 448
332 484
365 432
338 415
311 461
357 428
304 422
323 435
295 453
296 418
314 466
315 431
307 427
335 409
321 511
327 405
368 443
359 474
332 520
319 401
379 452
324 516
339 379
325 481
371 448
344 494
317 477
336 490
296 454
337 455
383 422
356 468
329 451
308 428
348 464
349 429
300 424
328 406
340 460
360 438
320 402
347 441
306 467
352 434
426 420
372 449
331 411
332 376
318 478
324 372
384 423
329 487
425 424
330 452
322 448
335 530
341 461
342 426
333 457
328 491
361 439
352 470
353 435
326 418
339 500
345 431
346 396
331 496
364 444
421 426
325 373
338 392
310 473
311 438
343 507
303 434
418 421
323 412
355 481
314 443
315 408
375 459
335 386
326 454
321 488
367 455
368 420
313 484
359 451
387 433
332 497
338 428
379 429
324 493
325 458
371 425
344 471
304 435
336 467
343 363
315 444
356 445
316 409
307 440
348 441
327 418
368 456
414 423
328 383
319 414
320 379
380 430
339 392
325 494
371 461
372 426
331 388
317 490
318 455
391 439
337 468
383 435
329 464
330 429
348 477
349 442
322 425
340 473
335 507
341 438
342 403
360 451
333 434
361 416
321 380
334 399
353 412
299 441
345 408
364 421
324 385
351 488
310 450
311 415
343 484
417 433
336 359
322 461
363 462
323 389
355 458
328 504
334 435
375 436
327 516
320 500
321 465
394 449
326 431
367 432
386 445
331 509
332 474
406 423
378 441
338 405
311 451
357 418
324 470
303 447
344 448
295 443
323 425
314 456
356 422
342 524
307 417
335 399
321 501
367 468
368 433
327 395
359 464
387 446
324 506
325 471
399 420
371 438
344 484
390 451
317 467
318 432
336 480
337 445
356 458
329 441
402 425
330 406
348 454
349 419
340 450
341 415
360 428
287 444
320 392
333 411
352 424
338 526
298 453
299 418
351 465
310 427
425 414
330 442
322 438
335 520
342 416
382 452
333 447
328 481
374 448
334 412
320 477
326 408
339 490
299 454
386 422
291 450
331 486
310 463
311 428
343 497
303 424
295 420
323 402
355 471
314 433
375 449
421 416
335 376
321 478
327 372
313 474
387 423
332 487
378 454
324 483
325 448
317 444
296 421
337 422
329 418
334 533
328 373
340 427
319 404
306 434
329 454
370 455
393 439
338 503
331 378
317 480
318 445
383 425
424 426
323 523
330 419
416 422
316 484
322 415
335 497
341 428
382 429
327 493
333 424
334 389
319 489
326 385
299 431
298 432
385 434
345 398
346 399
310 440
311 405
397 445
425 427
417 423
323 379
309 481
314 410
315 375
328 494
374 461
375 426
320 490
326 421
321 455
367 422
339 503
313 451
359 418
331 499
378 431
338 395
324 460
325 425
344 438
330 540
315 411
316 376
342 514
302 441
335 389
389 446
334 510
368 423
327 385
313 487
326 506
319 381
318 382
379 432
420 433
325 461
371 428
317 457
318 422
432 407
323 500
329 431
330 396
348 444
315 496
322 392
435 412
340 440
341 405
381 441
360 418
333 401
306 447
352 414
338 516
298 443
405 426
310 417
397 422
370 468
416 435
316 497
322 428
335 510
329 532
363 429
342 406
309 458
382 442
428 409
327 506
328 471
374 438
334 402
320 467
326 398
321 432
345 411
312 463
385 447
291 440
331 476
332 441
338 372
311 418
324 437
343 487
330 517
323 392
322 513
314 423
429 410
341 526
342 491
375 439
335 366
321 468
333 522
367 435
313 464
332 477
378 444
345 496
324 473
325 438
398 422
317 434
318 399
336 447
377 448
337 412
329 408
348 421
334 523
294 450
340 417
326 519
346 497
306 424
338 493
298 420
318 435
323 513
424 416
370 445
330 409
316 474
322 405
335 487
341 418
381 454
308 470
287 447
327 483
328 448
333 414
334 379
319 479
320 444
326 375
339 457
299 421
385 424
310 430
425 417
337 533
329 529
309 471
328 484
341 503
374 451
320 480
321 445
312 476
313 441
386 425
331 489
373 455
305 437
324 450
325 415
344 428
330 530
317 411
336 424
337 389
342 504
302 431
389 436
333 535
334 500
340 394
326 496
400 445
345 509
420 423
347 439
371 418
317 447
318 412
377 461
337 425
423 428
323 490
329 421
370 422
330 386
315 486
322 382
340 430
341 395
381 431
327 460
401 446
333 391
306 437
393 442
338 506
298 433
413 420
310 407
424 429
397 412
370 458
337 510
416 425
316 487
363 419
382 432
309 448
327 496
355 415
328 461
340 515
374 428
301 444
319 492
320 457
326 388
321 422
312 453
385 437
313 418
332 431
338 362
324 427
344 405
330 507
336 401
322 503
341 516
342 481
388 448
333 512
367 425
408 426
313 454
359 421
400 422
305 450
419 435
325 428
366 429
317 424
431 409
337 402
377 438
356 415
323 467
329 398
302 444
314 498
348 411
389 449
334 513
294 440
340 407
326 509
401 423
306 414
420 436
393 419
338 483
404 428
432 410
323 503
351 422
369 470
297 451
370 435
316 464
322 395
435 415
362 431
381 444
309 425
327 473
328 438
333 404
334 369
319 469
320 434
312 430
331 443
332 408
318 510
337 523
329 519
289 446
330 484
363 432
376 451
309 461
340 528
341 493
321 435
333 489
312 466
313 431
427 416
332 444
373 445
305 427
419 412
324 440
325 405
317 401
330 520
290 447
336 414
322 516
337 379
342 494
329 375
302 421
333 525
334 490
293 452
326 486
420 413
332 529
318 402
377 451
423 418
323 480
369 447
329 411
330 376
315 476
316 441
322 372
308 437
327 450
333 381
328 415
319 446
298 423
339 424
380 462
426 429
331 420
372 458
336 535
337 500
343 431
329 496
309 438
382 422
395 441
340 505
328 451
301 434
374 418
415 419
320 447
321 412
385 427
312 443
313 408
332 421
324 417
325 382
344 395
330 497
317 378
376 464
336 391
322 493
396 442
341 506
388 438
333 502
328 536
340 361
326 463
305 440
373 458
419 425
346 441
325 418
366 419
311 483
317 414
318 379
358 415
304 444
337 392
377 428
323 457
329 388
314 488
389 439
315 453
340 397
307 449
326 499
341 362
327 427
368 465
347 442
338 473
325 503
391 448
351 412
336 512
297 441
370 425
315 489
343 408
411 426
316 454
362 421
308 450
381 434
309 415
327 463
300 446
328 428
319 459
320 424
312 420
331 433
332 398
318 500
392 449
324 394
337 513
384 445
430 412
329 509
330 474
376 441
336 368
322 470
340 518
396 419
341 483
301 447
342 448
415 432
321 425
333 479
407 428
313 421
427 406
305 417
373 435
324 430
325 395
365 431
311 460
336 404
322 506
337 369
323 434
388 451
314 465
334 480
293 442
326 476
321 510
400 425
347 419
332 519
366 432
338 450
324 515
344 493
377 441
350 424
423 408
323 470
369 437
296 453
297 418
315 466
316 431
308 427
327 440
328 405
333 371
300 423
319 436
320 401
339 414
380 452
426 419
325 516
372 448
332 375
318 477
351 425
336 525
297 454
337 490
384 422
329 486
309 428
340 495
301 424
320 437
321 402
361 438
312 433
332 411
324 407
325 372
310 472
330 487
376 454
336 381
322 483
333 492
328 526
293 419
326 453
373 448
419 415
346 431
331 531
338 427
311 473
304 434
323 447
329 378
303 446
314 478
315 443
311 450
316 408
307 439
335 421
422 426
368 455
327 417
328 382
414 422
347 432
332 532
319 413
339 391
380 429
325 493
371 460
331 387
344 506
317 489
350 437
391 438
336 502
337 467
338 407
344 450
331 511
336 446
343 398
383 434
356 480
316 444
329 463
308 440
348 476
349 441
340 472
300 436
319 449
360 450
320 414
321 379
339 427
352 446
313 375
331 423
372 461
318 490
392 439
324 384
384 435
329 499
330 464
376 431
349 477
395 444
322 460
340 508
415 422
342 438
327 538
361 451
333 469
334 434
321 500
352 482
353 447
326 430
339 512
345 443
364 456
365 421
310 485
357 417
317 381
418 433
337 359
323 424
295 442
332 476
314 455
315 420
335 398
340 364
326 466
367 467
346 444
313 496
387 445
347 409
359 463
338 440
379 441
324 505
358 418
399 419
344 483
390 450
350 414
296 443
356 457
316 421
402 424
307 452
335 434
348 453
308 417
368 468
327 430
328 395
319 426
434 413
380 442
339 404
426 409
325 506
372 438
331 400
391 451
318 467
336 515
337 480
383 447
329 476
348 489
349 454
395 421
322 437
335 519
340 485
342 415
360 463
333 446
361 428
321 392
352 459
353 424
299 453
345 420
291 449
364 433
324 397
310 462
311 427
376 444
336 371
322 473
363 474
323 401
342 451
355 470
314 432
328 516
334 447
375 448
421 415
326 443
354 425
321 477
339 525
345 456
331 521
292 450
332 486
338 417
311 463
324 482
357 430
304 424
344 460
323 437
295 455
296 420
314 468
315 433
307 429
335 411
327 407
368 445
328 372
359 476
332 522
319 403
379 454
324 518
325 483
371 450
331 377
344 496
317 479
318 444
336 492
337 457
297 421
383 424
356 470
329 453
348 466
349 431
340 462
300 426
341 427
320 404
360 440
352 436
372 451
332 378
318 480
324 374
310 439
351 477
384 425
425 426
330 454
376 421
322 450
335 532
342 428
333 459
328 493
334 424
374 460
320 489
353 437
326 420
339 502
345 433
346 398
364 446
331 498
310 475
338 394
311 440
343 509
303 436
418 423
323 414
314 445
374 440
355 483
315 410
316 375
375 461
421 428
335 388
321 490
367 457
368 422
313 486
387 435
359 453
331 534
319 380
332 499
379 431
324 495
398 444
325 460
371 427
344 473
304 437
390 440
317 456
336 469
337 434
316 411
356 447
307 442
368 458
340 439
328 385
319 416
320 381
380 432
347 484
306 446
352 413
338 515
371 463
372 428
331 390
317 492
337 470
383 437
329 466
330 431
370 467
349 444
322 427
340 475
335 509
436 412
341 440
360 453
327 505
333 436
361 418
334 401
352 449
353 414
326 397
339 479
299 443
345 410
364 423
310 452
311 417
343 486
417 435
363 464
437 413
323 391
355 460
314 422
328 506
375 438
320 502
335 365
321 467
326 433
339 515
367 434
386 447
313 463
346 411
292 440
378 443
406 425
324 472
303 449
295 445
315 423
356 424
335 401
307 419
348 420
367 470
368 435
327 397
359 466
433 415
379 444
346 496
339 371
325 473
399 422
366 474
371 440
317 469
318 434
336 482
337 447
323 512
356 460
329 443
402 427
330 408
349 421
322 404
340 452
335 486
341 417
287 446
360 430
333 413
352 426
338 528
298 455
299 420
351 467
310 429
425 416
362 476
322 440
363 441
335 522
342 418
382 454
328 483
333 449
374 450
334 414
320 479
326 410
339 492
299 456
312 475
345 423
331 488
291 452
326 387
332 453
311 430
343 499
303 426
363 477
323 404
295 422
355 473
314 435
375 451
342 503
335 378
421 418
333 534
321 480
367 447
327 374
313 476
387 425
332 489
378 456
324 485
325 450
371 417
317 446
318 411
336 459
337 424
329 420
348 433
334 535
340 429
328 375
341 394
401 445
346 509
306 436
347 474
393 441
338 505
372 418
331 380
358 483
318 447
350 479
310 406
424 428
329 456
330 421
370 457
416 424
316 486
362 453
322 417
335 499
341 430
342 395
382 431
327 495
328 460
333 426
334 391
374 427
319 491
299 433
345 400
385 436
351 480
310 442
397 447
311 407
425 429
343 476
417 425
363 454
323 381
409 421
309 483
314 412
328 496
374 463
375 428
320 492
321 457
394 441
367 424
312 488
386 437
359 420
331 501
332 466
338 397
378 433
305 449
324 462
325 427
344 440
317 423
336 436
337 401
356 414
342 516
302 443
348 410
389 448
368 425
327 387
340 406
326 508
401 422
346 486
339 361
420 435
325 463
366 464
371 430
358 460
318 424
404 427
432 409
337 437
360 420
435 414
369 469
330 398
370 434
315 498
349 411
322 394
340 442
335 476
381 443
333 403
306 449
347 487
334 368
352 416
338 518
298 445
405 428
351 457
310 419
370 470
343 453
316 499
362 466
369 449
323 482
315 478
363 431
309 460
382 444
428 411
327 508
355 427
328 473
334 404
319 504
320 469
321 434
326 400
339 482
385 449
312 465
313 430
331 478
332 443
338 374
324 439
303 416
344 417
330 519
290 446
323 394
336 413
342 493
335 368
302 420
321 470
333 524
367 437
293 451
313 466
354 467
359 433
345 498
324 475
420 412
325 440
366 441
357 472
317 436
336 449
337 414
377 450
423 417
323 479
356 427
329 410
330 375
348 423
334 525
294 452
340 419
326 521
333 380
347 464
306 426
338 495
298 422
358 473
350 469
424 418
351 434
323 515
330 411
370 447
343 430
316 476
362 443
322 407
335 489
381 456
309 437
327 485
333 416
328 450
319 481
320 446
326 377
339 459
299 423
385 426
291 419
331 455
332 420
351 470
337 535
343 466
417 415
329 531
363 444
330 496
355 440
314 402
396 441
341 505
320 482
321 447
333 501
312 478
313 443
353 479
386 427
319 494
332 456
378 423
305 439
373 457
419 424
324 452
325 417
344 430
317 413
330 532
336 426
337 391
342 506
302 433
333 537
389 438
334 502
340 396
341 361
354 480
326 498
400 447
345 511
346 476
420 425
366 454
412 421
318 414
358 450
423 430
350 446
323 492
329 423
369 459
330 388
370 424
315 488
316 453
322 384
362 420
335 466
381 433
327 462
333 393
328 427
347 477
393 444
319 458
413 422
339 436
350 482
351 447
310 409
392 448
397 414
337 512
416 427
316 489
362 456
329 508
363 421
309 450
382 434
355 417
328 463
340 517
301 446
374 430
415 431
320 459
321 424
339 472
385 439
313 420
331 468
332 433
338 364
305 416
324 429
325 394
344 407
330 509
336 403
337 368
322 505
341 518
342 483
388 450
333 514
334 479
408 428
354 457
359 423
326 475
345 488
419 437
346 453
325 430
366 431
357 462
317 426
431 411
358 427
337 404
377 440
423 407
329 400
369 436
315 465
348 413
389 451
294 442
340 409
335 443
326 511
327 439
401 425
346 489
306 416
347 454
393 421
338 485
358 463
325 515
350 459
424 408
351 424
336 524
297 453
370 437
343 420
316 466
322 397
362 433
335 479
381 446
309 427
327 475
350 436
328 440
334 371
301 423
319 471
320 436
321 401
339 449
312 432
331 445
332 410
324 406
329 521
330 486
289 448
376 453
355 430
322 482
341 495
342 460
361 473
333 491
321 437
293 418
353 469
313 433
427 418
354 434
305 429
373 447
419 414
324 442
325 407
365 443
311 472
357 439
317 403
290 449
336 416
337 381
323 446
342 496
329 377
314 477
302 423
293 454
334 492
294 419
354 470
326 488
346 466
420 415
347 431
366 444
338 462
357 475
358 440
318 404
344 505
377 453
423 420
330 378
316 443
322 374
335 456
381 423
327 452
328 417
300 435
333 383
319 448
320 413
339 426
331 422
372 460
351 437
392 438
336 537
337 502
343 433
384 434
329 498
349 476
309 440
395 443
340 507
374 420
341 472
301 436
320 449
361 450
321 414
312 445
313 410
332 423
373 424
324 419
364 455
325 384
310 484
344 397
317 380
330 499
336 393
322 495
341 508
342 473
388 440
333 504
328 538
334 469
340 363
353 482
326 465
373 460
345 478
346 443
419 427
365 456
366 421
338 439
311 485
318 381
377 430
304 446
350 413
369 426
296 442
329 390
314 490
315 455
316 420
307 451
335 433
327 429
333 360
347 444
319 425
434 412
380 441
339 403
325 505
317 501
350 449
351 414
336 514
337 479
297 443
370 427
343 410
383 446
316 456
362 423
403 424
348 488
309 417
349 453
300 448
340 484
319 461
320 426
360 462
339 439
331 435
332 400
318 502
392 451
324 396
384 447
329 511
430 414
336 370
349 489
322 472
340 520
396 421
415 434
342 450
361 463
333 481
334 446
313 423
354 424
326 442
427 408
339 524
305 419
346 420
364 468
365 433
325 397
311 462
357 429
337 371
323 436
295 454
314 467
315 432
335 410
340 376
326 478
321 512
346 456
347 421
332 521
366 434
336 491
338 452
379 453
324 517
358 430
344 495
350 426
296 455
369 439
297 420
315 468
356 469
316 433
335 446
348 465
308 429
327 442
300 425
328 407
319 438
320 403
339 416
380 454
325 518
372 450
331 412
332 377
336 527
337 492
324 373
343 423
384 424
329 488
330 453
348 478
376 420
309 430
322 449
340 497
335 531
341 462
301 426
342 427
360 475
361 440
333 458
352 471
312 435
332 413
345 432
324 409
364 445
310 474
311 439
376 456
343 508
322 485
342 463
314 444
333 494
293 421
334 459
375 460
354 437
326 455
345 468
346 433
331 533
365 446
332 498
338 429
311 475
357 442
398 443
304 436
344 472
323 449
314 480
315 445
316 410
307 441
335 423
422 428
327 419
368 457
414 424
328 384
319 415
332 534
339 393
325 495
399 444
371 462
372 427
344 508
317 491
391 440
336 504
337 469
383 436
356 482
329 465
308 442
309 407
340 474
300 438
341 439
360 452
320 416
321 381
361 417
312 412
372 463
318 492
364 422
324 386
310 451
384 437
329 501
326 432
430 404
330 466
322 462
341 475
333 471
328 505
353 449
394 450
339 514
345 445
373 427
346 410
331 510
364 458
365 423
338 406
310 487
311 452
357 419
303 448
418 435
337 361
295 444
314 457
315 422
340 366
335 400
307 418
321 502
367 469
368 434
327 396
324 507
304 449
347 411
359 465
387 447
332 511
338 442
379 443
339 370
325 472
371 439
344 485
350 416
317 468
336 458
296 445
336 481
337 446
316 423
402 426
307 454
308 419
348 455
327 432
368 470
340 451
434 415
320 393
360 429
380 444
339 406
325 508
426 411
338 527
372 440
331 402
318 469
337 482
383 449
329 478
330 443
349 456
395 423
322 439
335 521
340 487
341 452
342 417
360 465
327 517
333 448
334 413
352 461
353 426
299 455
364 435
310 464
311 429
343 498
303 425
336 373
363 476
323 403
355 472
334 449
375 450
421 417
335 377
321 479
367 446
346 423
313 475
387 424
331 523
292 452
332 488
338 419
357 432
324 484
304 426
344 462
323 439
296 422
315 435
356 436
316 400
335 413
307 431
422 418
327 409
368 447
328 374
359 478
319 405
379 456
324 520
325 485
371 452
317 481
336 494
337 459
383 426
356 472
329 455
348 468
349 433
300 428
341 429
342 394
360 442
333 425
321 371
352 438
299 432
332 380
345 399
324 376
310 441
351 479
397 446
330 456
376 423
343 475
417 424
322 452
335 534
363 453
342 430
333 461
374 462
353 439
320 491
326 422
394 440
339 504
345 435
346 400
386 436
331 500
332 465
338 396
311 442
343 511
323 416
355 485
315 412
316 377
375 463
421 430
335 390
321 492
327 386
313 488
387 437
359 455
319 382
332 501
379 433
339 360
324 497
371 429
344 475
390 442
317 458
336 471
337 436
356 449
329 432
348 445
349 410
340 441
328 387
341 406
360 419
320 383
347 486
306 448
352 415
338 517
298 444
331 392
318 459
329 468
330 433
370 469
436 414
416 436
349 446
362 465
395 413
322 429
328 472
352 451
353 416
326 399
