620 520
620 521
621 522
619 522
618 521
621 520
622 519
621 523
623 520
624 519
625 518
622 522
623 523
624 522
625 521
626 519
627 518
617 522
616 521
615 522
614 521
613 522
612 523
611 522
610 521
626 522
627 521
610 523
619 519
618 518
611 524
625 523
614 523
616 520
615 519
616 518
621 519
612 525
613 524
615 521
627 523
628 524
619 521
624 517
623 516
624 515
623 514
625 516
611 526
614 525
621 521
623 518
622 520
612 527
613 526
615 523
627 525
617 517
628 526
619 523
609 522
608 523
620 522
614 518
613 517
612 516
613 515
612 514
614 514
611 517
610 516
614 516
612 518
615 514
616 513
615 512
614 512
616 511
615 510
616 509
610 518
614 509
613 508
612 507
614 507
612 509
611 510
610 509
611 519
616 515
611 528
614 527
615 528
616 527
617 526
618 525
619 526
617 524
612 511
622 513
621 512
620 512
619 512
618 511
618 513
619 514
621 514
613 510
607 524
608 525
606 523
615 507
612 520
613 519
615 516
610 511
609 511
608 511
613 528
617 510
618 509
615 525
617 519
628 519
629 518
629 520
609 515
608 514
607 515
606 515
610 514
608 516
606 514
605 513
604 512
605 511
604 510
605 509
606 508
607 508
606 510
608 507
607 506
608 505
609 506
610 505
629 525
604 514
630 526
611 512
619 525
631 527
631 528
611 521
612 513
623 513
604 509
603 508
615 509
623 522
612 522
615 518
615 527
626 524
618 520
608 506
610 525
607 510
630 521
630 522
631 523
622 517
619 511
611 507
619 520
611 516
603 512
611 525
612 508
615 513
604 513
618 515
619 516
618 524
629 524
610 520
610 529
611 530
611 531
612 532
607 505
607 514
622 512
607 523
630 525
622 521
619 515
611 511
603 507
611 520
625 522
614 522
615 508
618 510
626 523
610 506
618 519
629 519
610 515
610 524
607 509
630 520
622 516
619 510
632 529
611 506
612 505
611 515
603 511
614 508
614 517
625 517
633 530
633 531
634 532
634 533
606 513
614 526
606 522
626 518
618 514
610 510
629 523
618 523
610 519
610 528
607 504
607 513
622 511
607 522
632 524
621 524
622 525
622 526
622 527
623 527
613 529
603 506
604 505
605 506
604 504
603 503
603 502
633 525
634 524
635 525
634 523
633 526
633 534
633 535
633 536
634 537
632 533
631 532
630 531
630 530
629 529
629 528
629 532
629 533
629 534
630 535
614 530
614 531
615 532
636 526
637 527
638 526
638 525
637 524
637 528
637 529
638 530
638 529
637 523
637 522
638 521
628 531
627 530
626 529
626 528
626 527
625 526
625 530
625 531
626 532
626 533
621 510
621 528
621 529
622 530
622 531
623 532
632 528
632 537
631 537
632 538
633 539
633 540
613 533
613 534
614 535
614 536
615 537
606 503
605 502
605 501
604 500
604 499
603 498
603 497
633 529
634 528
606 512
625 525
606 521
605 520
604 519
604 518
603 517
603 516
603 520
603 521
603 522
604 523
602 520
602 515
625 534
625 535
625 536
626 537
626 538
625 539
625 540
625 541
626 542
626 543
626 541
625 544
625 545
626 546
626 547
624 543
639 527
640 528
624 538
636 521
635 520
634 519
634 518
633 520
633 521
632 519
631 518
636 530
607 503
608 502
628 535
628 536
629 537
629 538
630 539
630 540
602 501
640 527
641 526
642 527
642 528
643 529
641 525
644 530
644 531
644 529
602 510
632 523
602 519
632 532
621 532
621 533
620 531
619 530
618 529
619 529
618 528
632 541
632 542
632 543
633 544
633 545
634 546
632 546
631 546
632 547
633 548
633 549
633 550
634 551
613 537
613 538
614 539
614 540
614 541
613 542
612 541
611 540
610 539
611 539
610 538
613 543
614 544
614 545
615 546
610 537
609 536
609 540
609 541
610 542
610 543
610 544
611 544
609 545
635 534
636 535
614 511
606 507
614 520
625 520
627 539
628 540
635 552
636 553
637 552
638 553
637 551
639 554
639 555
640 556
640 557
641 558
640 555
641 554
641 553
640 552
640 551
639 550
642 555
643 556
643 557
644 558
606 516
606 517
607 518
607 519
608 520
627 548
606 525
606 526
606 527
607 528
607 527
624 524
639 522
640 523
641 522
642 523
641 521
642 522
624 533
639 531
640 532
641 531
642 532
641 530
640 533
641 534
641 535
640 536
640 537
640 538
641 539
641 540
642 541
640 541
640 542
639 541
639 536
638 535
638 534
637 533
637 532
616 529
624 542
623 541
622 540
621 541
620 541
621 542
621 543
622 544
620 540
619 539
618 538
618 537
617 536
617 535
618 534
619 535
619 534
618 533
618 532
617 531
620 536
621 537
622 536
623 535
622 535
621 538
639 540
638 539
637 538
637 537
636 539
636 540
637 541
637 542
637 543
638 544
636 544
636 545
637 546
637 547
638 548
639 545
640 546
640 547
636 548
636 549
635 548
635 543
634 542
616 538
610 504
611 503
611 502
610 501
610 500
616 547
616 548
639 549
617 512
636 525
609 508
617 521
628 521
636 534
609 517
620 517
628 530
617 530
636 543
620 526
609 526
628 539
617 539
617 540
620 535
609 535
610 534
611 535
611 534
610 533
608 534
607 533
606 532
607 532
606 531
606 530
605 529
604 528
603 527
603 526
604 527
603 525
602 524
602 528
602 529
603 530
603 531
604 532
601 527
600 526
600 525
599 524
599 523
600 522
600 521
600 520
599 519
600 518
600 517
600 516
599 515
599 514
599 518
599 527
599 528
599 529
600 530
600 531
599 532
599 533
599 534
600 535
600 534
598 531
599 513
600 512
600 511
599 510
599 509
601 532
602 527
598 517
597 516
596 515
596 514
596 513
595 512
595 516
595 517
596 518
596 519
594 515
593 514
593 513
592 512
592 511
593 510
593 509
592 508
592 507
592 506
593 505
593 504
592 503
592 502
593 501
594 502
593 500
592 499
592 498
593 499
595 503
596 504
596 505
597 506
597 507
597 508
596 509
596 510
597 511
592 497
593 496
593 495
593 494
591 510
590 510
589 511
588 510
588 509
589 508
590 508
589 507
587 508
598 526
597 525
596 524
596 523
595 522
595 521
595 525
595 526
594 524
593 523
598 535
602 533
602 534
603 535
603 536
604 537
605 537
606 536
607 537
607 538
606 535
591 505
590 505
594 510
641 536
642 537
595 502
596 501
597 502
598 503
596 500
596 499
597 498
597 497
596 496
597 495
596 495
595 498
599 504
600 503
601 504
600 502
599 505
600 506
600 507
600 501
599 500
604 524
595 511
587 507
586 506
585 506
585 505
585 504
584 503
583 504
582 504
584 502
585 501
584 500
622 541
586 501
627 535
584 499
585 498
586 497
585 500
584 498
588 508
585 499
587 498
595 520
594 519
593 519
592 518
592 517
593 518
592 516
599 499
600 498
601 499
600 497
599 496
588 499
589 498
590 499
635 532
589 497
588 500
588 501
589 502
589 503
588 504
587 504
588 505
587 503
601 536
601 537
601 538
602 538
594 523
605 538
598 498
617 548
620 518
583 502
600 539
609 544
608 543
601 540
602 505
621 518
613 514
632 527
598 534
643 542
594 500
635 538
627 534
606 511
605 515
624 528
616 524
595 501
644 542
645 542
587 497
639 544
617 525
609 521
600 540
634 538
590 504
607 542
606 541
607 541
628 534
601 517
620 530
598 511
627 533
624 527
599 538
599 537
625 519
603 504
601 518
603 539
603 540
612 530
642 538
645 541
615 515
644 540
602 539
609 509
634 547
644 539
645 538
590 507
631 545
582 503
608 531
609 531
631 533
630 544
602 518
642 554
634 550
584 501
629 543
628 544
612 531
591 508
623 540
632 525
645 537
615 536
614 513
627 544
629 542
597 522
645 536
624 529
644 535
644 534
598 521
594 513
635 551
645 533
601 501
615 517
606 540
628 545
635 544
629 546
629 547
629 548
601 541
593 515
602 542
602 543
627 547
639 521
630 533
603 544
605 528
624 541
597 524
603 545
616 537
608 533
604 546
631 522
601 530
642 531
634 527
616 512
590 506
594 497
602 507
643 543
643 544
644 545
644 544
611 543
623 517
643 532
645 546
646 547
635 528
627 524
646 537
612 544
604 540
605 505
624 518
597 501
615 549
616 514
608 510
638 538
617 515
630 534
645 547
614 550
601 507
641 543
641 544
619 524
598 501
629 531
614 549
613 548
613 547
631 535
590 497
615 535
604 511
613 511
612 542
644 548
644 549
642 544
634 540
644 550
593 508
612 521
604 517
645 551
623 530
615 526
627 537
605 518
627 545
608 521
613 551
597 514
637 550
594 498
605 503
606 539
613 552
613 553
605 507
646 548
646 549
647 550
643 551
643 552
589 510
586 504
648 551
638 551
630 547
622 543
641 556
648 552
642 521
643 520
644 521
645 522
643 519
600 524
619 537
611 533
603 529
643 522
612 534
604 530
596 526
615 539
638 528
610 546
610 547
630 524
609 501
608 500
601 497
641 533
607 540
599 536
631 525
642 534
634 530
600 537
649 553
593 498
611 546
603 542
604 507
644 543
644 522
610 548
596 503
611 549
626 531
632 545
645 523
646 524
646 525
647 525
605 508
645 544
618 527
597 504
637 540
589 500
613 525
644 553
644 554
645 555
645 554
629 536
608 513
648 549
649 548
648 547
649 547
650 548
607 517
638 541
630 537
622 533
641 546
640 550
600 514
619 527
592 510
611 523
584 506
642 546
646 544
647 545
603 519
614 534
645 556
641 549
646 557
633 547
593 511
602 546
585 507
625 543
604 520
644 556
596 511
648 546
607 500
612 524
609 518
616 531
595 519
609 519
601 500
609 537
608 530
608 526
599 512
609 500
597 526
604 547
646 539
601 546
602 547
597 527
596 528
596 529
627 526
605 548
605 525
606 549
606 550
606 551
607 551
607 550
600 547
599 547
645 521
628 522
599 546
635 526
598 545
598 544
596 516
626 544
599 543
618 540
637 553
610 536
639 542
600 544
608 544
599 542
598 541
615 529
646 521
620 523
615 542
598 540
643 539
607 499
607 498
603 541
644 520
647 540
648 541
606 498
643 553
648 542
648 543
649 544
650 545
622 510
641 523
607 530
599 526
609 507
605 549
647 523
618 526
648 523
638 549
602 498
647 549
616 543
616 544
647 556
648 556
647 555
617 545
649 557
634 520
600 527
613 546
592 523
633 524
648 555
591 524
650 556
603 532
644 533
623 510
615 506
632 548
651 557
614 547
587 505
592 525
606 543
606 544
626 521
645 534
618 517
592 526
637 530
610 513
592 527
591 528
629 526
648 539
607 507
599 503
610 549
630 527
622 523
593 528
599 539
600 504
648 538
648 537
649 539
649 537
640 540
619 517
607 536
606 545
606 546
607 547
592 500
607 546
602 506
594 529
651 556
652 555
652 554
652 553
628 542
650 555
604 542
651 552
609 550
608 512
647 554
651 551
594 528
605 543
608 548
651 546
652 545
652 544
653 543
651 550
632 536
611 513
598 543
620 528
631 544
651 543
651 542
603 509
650 541
598 509
654 543
614 524
642 553
593 529
655 544
656 543
656 542
655 545
605 526
604 538
608 499
598 499
617 518
617 544
618 543
619 544
619 543
642 547
618 542
620 545
609 549
650 550
598 512
601 545
598 530
598 539
602 537
591 500
643 538
594 496
591 509
643 547
583 505
646 543
594 505
612 550
594 514
646 552
591 527
590 526
595 497
647 544
595 506
595 507
587 502
647 553
595 515
605 547
601 513
601 522
628 548
601 531
620 544
621 509
598 507
640 522
590 503
631 541
632 518
650 554
598 516
642 550
602 514
621 527
598 525
613 523
642 559
602 523
643 524
643 525
644 526
644 525
643 550
602 532
613 532
643 533
635 529
614 506
591 504
654 542
653 541
652 540
652 539
651 538
623 536
591 501
646 538
638 550
606 502
583 500
582 500
581 501
612 536
612 545
623 545
635 547
594 509
615 541
627 543
604 541
594 518
646 556
615 550
594 527
655 543
639 526
605 524
647 539
624 537
597 520
639 535
616 533
605 533
608 529
597 529
605 542
587 506
616 542
636 520
608 538
609 503
617 516
636 529
608 547
609 512
628 525
601 508
617 534
609 530
601 526
609 539
620 539
601 512
650 540
602 511
598 502
601 535
590 498
642 536
602 500
631 536
621 513
650 549
601 544
602 509
653 545
613 509
642 545
598 520
632 522
634 541
613 518
598 529
611 548
643 528
635 524
643 537
591 499
627 520
635 533
594 495
623 531
606 497
643 546
593 527
627 529
612 540
594 504
646 542
635 542
627 538
604 536
612 549
646 551
624 514
604 545
615 545
616 510
605 510
624 523
605 519
616 519
624 532
597 515
608 515
616 528
639 530
608 524
639 539
605 546
616 546
617 511
608 542
636 524
586 505
649 543
638 543
617 520
628 520
601 503
608 551
638 552
620 516
649 552
609 516
628 529
630 548
641 548
620 525
609 525
641 557
601 521
620 534
598 497
631 531
598 506
650 544
590 502
602 504
631 540
619 538
653 540
642 540
650 553
598 515
634 536
602 513
631 549
590 511
642 549
613 513
634 545
600 543
642 558
643 523
612 517
635 519
603 548
612 526
623 526
654 541
655 540
643 541
593 522
604 522
612 535
594 499
635 537
615 531
604 531
623 544
594 508
646 546
635 546
596 527
627 542
615 540
612 553
611 552
610 552
608 501
605 514
645 550
597 510
616 523
639 525
605 523
589 506
624 536
608 519
597 519
616 532
605 532
597 528
608 528
616 541
608 537
649 538
586 500
609 502
601 498
620 511
638 547
586 509
585 509
630 543
649 556
609 520
622 539
641 552
601 516
601 525
631 526
642 526
650 539
634 522
619 533
642 535
602 499
598 510
611 529
634 531
600 529
653 544
619 542
582 502
600 538
611 538
643 518
603 534
611 547
634 549
612 512
623 512
603 543
643 527
604 508
623 521
635 523
646 523
593 517
627 519
594 494
627 528
593 526
604 526
623 539
612 539
596 522
604 535
605 500
612 548
624 513
597 496
604 544
615 544
645 545
597 505
589 501
648 550
605 527
618 546
597 523
638 524
608 532
638 533
610 551
630 529
641 529
638 542
649 542
641 538
630 538
601 502
649 551
622 534
601 511
641 547
607 545
599 541
631 521
598 496
600 515
642 530
631 530
619 528
650 543
634 526
631 539
642 539
590 501
634 535
600 533
592 529
634 544
600 542
611 542
603 538
593 503
604 503
611 551
603 547
593 512
623 525
635 527
596 508
585 508
593 521
604 521
644 557
623 534
596 517
615 530
627 532
604 539
605 504
645 540
626 536
597 500
637 536
645 549
589 496
626 545
637 545
648 545
597 509
608 509
589 505
629 541
618 541
648 554
637 554
608 518
597 518
641 524
586 499
638 537
607 531
586 508
638 546
649 546
622 529
630 542
641 542
601 506
638 555
649 555
622 538
607 549
641 551
599 545
600 510
642 525
634 521
652 557
600 519
619 532
631 534
592 515
591 514
590 515
589 516
588 515
587 515
587 516
590 517
590 516
589 515
603 515
600 528
619 541
592 524
603 524
611 537
634 539
603 533
604 498
600 546
623 511
633 543
593 507
585 503
604 516
644 552
593 516
623 529
614 548
596 512
593 525
604 525
645 526
596 521
615 534
605 499
645 535
596 530
637 531
616 508
617 507
629 527
626 540
608 504
648 540
645 553
618 536
637 549
597 513
610 532
589 509
629 545
618 545
638 523
610 541
630 519
610 550
638 532
622 515
630 528
607 526
641 528
649 541
622 524
599 522
641 537
607 535
599 531
600 496
607 544
630 546
619 509
622 542
599 540
600 505
611 505
652 543
619 518
631 520
642 520
603 501
592 501
652 552
611 514
603 510
634 525
600 523
619 536
611 532
600 532
592 528
603 528
611 541
612 506
603 537
588 516
593 502
633 538
644 538
604 502
623 515
612 515
596 498
644 547
615 511
596 507
614 543
615 520
593 520
614 552
626 517
606 548
596 525
637 526
626 526
645 539
618 522
629 522
597 499
637 535
626 535
645 548
595 529
618 531
637 544
648 544
610 527
629 540
589 504
648 553
607 512
638 527
610 545
599 508
607 521
630 523
599 517
651 555
630 532
641 532
622 528
607 539
599 535
622 537
600 500
607 548
619 513
592 496
591 495
599 544
640 545
600 509
611 509
603 505
592 505
652 556
640 554
611 518
632 550
592 514
603 514
611 527
603 523
644 524
593 497
633 533
614 529
625 529
633 542
593 506
604 506
585 502
596 502
625 538
614 538
644 551
633 551
606 534
625 547
645 525
647 543
618 508
637 521
626 530
644 541
645 543
595 524
637 539
626 539
610 522
618 535
629 535
648 548
637 548
610 531
618 544
629 544
610 540
638 522
651 541
588 503
630 518
636 552
607 516
622 514
641 527
607 525
599 521
607 534
622 532
599 530
640 531
619 508
611 504
652 542
621 536
603 500
581 500
600 513
640 549
592 509
613 541
602 541
584 505
603 518
633 519
644 519
645 518
645 517
646 516
647 517
647 516
613 550
614 515
644 528
633 528
625 524
604 501
633 537
644 537
606 520
585 497
596 497
625 533
614 533
644 546
633 546
606 529
614 542
625 542
596 506
644 555
606 538
614 551
606 547
647 548
595 510
618 512
626 525
637 525
610 508
629 521
647 557
626 534
637 534
610 517
639 553
595 528
629 530
618 530
610 526
618 539
629 539
607 502
636 538
610 535
588 498
599 498
607 511
636 547
617 543
588 507
622 509
651 545
628 543
599 507
607 520
622 518
651 554
599 516
607 529
609 548
599 525
640 526
600 499
640 535
592 495
632 531
621 531
600 508
611 508
640 544
652 546
613 527
632 540
598 538
597 537
596 536
592 504
621 540
640 553
613 536
602 536
603 513
632 549
592 513
602 545
613 545
614 510
644 523
633 523
606 506
643 555
591 517
614 519
633 532
644 532
614 528
591 526
625 528
633 541
594 522
606 524
625 537
614 537
606 533
595 496
625 546
614 546
645 524
606 542
595 505
626 520
610 503
587 501
647 552
618 516
595 514
610 512
639 548
587 510
595 523
636 533
610 530
617 529
636 542
599 502
617 538
651 540
628 538
588 502
636 551
609 534
617 547
628 547
599 511
620 543
609 543
599 520
601 539
640 521
609 552
621 535
621 517
640 530
621 526
598 524
632 526
640 539
652 541
602 522
632 535
603 499
598 533
640 548
602 531
613 531
621 544
598 542
632 544
584 504
613 540
602 540
591 503
633 518
644 518
606 501
613 549
591 512
644 527
633 527
643 559
644 536
594 517
627 527
646 541
583 503
646 555
606 519
625 532
614 532
606 528
594 526
655 542
606 537
647 538
595 500
639 534
647 547
595 509
624 545
610 507
639 543
605 541
594 503
595 518
639 552
605 550
595 527
636 528
608 546
588 497
607 501
636 537
599 497
628 533
617 533
636 546
620 529
609 529
651 544
599 506
588 506
617 542
609 538
620 538
651 553
601 534
609 547
640 525
601 543
602 508
650 557
632 521
598 519
620 533
640 534
602 517
632 530
598 528
621 530
640 543
602 526
598 537
632 539
621 539
602 535
613 535
591 498
643 536
613 544
602 544
654 545
591 507
643 545
633 522
635 541
606 505
591 516
643 554
646 550
635 550
594 512
591 525
625 527
627 546
594 521
647 524
595 495
624 531
639 529
595 504
624 540
647 542
616 536
587 500
605 536
610 502
639 538
647 551
595 513
639 547
587 509
616 545
605 545
636 523
608 541
608 550
636 532
620 515
617 528
628 528
636 541
609 524
620 524
599 501
651 539
617 537
628 537
601 520
636 550
609 533
617 546
628 546
601 529
620 510
620 542
609 542
598 505
602 503
609 551
621 516
650 552
598 514
601 547
640 529
602 512
613 512
642 548
631 548
598 523
621 525
613 521
642 557
602 521
598 532
632 534
621 534
613 530
602 530
643 531
613 539
643 540
591 502
654 540
646 536
635 536
606 500
643 549
591 511
594 507
606 509
612 543
646 545
623 543
635 545
643 558
627 541
612 552
594 516
646 554
606 518
604 548
615 548
594 525
624 526
655 541
616 522
605 522
639 524
595 499
647 537
624 535
639 533
605 531
595 508
647 546
624 544
608 527
605 540
616 540
597 536
608 536
639 551
616 549
617 514
608 545
597 545
596 545
636 527
609 510
617 523
628 523
636 536
620 519
628 532
617 532
601 515
609 528
617 541
628 541
601 524
620 537
598 500
650 538
601 533
590 496
609 546
621 511
650 547
601 542
640 524
642 543
613 507
631 543
632 520
598 518
582 501
613 516
602 516
642 552
598 527
634 548
602 525
643 526
598 536
646 522
635 522
591 497
643 535
612 529
635 531
591 506
654 544
606 504
635 540
623 538
646 540
612 538
591 515
604 534
627 536
612 547
594 511
635 549
624 512
604 543
615 543
594 520
624 521
616 517
605 517
624 530
595 494
639 528
616 526
647 541
624 539
608 522
587 499
639 537
616 535
605 535
597 531
639 546
605 544
617 509
608 540
636 522
609 505
586 503
628 518
636 531
608 549
620 514
609 514
649 550
628 527
617 527
601 510
609 523
601 519
641 555
620 532
609 532
601 528
631 529
642 529
598 504
650 542
602 502
631 538
590 500
598 513
650 551
621 515
634 534
590 509
619 545
631 547
598 522
634 543
600 541
613 520
642 556
643 521
611 550
646 517
590 527
603 546
643 530
646 526
623 524
627 522
612 533
635 535
646 535
606 499
623 533
643 548
604 529
627 531
594 506
623 542
627 540
615 538
646 553
612 551
624 516
615 547
605 512
624 525
608 508
645 557
639 523
605 521
624 534
597 517
608 517
616 530
620 509
605 530
639 532
605 539
616 539
608 535
638 536
586 498
617 513
638 545
649 545
586 507
641 541
630 541
601 505
649 554
638 554
641 550
601 514
609 527
620 527
641 559
601 523
642 524
631 524
650 537
642 533
602 497
619 531
598 508
650 546
634 529
613 506
653 542
619 540
642 542
631 542
611 536
600 536
642 551
600 545
611 545
612 510
635 521
623 519
612 519
643 534
591 496
604 515
635 530
612 528
623 528
593 524
615 524
635 539
612 537
594 501
583 501
623 537
596 520
615 533
604 533
612 546
624 511
616 507
624 520
647 522
597 503
608 503
615 551
605 516
616 516
645 552
589 499
597 512
626 548
616 525
597 521
648 557
605 534
616 534
597 530
638 531
617 508
608 539
638 540
609 504
649 540
586 502
630 536
620 513
649 549
609 513
630 545
601 509
607 543
631 519
641 545
