204 440
203 441
204 441
205 440
202 442
202 443
203 444
202 445
205 441
204 439
203 438
202 439
205 438
204 442
206 439
207 438
208 437
209 438
204 445
205 444
206 445
207 444
208 443
209 442
206 442
207 441
208 440
209 441
202 438
201 440
200 441
200 442
199 443
199 440
198 441
198 444
197 445
198 442
196 444
196 443
195 442
194 441
200 444
202 441
201 443
203 440
193 442
208 436
207 440
199 445
206 438
198 443
192 441
192 440
209 440
201 445
193 440
203 442
192 442
194 439
193 438
192 438
194 437
195 438
207 442
204 443
205 442
196 439
200 439
207 435
208 434
206 436
209 433
205 435
204 436
196 441
209 435
197 442
203 437
192 437
191 436
190 437
189 438
188 438
203 446
194 443
207 437
210 433
211 432
210 431
211 430
212 429
211 428
213 428
212 431
214 428
212 433
199 442
190 439
190 440
204 438
191 438
205 437
205 446
209 437
211 434
197 444
200 443
202 440
201 442
189 440
192 439
203 439
207 439
208 438
210 435
199 444
190 441
190 442
191 440
205 439
195 440
206 440
209 439
200 445
198 445
201 444
194 438
213 427
188 437
191 442
209 432
193 439
210 434
212 428
191 439
195 439
211 429
197 439
201 441
189 441
203 443
211 433
202 444
193 441
207 434
194 440
208 433
208 439
210 430
213 429
207 443
208 442
210 439
188 439
212 430
190 436
214 427
191 441
209 431
206 435
204 444
209 434
206 441
195 441
211 431
205 443
196 440
195 444
206 444
197 441
198 440
201 439
189 437
208 441
192 436
200 440
207 433
208 432
210 429
193 437
207 436
193 443
203 445
194 442
208 435
210 432
210 438
208 444
199 441
190 438
212 432
214 429
191 437
204 437
206 434
205 436
204 446
206 437
209 436
195 443
206 443
205 445
197 440
197 443
189 439
196 442
189 436
