769 535
769 536
768 534
767 534
766 535
765 534
764 533
763 534
768 533
769 532
768 536
770 533
770 536
762 535
767 537
766 538
765 537
764 536
763 537
771 534
763 533
762 532
763 531
764 530
765 531
766 530
767 531
768 530
766 529
765 528
766 532
764 529
764 532
764 538
764 539
763 530
763 536
771 537
771 538
770 539
769 538
768 539
767 540
765 533
764 535
769 531
765 530
765 536
769 534
765 539
768 532
768 538
770 535
769 537
768 535
770 532
762 531
770 538
769 540
762 534
766 528
767 533
766 531
767 530
767 536
766 534
767 539
766 537
764 531
763 529
771 536
764 528
764 534
763 532
765 529
765 535
764 537
763 535
765 532
768 531
765 538
769 530
768 540
769 533
769 539
768 537
770 534
762 533
770 537
767 529
766 533
767 532
767 538
766 536
767 535
766 539
763 528
771 535
777 579
778 580
776 578
779 579
779 580
777 578
778 577
775 578
776 577
776 580
780 580
774 579
777 581
779 578
775 576
775 575
774 576
773 575
778 576
779 581
778 579
773 574
773 577
776 576
775 574
773 576
776 575
780 579
778 581
775 579
780 582
774 578
774 575
780 581
777 577
774 574
778 578
777 580
775 580
774 577
777 576
776 579
775 577
