1143 355
1144 354
1145 355
1143 353
1146 354
1142 353
1143 352
1142 356
1147 355
1148 354
1149 353
1150 354
1151 353
1141 357
1141 358
1140 356
1142 359
1140 359
1143 358
1139 357
1139 360
1141 355
1138 358
1137 357
1136 356
1152 354
1144 359
1146 356
1145 357
1135 356
1149 355
1151 352
1143 357
1150 356
1147 357
1148 356
1141 359
1144 352
1145 359
1146 358
1137 355
1149 357
1136 357
1135 358
1150 358
1142 354
1147 359
1134 359
1133 358
1133 360
1148 358
1139 355
1141 352
1145 352
1146 351
1145 350
1146 349
1145 348
1146 347
1147 346
1148 345
1149 344
1149 346
1147 348
1148 347
1149 348
1150 349
1151 350
1147 350
1148 349
1152 349
1153 350
1154 351
1155 352
1156 351
1157 350
1156 349
1154 353
1157 352
1157 348
1158 348
1159 347
1158 346
1160 348
1156 353
1158 350
1157 345
1156 344
1155 354
1154 355
1149 350
1146 360
1145 361
1144 361
1135 360
1136 359
1137 360
1150 351
1156 346
1151 359
1152 358
1153 357
1154 358
1155 359
1156 358
1157 357
1154 360
1157 359
1156 360
1158 357
1152 356
1155 361
1154 362
1156 362
1157 362
1158 359
1155 363
1155 364
1154 364
1153 364
1152 363
1152 365
1151 366
1150 365
1149 364
1150 363
1149 362
1148 363
1147 363
1146 363
1145 364
1144 364
1147 364
1146 365
1145 366
1144 366
1148 365
1146 367
1150 367
1149 367
1148 367
1139 358
1152 367
1151 368
1143 364
1152 351
1144 347
1155 347
1152 360
1152 361
1155 356
1144 356
1152 369
1152 370
1155 365
1155 366
1156 367
1144 365
1136 361
1137 362
1156 348
1148 344
1156 357
1148 353
1148 362
1145 347
1147 366
1159 349
1160 350
1159 358
1140 354
1151 354
1151 363
1132 359
1143 359
1152 355
1144 351
1155 351
1152 364
1144 360
1155 360
1156 343
1156 352
1148 348
1133 359
1148 357
1147 361
1158 361
1151 349
1159 362
1159 363
1160 364
1151 358
1140 358
1143 354
1151 367
1143 363
1152 350
1155 346
1144 346
1143 345
1152 359
1155 355
1144 355
1136 360
1148 343
1147 347
1147 356
1158 356
1147 365
1139 361
1159 348
1159 357
1140 353
1139 352
1151 362
1140 362
1140 363
1132 358
1151 371
1151 372
1143 367
1143 368
1144 369
1144 370
1155 350
1144 350
1143 349
1136 355
1154 363
1135 359
1146 359
1146 368
1147 342
1158 351
1147 351
1147 360
1158 360
1139 356
1147 369
1147 370
1159 352
1159 353
1151 348
1152 347
1152 346
1152 345
1151 344
1143 344
1140 357
1151 357
1143 362
1150 370
1155 345
1154 349
1135 354
1154 367
1154 368
1155 369
1158 355
1139 351
1158 364
1158 365
1159 366
1151 343
1150 342
1149 341
1148 340
1152 342
1153 343
1148 339
1152 341
1151 340
1151 339
1152 340
1153 371
1143 348
1142 361
1154 344
1147 341
1146 340
1145 339
1145 338
1144 337
1144 336
1143 335
1139 364
1139 365
1139 366
1140 367
1140 368
1143 334
1142 333
1144 333
1145 334
1153 366
1143 343
1144 342
1145 343
1145 342
1144 341
1143 340
1143 339
1142 338
1142 347
1150 360
1150 369
1142 365
1134 361
1146 335
1154 348
1146 344
1154 357
1135 353
1136 352
1137 353
1137 352
1136 351
1134 352
1133 351
1133 350
1132 349
1132 348
1131 347
1146 353
1154 366
1146 362
1135 362
1135 363
1146 371
1146 372
1146 373
1147 374
1147 375
1146 376
1147 336
1147 337
1147 345
1158 345
1145 375
1144 375
1144 374
1143 373
1143 372
1143 376
1143 377
1143 378
1142 375
1142 379
1142 380
1142 374
1139 350
1140 349
1141 350
1140 348
1139 347
1139 346
1138 345
1137 344
1138 354
1153 352
1138 363
1153 361
1153 370
1141 368
1150 346
1142 342
1150 355
1142 351
1150 364
1131 360
1131 361
1132 362
1132 363
1132 364
1133 365
1133 364
1134 366
1135 367
1136 366
1137 366
1136 365
1135 368
1131 365
1130 364
1131 366
1132 367
1132 368
1130 359
1129 358
1129 357
1128 356
1128 355
1127 354
1126 353
1126 352
1125 351
1124 350
1125 350
1124 349
1124 348
1125 347
1126 348
1125 346
1124 345
1125 345
1126 344
1124 344
1127 345
1128 346
1128 347
1129 348
1129 349
1130 350
1127 349
1128 350
1128 351
1128 352
1129 353
1131 351
1123 347
1122 346
1142 360
1150 373
1149 373
1148 372
1134 356
1133 356
1133 355
1132 354
1132 353
1142 369
1142 370
1134 365
1142 378
1154 343
1146 339
1154 352
1146 348
1127 344
1146 357
1135 357
1127 353
1157 354
1157 363
1147 340
1160 359
1149 359
1145 370
1149 368
1161 351
1162 352
1163 351
1164 352
1164 353
1163 350
1162 349
1162 353
1162 354
1163 355
1163 356
1164 357
1162 348
1162 357
1162 358
1163 359
1163 360
1163 361
1162 362
1162 363
1165 354
1166 355
1166 356
1167 357
1167 358
1166 359
1166 360
1165 359
1166 354
1167 353
1161 361
1165 358
1161 356
1160 355
1165 353
1168 354
1169 355
1169 356
1138 349
1137 348
1136 347
1136 346
1135 348
1135 349
1134 347
1133 346
1132 345
1133 345
1132 344
1153 347
1161 360
1153 356
1141 354
1130 354
1138 367
1138 368
1130 363
1129 362
1128 361
1128 360
1127 359
1127 358
1126 357
1125 356
1124 355
1125 355
1124 354
1124 353
1123 352
1123 356
1122 355
1121 354
1121 353
1121 352
1120 351
1119 350
1118 349
1118 348
1117 347
1117 346
1117 350
1117 351
1117 352
1118 353
1116 349
1115 348
1114 347
1114 346
1113 345
1113 344
1114 345
1113 348
1113 349
1114 350
1114 351
1114 352
1113 353
1113 354
1114 355
1114 356
1113 357
1113 358
1113 359
1114 360
1114 361
1113 362
1113 363
1113 364
1114 365
1114 364
1112 361
1120 355
1120 356
1121 357
1121 358
1115 362
1116 363
1112 356
1112 365
1116 353
1116 354
1117 355
1117 356
1117 357
1118 358
1118 357
1116 358
1116 362
1117 361
1118 362
1117 360
1120 350
1121 349
1122 350
1121 348
1120 347
1120 346
1119 345
1118 344
1115 357
1115 366
1116 367
1117 366
1118 367
1117 365
1116 368
1112 360
1116 348
1116 357
1119 359
1120 360
1120 361
1121 362
1121 363
1120 364
1120 365
1120 366
1121 367
1121 368
1119 364
1119 368
1120 345
1121 344
1122 364
1115 352
1123 365
1124 364
1125 365
1125 364
1124 363
1123 366
1124 367
1124 368
1115 361
1112 346
1112 355
1112 364
1127 362
1126 362
1125 361
1125 360
1124 359
1124 358
1127 363
1127 364
1128 365
1128 366
1129 367
1127 367
1127 368
1130 368
1126 366
1116 352
1119 354
1141 363
1153 365
1119 363
1150 341
1122 359
1122 360
1123 361
1142 337
1150 350
1122 368
1131 346
1130 345
1129 344
1142 346
1141 345
1140 344
1150 359
1131 355
1131 356
1142 355
1165 357
1123 351
1134 351
1142 364
1131 364
1115 347
1134 360
1123 360
1164 361
1115 356
1115 365
1154 347
1156 366
1146 343
1146 352
1112 350
1112 351
1148 371
1127 348
1157 349
1112 359
1149 345
1168 358
1157 358
1145 356
1149 354
1160 354
1145 365
1157 367
1149 363
1137 361
1160 363
1126 361
1145 374
1149 372
1118 366
1129 366
1138 344
1153 342
1138 353
1161 355
1141 349
1153 351
1119 349
1130 349
1161 364
1138 362
1122 345
1119 358
1153 360
1130 358
1122 354
1130 367
1153 369
1119 367
1141 367
1142 332
1150 345
1122 363
1142 341
1142 350
1131 350
1123 346
1134 346
1131 359
1144 378
1123 355
1134 355
1164 356
1115 351
1134 364
1115 360
1156 361
1146 338
1133 368
1112 345
1148 366
1157 344
1148 375
1149 340
1157 353
1145 351
1168 353
1160 349
1126 347
1137 347
1149 349
1145 360
1149 358
1137 356
1160 358
1126 356
1145 369
1118 352
1129 352
1126 365
1137 365
1118 361
1129 361
1138 348
1161 350
1153 346
1141 344
1130 344
1119 344
1138 357
1141 353
1130 353
1119 353
1153 355
1138 366
1122 349
1141 362
1119 362
1130 362
1150 340
1122 358
1142 336
1122 367
1152 368
1142 345
1131 345
1144 373
1123 350
1134 350
1164 351
1115 346
1156 347
1164 360
1115 355
1167 356
1156 356
1133 354
1148 352
1156 365
1133 363
1125 359
1114 359
1148 361
1145 337
1125 368
1148 370
1117 364
1145 346
1168 357
1160 353
1137 351
1126 351
1129 347
1118 347
1160 362
1126 360
1145 373
1129 356
1118 356
1129 365
1118 365
1153 341
1138 352
1114 358
1119 348
1141 348
1130 348
1122 344
1119 357
1130 357
1122 353
1163 354
1122 362
1142 340
1155 368
1121 366
1144 368
1136 364
1144 377
1164 355
1148 338
1133 349
1125 354
1114 354
1133 367
1125 363
1114 363
1145 341
1117 359
1148 374
1149 339
1117 368
1126 346
1137 346
1126 355
1160 357
1118 351
1130 355
1129 351
1137 364
1126 364
1129 360
1118 360
1159 361
1138 347
1140 366
1130 352
1143 371
1122 348
1163 349
1144 345
1163 358
1136 350
1121 361
1144 363
1144 372
1136 368
1164 350
1113 366
1113 367
1113 368
1114 368
1133 344
1164 359
1148 342
1167 355
1133 353
1156 355
1114 349
1125 349
1148 351
1156 364
1133 362
1117 345
1116 344
1148 360
1125 358
1145 336
1117 354
1125 367
1148 369
1114 367
1145 345
1117 363
1149 343
1145 354
1147 373
1137 350
1126 350
1129 346
1118 346
1137 359
1126 359
1118 355
1129 355
1170 356
1159 356
1140 352
1129 364
1159 365
1140 361
1162 361
1151 361
1132 357
1151 370
1132 366
1143 366
1152 344
1124 362
1143 375
1144 340
1152 353
1163 353
1144 349
1155 349
1121 347
1152 362
1163 362
1136 345
1135 344
1155 358
1144 358
1121 356
1152 371
1136 354
1113 352
1155 367
1144 367
1121 365
1136 363
1113 361
1144 376
1164 354
1148 337
1156 350
1133 348
1114 344
1125 344
1148 346
1133 357
1167 359
1148 355
1125 353
1114 353
1133 366
1117 349
1125 362
1114 362
1145 340
1117 358
1149 338
1117 367
1147 368
1126 345
1137 345
1128 364
1118 350
1129 350
1159 351
1140 347
1151 347
1159 360
1151 356
1162 356
1132 352
1151 365
1140 365
1120 359
1132 361
1143 361
1124 357
1120 368
1143 370
1144 335
1152 348
1124 366
1143 379
1155 344
1144 344
1152 357
1163 357
1144 353
1155 353
1121 351
1136 349
1113 347
1121 360
1144 362
1155 362
1136 358
1113 356
1136 367
1113 365
1156 345
1148 341
1133 352
1125 348
1148 350
1114 348
1117 344
1114 357
1125 357
1166 358
1117 353
1145 335
1158 354
1147 354
1117 362
1158 363
1128 359
1139 359
1147 372
1116 366
1128 368
1139 368
1129 345
1159 346
1151 342
1170 355
1159 355
1143 338
1140 351
1151 351
1162 351
1159 364
1132 347
1143 347
1140 360
1151 360
1162 360
1132 356
1143 356
1120 354
1151 369
1124 352
1120 363
1132 365
1143 365
1152 343
1124 361
1143 374
1144 339
1163 352
1152 352
1155 348
1121 346
1144 348
1136 344
1121 355
1155 357
1144 357
1136 353
1113 351
1121 364
1113 360
1136 362
1154 361
1154 370
1133 347
1135 366
1146 366
1146 375
1125 352
1166 353
1117 348
1158 349
1147 349
1128 345
1139 345
1147 358
1158 358
1139 354
1128 354
1147 367
1128 363
1116 361
1139 363
1147 376
1159 350
1143 333
1151 346
1140 346
1159 359
1143 342
1140 355
1151 355
1162 355
1120 349
1143 351
1132 351
1140 364
1151 364
1124 347
1132 360
1120 358
1143 360
1124 356
1143 369
1120 367
1144 334
1150 368
1124 365
1155 343
1144 343
1142 373
1121 350
1113 346
1136 348
1121 359
1113 355
1154 356
1135 352
1169 354
1154 365
1146 361
1135 361
1127 357
1146 370
1112 368
1127 366
1147 344
1166 357
1147 353
1158 353
1139 349
1116 347
1128 349
1147 362
1158 362
1116 356
1128 358
1147 371
1128 367
1139 367
1116 365
1151 341
1159 354
1143 337
1140 350
1162 350
1143 346
1132 346
1120 344
1162 359
1132 355
1120 353
1124 351
1165 352
1120 362
1124 360
1165 361
1144 338
1150 372
1142 368
1131 368
1121 345
1123 364
1142 377
1154 342
1113 350
1135 347
1112 354
1154 369
1127 352
1135 365
1112 363
1127 361
1146 374
1147 339
1166 352
1128 344
1139 344
1139 353
1116 351
1128 353
1158 366
1116 360
1128 362
1139 362
1161 359
1140 345
1151 345
1143 341
1120 348
1132 350
1143 350
1124 346
1120 357
1165 356
1131 354
1142 363
1131 363
1123 359
1142 372
1134 368
1123 368
1154 346
1115 364
1146 342
1135 351
1112 349
1127 347
1112 358
1127 356
1112 367
1146 369
1127 365
1157 366
1147 343
1147 352
1158 352
1149 371
1128 348
1139 348
1116 346
1128 357
1116 355
1161 354
1116 364
1138 361
1161 363
1153 359
1143 336
1153 368
1119 366
1141 366
1130 366
1150 344
1120 352
1150 353
1165 351
1142 349
1131 349
1150 362
1134 345
1123 345
1131 358
1142 358
1165 360
1150 371
1134 354
1123 354
1131 367
1142 367
1115 350
1134 363
1123 363
1142 376
1115 359
1146 337
1154 350
1115 368
1135 346
1146 346
1112 344
1154 359
1135 355
1112 353
1146 355
1169 357
1127 351
1112 362
1135 364
1146 364
1127 360
1157 361
1147 338
1145 368
1158 347
1149 366
1145 377
1116 350
1161 349
1116 359
1153 345
1161 358
1138 356
1119 352
1153 354
1138 365
1130 361
1153 363
1119 361
1141 361
1122 357
1150 339
1142 335
1150 348
1122 366
1142 344
1131 344
1150 357
1165 355
1131 353
1150 366
1134 349
1123 349
1131 362
1142 362
1115 345
1134 358
1123 358
1142 371
1115 354
1134 367
1123 367
1154 345
1115 363
1146 341
1154 354
1135 350
1112 348
1146 350
1127 346
1157 347
1112 357
1127 355
1157 356
1168 356
1112 366
1160 352
1149 352
1145 363
1157 365
1149 361
1160 361
1145 372
1149 370
1126 368
1137 368
1116 345
1118 364
1138 351
1161 353
1119 347
1153 349
1141 347
1130 347
1161 362
1138 360
1141 356
1153 358
1119 356
1130 356
1122 352
1141 365
1130 365
1153 367
1119 365
1150 343
1122 361
1142 339
1150 352
1131 348
1142 348
1150 361
1123 344
1134 344
1142 357
1131 357
1134 353
1123 353
1142 366
1115 349
1134 362
1123 362
1115 358
1156 359
1146 336
1115 367
1156 368
1135 345
1146 345
1148 364
1112 352
1148 373
1127 350
1145 349
1157 351
1160 347
1149 347
1157 360
1145 358
1160 356
1149 356
1137 354
1126 354
1145 367
1160 365
1149 365
1137 363
1126 363
1145 376
1129 359
1118 359
1149 374
1118 368
1129 368
1161 348
1138 346
1153 344
1138 355
1161 357
1130 351
1119 351
1141 351
1153 353
1138 364
1122 347
1141 360
1153 362
1119 360
1130 360
1150 338
1122 356
1142 334
1150 347
1122 365
1152 366
1142 343
1142 352
1131 352
1144 371
1123 348
1134 348
1115 344
1134 357
1123 357
1164 358
1115 353
1156 354
1167 354
1133 361
1156 363
1148 359
1112 347
1125 366
1148 368
1114 366
1157 346
1157 364
1118 345
1145 344
1149 342
1145 353
1157 355
1168 355
1149 351
1137 349
1126 349
1160 351
1145 362
1126 358
1137 358
1160 360
1149 360
1145 371
1129 354
1118 354
1137 367
1126 367
1149 369
1129 363
1118 363
1161 352
1138 350
1119 346
1141 346
1130 346
1153 348
1138 359
1119 355
1171 356
1122 351
1141 364
