511 501
510 502
511 502
512 502
513 502
513 501
514 501
515 502
516 501
510 500
509 499
511 499
510 503
512 500
513 499
514 498
515 499
516 498
512 503
517 502
517 503
516 504
515 505
514 504
513 505
512 506
511 505
510 506
509 505
508 506
507 507
517 499
508 505
509 504
508 503
514 500
516 497
515 501
507 506
510 505
517 501
508 498
509 497
510 496
508 507
509 506
511 503
514 502
515 503
507 499
510 498
507 508
510 507
511 508
512 509
513 508
514 507
515 508
511 510
513 510
512 504
513 503
508 500
518 502
519 503
520 504
521 503
522 502
519 505
522 504
521 505
523 502
523 504
511 496
512 495
511 494
512 493
513 494
514 493
515 494
516 495
517 494
518 495
519 496
520 497
521 496
522 495
521 494
519 498
522 497
521 498
523 495
520 499
519 500
514 495
508 509
509 508
515 496
507 501
506 502
521 500
523 497
512 497
513 496
510 509
517 496
517 505
517 506
508 502
519 502
518 504
509 501
520 501
511 498
511 507
515 498
521 493
520 492
519 493
515 507
514 509
515 510
516 511
517 510
516 506
507 503
521 502
513 498
513 507
517 498
519 495
518 497
520 494
517 507
517 508
508 504
519 504
506 504
505 504
504 505
503 506
502 505
502 507
504 507
502 504
505 506
503 508
502 509
501 509
500 508
500 510
499 511
498 510
497 509
496 508
496 510
495 511
494 512
506 500
500 507
499 506
498 505
499 504
498 503
500 503
501 502
500 501
501 500
500 499
502 500
500 505
502 502
498 507
500 498
501 497
502 498
499 497
498 498
497 502
498 501
497 500
496 499
519 494
496 501
495 502
494 501
494 503
493 500
492 499
491 498
503 504
492 497
491 496
493 496
490 499
489 499
493 498
491 500
494 496
492 501
491 502
494 498
492 503
492 504
491 505
493 505
493 506
492 506
493 507
494 505
494 507
494 500
496 503
496 504
496 505
496 506
498 500
499 499
496 512
496 513
512 510
498 509
497 511
499 508
503 499
504 498
504 500
501 511
495 504
518 506
509 503
520 503
511 500
500 500
502 497
491 497
492 496
495 513
511 509
500 509
524 494
523 493
524 492
523 491
525 491
526 490
527 491
528 491
529 491
530 490
528 492
495 500
527 493
531 491
525 493
529 493
530 492
528 494
527 495
526 495
525 495
532 491
533 490
533 489
491 501
502 511
532 489
513 506
523 490
527 490
512 498
526 492
525 490
529 490
492 505
494 502
515 500
505 499
516 499
521 495
523 492
515 509
514 511
516 508
505 508
507 505
498 502
497 504
499 501
513 500
490 498
496 514
496 515
497 516
496 517
496 518
498 517
495 518
494 508
532 492
493 501
496 519
498 516
497 518
495 520
495 507
496 520
498 511
497 513
498 514
499 514
527 492
499 510
526 494
531 490
501 504
503 501
504 502
517 500
519 497
508 497
495 497
496 497
518 499
509 496
520 496
503 510
504 510
517 509
504 509
506 506
495 506
518 508
520 505
500 502
492 498
495 515
494 515
493 515
522 499
523 499
523 500
524 496
515 493
529 492
530 491
505 501
493 503
496 498
507 498
521 497
515 511
497 497
513 493
516 510
496 507
498 504
534 491
497 506
499 503
490 500
496 516
494 516
497 515
527 494
528 493
517 493
501 506
503 503
519 499
493 502
506 499
518 501
495 499
520 498
509 498
511 495
495 508
523 501
506 508
521 504
509 507
517 497
522 492
533 492
492 500
495 517
522 501
524 498
515 495
514 497
516 494
530 493
532 490
515 504
514 506
491 504
505 503
516 503
496 500
507 500
498 497
497 499
513 495
496 509
497 508
499 505
494 518
497 517
512 499
501 499
517 495
528 495
518 494
512 508
501 508
503 505
517 504
493 504
504 504
518 503
495 501
506 501
509 500
520 500
511 497
522 494
524 491
495 519
522 503
515 497
514 499
516 496
515 506
502 506
514 508
516 505
505 505
507 502
496 502
497 501
499 498
497 510
499 507
526 491
510 504
512 501
501 501
503 498
493 497
518 496
520 493
501 510
503 507
513 509
504 506
518 505
506 503
495 503
509 502
520 502
495 512
522 496
524 493
525 492
491 499
502 499
500 511
514 510
502 508
516 507
505 507
507 504
494 504
497 503
499 500
494 513
510 497
497 512
512 494
523 494
499 509
526 493
528 490
501 503
523 503
503 500
504 499
493 499
518 498
520 495
503 509
513 511
504 508
495 505
531 492
506 505
518 507
508 499
495 514
522 498
524 495
514 494
504 503
525 494
517 511
508 508
500 504
511 504
514 503
502 501
516 500
505 500
494 497
502 510
529 494
516 509
505 509
534 490
494 506
497 505
499 502
521 499
510 499
497 514
523 496
512 496
510 508
498 506
512 505
501 505
503 502
513 504
504 501
506 498
518 500
495 498
498 515
503 511
506 507
522 491
516 493
533 491
519 501
495 516
508 501
522 500
524 497
500 497
514 496
525 496
509 509
500 506
511 506
514 505
502 503
491 503
505 502
516 502
492 502
494 499
497 498
521 492
497 507
494 517
521 501
498 499
510 501
523 498
501 498
513 497
496 511
498 508
518 493
510 510
501 507
512 507
522 493
524 490
