93 334
94 335
93 333
95 335
94 332
95 331
95 334
92 335
92 332
91 333
90 332
89 333
88 332
87 333
86 334
91 336
90 335
89 336
88 335
87 336
86 337
93 336
85 335
84 334
83 335
82 334
81 335
85 338
81 334
84 333
83 332
84 331
95 333
87 338
89 335
93 335
92 337
91 338
83 334
94 334
85 331
86 330
85 329
86 328
87 327
88 328
87 329
90 339
81 336
84 335
87 331
89 328
91 331
92 330
91 329
91 340
93 337
92 339
94 336
83 336
85 333
84 328
83 327
82 328
81 327
84 326
83 325
84 324
85 324
86 323
85 322
84 322
81 329
80 330
90 341
89 342
87 324
95 337
82 337
81 338
93 330
83 329
94 329
93 328
94 327
93 326
94 325
93 324
95 324
96 323
95 322
95 326
97 323
95 328
92 323
91 322
90 323
89 324
91 324
85 326
91 342
92 341
93 342
94 341
95 340
95 342
94 343
93 344
92 344
91 345
90 344
90 346
91 347
92 346
90 348
91 349
85 330
92 348
93 349
94 348
95 349
94 350
93 351
92 351
91 351
85 336
94 352
95 353
85 327
96 353
97 353
98 352
99 351
98 350
100 350
100 352
101 353
102 354
103 354
101 355
104 354
103 353
96 332
96 341
88 337
96 350
96 351
89 323
92 325
92 334
92 343
100 356
99 356
100 357
99 355
92 352
92 353
81 333
80 332
93 325
95 344
96 327
97 328
88 323
96 336
97 337
96 345
96 346
88 341
96 354
96 355
99 350
80 327
92 329
92 338
80 336
92 347
81 328
81 337
84 339
85 340
95 339
103 352
95 348
96 322
96 331
88 327
96 340
88 336
96 349
99 354
92 324
92 333
80 331
91 346
102 355
94 351
95 325
84 325
87 330
95 343
103 356
103 357
87 339
95 352
96 326
96 335
88 331
96 344
88 340
99 349
100 348
100 347
99 346
99 345
98 353
92 328
80 326
81 325
81 324
81 323
80 322
101 358
80 335
91 332
91 341
83 337
94 337
91 350
102 359
102 360
95 329
84 329
87 325
95 338
84 338
103 351
102 350
87 334
95 347
94 346
96 321
96 330
88 326
98 348
98 357
91 327
91 354
91 355
90 353
101 348
101 357
102 349
103 348
104 349
103 347
102 346
102 345
94 345
94 354
94 355
97 346
97 355
98 329
99 330
100 329
100 328
99 327
99 331
99 332
100 333
100 334
99 326
100 325
100 324
100 323
99 322
99 335
99 336
99 337
100 338
100 339
99 340
99 341
100 342
100 343
98 339
99 321
98 334
101 339
102 340
103 339
104 340
103 338
102 341
103 342
103 343
103 337
104 336
104 335
103 334
103 333
102 332
102 336
102 331
103 332
104 331
101 325
90 325
79 325
78 324
78 323
77 322
77 325
77 326
77 327
78 328
76 324
76 328
76 329
77 330
77 331
75 328
75 323
76 323
98 338
79 334
78 333
90 334
101 334
98 347
82 330
90 343
101 343
98 356
82 339
101 352
90 352
89 351
88 351
88 350
87 349
87 348
87 352
87 353
88 354
88 355
88 356
87 357
87 358
88 359
88 360
87 347
88 346
88 345
87 344
87 343
86 351
89 356
90 357
90 358
86 346
85 345
84 344
84 343
84 342
83 341
83 345
83 346
84 347
84 348
85 349
82 344
81 343
81 342
80 341
80 340
79 339
89 360
102 326
102 327
103 328
104 327
105 328
104 326
103 329
106 329
107 330
107 331
107 332
108 333
106 333
106 334
107 335
107 336
106 328
107 327
108 328
108 329
106 337
106 338
106 339
107 340
107 341
108 342
106 342
105 342
106 343
107 344
107 345
107 346
108 347
106 347
106 348
107 349
107 350
109 330
110 331
109 348
110 349
111 348
112 349
111 347
110 350
113 350
113 351
114 352
114 353
115 354
114 351
113 354
113 355
110 330
111 329
112 330
112 331
113 332
114 333
114 334
115 335
115 336
116 337
114 337
114 338
113 337
114 332
115 331
115 330
114 329
113 336
112 335
111 334
111 333
110 335
110 336
111 337
111 338
111 339
112 340
110 340
110 341
111 342
111 343
112 344
113 341
114 340
115 340
114 342
114 343
110 344
110 345
109 344
109 339
113 345
113 346
114 347
114 348
115 349
91 326
110 339
83 322
94 322
93 321
102 335
91 335
83 331
94 331
91 344
102 344
75 327
74 326
73 325
72 326
72 327
73 328
73 329
73 330
74 331
74 330
72 331
75 332
76 333
76 334
77 335
77 336
76 337
76 338
76 339
77 340
77 341
78 342
76 342
76 343
77 344
77 345
77 346
76 347
76 348
77 349
77 350
75 347
75 342
75 337
75 346
74 345
75 341
74 340
73 339
73 338
72 340
72 341
73 342
73 343
72 344
72 345
72 346
73 347
73 348
74 349
72 349
72 350
71 349
71 344
75 350
75 351
76 352
76 353
77 354
77 355
76 356
75 356
75 355
74 354
78 356
79 357
78 351
71 330
70 329
69 330
68 330
69 331
69 332
70 333
68 329
68 333
67 333
70 330
68 334
69 335
69 336
69 337
70 338
68 338
68 339
69 340
69 341
68 342
67 343
68 344
69 345
69 346
70 347
68 343
68 347
68 348
68 349
69 350
69 351
69 349
68 352
68 353
69 354
69 355
113 342
67 342
66 341
66 340
65 339
65 338
64 337
63 337
62 338
62 339
61 337
61 336
61 340
61 341
61 342
62 343
65 342
65 343
65 344
66 345
64 341
60 339
59 338
58 337
58 336
58 335
57 334
57 338
57 339
58 340
58 341
56 337
64 336
64 345
64 346
65 347
65 348
65 337
66 336
63 340
60 343
59 344
58 345
58 346
57 344
57 343
56 342
60 344
61 345
61 346
62 347
62 348
57 347
57 348
57 349
58 350
58 351
57 352
57 353
58 354
58 355
101 331
56 351
56 346
55 346
56 341
55 340
54 339
54 338
53 337
53 336
54 335
55 335
54 334
56 350
55 349
54 348
53 348
63 349
64 350
64 351
65 341
65 352
64 353
65 353
66 354
67 355
69 334
63 354
63 355
64 355
65 356
65 357
65 358
66 359
66 360
65 361
65 362
64 360
63 359
62 360
61 360
62 361
61 359
60 358
59 357
64 359
60 357
61 356
62 357
61 355
61 354
60 353
64 354
67 356
67 357
68 357
63 358
60 352
61 351
62 352
61 350
60 361
53 340
53 341
52 339
51 338
50 337
51 337
50 336
49 335
48 334
47 335
46 334
49 334
59 336
64 340
56 336
64 349
56 345
67 351
66 350
68 328
67 327
69 327
69 326
68 325
67 324
68 324
59 347
59 348
60 348
67 360
59 356
49 333
79 343
79 344
80 345
80 346
80 347
81 347
79 348
80 349
80 350
80 351
81 352
81 353
80 354
79 354
80 355
81 356
82 356
83 356
84 357
83 355
84 354
85 354
84 353
84 352
83 351
48 333
79 353
60 349
83 350
82 349
82 353
83 354
86 355
71 339
79 352
63 335
82 348
71 348
63 344
63 353
63 362
60 338
83 340
94 340
75 336
74 335
73 334
72 334
73 333
71 335
71 336
72 336
72 335
105 337
60 347
94 349
75 345
105 346
104 345
60 356
95 323
84 323
93 353
105 355
72 330
108 351
109 352
110 353
111 352
50 335
51 334
110 354
109 353
52 334
87 328
64 335
65 334
65 333
53 335
117 338
118 337
119 338
120 337
121 337
118 336
119 337
122 338
118 335
119 334
120 335
119 333
119 332
119 331
120 330
119 329
119 328
59 343
118 327
98 321
118 331
122 337
118 330
101 330
117 339
118 340
118 341
119 342
117 334
120 339
121 340
97 332
109 343
67 346
59 342
78 355
98 333
105 349
87 337
119 343
119 344
70 351
90 329
82 325
98 328
88 361
87 362
101 338
71 352
112 353
63 348
91 330
83 326
70 349
89 352
56 335
87 363
72 352
113 338
73 352
88 364
89 364
60 342
52 338
93 339
88 365
105 350
120 329
66 358
86 336
90 328
84 345
102 337
107 337
62 362
78 348
74 336
118 345
118 346
119 347
117 347
116 346
78 332
97 345
70 328
89 341
55 348
121 330
67 359
59 355
79 333
86 347
115 345
113 333
99 347
122 329
123 328
123 330
122 327
121 327
124 327
71 329
90 342
82 338
123 339
123 340
105 327
124 340
116 336
108 332
74 339
93 352
66 335
85 348
97 322
117 337
109 333
120 342
67 336
86 349
78 345
119 346
98 323
123 331
70 341
89 354
124 332
125 333
101 328
112 343
63 338
104 339
115 348
62 342
81 355
73 351
113 344
123 326
60 350
55 345
100 344
101 335
54 344
54 343
90 363
125 339
126 340
93 329
85 325
126 341
105 340
116 349
108 345
74 352
96 342
127 342
128 343
129 344
130 344
131 344
131 343
66 348
86 326
78 322
97 335
89 331
55 338
47 334
59 345
100 346
79 323
92 342
58 349
123 329
48 335
81 332
104 352
124 330
62 355
74 329
88 349
129 342
129 341
67 326
78 335
119 336
78 343
130 343
71 337
130 342
132 342
108 338
133 343
70 331
111 332
92 354
88 325
82 332
108 343
126 339
87 366
86 366
77 339
80 344
107 328
113 334
98 340
87 367
87 368
118 344
77 351
89 347
125 334
125 335
86 369
92 355
112 333
104 329
115 338
78 330
53 347
126 336
53 346
127 335
81 345
73 341
105 330
84 356
108 335
127 337
74 342
131 341
87 361
118 334
90 340
126 335
71 325
67 344
89 353
90 330
122 328
97 329
126 334
127 333
86 365
119 348
119 349
93 322
89 334
118 350
117 351
118 352
119 352
67 325
119 351
95 336
118 349
120 332
121 333
122 334
123 335
122 333
121 332
129 345
129 346
106 340
57 340
130 347
127 332
128 333
130 346
131 346
132 346
133 347
66 338
107 339
118 348
97 325
76 351
88 362
100 336
111 345
58 339
77 352
69 348
61 344
130 348
81 322
104 342
88 338
107 347
104 337
63 336
126 331
97 352
54 349
115 341
128 336
115 332
89 329
58 356
70 325
133 348
98 322
126 330
127 329
126 328
127 328
121 342
132 349
134 349
134 350
135 349
62 345
103 346
54 341
73 354
114 355
93 332
106 351
106 352
85 328
126 329
51 335
96 343
88 339
122 343
123 342
107 352
99 348
65 355
57 351
77 329
123 344
69 325
134 342
80 334
100 349
92 345
133 346
58 352
123 332
134 341
134 340
134 339
135 339
61 357
102 358
122 336
73 331
84 346
95 355
87 351
107 329
134 345
126 342
125 343
99 325
118 338
130 349
76 341
96 356
109 341
106 353
120 350
121 350
68 337
88 352
100 326
107 354
133 339
99 324
121 344
132 347
125 344
98 325
87 335
126 345
60 355
70 337
72 355
71 355
126 344
108 349
121 351
78 347
122 342
83 347
105 325
122 351
129 350
133 338
132 337
132 336
133 337
127 345
119 339
92 322
111 335
77 342
131 335
130 334
131 334
131 333
130 336
69 338
62 335
103 336
75 354
122 349
95 332
114 345
106 341
72 348
64 344
96 333
123 349
124 350
87 364
88 329
107 342
99 338
118 351
134 336
135 336
136 337
65 345
57 341
76 354
49 337
68 350
80 324
133 336
122 348
122 347
125 332
58 342
50 338
91 339
68 345
60 360
85 332
59 354
78 349
120 336
85 355
115 337
134 335
137 336
138 337
139 336
138 338
133 334
137 339
137 340
138 340
110 352
61 347
102 348
94 344
122 326
60 351
84 336
103 349
95 345
87 341
137 341
137 342
106 354
126 332
118 328
64 357
114 341
138 343
139 342
76 331
68 327
88 342
129 343
121 339
138 342
90 322
56 352
105 343
128 335
130 333
104 355
140 341
121 346
141 342
142 343
142 344
140 340
141 340
132 348
57 354
98 355
77 332
90 351
69 328
142 345
110 329
80 337
142 340
143 340
133 349
125 345
91 352
83 348
103 326
141 343
116 347
108 330
97 333
86 329
52 335
85 365
137 335
136 334
138 334
138 333
139 332
75 344
122 339
114 335
106 331
72 338
64 334
137 332
84 349
117 346
82 323
86 324
66 356
139 340
137 331
91 328
138 332
62 349
97 347
122 346
93 345
137 344
137 345
137 346
138 347
138 348
137 330
136 347
137 329
138 328
137 327
139 329
140 330
136 327
135 327
134 327
135 326
138 327
138 330
87 354
120 351
99 328
140 329
141 328
140 327
86 358
65 335
76 344
89 363
68 340
141 330
142 331
113 348
133 326
132 326
79 355
71 351
90 364
63 347
110 342
102 338
60 341
52 337
136 336
106 344
53 338
139 341
72 351
85 370
84 369
83 369
64 347
56 343
129 333
121 329
67 358
140 342
132 338
79 332
98 345
101 350
63 360
83 338
102 351
75 334
94 347
135 348
60 354
72 328
117 336
136 349
137 350
138 350
109 332
128 345
120 341
86 348
142 327
131 326
130 326
78 344
101 327
79 345
71 341
131 339
90 354
130 339
82 350
138 329
130 325
131 325
91 365
130 338
142 330
134 326
141 329
137 349
108 348
137 326
67 348
136 348
78 329
72 354
129 327
130 328
131 329
131 330
110 332
66 346
86 345
130 329
101 326
66 342
101 344
129 336
132 328
133 329
133 330
134 331
134 329
102 328
134 332
135 332
140 336
141 335
94 324
105 339
116 348
108 344
142 336
136 326
74 351
139 331
142 335
141 334
142 333
86 325
94 321
59 353
141 333
132 332
121 341
88 368
132 341
132 350
132 351
131 352
130 353
130 352
141 337
141 338
133 333
141 346
129 353
128 353
97 334
117 349
109 345
78 341
141 347
141 348
140 332
78 357
79 322
142 349
143 350
141 350
140 350
70 353
98 335
89 366
90 331
82 327
101 340
71 354
112 355
126 338
101 336
90 367
140 345
125 329
133 342
125 338
133 351
144 351
145 350
145 349
144 348
144 347
144 346
145 345
145 344
144 343
145 343
144 345
145 346
63 350
104 351
83 328
146 342
145 341
147 343
124 329
143 342
75 324
135 338
145 340
127 334
76 327
144 341
145 339
146 338
146 337
146 336
52 340
93 341
105 352
136 339
120 331
139 344
86 338
145 336
144 335
78 334
89 343
55 350
144 334
145 335
144 338
144 333
144 342
122 332
122 341
136 343
53 345
117 348
139 348
120 344
140 331
132 327
129 340
128 339
121 336
89 365
140 349
129 349
128 348
127 347
132 345
121 345
141 332
133 328
144 337
71 353
90 366
125 342
124 346
125 347
125 348
126 349
126 350
126 351
125 352
126 353
137 325
105 351
116 351
127 351
136 329
136 338
147 338
139 334
128 334
139 343
117 343
117 352
128 352
120 348
129 326
128 325
140 326
139 325
140 335
129 335
86 364
121 331
132 331
140 344
132 340
121 349
141 327
133 332
125 328
143 336
143 345
124 341
135 341
135 350
127 346
136 324
135 323
134 324
133 324
136 333
117 329
116 328
128 329
136 342
147 342
128 338
139 338
85 367
84 367
109 334
86 332
120 334
128 347
139 347
56 340
97 341
120 343
86 341
78 337
89 337
67 337
86 350
97 350
55 344
89 346
78 346
129 330
129 331
121 326
98 324
70 342
129 339
140 339
89 355
86 368
121 335
59 351
132 335
113 331
79 329
101 329
132 344
59 360
98 342
98 343
90 338
113 340
79 338
98 351
71 334
79 347
90 347
101 347
131 348
71 343
82 343
90 356
101 356
63 339
91 321
82 352
102 330
143 331
94 326
63 357
124 336
143 349
75 331
105 332
116 332
124 345
135 345
75 340
105 341
127 341
116 341
108 337
116 350
93 348
127 350
72 325
139 333
74 344
85 344
108 346
136 328
85 334
147 337
74 353
85 353
66 349
117 333
136 346
109 329
97 327
86 327
117 342
128 342
120 338
109 338
97 336
128 351
89 332
67 332
109 347
120 347
140 325
129 325
67 341
55 339
86 354
97 354
59 337
67 350
78 350
89 350
86 363
59 346
70 346
132 330
89 359
101 324
79 324
90 324
70 355
98 337
101 333
90 333
113 335
82 329
79 342
101 342
48 336
71 338
146 341
112 339
63 334
82 347
71 347
112 348
123 348
63 343
102 325
103 324
103 323
104 344
115 344
63 352
115 353
143 335
81 351
104 353
94 330
124 331
135 331
75 326
143 344
127 327
126 326
60 337
62 356
135 340
105 336
127 336
124 349
105 345
93 343
116 345
108 341
85 339
105 354
108 350
74 348
136 332
66 344
128 328
139 328
117 328
85 357
147 341
139 337
66 353
128 337
85 366
97 331
86 331
120 333
66 362
78 327
89 327
86 340
97 340
109 342
78 336
55 334
142 339
97 349
70 332
89 345
67 345
55 343
142 348
132 325
59 341
134 344
78 354
67 354
70 350
59 350
98 332
100 351
111 351
79 328
59 359
82 324
101 337
90 337
92 356
131 338
82 333
71 333
112 334
123 334
131 347
104 330
123 343
115 339
112 352
104 348
81 346
143 339
124 335
62 351
135 335
143 348
116 331
127 331
105 331
54 347
135 344
124 344
74 325
127 340
93 338
116 340
108 336
74 334
127 349
93 347
85 343
74 343
138 346
93 356
66 339
108 354
85 352
128 332
130 351
109 328
97 326
120 328
66 357
89 322
86 335
78 331
142 334
86 344
97 344
70 327
88 363
134 330
67 340
78 340
89 340
119 341
70 336
100 337
55 347
89 349
119 350
70 345
134 348
111 346
101 323
131 324
77 353
100 355
71 328
112 329
58 358
131 342
104 325
123 338
146 340
112 338
131 351
104 334
115 334
112 347
123 347
81 341
115 343
104 343
73 337
62 337
115 352
143 334
81 350
62 346
73 346
135 330
54 342
105 326
127 326
73 355
124 339
105 335
116 335
108 331
127 344
51 336
108 340
74 338
138 341
66 334
84 370
130 337
85 347
74 347
126 348
66 343
85 356
97 321
66 352
107 353
97 330
89 326
78 326
119 327
142 329
88 358
134 325
67 335
142 338
88 367
134 334
100 332
55 342
142 347
119 345
59 340
70 340
134 343
111 341
100 341
111 350
77 348
69 344
131 328
58 344
77 357
58 353
69 353
80 353
131 337
123 333
146 335
61 349
115 329
61 358
112 342
104 338
123 351
112 351
73 332
115 347
104 347
145 348
62 341
135 325
81 354
54 337
62 350
73 350
116 330
54 346
127 330
62 359
74 324
74 333
138 336
130 332
85 342
126 343
138 345
118 339
130 341
96 339
126 352
66 347
130 350
107 348
96 348
88 344
99 344
88 353
65 351
99 353
89 330
65 360
70 326
100 327
55 337
68 356
119 340
142 342
47 333
111 336
77 334
134 338
77 343
134 347
100 345
69 339
80 339
111 354
100 354
61 335
80 348
92 350
131 332
58 348
58 357
104 324
112 337
123 337
61 353
81 331
104 333
115 333
145 334
73 327
115 342
81 340
62 336
73 336
81 349
122 350
73 345
114 346
137 348
93 323
62 354
103 355
84 351
95 351
74 328
138 331
130 327
96 325
85 337
87 356
66 333
107 334
96 334
138 349
126 347
87 365
88 330
130 345
107 343
118 343
99 339
96 352
88 348
65 346
76 346
57 342
142 328
76 355
88 357
99 357
100 322
142 337
68 351
119 335
88 366
100 331
134 333
111 331
80 325
92 327
100 340
111 340
77 338
141 341
58 334
92 336
111 349
77 347
80 343
69 343
58 343
131 327
77 356
61 339
80 352
69 352
61 348
125 351
81 326
104 328
145 338
137 334
81 344
145 347
122 345
114 331
62 340
73 340
137 343
103 341
54 336
84 337
103 350
114 350
54 345
106 346
95 346
85 323
87 342
138 326
72 353
84 355
106 355
126 333
138 335
118 329
96 329
130 331
64 358
87 360
138 344
130 340
96 338
107 338
87 369
88 334
99 334
76 332
96 347
118 347
88 343
99 343
57 337
65 350
99 352
76 350
68 346
119 330
57 346
65 359
134 328
77 324
68 355
100 335
77 333
141 336
69 329
92 331
80 329
111 344
141 345
58 338
80 338
92 340
133 341
50 334
125 337
58 347
69 347
133 350
144 350
91 334
110 348
61 343
125 346
80 356
61 352
102 353
91 353
81 330
83 349
122 331
73 326
103 327
122 340
145 342
73 335
114 336
137 338
145 351
106 332
84 332
137 347
103 345
54 340
72 339
84 341
95 341
114 354
84 350
95 350
106 350
53 344
87 346
96 324
87 355
126 337
84 368
56 349
130 335
118 333
107 333
126 346
64 362
99 329
118 342
65 336
76 336
107 351
68 332
76 345
88 347
129 348
140 348
68 341
65 354
134 323
57 350
100 330
111 330
77 328
113 349
141 331
69 324
92 326
133 327
77 337
79 356
69 333
80 333
144 336
110 334
141 349
90 365
69 342
80 342
110 343
133 345
61 338
102 339
125 341
125 350
91 348
83 344
91 357
102 357
137 324
122 335
145 337
94 353
83 353
75 349
103 331
137 333
122 344
106 327
84 327
95 327
103 340
87 323
106 336
114 349
87 332
106 345
72 343
103 358
138 325
53 339
64 339
95 354
64 348
87 350
56 344
130 330
96 328
87 359
88 324
76 322
96 337
99 333
88 333
129 334
140 334
65 340
99 342
76 340
140 343
57 336
68 336
132 339
76 349
65 349
129 352
57 345
98 346
121 348
77 323
141 326
68 354
92 321
79 351
113 353
101 351
80 328
133 331
141 344
125 327
91 325
144 340
110 338
133 340
102 334
125 336
144 349
110 347
83 330
63 361
91 343
102 343
83 339
94 339
102 352
75 335
122 330
60 346
137 328
83 357
103 335
137 337
75 353
72 329
103 344
114 344
84 340
136 341
53 334
72 347
106 349
136 350
126 327
87 345
53 343
64 343
128 346
139 346
56 339
64 352
118 332
56 348
109 351
64 361
76 326
129 329
76 335
129 338
140 338
86 367
68 331
132 334
121 334
129 347
140 347
113 330
132 343
98 341
121 343
49 336
79 337
113 339
132 352
79 346
101 346
80 323
71 342
82 342
90 355
141 339
110 333
82 351
133 335
125 331
102 329
133 344
144 344
63 356
125 340
110 351
125 349
102 347
75 330
83 343
91 356
102 356
75 339
83 352
103 330
75 348
114 330
60 359
106 326
114 339
106 335
72 333
147 336
117 332
72 342
136 345
64 338
87 340
117 341
128 341
56 334
109 337
117 350
128 350
139 350
109 346
120 346
64 356
99 323
86 353
148 337
76 330
67 349
140 333
68 326
132 329
98 327
89 358
68 335
57 335
98 336
70 354
121 338
129 351
89 367
101 332
121 347
79 341
101 341
113 343
98 354
90 350
79 350
113 352
82 346
71 346
101 359
102 324
125 326
63 342
82 355
110 337
144 339
63 351
102 333
110 346
102 342
143 343
75 325
94 338
60 336
60 345
124 348
75 343
103 325
116 344
105 344
95 321
75 352
105 353
116 353
127 353
84 330
95 330
106 330
136 331
87 326
139 327
128 327
72 337
147 340
136 340
53 342
64 342
139 345
117 345
66 361
56 338
97 339
86 339
56 347
109 350
97 348
76 325
140 328
129 328
89 344
86 357
132 324
78 353
140 337
67 353
129 337
59 349
98 331
132 333
89 362
140 346
79 327
113 329
90 327
59 358
90 336
79 336
98 349
71 332
101 345
90 345
113 347
82 341
133 325
146 344
101 354
71 350
125 330
63 346
83 324
91 337
104 356
143 338
83 333
94 333
124 334
135 334
75 329
143 347
94 342
83 342
60 340
135 343
124 343
52 336
75 338
116 339
127 339
124 352
127 348
105 348
93 346
93 355
72 332
85 351
108 353
136 335
128 331
117 331
136 344
120 327
128 340
117 340
85 369
78 339
109 336
139 349
128 349
97 343
120 345
86 343
89 339
67 339
86 352
109 354
59 335
70 335
129 332
89 348
142 351
70 344
98 326
121 328
89 357
101 322
79 331
98 344
71 327
79 340
82 336
146 339
101 349
90 349
79 349
131 350
82 345
71 345
123 346
112 346
91 323
63 341
102 323
82 354
143 333
115 351
94 328
135 329
60 335
124 338
75 333
143 351
116 334
105 334
135 347
124 347
127 343
116 343
74 337
108 339
93 350
116 352
127 352
85 346
136 330
74 346
128 326
139 326
147 339
74 355
139 335
117 335
66 351
109 331
116 342
117 344
128 344
78 325
89 325
97 338
109 340
120 340
67 334
109 349
120 349
55 341
142 346
97 356
86 356
59 339
70 339
67 352
78 352
98 330
70 348
89 361
90 326
79 326
82 322
100 358
79 335
131 336
82 331
71 331
112 332
131 345
82 340
71 340
146 343
112 341
123 341
112 350
123 350
63 345
143 328
104 346
115 346
94 323
83 323
135 324
143 337
135 333
124 333
73 349
143 346
93 327
116 329
105 329
135 342
62 358
124 342
116 338
127 338
105 338
124 351
108 334
74 332
105 347
136 325
85 341
74 341
93 354
66 337
74 350
108 352
85 350
128 330
117 330
139 330
97 324
120 326
139 339
66 355
85 368
109 335
86 333
142 332
97 342
86 342
67 338
89 338
55 336
78 338
142 341
97 351
70 334
134 337
67 347
142 350
70 343
134 346
70 352
59 352
111 353
100 353
79 330
92 349
131 331
82 326
71 326
123 327
131 340
69 356
82 335
123 336
112 336
131 349
104 332
61 361
112 345
123 345
104 341
81 339
112 354
115 350
81 348
143 332
104 350
73 344
135 328
124 328
62 344
143 341
124 337
62 353
73 353
135 337
105 333
93 331
116 333
135 346
74 327
93 340
138 339
