412 229
411 230
413 229
414 228
411 231
415 229
416 228
411 228
410 227
412 227
413 226
414 225
415 226
416 225
412 230
417 226
418 225
417 229
418 228
419 226
420 225
421 224
419 229
420 228
421 227
410 226
411 225
412 224
409 225
408 226
407 225
406 226
413 225
416 230
415 231
407 227
406 228
405 228
421 226
411 227
417 231
408 228
419 228
409 227
413 227
415 224
416 223
415 222
417 222
418 221
417 220
418 219
419 219
418 223
416 232
415 233
407 229
406 230
405 230
421 228
411 229
417 224
419 221
417 233
419 230
409 229
422 223
423 223
405 225
404 226
403 225
402 226
416 234
415 235
414 235
413 234
413 236
412 237
411 236
411 238
410 239
409 238
413 238
414 237
415 238
416 237
417 238
416 239
415 240
414 240
413 241
412 242
411 243
410 244
409 243
408 242
409 241
407 243
406 244
413 243
414 242
407 245
411 245
412 244
417 240
409 245
410 246
413 245
415 242
414 244
416 241
411 247
412 246
410 248
407 231
413 247
414 246
415 247
416 246
417 245
417 247
416 248
415 249
414 249
413 250
412 251
411 252
410 251
409 250
409 252
410 253
413 252
414 251
411 254
412 253
408 249
410 255
418 244
403 227
411 240
411 249
415 228
407 224
415 237
418 230
418 239
406 246
407 247
418 248
418 249
410 225
422 227
414 223
414 232
410 243
414 241
410 252
414 250
411 226
411 235
410 234
411 244
415 223
417 242
407 228
409 247
409 256
410 257
406 232
407 233
407 234
408 235
418 234
419 235
418 243
422 222
410 229
414 227
402 225
410 238
414 236
410 247
414 245
410 256
413 249
403 226
417 237
417 246
409 242
418 220
409 251
418 229
406 227
421 225
418 238
406 245
418 247
422 226
410 224
414 222
410 233
414 231
410 242
413 244
413 253
416 249
417 223
417 232
409 228
417 241
409 237
417 250
417 251
418 252
418 253
409 246
418 224
409 255
406 231
418 233
421 229
421 230
422 231
422 232
418 242
422 221
421 220
410 228
402 224
414 226
410 237
413 230
413 239
416 235
413 248
416 244
405 244
417 218
417 227
409 223
417 236
409 232
417 254
417 255
417 256
418 257
418 258
417 259
417 260
418 261
418 262
416 258
416 253
406 235
406 236
405 235
421 233
421 234
421 235
422 236
422 237
422 235
421 238
421 239
422 240
422 241
419 263
410 223
411 222
411 221
410 220
410 219
420 264
421 263
421 262
402 228
402 229
402 230
403 231
403 232
402 233
402 234
403 235
403 236
416 257
415 256
414 255
409 218
408 217
408 216
407 215
407 214
406 213
409 236
406 212
407 211
408 212
407 210
407 209
408 208
408 207
407 206
407 205
406 208
409 209
410 210
411 211
411 212
411 213
412 214
410 214
410 215
411 216
411 217
421 219
422 218
422 217
421 216
421 215
422 216
419 258
420 232
410 209
411 208
412 209
411 207
410 206
410 205
410 218
423 237
420 259
421 258
422 259
421 257
420 260
423 260
424 261
425 260
425 259
424 258
424 262
424 263
425 264
424 257
423 256
422 255
422 254
421 253
421 252
420 251
420 250
421 249
422 250
421 248
421 247
422 246
422 245
421 244
421 243
420 246
423 251
424 252
425 251
426 252
425 250
424 253
425 254
425 255
425 249
424 248
427 253
428 254
429 253
429 252
428 251
428 255
428 250
423 246
423 255
412 255
412 256
413 257
413 258
414 259
414 260
413 261
413 262
413 263
414 264
412 260
411 259
412 264
411 263
410 262
409 261
410 261
409 260
412 265
413 266
413 267
409 259
408 258
424 238
424 239
425 240
426 239
426 238
425 241
405 234
424 247
425 246
426 247
425 245
424 244
424 243
405 243
404 242
403 241
403 240
402 239
402 238
402 242
402 243
402 244
403 245
401 242
401 237
416 243
409 204
408 203
408 202
407 201
407 200
416 252
417 217
416 216
415 215
415 214
414 213
414 212
413 211
409 213
409 222
408 221
407 220
407 219
406 221
406 222
417 235
430 254
409 231
415 265
416 266
417 265
418 266
417 264
416 263
416 267
416 262
406 207
409 240
427 239
428 240
429 239
430 240
429 238
428 237
428 241
429 242
429 243
429 244
430 245
428 236
428 245
428 246
429 247
429 248
431 246
431 247
432 248
432 247
433 246
434 247
433 245
435 248
436 249
437 248
437 247
436 246
436 250
437 251
436 245
435 244
435 243
434 242
433 241
433 240
432 239
432 238
433 237
434 238
433 236
432 235
433 235
432 234
435 239
436 240
437 239
438 240
437 238
436 241
437 242
437 243
437 237
436 236
436 235
437 234
438 235
437 233
436 232
436 231
435 234
434 233
433 232
433 231
436 244
431 241
434 243
432 233
431 232
430 231
432 242
432 243
435 238
435 247
436 230
437 229
437 228
436 227
436 226
435 225
434 224
434 223
403 246
433 222
402 247
402 248
402 249
403 250
403 249
433 221
434 220
434 219
433 218
433 217
433 216
434 215
434 214
433 213
433 212
434 211
434 210
434 209
433 208
434 207
434 206
434 205
433 204
433 203
434 204
433 207
432 220
404 247
405 248
405 249
406 250
406 251
407 252
406 249
433 202
434 201
434 200
435 199
435 198
435 197
434 196
433 199
434 195
433 194
432 195
431 195
430 194
429 193
430 193
429 192
433 198
433 193
432 192
431 191
430 190
431 190
420 261
434 192
435 192
403 237
430 189
434 191
430 188
434 190
433 189
432 215
401 246
400 246
399 247
399 248
398 246
398 245
399 244
399 243
399 242
398 241
397 240
398 240
399 239
400 240
399 238
398 237
399 236
399 235
399 234
399 233
399 232
400 231
398 232
397 232
396 233
396 234
395 232
398 236
398 231
398 230
399 229
399 228
398 227
398 249
397 250
398 251
399 252
399 253
399 254
398 255
398 256
399 257
399 256
420 263
398 250
397 254
398 254
397 249
397 235
397 244
396 243
395 242
395 241
395 240
394 239
394 243
394 244
401 239
395 245
395 246
396 247
397 253
396 252
395 251
395 250
437 230
438 231
394 252
394 253
434 244
394 238
394 237
395 237
396 238
395 236
394 247
393 246
392 245
391 244
391 243
390 242
404 244
394 248
390 245
435 229
434 228
433 227
397 239
429 191
394 233
439 241
408 253
433 197
400 249
419 262
420 227
412 223
431 236
432 201
423 232
435 206
401 250
412 259
413 224
432 237
405 220
424 233
416 229
435 242
436 207
430 249
409 226
408 230
419 239
401 227
420 240
412 236
431 249
404 232
432 214
431 213
423 245
435 219
426 256
426 257
405 233
397 229
438 230
409 203
415 246
407 242
439 231
408 243
427 256
400 239
419 252
420 217
419 217
412 213
432 191
423 222
435 196
422 263
401 240
393 236
434 237
413 214
404 245
424 223
411 253
416 219
436 197
428 193
438 243
430 239
396 246
415 259
408 220
400 252
420 230
433 249
433 250
412 226
432 204
431 204
430 204
429 204
428 203
431 203
423 235
435 209
426 246
411 266
410 266
409 266
408 266
407 265
410 265
415 236
407 232
430 252
408 233
400 229
419 242
431 216
430 217
430 216
422 253
434 227
403 239
395 235
415 213
426 259
438 233
425 263
396 236
408 210
431 193
418 260
422 230
433 239
412 216
399 246
391 242
392 241
411 220
402 251
402 252
414 262
434 240
392 243
411 256
403 252
395 248
407 222
418 237
437 250
429 246
408 223
421 242
398 258
397 259
398 259
396 259
395 259
395 258
410 232
422 243
414 239
434 217
399 259
411 233
403 229
407 199
425 253
417 249
437 227
407 235
408 200
440 232
441 231
440 233
418 250
421 255
422 220
441 233
414 216
414 217
433 229
434 194
410 245
411 210
402 241
414 252
434 230
413 256
430 196
403 242
416 261
395 238
436 239
415 216
407 212
417 262
418 227
409 258
437 240
429 236
421 232
433 206
406 252
405 253
398 248
390 244
410 222
422 233
414 229
433 242
399 249
412 268
412 269
391 245
432 246
411 223
413 269
425 243
417 239
409 235
428 248
406 229
418 240
429 249
421 245
433 219
399 226
410 235
402 231
413 246
405 242
424 255
416 251
436 229
407 202
406 206
425 256
417 252
418 217
409 248
428 190
427 190
426 191
426 190
421 222
433 196
406 242
398 238
410 212
434 197
401 249
420 262
415 220
414 219
412 258
404 254
404 255
432 236
424 232
425 231
435 241
436 206
437 205
413 259
405 255
425 233
426 234
427 233
397 251
416 264
436 242
437 207
438 208
439 209
440 210
441 211
439 208
438 210
441 210
428 238
429 203
394 245
440 212
406 219
408 265
433 209
420 239
431 248
432 213
423 244
435 218
436 217
437 218
437 217
432 249
405 232
424 245
397 228
436 219
409 202
439 230
429 216
428 216
428 215
429 214
428 213
429 213
427 255
419 251
398 228
410 202
420 252
393 235
412 248
413 213
432 226
431 226
430 227
429 226
428 226
428 225
429 224
431 225
432 224
405 209
404 210
404 209
405 210
403 209
402 209
402 208
403 207
402 206
401 205
400 204
401 204
400 206
400 207
401 207
403 206
423 257
424 222
425 221
424 220
425 220
416 218
435 231
436 196
437 195
436 194
437 194
428 192
405 245
397 241
425 223
426 224
426 223
427 223
416 254
417 219
437 197
438 198
439 198
440 199
441 198
440 200
441 200
442 201
443 202
443 201
442 203
444 200
445 201
446 202
446 201
445 203
445 204
446 204
447 204
448 204
448 203
409 215
415 258
394 235
406 209
439 243
440 243
441 244
441 243
440 245
408 255
407 255
400 251
419 264
420 229
412 225
431 238
432 203
404 221
404 222
423 234
435 208
401 252
393 248
412 261
405 222
424 235
411 265
416 231
436 209
428 205
430 251
396 258
407 267
408 232
427 245
400 228
419 241
431 215
408 268
409 269
409 268
410 268
401 229
420 242
412 238
404 234
432 216
423 247
435 221
426 258
397 231
438 232
430 228
430 229
409 205
396 235
415 248
407 244
427 222
427 221
427 220
406 199
405 200
404 200
419 218
439 233
443 203
408 245
400 241
401 206
419 254
420 219
412 215
431 228
432 193
404 211
404 212
423 224
414 261
434 239
413 216
426 235
426 236
405 212
425 190
424 190
423 190
423 189
424 188
423 187
422 188
424 187
425 188
422 187
421 189
422 190
424 189
416 221
411 255
436 199
403 251
415 225
439 210
430 241
396 248
415 261
407 257
408 222
427 235
419 231
431 205
430 206
430 207
389 245
388 245
388 244
422 242
412 228
404 224
432 206
399 258
410 267
411 232
435 211
426 248
411 268
430 218
430 219
395 260
427 212
426 211
427 211
425 211
424 210
427 210
426 213
426 214
425 210
423 211
423 212
422 210
421 210
424 212
441 232
420 209
419 209
419 208
419 207
419 206
418 205
417 204
420 207
418 204
417 206
416 206
417 207
416 207
418 207
420 206
416 208
416 209
417 209
431 218
404 201
434 229
426 225
426 226
405 202
446 203
438 199
438 200
427 189
439 200
427 225
400 208
440 244
423 191
401 209
441 245
442 246
443 247
443 246
442 248
402 253
402 254
430 208
403 254
427 202
426 201
427 200
426 203
425 200
424 200
423 200
423 199
422 198
421 197
420 197
419 197
419 196
420 195
419 194
418 195
417 194
420 194
422 197
418 194
421 199
421 200
422 200
424 199
425 198
417 196
416 196
418 197
420 196
423 201
423 202
424 202
419 198
409 270
409 271
406 264
405 263
406 263
406 262
405 265
404 265
405 266
404 267
403 264
402 264
402 263
402 262
403 262
401 262
400 262
400 261
401 260
398 260
397 261
397 262
398 261
426 215
399 261
415 205
414 204
415 204
415 203
414 206
414 207
413 203
412 203
429 225
440 234
440 235
406 241
406 240
406 239
441 235
442 236
443 236
414 218
426 192
426 193
445 205
403 208
392 235
391 235
390 234
391 233
390 232
389 231
388 230
388 232
388 233
389 233
389 232
388 234
391 234
405 254
425 232
444 245
443 244
444 244
445 246
445 247
446 247
444 243
446 246
445 248
445 249
446 249
447 250
447 249
448 249
448 248
448 247
448 246
447 251
447 252
415 218
427 192
448 251
422 199
441 212
442 213
442 214
443 214
443 213
444 213
445 214
445 213
446 212
446 214
446 213
442 215
443 216
445 215
445 216
446 216
447 217
447 216
448 216
449 217
450 217
451 218
452 219
453 218
449 218
449 219
450 219
453 219
454 220
455 221
455 220
456 220
457 221
454 222
454 223
455 223
457 222
457 223
458 223
459 224
448 215
448 214
406 254
390 246
390 247
401 261
412 270
412 271
391 247
404 266
403 221
402 221
402 220
402 219
402 218
403 217
401 217
400 217
400 216
403 219
399 216
398 216
397 216
398 215
399 214
398 213
399 213
401 216
400 218
400 219
401 219
403 218
396 215
396 214
395 213
396 213
395 215
394 212
393 213
399 215
392 212
391 212
390 212
390 211
389 210
388 211
391 211
415 195
414 194
415 193
414 196
414 195
405 267
397 263
397 264
418 206
437 219
438 220
438 221
439 221
440 220
441 221
441 220
440 222
440 223
441 223
442 223
443 224
443 223
444 223
445 224
446 224
439 220
442 225
442 226
443 226
445 225
445 226
446 226
447 227
448 226
438 222
439 223
441 222
444 222
444 221
429 215
448 228
449 229
450 230
447 229
450 229
451 228
452 227
453 228
450 227
453 227
452 229
452 230
451 227
451 230
449 231
421 211
421 212
394 257
393 256
394 256
394 255
393 258
392 255
392 254
391 253
392 253
390 254
390 255
389 253
391 255
388 254
388 255
389 255
390 256
390 257
391 257
440 224
410 201
410 200
410 199
411 198
411 200
422 212
414 208
387 254
386 254
385 253
386 252
385 251
384 250
383 249
384 249
384 252
383 252
386 251
387 250
386 249
387 249
387 252
382 248
384 251
387 251
386 253
411 202
425 222
444 235
443 234
445 236
446 235
445 237
446 234
446 237
447 237
448 237
448 236
444 233
446 236
445 238
448 238
449 239
449 240
450 240
447 239
447 240
450 239
451 238
450 237
452 239
452 240
453 240
451 240
453 239
449 241
449 242
450 242
452 241
452 242
453 242
454 243
455 243
456 242
455 241
456 240
451 239
454 244
454 245
455 245
447 241
437 196
428 227
428 228
448 205
449 206
450 205
449 207
451 205
450 207
447 206
447 207
448 206
450 206
449 208
449 209
394 234
440 201
440 202
429 228
422 189
441 202
387 231
386 231
385 231
384 231
383 231
383 230
386 230
443 248
402 210
455 222
401 251
447 218
447 219
393 247
404 256
404 257
424 234
425 199
444 212
443 211
444 211
444 210
436 208
428 204
405 257
425 235
418 196
437 209
429 205
448 218
421 201
421 202
398 217
397 218
397 219
451 229
443 225
422 202
389 254
408 267
400 263
400 264
420 241
431 250
424 211
435 220
401 264
432 251
397 230
425 212
444 225
417 208
436 221
428 217
439 232
418 209
450 241
442 237
442 238
421 214
408 244
433 188
419 253
420 218
431 227
451 242
410 204
443 238
401 241
447 208
447 209
420 254
393 237
412 250
413 215
404 246
432 228
405 211
423 259
424 224
425 189
416 220
444 202
435 233
436 198
428 194
428 195
385 232
385 233
405 247
446 248
397 243
438 244
438 245
417 221
458 222
409 217
437 199
450 218
429 195
415 260
421 191
407 256
386 233
427 234
406 211
439 245
451 219
443 215
389 244
408 257
454 224
400 253
401 218
420 231
393 214
393 215
431 240
432 205
404 223
423 236
424 201
416 197
416 198
435 210
401 254
413 228
405 224
446 225
425 202
397 220
416 233
411 267
417 198
403 263
436 211
449 230
394 214
439 222
430 253
450 231
396 260
442 227
442 228
388 256
388 257
407 269
408 234
427 247
400 230
419 243
420 208
412 204
412 205
431 217
423 213
423 214
443 228
389 257
401 231
412 240
413 205
453 241
404 236
432 218
405 201
424 214
416 210
435 223
426 260
446 238
438 234
439 199
430 230
409 207
449 243
396 237
442 204
442 205
415 250
407 246
408 211
427 224
419 220
439 235
431 194
443 205
389 234
408 247
400 243
401 208
420 221
412 217
431 230
404 213
404 214
423 226
424 191
435 200
414 263
434 241
426 237
445 250
405 214
446 215
425 192
392 244
438 211
438 212
411 257
457 224
457 225
403 253
449 220
449 221
395 249
415 227
407 223
427 201
438 247
439 212
430 243
458 225
450 221
396 250
442 217
415 263
388 246
389 211
407 259
406 260
408 224
427 237
400 220
400 221
419 233
420 198
431 207
423 203
422 244
401 221
434 218
413 195
412 195
412 194
399 260
445 227
445 228
424 204
391 256
410 269
411 234
402 265
402 266
403 230
426 250
446 228
392 257
438 224
411 270
384 253
430 220
430 221
403 266
456 241
407 236
408 201
427 214
419 210
418 251
421 256
400 233
441 234
420 211
433 230
452 243
452 244
412 207
399 237
404 203
423 216
435 190
422 257
414 253
434 231
453 244
426 227
426 228
446 205
392 234
438 201
438 202
430 197
430 198
403 243
449 210
395 239
415 217
407 213
427 191
439 202
430 233
429 234
417 263
396 240
437 241
429 237
408 214
448 250
400 210
440 246
440 247
419 223
420 188
406 253
452 220
452 221
431 197
418 264
422 234
441 247
414 230
433 243
434 208
453 221
426 204
426 205
399 250
445 217
391 246
392 211
410 259
411 224
402 255
403 220
395 216
395 217
415 194
426 240
446 218
413 270
392 247
425 244
395 252
396 217
415 230
428 249
407 226
448 227
427 204
418 241
409 272
429 250
421 246
422 211
441 224
387 253
433 220
406 266
398 262
399 227
390 258
390 259
410 236
411 201
402 232
422 247
414 243
455 244
434 221
391 259
411 237
424 256
403 233
444 234
415 207
407 203
425 257
417 253
418 218
437 231
409 249
456 244
429 227
448 240
421 223
440 236
440 237
441 201
387 230
406 243
398 239
418 254
390 235
410 213
421 259
422 224
441 237
414 220
433 233
434 198
426 194
426 195
399 240
391 236
410 249
411 214
383 232
383 233
402 245
403 210
447 253
447 254
413 260
405 256
384 233
397 252
425 234
416 265
444 247
417 230
436 243
437 208
456 221
428 239
407 216
406 217
448 217
394 246
440 213
440 214
406 220
417 266
418 231
409 262
408 263
437 244
429 240
421 236
422 201
441 214
414 197
414 198
433 210
406 256
398 252
399 217
390 248
391 213
402 222
414 233
401 263
447 230
447 231
393 259
393 260
412 272
413 237
404 268
404 269
432 250
392 214
424 246
403 223
444 224
416 242
436 220
415 197
385 254
405 269
397 265
425 247
417 243
418 208
437 221
409 239
428 252
429 217
448 230
421 213
394 259
386 255
433 187
406 233
398 229
410 203
451 241
443 237
422 214
454 246
414 210
433 223
434 188
435 188
435 187
436 186
437 185
438 185
439 186
440 187
441 188
439 185
438 187
438 188
439 188
441 187
440 189
440 190
441 190
442 191
443 191
444 190
445 191
446 192
446 191
445 193
439 187
442 192
442 193
443 193
446 193
447 194
448 193
438 189
438 190
439 190
441 189
444 189
444 188
437 186
448 195
449 196
449 197
447 196
449 198
440 191
440 192
441 192
443 192
444 192
436 188
439 189
442 194
442 195
443 195
445 194
445 195
446 195
438 191
448 194
441 191
420 253
399 230
412 249
432 227
411 204
423 258
402 235
403 200
402 200
444 201
435 232
405 246
424 259
397 242
425 224
416 255
444 237
436 233
409 216
437 198
428 229
429 194
448 207
421 190
394 236
440 203
440 204
386 232
406 210
439 244
429 230
442 249
442 250
422 191
408 256
441 204
387 233
433 200
419 265
398 242
399 207
398 207
397 208
397 207
431 239
410 216
443 250
455 224
401 253
447 220
447 221
393 249
393 250
412 262
432 240
404 258
404 259
405 223
424 236
425 201
444 214
417 197
435 245
436 210
428 206
428 207
394 213
405 259
425 237
397 255
396 256
418 198
437 211
428 242
427 243
429 207
421 203
394 249
407 268
427 246
406 223
398 219
451 231
443 227
389 256
408 269
400 265
400 266
401 230
447 197
447 198
420 243
412 239
413 204
431 252
432 217
404 235
423 248
424 213
444 191
435 222
436 187
401 266
447 233
448 234
449 233
413 240
405 236
424 249
425 214
416 245
417 210
436 223
409 206
437 188
428 219
448 197
440 193
406 200
439 234
450 243
442 239
442 240
441 241
443 204
408 246
427 259
428 260
428 261
429 261
428 262
400 242
433 190
419 255
420 220
431 229
432 194
423 225
443 240
444 241
445 240
401 243
447 210
420 256
412 252
413 217
404 248
432 230
405 213
423 261
424 226
425 191
397 209
397 210
396 211
416 222
444 204
435 235
436 200
428 196
428 197
427 198
385 234
446 250
397 245
438 246
439 211
430 242
458 224
409 219
450 220
429 197
396 249
442 216
415 262
421 193
407 258
386 235
427 236
419 232
398 209
439 247
431 206
451 221
443 217
389 246
408 259
454 226
400 255
401 220
420 233
393 216
393 217
392 218
413 194
431 242
404 225
432 207
423 238
424 203
416 199
416 200
415 201
414 200
413 201
435 212
393 252
426 249
405 226
446 227
425 204
392 256
438 223
411 269
417 200
403 265
449 232
428 209
395 261
395 262
394 263
393 262
392 263
392 264
391 265
390 265
391 266
392 266
393 266
394 266
394 265
390 267
389 265
388 265
392 265
391 267
394 267
395 268
395 269
396 269
393 268
393 269
394 268
396 268
395 270
395 271
396 271
397 272
398 271
398 270
398 269
399 269
399 271
400 272
401 273
402 274
403 273
403 272
401 272
400 274
403 274
404 275
405 276
405 275
406 275
407 275
408 276
408 275
404 277
404 278
405 278
406 274
405 273
406 273
406 272
405 277
397 273
397 274
387 264
386 264
385 264
385 263
386 262
385 261
384 260
383 261
383 262
384 262
386 261
387 260
387 262
384 261
383 263
383 264
384 264
386 263
398 273
400 273
401 274
393 270
393 271
385 265
385 266
386 266
396 270
388 266
388 267
389 267
411 241
399 270
402 275
402 276
392 267
384 263
403 276
395 272
396 273
387 263
406 276
398 272
390 268
390 269
399 273
391 269
383 265
397 275
397 276
394 269
386 265
387 266
389 266
400 275
400 276
401 276
393 272
385 267
404 271
403 275
396 272
388 268
388 269
387 270
389 269
415 239
394 216
427 213
439 224
450 233
396 262
442 229
443 194
388 258
407 271
408 236
427 249
400 232
419 245
420 210
412 206
431 219
404 202
423 215
389 259
435 189
422 256
401 233
447 200
448 201
449 200
413 207
453 243
404 238
399 272
405 203
445 239
424 216
391 268
444 194
416 212
411 246
402 277
402 278
436 190
426 262
446 240
392 269
438 236
439 201
384 265
430 232
403 278
449 245
395 274
396 239
442 206
442 207
441 208
415 252
388 235
407 248
408 213
427 226
400 209
419 222
431 196
418 263
423 192
423 193
443 207
444 208
445 207
388 271
387 272
386 272
387 273
386 274
385 274
384 274
383 274
383 273
383 272
384 272
382 271
381 271
381 270
382 269
382 268
387 274
388 275
389 276
390 275
391 276
391 275
392 276
390 277
390 278
391 278
389 275
392 275
388 277
388 278
389 278
391 277
392 278
393 279
394 278
394 277
394 276
390 279
380 271
379 271
378 271
391 280
393 280
382 270
385 275
385 276
394 280
395 280
396 279
386 276
378 272
396 280
389 277
381 272
381 273
382 273
392 277
384 273
380 270
391 279
383 275
383 276
392 280
384 276
394 279
386 275
387 276
379 272
382 272
389 279
381 274
392 279
384 275
377 271
376 270
376 272
376 271
400 245
441 246
401 210
420 223
387 275
412 219
453 220
432 197
404 215
423 228
390 280
424 193
410 258
435 202
414 265
380 272
446 217
392 246
397 212
438 213
438 214
437 215
457 226
430 209
430 210
429 211
403 255
449 222
449 223
448 224
396 216
427 203
419 199
419 200
439 214
450 223
442 219
388 248
407 261
400 222
420 200
406 265
431 209
423 205
447 190
446 189
448 191
447 188
447 187
447 186
447 185
447 184
448 183
446 183
445 183
445 182
445 181
445 180
446 179
446 181
444 180
443 179
444 178
442 180
442 181
443 181
443 180
446 180
442 182
442 183
443 183
448 182
448 181
444 179
448 185
443 182
446 182
442 184
445 184
445 185
446 185
448 184
441 181
440 181
444 181
448 187
443 184
393 219
394 220
392 220
391 220
392 221
391 222
390 222
392 222
393 223
394 223
394 222
390 223
389 221
388 220
389 220
387 219
386 219
385 219
385 218
384 217
383 216
382 216
384 216
383 218
383 219
384 219
386 218
387 217
385 220
385 221
388 221
381 217
384 218
387 218
383 220
386 220
381 216
380 215
379 215
378 215
378 216
378 217
379 217
382 217
391 223
384 220
377 216
376 215
376 217
376 216
395 219
387 220
379 216
380 217
378 218
378 219
377 220
376 219
379 219
381 218
381 219
382 219
413 197
426 216
426 217
425 218
399 262
445 229
445 230
444 231
446 194
391 258
392 223
410 271
416 202
402 267
449 199
415 206
446 230
392 259
438 226
439 191
430 222
403 268
449 235
450 200
395 264
396 229
442 196
456 243
407 238
448 239
427 216
419 212
377 215
443 197
444 198
445 197
401 200
441 236
387 265
452 245
398 274
404 205
445 206
390 270
390 271
426 229
399 275
445 242
446 207
391 271
392 236
438 203
383 267
384 232
430 199
430 200
429 201
444 246
415 219
427 193
419 189
419 190
439 204
442 209
448 252
440 248
440 249
400 212
441 213
386 277
420 190
378 273
406 255
452 222
452 223
431 199
441 249
453 223
426 206
426 207
425 208
445 219
446 184
391 248
392 213
403 222
395 218
415 196
438 216
405 268
430 212
396 219
437 220
442 186
448 229
394 258
427 206
440 225
440 226
409 274
422 213
441 226
414 209
387 255
406 268
434 187
380 216
398 264
445 196
390 260
411 203
383 221
383 222
382 223
401 275
447 242
447 243
426 219
446 197
438 193
384 222
444 236
376 218
449 202
415 209
397 277
429 229
448 242
394 271
440 238
441 203
386 267
387 232
399 206
402 211
402 212
443 249
426 196
445 209
383 234
403 212
405 258
425 236
444 249
396 209
437 210
382 274
456 223
429 206
448 219
440 215
440 216
441 180
398 218
409 264
375 271
374 271
374 270
374 269
422 203
441 216
414 199
387 245
386 245
385 245
385 244
399 219
445 186
431 251
401 265
447 232
393 261
392 216
404 270
425 213
444 226
395 221
436 222
437 187
428 218
448 196
405 271
397 267
418 210
437 223
429 219
448 232
394 261
441 193
427 258
379 218
451 243
443 239
402 201
402 202
389 268
400 277
400 278
399 279
398 279
380 219
420 255
432 229
424 225
403 202
444 203
401 278
447 245
393 274
425 226
444 239
437 200
428 231
429 196
448 209
421 192
440 205
386 234
439 246
398 208
451 220
442 251
442 252
441 253
440 253
441 254
439 254
440 255
440 256
441 256
442 256
443 257
443 256
444 256
439 253
442 258
442 259
443 259
441 255
444 255
444 254
444 253
440 257
443 258
444 258
445 259
445 258
446 259
447 260
447 261
447 262
448 261
446 258
439 255
442 260
443 261
445 260
445 261
446 261
441 257
447 263
447 264
444 257
448 263
443 260
446 260
439 257
445 262
446 263
445 252
448 262
440 258
440 259
441 259
444 259
439 256
442 261
422 193
454 225
387 235
400 254
399 209
443 252
455 226
401 255
447 222
393 251
404 260
425 203
444 216
417 199
436 212
428 208
448 186
394 215
440 182
440 183
385 246
385 247
446 262
397 257
438 258
418 200
450 232
429 209
396 261
421 205
407 270
441 183
386 247
427 248
406 225
419 244
398 221
451 233
443 229
389 258
408 271
454 238
400 267
401 232
447 199
420 245
412 241
413 206
431 254
432 219
404 237
423 250
424 215
416 211
444 193
435 224
436 189
382 218
447 235
393 264
413 242
426 261
405 238
446 239
425 216
392 268
397 234
416 247
417 212
403 277
409 208
437 190
449 244
395 273
428 221
375 215
374 215
448 199
415 251
385 259
378 220
406 202
439 236
450 245
396 274
442 241
443 206
388 270
389 235
408 248
427 261
400 244
419 257
379 221
420 222
412 218
431 231
432 196
423 227
424 192
443 242
389 271
435 201
401 245
447 212
393 241
412 254
413 219
404 250
405 215
445 251
424 228
397 211
425 193
416 224
411 258
444 206
435 237
436 202
382 231
381 231
381 230
381 229
428 198
385 236
446 252
438 248
439 213
384 277
418 190
417 190
416 189
458 226
430 244
450 222
396 251
442 218
415 264
421 195
388 247
407 260
408 225
427 238
419 234
420 199
439 249
431 208
451 223
423 204
442 254
443 219
389 248
408 261
400 257
401 222
441 258
447 189
420 235
393 218
412 231
413 196
431 244
432 209
404 227
377 273
423 240
424 205
410 270
444 183
416 201
435 214
426 251
446 229
392 258
438 225
411 271
417 202
403 267
449 234
395 263
415 241
440 185
407 237
427 215
419 211
439 226
450 235
396 264
442 231
443 196
388 260
407 273
408 238
427 251
400 234
419 247
420 212
412 208
431 221
404 204
423 217
435 191
381 220
381 221
422 258
447 202
414 254
434 232
413 209
453 245
399 274
404 240
405 205
445 241
446 206
391 270
411 248
383 266
416 214
402 279
436 192
403 244
449 211
449 212
382 221
446 242
392 271
438 238
439 203
384 267
430 234
449 247
395 276
396 241
442 208
415 254
407 250
408 215
427 228
400 211
419 224
420 189
431 198
418 265
423 194
423 195
443 209
400 247
441 248
401 212
447 179
387 277
433 244
379 273
412 221
453 222
432 199
399 251
404 217
445 218
424 195
410 260
416 191
415 191
402 256
402 257
435 204
414 267
434 245
380 274
426 241
445 254
446 219
392 248
438 215
411 261
430 211
403 257
449 224
395 253
396 218
442 185
427 205
419 201
419 202
439 216
396 254
442 221
409 273
443 186
388 250
429 251
448 264
440 260
441 225
420 202
406 267
452 234
452 235
412 198
398 263
431 211
422 248
441 261
434 222
426 218
399 264
445 231
446 196
391 260
410 273
438 192
384 221
402 269
401 270
403 234
449 201
415 208
407 204
392 261
438 228
439 193
425 258
430 224
450 202
395 266
396 231
437 232
442 198
407 240
408 205
448 241
394 270
427 218
400 201
400 202
431 188
418 255
377 217
421 260
422 225
441 238
401 202
414 221
387 267
433 234
434 199
398 276
399 241
404 207
445 208
390 272
389 273
390 273
410 250
411 215
402 246
403 211
422 261
414 257
434 235
426 231
446 209
391 273
438 205
383 269
384 234
430 201
403 247
449 214
444 248
395 243
396 208
415 221
456 222
407 217
427 195
419 191
418 192
417 267
418 232
437 245
409 263
429 241
375 270
421 237
400 214
440 250
439 251
441 215
420 192
433 211
406 257
452 224
451 225
452 225
398 253
399 218
390 249
390 250
423 197
402 223
422 238
414 234
433 247
434 212
453 225
426 208
445 221
446 186
391 250
392 215
410 263
402 259
403 224
395 220
415 198
405 270
430 214
425 248
397 266
444 261
417 244
437 222
442 188
428 253
388 217
429 218
448 231
394 260
440 227
440 228
386 256
386 257
419 204
406 234
418 245
429 254
421 250
422 215
441 228
414 211
387 257
433 224
406 270
434 189
452 237
380 218
398 266
399 231
445 198
410 240
411 205
383 223
402 236
403 201
401 277
447 244
393 273
426 221
446 199
413 251
438 195
439 196
440 195
424 260
430 191
425 225
449 204
444 238
416 256
395 233
436 234
415 211
428 230
407 207
448 208
385 268
385 269
397 279
425 261
417 257
418 222
437 235
409 253
429 231
448 244
422 192
394 273
440 240
441 205
386 269
387 234
433 201
406 247
398 243
399 208
410 217
443 251
402 213
402 214
422 228
414 224
455 225
434 202
380 231
379 231
378 231
377 232
376 233
377 233
375 232
376 231
375 230
376 229
378 230
378 233
376 230
379 230
426 198
412 263
445 211
432 241
411 218
424 237
403 214
444 215
435 246
395 210
394 210
413 264
405 260
397 256
425 238
444 251
417 234
418 199
436 247
409 230
437 212
382 276
456 225
428 243
429 208
448 221
421 204
394 250
440 217
439 218
441 182
386 246
406 224
398 220
439 258
418 235
451 232
421 240
422 205
408 270
441 218
414 201
454 237
387 247
433 214
420 244
399 221
445 188
390 252
431 253
391 217
390 217
410 230
423 249
455 238
401 267
447 234
393 263
404 272
405 237
424 250
397 233
425 215
444 228
417 211
436 224
437 189
428 220
448 198
440 194
385 258
406 201
397 269
418 212
437 225
450 244
429 221
421 217
440 230
441 195
386 259
427 260
433 191
406 237
419 256
379 220
398 233
410 207
451 245
443 241
402 203
389 270
414 214
400 279
401 244
447 211
420 257
380 221
393 240
413 218
432 231
404 249
423 262
424 227
403 204
444 205
435 236
436 201
382 230
447 247
393 276
413 254
385 235
405 250
446 251
397 246
425 228
416 259
436 237
437 202
409 220
382 266
428 233
429 198
448 211
421 194
394 240
440 207
385 271
386 236
378 232
406 214
398 210
439 248
451 222
442 253
443 218
389 247
422 195
408 260
454 227
414 191
413 191
412 192
400 256
379 233
380 234
379 235
379 236
380 236
381 237
382 236
380 235
379 237
379 238
380 238
382 237
378 239
380 237
381 233
383 236
420 234
399 211
445 178
431 243
432 208
377 272
423 239
443 254
402 216
444 182
435 213
401 257
447 224
393 253
412 266
413 231
432 244
404 262
445 263
405 227
424 240
425 205
416 236
444 218
417 201
435 249
436 214
428 210
448 188
394 217
449 213
416 194
393 257
427 194
424 194
442 220
446 244
392 273
392 270
439 205
384 270
384 269
430 236
449 249
395 278
408 231
375 231
442 210
448 253
427 230
447 195
400 213
420 191
431 200
377 229
423 196
441 250
439 252
401 214
447 181
453 224
395 275
404 219
419 236
445 220
424 197
391 249
416 193
402 258
428 223
381 235
414 269
419 237
406 204
426 243
445 256
446 221
405 208
392 250
409 201
438 217
384 246
430 213
403 259
449 226
444 260
395 255
409 200
396 220
442 187
450 201
427 207
451 226
419 203
443 188
388 252
389 217
400 226
392 251
401 238
441 227
387 256
420 204
406 269
412 200
452 236
398 265
423 209
390 261
445 243
395 256
412 243
453 237
415 243
426 220
404 243
399 266
445 233
446 198
377 230
445 244
391 262
438 194
403 256
402 271
414 247
449 203
415 210
439 195
427 217
432 212
384 259
430 226
386 217
397 278
450 204
442 200
448 243
394 272
400 203
393 220
436 204
440 239
393 221
386 268
419 216
377 219
441 240
387 269
444 186
380 230
398 278
426 197
445 210
390 274
383 235
412 220
403 213
388 262
449 180
420 224
426 233
446 211
443 208
392 240
444 185
438 207
430 250
438 250
383 271
384 236
430 203
376 232
449 216
444 250
396 210
382 275
456 224
448 220
427 197
443 189
401 201
419 193
409 265
375 272
422 204
396 257
440 252
441 217
387 246
406 259
452 226
399 220
445 187
390 251
391 216
426 210
405 231
445 223
388 263
446 188
391 252
392 217
438 184
423 229
446 232
383 248
402 261
444 227
415 200
446 231
405 272
397 268
418 211
442 190
437 224
388 219
429 220
448 233
394 262
440 229
420 205
441 194
386 258
451 244
422 208
441 230
387 259
433 226
380 220
398 268
445 200
390 264
403 203
449 179
401 279
447 246
393 275
413 212
438 197
425 227
444 240
437 201
382 265
428 232
448 210
440 206
373 216
385 270
418 215
383 268
429 233
394 275
422 194
397 213
440 242
441 207
386 271
379 232
399 210
445 177
402 215
443 253
455 227
401 256
447 223
380 233
426 200
402 272
446 178
404 261
403 216
444 217
395 212
436 213
415 190
447 259
405 262
397 258
418 201
437 214
456 227
429 210
448 223
421 206
440 219
441 184
386 248
390 218
451 234
443 230
422 207
408 272
414 203
454 239
400 268
445 190
391 219
399 267
455 240
401 269
447 236
393 265
449 178
450 177
450 176
449 175
449 174
450 173
451 174
450 172
451 173
449 237
449 236
450 171
451 170
451 169
450 168
450 167
449 166
414 270
449 170
449 165
416 217
450 166
451 165
452 166
452 167
451 164
450 163
450 162
451 161
451 160
451 159
415 266
450 158
415 267
424 230
449 161
450 157
451 156
407 266
449 156
448 156
447 157
452 175
382 220
385 252
408 273
453 167
454 166
455 167
454 165
455 166
454 164
453 163
396 244
437 192
449 160
448 159
449 169
448 168
447 167
404 274
403 279
405 239
425 217
442 224
404 206
444 230
417 213
437 191
428 222
375 216
404 220
448 200
440 196
385 260
378 221
406 203
452 170
397 271
415 270
439 237
418 214
450 246
429 223
381 222
396 275
442 242
441 197
453 162
454 161
455 162
454 160
454 159
455 158
455 157
454 156
454 155
453 158
427 262
379 222
379 223
389 250
453 171
454 170
455 171
454 169
453 172
398 235
439 219
451 247
451 248
403 269
389 263
445 176
446 175
447 176
446 174
445 173
445 172
446 173
447 172
443 243
422 251
450 224
402 205
389 272
447 213
393 242
413 220
404 251
405 216
449 164
424 229
381 223
425 194
444 207
436 203
382 232
428 199
393 278
448 177
405 252
446 253
397 248
425 230
438 249
418 191
452 156
437 204
428 235
453 247
453 248
429 200
452 165
448 213
421 196
394 242
440 209
385 273
452 174
406 216
378 234
398 212
439 250
453 157
451 224
442 255
443 220
453 166
389 249
408 262
414 193
400 258
401 223
445 171
446 170
446 169
445 168
445 167
420 236
412 232
431 245
432 210
404 228
423 241
424 206
444 184
435 215
449 159
456 158
457 159
458 158
459 159
460 158
461 158
462 159
463 158
463 157
462 156
462 160
463 161
463 162
462 155
461 154
447 201
458 157
445 253
457 156
456 155
456 154
455 153
461 153
419 227
462 154
463 153
463 152
462 151
462 150
461 149
457 160
390 210
424 217
461 148
458 161
458 162
458 163
459 164
460 165
401 247
400 250
461 157
461 166
462 165
463 166
401 234
462 164
461 163
432 225
377 239
438 241
461 167
461 168
462 169
461 162
457 155
457 164
460 157
457 165
458 166
458 167
457 168
457 169
457 170
461 152
455 163
392 274
447 182
464 154
423 210
465 155
439 238
408 218
464 163
465 162
466 163
465 164
465 165
466 166
466 167
431 224
430 223
465 168
465 169
441 185
464 168
424 198
465 154
466 153
467 154
466 152
466 151
467 150
466 149
466 148
466 147
465 151
465 146
464 146
463 147
463 148
462 146
462 145
463 144
463 143
462 142
462 141
416 204
463 142
461 144
460 145
459 146
459 145
467 151
458 144
442 243
447 191
423 219
458 143
457 142
456 159
465 150
448 160
447 161
447 162
447 163
439 192
461 143
400 237
393 243
468 151
469 152
465 145
466 144
467 145
466 143
465 142
448 192
465 141
457 141
458 142
459 141
460 161
435 216
460 166
400 236
461 147
464 140
463 139
463 138
462 137
462 136
461 135
461 134
375 217
464 145
419 240
399 263
462 135
463 134
464 149
464 158
465 159
465 160
434 225
464 167
459 142
468 146
468 147
469 148
442 230
470 149
469 147
470 146
470 145
469 144
470 143
399 277
407 249
469 143
468 142
467 141
467 140
467 139
467 138
466 139
460 134
466 138
450 225
393 234
469 142
470 141
470 140
469 139
456 164
383 259
440 197
427 240
469 138
469 137
469 136
470 136
471 143
470 135
469 134
468 133
469 133
470 132
443 221
464 147
471 133
460 152
459 151
458 150
459 150
470 131
458 152
458 153
470 130
469 129
382 259
468 155
465 149
457 145
460 156
464 162
459 155
471 129
472 130
415 269
468 132
459 168
471 142
456 162
471 128
470 127
448 158
460 169
464 139
452 164
468 145
447 171
470 126
467 149
460 146
469 125
448 171
464 152
463 156
459 158
457 146
426 254
459 169
384 266
445 257
416 226
449 227
471 134
417 205
469 124
469 123
470 122
471 121
471 120
472 121
473 122
474 123
472 120
468 122
471 132
460 159
462 168
463 169
455 165
471 145
448 161
451 172
463 146
377 222
376 223
447 174
467 152
471 122
444 168
443 169
442 168
443 168
456 142
462 158
454 154
463 159
455 155
466 164
458 165
450 161
470 139
451 162
463 136
454 167
475 122
476 123
477 123
478 123
479 124
478 125
478 126
479 126
466 141
447 164
380 223
446 168
449 173
469 151
450 174
462 148
474 122
465 158
458 155
470 129
461 160
462 161
454 157
457 167
449 163
469 141
458 168
450 164
470 142
468 154
467 123
453 174
445 170
465 148
471 138
443 170
478 127
384 247
479 128
408 241
475 121
474 120
478 128
480 128
457 144
466 157
420 238
467 122
478 122
479 123
472 127
477 122
446 171
472 126
458 145
471 119
449 176
470 119
469 119
469 118
470 117
461 150
473 124
464 161
465 161
457 157
469 131
468 119
474 125
475 126
475 125
476 126
460 168
452 163
468 144
470 118
474 124
478 121
479 120
477 120
480 119
480 118
453 164
465 138
448 170
481 118
464 151
476 125
468 121
441 167
440 167
477 125
469 121
464 164
468 134
459 170
471 144
464 141
480 121
447 173
459 147
479 125
456 141
460 148
479 119
478 118
472 122
475 127
448 173
476 128
468 124
455 154
467 164
468 165
459 160
478 117
478 116
478 115
479 114
479 116
480 116
481 116
481 115
482 114
481 113
482 113
482 116
479 115
482 115
439 167
438 167
438 166
468 166
468 167
469 166
481 117
482 118
483 119
483 118
484 117
484 116
477 124
469 120
470 121
473 126
484 118
480 120
465 140
477 114
476 115
460 147
448 172
440 168
440 169
464 153
476 127
468 123
441 169
467 163
456 153
460 160
452 155
468 136
471 146
456 166
475 116
475 117
448 162
464 143
476 117
377 223
447 175
467 153
459 149
479 127
471 123
471 124
444 169
460 150
472 124
437 166
475 129
463 160
468 126
455 156
436 225
483 112
466 165
467 166
467 136
459 162
466 135
465 136
456 156
451 163
439 168
483 116
471 130
482 120
440 188
469 167
470 168
474 129
466 134
467 126
466 125
467 135
485 116
482 119
481 122
473 127
442 167
474 119
473 118
472 117
474 128
466 124
466 133
477 129
485 115
484 114
477 115
438 169
438 170
437 171
436 171
435 170
465 126
465 125
465 127
485 114
463 137
464 126
463 126
462 127
486 113
487 112
485 112
487 111
488 112
485 111
485 110
485 109
486 109
484 109
483 109
483 108
483 107
483 106
484 107
484 106
486 108
486 111
484 108
487 113
483 110
454 168
466 142
455 169
447 165
467 143
479 117
439 166
450 175
475 119
462 149
451 176
435 169
436 205
486 112
436 168
485 106
438 251
482 109
430 246
464 127
481 121
428 201
473 117
480 125
419 259
451 202
442 233
452 203
419 213
477 119
477 128
436 167
485 105
484 104
483 104
483 103
483 102
484 101
484 100
485 99
486 100
487 100
482 104
485 100
435 230
468 120
485 102
486 103
488 100
407 230
486 102
485 101
408 264
426 263
475 123
437 168
473 121
468 137
472 131
468 164
434 171
434 172
434 173
433 174
432 174
432 173
467 168
467 169
468 169
457 154
469 128
401 259
447 226
393 255
456 167
404 233
461 133
413 233
448 163
404 264
405 229
424 242
425 207
444 220
416 238
411 272
417 203
436 216
464 135
428 212
484 113
464 144
448 190
483 117
394 219
440 186
385 250
476 118
452 160
439 227
452 169
450 236
488 101
451 201
396 265
442 232
421 209
388 261
468 141
407 274
408 239
427 252
400 235
468 150
419 248
434 234
480 115
420 213
453 161
390 221
480 124
431 222
432 187
465 135
451 237
423 218
443 233
389 262
454 242
400 271
477 118
444 170
401 236
447 203
420 249
412 245
413 210
453 246
432 223
404 241
460 142
405 206
423 254
424 219
460 151
444 197
416 215
435 228
436 193
472 125
382 222
428 189
456 171
437 167
448 167
484 99
448 176
446 243
392 272
397 238
487 104
438 239
417 216
384 268
430 235
464 148
449 248
409 212
395 277
396 242
429 190
464 157
415 255
476 122
407 251
427 229
419 225
452 173
439 240
396 278
442 245
443 210
388 274
408 252
454 219
400 248
401 213
447 180
419 261
420 226
412 222
459 154
431 235
432 200
404 218
443 212
467 167
423 231
424 196
459 163
416 192
444 174
435 205
436 170
381 234
471 137
414 268
393 245
434 246
483 111
456 157
413 223
426 242
460 155
405 219
445 255
446 220
392 249
425 197
397 215
460 164
411 262
472 129
417 193
403 258
449 225
382 235
428 202
484 103
395 254
464 134
448 180
415 232
484 112
438 252
439 217
430 248
452 159
450 226
396 255
442 222
415 268
443 187
388 251
463 165
407 264
408 229
427 242
455 161
400 225
419 238
420 203
455 170
412 199
447 166
480 114
431 212
467 144
423 208
435 173
389 252
479 118
422 249
401 226
447 193
393 222
412 235
453 236
413 200
459 167
399 265
404 231
445 232
391 261
424 209
460 141
471 141
444 187
411 239
416 205
402 270
483 115
456 161
448 157
456 170
385 217
374 217
426 255
475 120
448 166
484 98
446 233
392 262
438 229
439 194
384 258
457 242
430 225
464 138
403 271
449 238
487 103
450 203
451 168
395 267
396 232
442 199
415 245
451 177
407 241
408 206
476 121
427 219
463 151
419 215
431 189
466 156
377 218
451 204
418 256
442 235
443 200
388 264
421 261
432 172
400 238
441 239
401 203
447 170
387 268
420 216
467 148
412 212
452 248
459 144
398 277
404 208
432 190
479 122
423 221
459 153
471 118
435 195
422 262
471 127
444 173
414 258
436 169
483 101
434 236
426 232
399 278
445 245
446 210
391 274
438 206
383 270
472 119
384 235
430 202
403 248
449 215
472 128
395 244
475 124
376 240
375 241
484 102
407 218
470 167
427 196
462 163
419 192
438 242
439 207
384 271
430 238
450 216
396 245
442 212
437 246
463 155
407 254
408 219
427 232
440 251
400 215
463 164
420 193
455 160
424 208
400 224
406 258
467 125
447 156
431 202
466 169
377 231
467 134
423 198
423 207
435 172
422 239
441 252
447 183
433 248
393 212
434 213
453 226
459 157
426 209
399 255
445 222
446 187
391 251
471 131
410 264
383 247
416 195
402 260
471 140
483 105
458 170
415 199
434 249
483 114
470 144
426 245
446 223
392 252
438 219
439 184
384 248
430 215
403 261
444 262
449 228
395 257
451 158
442 189
487 102
388 218
451 167
462 167
454 163
427 209
463 141
419 205
454 172
466 137
463 150
419 214
486 115
466 146
418 246
443 190
466 155
478 120
389 219
463 168
421 251
455 164
478 129
441 229
447 160
387 258
433 225
406 271
452 238
412 202
447 169
398 267
459 134
467 147
445 199
452 247
390 263
459 143
410 241
411 206
479 121
402 237
459 152
471 117
422 252
414 248
471 126
434 226
458 156
426 222
399 268
406 218
483 100
445 235
446 200
469 165
391 264
438 196
411 242
461 161
383 260
402 273
430 192
403 238
449 205
439 170
450 170
395 234
470 148
415 212
450 179
462 144
407 208
376 239
462 153
474 118
470 166
439 197
462 162
474 127
463 127
425 262
454 158
466 123
417 258
451 171
409 254
442 202
437 236
486 101
388 231
429 232
463 145
408 209
448 245
486 110
431 174
394 274
440 241
441 206
463 154
386 270
466 150
406 248
431 192
398 244
455 159
478 124
418 259
467 124
423 188
467 133
465 163
421 264
422 229
441 242
435 171
387 271
433 238
434 203
380 232
426 199
399 245
445 212
390 276
446 177
391 241
410 254
411 219
402 250
458 151
403 215
395 211
458 160
470 125
450 156
461 156
458 169
470 134
461 165
450 165
404 273
413 265
473 130
392 242
438 209
405 261
482 108
425 239
430 205
482 117
444 252
395 247
436 248
396 212
437 213
456 226
428 244
462 157
451 157
407 221
448 222
427 199
394 251
462 166
451 166
440 218
419 195
454 162
463 140
454 171
466 136
418 236
486 114
437 249
409 267
466 145
429 245
421 241
422 206
478 119
440 254
441 219
414 202
387 248
433 215
406 261
452 228
398 257
399 222
445 189
390 253
391 218
465 167
410 231
390 262
457 163
402 227
446 172
414 238
403 270
455 239
438 168
449 168
434 216
401 268
458 146
469 146
426 212
449 177
461 142
446 190
391 254
470 120
481 120
392 219
438 186
461 151
424 251
458 164
403 228
444 229
450 160
473 125
470 138
482 103
415 202
461 169
450 169
439 169
462 134
470 147
450 178
462 143
405 274
482 121
462 152
474 117
425 252
397 270
417 248
418 213
474 126
409 244
437 226
466 122
429 222
463 135
448 235
421 218
394 264
440 231
441 196
386 260
431 173
433 192
466 140
406 238
453 170
398 234
468 168
478 114
465 144
410 208
451 246
445 175
402 204
465 153
421 254
422 219
414 215
387 261
477 127
433 228
434 193
457 158
380 222
420 258
426 189
445 202
446 167
390 266
469 132
432 232
411 209
423 263
446 176
402 240
458 141
403 205
449 172
485 104
469 150
461 146
485 113
447 248
458 159
470 124
393 277
461 155
473 120
413 255
469 168
470 133
405 251
461 164
473 129
425 229
430 195
397 247
416 260
444 242
417 225
436 238
409 221
442 169
437 203
382 267
428 234
429 199
462 147
464 166
448 212
394 241
440 208
385 272
474 121
406 215
474 130
398 211
417 261
466 126
418 226
486 104
453 156
409 257
429 235
453 165
421 231
422 196
441 209
386 273
414 192
465 139
433 205
434 170
379 234
452 218
398 247
399 212
445 179
390 243
465 157
410 221
457 153
443 255
402 217
465 166
457 162
469 127
449 158
401 258
457 171
447 225
393 254
426 202
449 167
412 267
413 232
469 145
432 245
404 263
461 141
424 241
485 108
425 206
458 154
481 119
444 219
395 214
436 215
470 128
415 192
428 211
450 159
461 159
470 137
448 189
482 102
394 218
413 268
462 133
385 249
405 264
397 260
425 242
418 203
441 168
474 116
452 168
409 234
437 216
428 247
429 212
448 225
421 208
394 254
433 173
440 221
468 140
441 186
386 250
468 149
453 160
480 123
390 220
453 169
465 134
451 236
443 232
465 143
422 209
389 261
445 174
408 274
437 193
414 205
454 241
465 152
400 270
477 117
401 235
420 248
477 126
445 192
469 122
391 221
432 222
411 199
383 217
423 253
457 166
424 218
446 166
444 196
449 162
435 227
469 140
455 242
449 171
438 171
401 271
485 103
447 238
469 149
393 267
481 114
461 145
404 276
448 175
470 123
405 241
473 119
424 254
425 219
397 237
444 232
416 250
417 215
473 128
436 228
409 211
428 224
429 189
464 156
375 218
448 202
440 198
385 262
464 165
406 205
378 223
452 172
439 239
468 135
418 216
450 248
396 277
442 244
453 155
421 221
388 273
468 153
441 199
408 251
433 195
419 260
480 127
453 173
399 202
434 169
445 169
390 233
431 234
465 147
410 211
423 230
457 143
402 207
443 245
465 156
477 121
389 274
457 152
455 219
401 248
447 215
457 161
469 126
393 244
449 157
412 257
413 222
469 135
404 253
460 154
405 218
456 165
459 166
424 231
425 196
397 214
460 163
481 109
416 227
444 209
417 192
485 107
435 240
437 170
381 269
382 234
374 230
448 179
484 111
473 123
464 142
446 255
444 195
440 184
385 248
476 116
446 264
417 228
418 193
430 247
464 160
452 158
409 224
437 206
439 225
418 202
429 202
464 169
409 233
421 198
450 234
488 99
489 98
440 211
396 263
407 263
427 241
421 207
388 259
433 172
407 272
468 139
408 237
427 250
398 214
468 148
419 246
453 159
465 124
480 122
390 219
442 257
431 220
453 168
443 222
451 235
389 251
443 231
400 260
389 260
401 225
447 192
454 240
477 116
400 269
412 234
413 199
420 247
404 230
423 243
413 208
432 221
404 239
405 204
423 252
435 217
469 130
460 149
416 213
456 160
447 228
435 226
436 191
472 123
456 169
413 235
374 216
460 167
448 165
425 209
475 128
448 174
405 240
416 240
457 241
446 241
436 218
397 236
464 137
438 237
428 214
484 115
417 214
409 210
449 246
415 244
394 221
464 155
476 120
415 253
452 162
476 129
427 227
439 229
468 125
378 222
452 171
450 238
451 203
396 267
442 234
443 199
450 247
407 276
468 143
396 276
396 253
388 272
427 254
468 152
419 250
480 117
408 250
420 215
401 211
468 138
412 211
447 178
480 126
431 233
432 189
465 137
423 220
443 235
404 216
432 198
389 264
467 165
435 194
459 161
444 172
416 190
435 203
447 205
381 232
412 247
414 266
447 214
460 144
411 260
424 221
380 273
413 221
404 252
460 153
411 251
444 199
472 118
405 217
425 195
436 195
460 162
417 191
428 191
448 169
437 169
382 233
428 200
448 178
484 110
446 245
439 206
446 254
430 237
464 150
409 214
439 215
395 279
452 157
464 159
442 211
476 124
415 257
421 188
407 253
443 185
388 249
427 231
463 163
407 262
408 227
439 242
400 223
433 171
431 201
420 201
455 168
466 168
442 247
431 210
432 175
432 176
431 177
431 176
430 178
431 178
388 276
467 142
423 206
408 254
454 221
441 251
401 215
412 233
400 259
401 224
441 260
459 156
420 237
431 237
432 202
423 233
413 198
459 165
432 211
404 229
423 242
435 207
424 207
436 172
381 236
471 139
410 272
416 203
402 268
490 97
490 96
491 95
490 94
489 94
491 93
492 92
493 91
494 92
493 93
493 94
492 94
494 93
490 93
495 92
496 91
497 91
498 91
499 90
498 89
499 88
500 87
501 86
501 88
500 89
411 250
500 91
500 92
499 92
500 93
501 85
500 86
498 88
497 90
499 87
500 88
492 93
498 90
499 89
490 95
500 90
391 272
499 91
434 248
483 113
426 244
405 221
456 168
446 222
426 253
397 217
475 118
448 164
438 218
411 264
417 195
403 260
392 260
438 227
484 105
464 136
487 101
415 234
394 211
395 265
396 230
442 197
487 110
430 177
427 208
451 175
407 239
408 204
476 119
463 149
452 161
439 228
450 228
431 187
466 154
388 253
488 102
501 87
389 218
396 266
463 167
500 85
443 198
427 244
400 227
493 92
408 240
467 137
412 201
447 168
419 249
420 214
431 214
467 146
452 246
412 210
447 177
431 223
398 275
432 188
467 155
401 228
491 94
435 193
471 125
422 260
444 171
497 89
453 238
413 202
414 256
445 234
483 99
391 263
426 230
405 207
399 276
460 143
446 208
501 89
438 204
456 163
548 51
549 52
548 50
547 49
550 52
549 49
550 48
551 47
551 53
550 54
550 51
551 50
552 48
552 54
553 53
554 52
552 51
553 50
554 49
555 50
556 49
547 52
555 53
556 52
548 48
557 50
548 47
547 46
546 46
546 47
558 49
559 48
560 49
549 46
550 45
551 44
549 55
548 56
553 55
559 50
550 47
552 44
551 46
551 55
546 52
557 52
548 49
556 54
555 55
547 51
558 51
549 48
549 57
553 48
554 56
553 57
545 53
559 52
550 49
561 49
551 48
555 48
546 45
545 44
546 43
547 42
556 47
555 46
548 42
547 44
552 58
551 57
555 57
557 54
546 54
556 56
547 53
558 53
549 50
553 59
554 58
545 55
559 54
551 59
557 47
548 44
549 43
550 42
552 60
555 59
557 56
546 56
547 56
556 58
557 59
558 58
559 57
559 59
558 60
557 61
556 61
555 62
554 63
553 62
553 64
552 65
551 64
555 64
556 63
553 66
554 65
559 61
551 66
552 67
555 66
557 63
556 65
558 62
560 56
561 56
553 68
554 67
550 63
549 62
551 62
549 64
544 56
543 56
547 55
558 55
552 69
555 68
556 68
557 68
558 67
559 66
559 65
559 68
558 69
557 70
556 70
558 71
560 65
556 67
558 64
549 61
553 43
552 42
553 41
560 58
562 55
561 54
563 54
562 53
564 53
555 69
554 70
553 71
552 72
551 71
550 71
549 71
550 70
548 72
549 73
547 71
550 72
565 52
566 53
567 52
546 57
545 58
546 59
547 58
548 59
559 70
560 70
545 60
546 61
547 60
545 62
564 51
544 63
545 64
548 65
549 66
560 67
548 74
552 53
564 55
564 56
556 51
552 62
556 60
544 58
552 71
556 69
553 45
553 46
553 54
553 63
545 59
549 47
560 53
560 62
560 63
548 60
560 71
560 72
564 50
563 49
552 57
556 55
544 53
552 66
556 64
544 62
553 49
545 54
567 51
559 56
549 42
551 61
551 70
548 46
560 48
548 55
560 57
563 53
548 64
560 66
547 74
546 75
548 73
552 43
564 54
562 56
561 47
552 52
556 50
543 63
552 61
544 57
564 49
563 50
562 51
549 53
565 56
556 59
566 55
547 65
566 57
552 70
562 47
553 44
563 47
564 46
564 45
563 44
555 63
558 68
559 51
559 60
551 56
559 69
551 65
560 52
563 48
560 61
563 57
563 58
564 59
564 60
552 47
552 56
544 52
544 61
566 58
555 58
555 67
547 63
558 63
547 72
567 50
567 59
567 60
551 42
559 55
551 51
559 64
551 60
551 69
548 45
560 47
563 61
563 62
563 63
564 64
564 65
563 66
563 67
563 68
564 69
564 68
563 43
548 54
563 52
548 63
562 65
562 60
562 69
562 70
563 71
563 72
565 65
566 66
567 65
567 64
566 63
566 67
567 68
566 62
567 63
547 62
567 49
566 48
561 63
561 72
562 46
565 51
554 51
562 64
554 60
543 60
542 59
541 58
541 57
541 56
540 55
540 59
540 60
541 61
541 62
539 59
539 54
540 54
541 53
542 54
539 58
538 57
537 56
537 55
537 54
536 57
536 58
537 59
537 60
538 61
538 62
539 63
540 64
540 65
541 66
541 67
540 68
540 69
540 70
541 71
541 72
540 73
539 73
539 68
539 72
538 71
539 67
538 66
537 65
537 64
536 66
536 67
535 66
536 61
536 62
535 61
534 60
534 59
533 61
532 61
533 62
533 63
534 64
532 60
531 59
530 58
529 59
529 60
528 58
532 64
532 65
532 59
542 68
565 60
565 69
543 69
543 70
544 71
544 72
545 73
554 69
535 65
555 52
566 52
547 48
558 48
555 61
566 61
547 57
558 57
539 53
547 66
547 67
547 68
548 69
548 68
558 66
539 62
539 71
546 70
545 69
545 68
544 67
544 66
543 65
551 45
536 56
528 61
527 61
526 60
528 62
528 63
561 58
550 58
557 66
561 67
550 67
542 63
531 63
530 62
542 72
562 50
554 46
565 46
562 59
565 55
543 55
554 55
562 68
565 64
554 64
543 64
535 60
543 73
543 74
555 47
566 47
567 46
568 47
567 45
568 44
569 44
568 43
566 44
570 45
571 44
572 45
571 43
572 44
570 46
571 42
572 41
572 40
570 41
566 43
565 42
564 41
564 40
567 44
570 40
573 41
574 42
575 41
576 42
576 43
575 40
576 39
576 38
575 37
575 36
576 37
574 39
574 43
577 39
578 40
579 39
580 40
579 38
578 41
579 42
579 37
578 36
574 38
577 43
577 38
547 43
566 56
558 52
558 61
539 57
546 65
557 65
546 74
581 41
549 70
538 70
537 69
550 44
550 53
561 53
550 62
527 60
561 62
542 58
561 71
542 67
573 45
562 45
565 41
562 54
565 50
554 50
562 63
554 59
565 59
543 59
574 37
535 55
554 68
565 68
535 64
566 42
567 41
577 42
553 72
558 47
547 47
557 51
546 51
557 60
546 60
538 56
549 56
557 69
546 69
538 65
549 65
530 61
569 43
549 74
561 48
550 57
561 57
542 53
550 66
561 66
531 62
542 62
573 40
542 71
562 49
554 45
565 45
565 54
543 54
554 54
535 59
553 58
577 37
553 67
534 63
545 63
545 72
580 39
537 68
546 55
557 55
549 51
557 64
546 64
538 60
549 60
546 73
581 40
582 39
583 40
583 41
584 41
585 42
586 41
587 42
587 43
588 44
586 44
585 43
588 43
549 69
538 69
569 47
550 43
561 52
550 61
561 61
542 57
542 66
562 44
573 44
564 63
565 40
541 70
564 72
565 49
568 42
534 58
545 67
537 63
538 55
546 68
538 64
569 42
530 60
584 40
585 39
527 63
526 64
525 63
525 62
524 64
524 65
523 66
522 67
522 68
522 66
521 69
521 70
520 68
523 68
524 69
525 68
525 67
524 70
520 71
519 70
518 70
517 71
517 72
516 70
523 67
524 68
516 73
515 73
514 73
514 72
514 71
513 74
513 75
514 76
514 77
515 78
516 79
516 80
517 81
517 82
518 83
517 80
518 79
516 74
516 75
517 76
517 77
516 83
516 84
519 84
516 78
515 82
514 82
514 81
513 80
513 79
513 83
513 84
512 82
512 81
511 80
510 80
510 79
510 78
509 77
509 81
509 82
510 83
509 76
510 75
510 74
509 73
509 72
509 71
510 70
511 71
508 75
507 74
507 73
506 72
506 71
512 72
508 70
519 79
511 75
512 76
512 77
515 77
508 74
511 70
519 83
520 82
521 83
521 84
511 79
512 71
512 80
518 78
515 72
515 81
519 69
519 78
520 77
520 76
519 75
518 74
519 74
508 78
507 78
506 77
506 76
505 75
505 74
504 73
503 72
503 71
502 70
502 73
502 74
502 75
503 76
501 72
504 77
505 78
505 79
505 80
508 79
501 76
501 77
502 78
502 79
503 80
500 75
504 72
504 76
507 77
500 74
511 74
511 83
504 71
526 68
503 75
518 73
506 80
518 82
515 76
518 75
507 72
507 81
507 82
508 73
511 78
522 84
514 80
526 63
503 79
506 75
518 77
515 71
515 80
507 76
564 58
564 67
541 65
511 73
587 41
576 41
544 70
522 70
525 66
568 46
514 75
514 84
534 62
537 58
588 42
545 71
580 38
537 67
526 67
503 74
518 72
506 79
546 63
518 81
549 59
538 59
549 68
515 75
507 71
572 39
583 39
563 70
507 80
564 44
575 44
510 73
510 82
541 60
513 78
564 62
564 71
541 69
576 36
533 65
544 65
525 61
587 45
544 74
568 41
553 52
525 70
514 70
553 61
546 66
514 79
502 77
545 57
553 70
545 66
534 66
537 62
526 62
545 75
537 71
557 49
503 78
549 45
518 76
506 74
538 54
549 54
560 51
530 59
548 58
560 60
563 56
548 67
560 69
563 65
540 63
529 63
572 43
540 72
575 39
564 39
521 68
552 46
564 48
510 77
541 55
552 55
513 73
564 57
556 53
513 82
564 66
541 64
552 64
556 62
544 60
533 60
541 73
576 40
522 69
544 69
525 65
553 47
568 45
553 56
514 74
502 72
545 52
514 83
502 81
501 81
500 82
499 83
500 80
499 79
500 79
499 82
545 61
534 61
537 57
567 58
526 66
537 66
567 67
559 63
503 73
579 41
518 71
559 72
551 68
506 78
560 46
571 46
517 75
563 42
548 53
560 55
517 84
563 51
548 62
560 64
509 80
563 60
529 58
540 58
548 71
563 69
540 67
532 63
575 43
564 43
552 41
510 72
564 52
552 50
510 81
556 48
564 61
552 59
541 59
513 77
556 57
544 55
552 68
541 68
576 35
556 66
533 64
544 64
553 42
587 44
544 73
525 69
553 51
555 70
514 78
502 76
545 56
547 75
567 53
559 49
567 62
559 58
551 54
536 65
559 67
551 63
506 73
582 41
571 41
517 70
551 72
560 50
517 79
563 46
560 59
548 57
509 75
540 53
563 55
548 66
520 84
560 68
529 62
563 64
540 62
548 75
572 42
563 73
540 71
575 38
521 67
564 47
552 45
510 76
541 54
513 72
552 63
513 81
541 63
544 59
533 59
555 56
544 68
525 64
555 65
566 65
547 61
586 43
502 71
578 39
558 70
547 70
502 80
567 48
539 66
570 44
505 73
559 53
516 82
567 66
551 49
559 62
536 60
579 40
551 58
559 71
536 69
551 67
548 43
571 45
517 74
509 70
548 52
560 54
520 70
517 83
509 79
539 61
567 43
578 43
539 70
567 61
516 77
505 77
536 55
536 64
528 60
571 40
582 40
517 78
563 45
509 74
540 52
520 83
509 83
586 38
540 61
529 61
562 58
562 67
565 63
574 41
513 71
543 72
566 46
512 75
501 75
512 84
504 80
566 64
586 42
539 56
578 38
547 69
524 67
539 65
567 47
570 43
516 72
505 72
516 81
536 59
536 68
517 73
506 82
520 69
561 70
520 78
509 78
540 56
519 82
508 82
555 60
562 62
543 58
565 58
562 71
535 54
565 67
543 67
535 63
574 45
589 43
590 44
591 43
566 41
577 41
523 70
566 50
501 79
512 79
504 75
566 59
566 68
547 64
524 62
539 60
567 42
578 42
547 73
539 69
558 65
559 47
591 45
516 76
505 76
551 43
592 44
593 43
536 54
551 52
536 63
528 59
550 56
550 65
561 65
542 61
531 61
593 45
593 46
594 46
595 45
596 45
597 45
595 47
596 46
597 47
598 48
599 48
600 48
601 49
600 50
602 48
550 74
585 41
573 39
587 38
588 37
589 37
587 36
588 35
587 34
588 33
589 32
588 31
590 32
589 34
590 35
591 34
592 35
593 34
594 33
595 34
594 32
594 31
593 30
537 70
594 30
593 32
592 30
591 36
589 36
593 36
595 33
542 70
562 48
508 77
519 77
565 62
554 62
565 44
500 73
562 57
565 53
543 53
554 53
511 82
562 66
594 34
588 30
543 62
592 46
574 40
535 58
554 71
543 71
577 36
523 65
566 45
512 74
501 74
555 54
566 54
512 83
595 35
558 50
547 50
596 34
597 34
598 34
599 34
599 33
599 35
597 33
602 50
504 79
593 47
547 59
558 59
539 55
578 37
524 66
539 64
591 31
570 42
505 71
516 71
546 72
581 39
538 68
597 35
601 51
600 52
600 53
569 46
589 31
594 45
515 84
561 51
593 31
550 60
561 60
542 56
550 69
561 69
531 65
542 65
566 60
562 43
573 43
542 74
519 72
508 72
565 39
562 52
591 33
508 81
519 81
565 48
554 48
592 32
562 61
511 77
565 57
554 57
543 57
565 66
554 66
543 66
589 33
594 47
535 62
574 44
589 42
566 40
577 40
523 69
590 34
566 49
555 49
593 33
512 78
501 78
598 47
547 45
504 74
590 43
547 54
558 54
587 35
524 61
596 47
546 58
557 58
591 35
546 67
557 67
592 34
538 63
549 63
591 44
569 41
592 43
549 72
538 72
515 70
584 39
589 35
515 79
550 46
561 46
507 75
550 55
561 55
590 36
593 35
595 32
499 80
527 62
550 64
561 64
531 60
542 60
593 44
550 73
585 40
573 38
587 37
542 69
519 76
508 76
565 43
511 72
592 36
500 81
511 81
600 49
554 61
543 61
565 61
601 48
592 45
577 35
598 33
523 64
553 65
588 32
577 44
512 73
501 73
545 70
596 33
602 49
504 78
546 44
546 53
557 53
600 33
601 32
518 80
546 62
557 62
595 46
538 58
549 58
546 71
557 71
594 35
549 67
538 67
600 51
601 50
569 45
530 63
594 44
597 46
515 74
598 35
515 83
550 50
561 50
588 34
507 79
590 31
561 59
550 59
499 75
542 55
561 68
527 66
528 66
529 65
550 68
596 35
531 64
542 64
573 42
542 73
519 71
576 44
508 71
565 38
566 37
564 70
591 32
508 80
519 80
565 47
554 47
592 31
548 61
511 76
500 76
540 57
563 59
548 70
540 66
530 65
532 62
553 60
564 42
575 42
510 71
562 72
553 69
552 49
588 36
543 68
590 33
545 65
534 65
513 76
588 45
537 61
526 61
589 44
545 74
544 54
580 41
566 51
555 51
557 48
501 80
503 77
549 44
557 57
558 56
565 37
518 84
592 33
524 63
