1075 593
1075 592
1076 592
1074 593
1077 591
1078 592
1077 590
1076 594
1077 593
1076 591
1079 593
1073 592
1072 591
1071 592
1070 593
1075 595
1074 596
1073 595
1072 594
1071 595
1070 596
1069 595
1068 596
1067 597
1066 596
1069 592
1068 593
1067 594
1075 596
1076 597
1080 594
1081 593
1082 592
1069 594
1071 591
1077 595
1079 592
1068 592
1067 596
1081 595
1083 592
1082 594
1084 591
1083 590
1084 589
1085 588
1085 590
1073 591
1075 597
1066 594
1065 594
1064 595
1063 594
1062 595
1063 596
1062 597
1064 597
1065 596
1069 596
1080 596
1071 593
1085 592
1072 592
1063 598
1062 599
1061 599
1060 598
1060 600
1059 601
1060 602
1061 601
1077 597
1067 598
1081 597
1083 594
1082 596
1070 594
1084 593
1073 593
1075 590
1074 589
1073 589
1075 588
1074 587
1076 587
1077 588
1059 603
1058 604
1064 599
1065 598
1080 598
1079 599
1078 599
1061 594
1060 593
1061 592
1060 591
1059 594
1058 595
1060 595
1062 592
1063 591
1062 590
1063 589
1062 588
1063 587
1062 586
1064 586
1065 585
1064 588
1066 585
1065 587
1064 590
1066 587
1065 589
1061 585
1060 584
1060 586
1060 604
1062 601
1061 603
1062 604
1063 603
1064 604
1065 603
1063 605
1062 606
1061 606
1060 607
1059 608
1060 609
1061 608
1059 610
1065 605
1060 611
1061 610
1063 607
1063 608
1063 600
1061 612
1063 609
1067 591
1068 590
1066 592
1067 589
1069 589
1082 589
1081 588
1082 587
1080 589
1079 589
1079 590
1074 594
1081 590
1083 587
1059 587
1058 588
1068 599
1069 591
1080 591
1061 587
1069 600
1069 601
1080 600
1080 601
1081 602
1061 596
1072 596
1061 605
1081 592
1073 588
1072 587
1084 588
1065 584
1073 597
1073 598
1065 593
1065 602
1062 587
1064 606
1065 607
1076 589
1076 598
1079 594
1057 594
1068 594
1057 603
1080 595
1061 591
1061 600
1061 609
1081 587
1084 592
1065 588
1083 596
1084 597
1084 598
1085 599
1064 601
1064 610
1076 593
1057 589
1058 590
1068 589
1079 598
1068 598
1080 590
1069 590
1061 586
1080 599
1069 599
1061 595
1072 595
1061 604
1060 608
1065 583
1083 591
1064 587
1064 596
1064 605
1076 588
1057 593
1056 592
1079 602
1079 603
1080 604
1080 605
1081 606
1068 602
1068 603
1069 604
1069 605
1057 602
1056 601
1061 590
1072 590
1060 594
1060 603
1063 599
1064 582
1083 595
1075 591
1064 591
1064 600
1064 609
1079 588
1068 588
1069 587
1070 587
1057 588
1056 587
1079 597
1068 597
1059 606
1060 589
1071 589
1083 599
1083 600
1082 599
1056 591
1056 600
1057 599
1066 599
1057 598
1057 597
1056 596
1070 601
1082 603
1083 604
1083 605
1071 602
1072 601
1073 602
1072 600
1071 603
1072 604
1072 605
1072 606
1064 581
1065 580
1066 580
1065 579
1063 580
1056 586
1055 585
1075 599
1075 600
1075 601
1076 602
1076 603
1077 604
1075 604
1075 605
1076 606
1056 595
1056 604
1056 605
1056 606
1057 607
1057 608
1056 609
1074 603
1078 601
1066 608
1055 608
1067 600
1059 596
1082 598
1067 609
1068 608
1068 607
1067 610
1068 611
1068 612
1068 613
1067 614
1067 615
1068 616
1070 605
1059 605
1071 588
1060 588
1060 597
1071 597
1071 598
1063 593
1071 606
1060 606
1063 602
1063 611
1063 612
1063 613
1064 614
1064 585
1063 584
1062 583
1061 582
1062 582
1061 581
1056 590
1086 591
1087 592
1088 591
1088 590
1087 589
1087 593
1088 594
1088 595
1088 596
1087 588
1087 597
1087 598
1088 599
1088 600
1087 601
1087 602
1087 603
1088 604
1088 605
1087 606
1086 601
1087 587
1089 606
1086 596
1086 605
1089 601
1090 602
1091 601
1092 602
1091 600
1092 601
1091 599
1090 603
1091 604
1091 605
1092 606
1090 598
1093 603
1094 604
1094 605
1094 606
1095 606
1078 587
1086 600
1074 598
1055 594
1054 593
1053 592
1054 592
1053 591
1052 593
1052 594
1053 595
1053 596
1053 597
1054 597
1052 598
1052 599
1053 600
1053 601
1054 602
1051 592
1050 591
1050 590
1049 589
1049 592
1049 593
1049 594
1050 595
1050 596
1049 597
1049 598
1050 599
1050 600
1048 596
1047 595
1051 601
1052 602
1052 603
1078 596
1089 596
1078 605
1078 606
1089 605
1055 603
1066 603
1058 599
1058 608
1067 586
1090 597
1091 596
1092 597
1091 595
1091 594
1092 593
1093 594
1092 592
1091 591
1091 590
1090 594
1090 589
1094 595
1094 596
1095 597
1095 598
1096 599
1095 596
1090 593
1094 599
1094 600
1094 601
1095 602
1095 601
1097 600
1098 599
1099 600
1100 601
1099 599
1098 598
1098 597
1099 596
1100 597
1099 595
1100 596
1098 594
1099 594
1098 593
1098 592
1099 591
1100 592
1099 590
1098 589
1099 589
1100 588
1100 587
1098 588
1097 596
1097 591
1096 590
1090 588
1089 587
1067 595
1070 591
1059 591
1048 591
1047 590
1082 593
1067 604
1067 605
1090 606
1082 602
1070 600
1059 600
1067 613
1066 612
1065 612
1051 596
1059 609
1060 583
1059 582
1060 592
1063 588
1052 597
1063 597
1093 598
1085 594
1096 603
1064 580
1077 599
1062 610
1086 595
1097 595
1096 594
1095 593
1095 592
1094 591
1094 590
1093 589
1092 588
1092 587
1078 591
1066 589
1089 591
1055 589
1054 588
1053 587
1053 586
1052 588
1052 589
1074 602
1086 604
1085 603
1084 602
1097 604
1098 603
1099 604
1099 605
1100 606
1098 602
1097 605
1097 606
1089 600
1055 598
1078 600
1066 598
1058 594
1047 594
1046 593
1066 607
1055 607
1054 606
1053 606
1053 605
1058 603
1067 581
1067 582
1068 580
1068 579
1068 583
1068 584
1068 578
1067 577
1067 590
1090 592
1082 588
1059 586
1058 585
1057 584
1067 599
1059 595
1048 595
1082 597
1070 595
1051 591
1059 604
1070 604
1100 605
1051 600
1081 601
1071 587
1060 587
1084 606
1073 606
1063 583
1063 592
1093 593
1065 611
1066 593
1085 589
1096 589
1095 588
1094 587
1095 587
1093 602
1062 596
1096 598
1085 598
1077 594
1062 605
1054 601
1077 603
1074 588
1086 590
1097 590
1066 584
1097 599
1086 599
1074 597
1089 595
1055 593
1078 595
1074 606
1058 589
1055 602
1066 602
1078 604
1089 604
1058 598
1066 611
1058 607
1090 587
1067 585
1059 590
1070 590
1048 590
1100 591
1059 599
1070 599
1100 600
1051 595
1081 596
1092 596
1051 604
1050 605
1050 604
1049 603
1049 602
1048 601
1048 600
1047 599
1046 598
1046 597
1045 596
1045 595
1045 599
1045 600
1045 601
1046 602
1044 599
1044 594
1043 593
1044 598
1043 597
1042 596
1042 595
1041 597
1041 598
1040 596
1039 595
1051 605
1044 593
1047 603
1047 598
1040 595
1081 605
1092 605
1073 601
1084 601
1065 597
1093 588
1065 606
1093 597
1085 593
1062 591
1096 593
1093 606
1054 587
1077 589
1062 600
1096 602
1085 602
1043 596
1054 596
1077 598
1062 609
1046 592
1045 591
1054 605
1046 601
1066 579
1097 594
1074 592
1086 594
1078 590
1089 590
1066 588
1055 588
1074 601
1058 584
1066 597
1089 599
1055 597
1058 593
1047 593
1066 606
1055 606
1047 602
1058 602
1099 603
1088 603
1067 580
1059 585
1100 595
1051 590
1092 591
1081 591
1100 604
1084 587
1073 587
1081 600
1092 600
1073 596
1050 594
1084 596
1065 592
1073 605
1084 605
1050 603
1065 601
1042 599
1042 600
1065 610
1093 592
1096 588
1093 601
1096 597
1085 597
1054 591
1096 606
1085 606
1054 600
1077 602
1043 600
1046 596
1066 583
1089 592
1055 592
1088 589
1047 597
1058 597
1099 598
1088 598
1069 603
1080 603
1091 603
1072 599
1100 590
1053 604
1100 599
1092 595
1050 589
1092 604
1081 604
1050 598
1084 600
1073 600
1042 594
1093 587
1062 581
1065 614
1096 592
1054 586
1043 595
1054 595
1046 591
1054 604
1095 605
1046 600
1076 601
1066 578
1055 587
1057 606
1068 606
1079 606
1058 583
1068 615
1058 592
1088 593
1099 593
1091 589
1088 602
1099 602
1069 598
1091 598
1053 590
1049 601
1072 603
1053 599
1100 594
1092 590
1092 599
1081 599
1065 582
1050 593
1084 595
1065 591
1084 604
1066 590
1050 602
1073 604
1065 600
1042 598
1065 609
1096 587
1062 585
1085 587
1098 606
1062 594
1064 613
1054 590
1095 591
1043 599
1054 599
1095 600
1046 595
1076 596
1087 596
1057 592
1076 605
1087 605
1068 601
1057 601
1080 593
1079 601
1068 610
1099 588
1088 588
1099 597
1088 597
1091 593
1069 593
1088 606
1099 606
1061 589
1072 589
1091 602
1080 602
1069 602
1049 596
1038 596
1037 596
1038 597
1039 598
1072 598
1061 598
1053 594
1061 607
1100 589
1053 603
1092 594
1081 594
1084 590
1073 590
1050 588
1065 586
1084 599
1050 597
1065 595
1049 591
1042 593
1083 603
1098 601
1064 608
1095 595
1087 591
1095 604
1068 587
1057 587
1079 587
1087 600
1076 600
1045 594
1079 596
1057 596
1079 605
1068 605
1057 605
1068 614
1088 592
1099 592
1069 588
1080 588
1091 588
1088 601
1099 601
1061 584
1069 597
1091 597
1080 597
1061 593
1072 593
1080 606
1091 606
1053 589
1061 602
1049 600
1072 602
1053 598
1053 607
1065 581
1050 592
1065 590
1083 589
1098 587
1042 597
1083 598
1064 594
1098 596
1075 594
1075 603
1098 605
1064 603
1056 599
1064 612
1056 608
1095 590
1095 599
1068 582
1087 595
1076 595
1068 591
1057 591
1079 591
1076 604
1087 604
1079 600
1068 600
1045 598
1057 600
1068 609
1057 609
1099 587
1088 587
1091 592
1080 592
1061 588
1072 588
1072 597
1049 595
1061 597
1053 593
1094 594
1049 604
1053 602
1060 601
1094 603
1071 601
1060 610
1052 606
1063 606
1083 593
1098 591
1064 589
1075 589
1083 602
1056 585
1075 598
1098 600
1064 598
1041 596
1056 594
1064 607
1056 603
1095 594
1068 577
1087 590
1076 590
1095 603
1068 586
1057 586
1087 599
1076 599
1079 595
1045 593
1057 595
1068 595
1057 604
1079 604
1068 604
1045 602
1090 601
1067 608
1091 587
1080 587
1082 606
1061 583
1049 590
1053 588
1094 589
1056 598
1064 611
1056 607
1095 589
1068 581
1087 594
1064 593
1064 602
1057 590
1045 597
1083 606
1054 607
1090 596
1090 605
1067 603
1082 601
1048 599
1067 612
1075 602
1060 582
1094 593
1056 589
1052 587
1071 600
1094 602
1052 596
1044 592
1052 605
1044 601
1064 579
1098 590
1083 601
1056 584
1041 595
1056 593
1075 606
1055 599
1056 602
1097 603
1086 603
1057 585
1068 585
1066 615
1045 592
1055 590
1090 591
1037 597
1090 600
1048 594
1067 607
1048 603
1070 603
1082 605
1067 616
1051 599
1094 588
1063 582
1094 597
1052 591
1071 604
1052 600
1044 596
1064 583
1064 592
1056 588
1086 589
1097 589
1041 599
1056 597
1097 598
1086 598
1089 594
1078 594
1074 605
1055 601
1078 603
1089 603
1066 601
1066 610
1058 606
1067 584
1090 595
1067 593
1059 589
1082 591
1070 589
1048 589
1067 602
1090 604
1082 600
1048 598
1070 598
1059 598
1067 611
1051 594
1040 594
1059 607
1051 603
1094 592
1071 590
1060 590
1063 586
1071 599
1060 599
1052 595
1063 595
1093 596
1052 604
1063 604
1093 605
1044 600
1085 601
1096 601
1062 608
1075 587
1077 606
1041 594
1074 591
1086 593
1097 593
1078 589
1089 589
1086 602
1097 602
1074 600
1055 596
1078 598
1089 598
1047 592
1066 605
1055 605
1058 601
1047 601
1066 614
1067 579
1039 597
1058 610
1067 588
1090 590
1059 584
1090 599
1048 593
1059 593
1082 595
1067 606
1051 589
1082 604
1059 602
1048 602
1070 602
1100 603
1040 598
1051 598
1060 585
1063 581
1071 594
1063 590
1052 590
1093 591
1093 600
1044 595
1096 596
1085 596
1077 592
1062 603
1096 605
1085 605
1077 601
1062 612
1097 588
1086 588
1066 582
1058 587
1074 595
1086 597
1097 597
1055 591
1066 591
1078 593
1089 593
1086 606
1074 604
1055 600
1089 602
1066 600
1078 602
1047 596
1058 596
1066 609
1058 605
1067 583
1067 592
1070 588
1082 590
1059 588
1067 601
1048 597
1059 597
1070 597
1100 598
1051 593
1070 606
1051 602
1081 603
1092 603
1073 599
1063 585
1065 604
1093 595
1065 613
1062 589
1096 591
1085 591
1093 604
1077 587
1096 600
1062 598
1085 600
1077 596
1054 594
1043 594
1062 607
1054 603
1077 605
1046 599
1074 590
1086 592
1097 592
1089 588
1078 588
1055 586
1066 586
1074 599
1097 601
1089 597
1055 595
1066 595
1078 597
1058 591
1047 591
1055 604
1066 604
1058 600
1047 600
1066 613
1067 578
1039 596
1058 609
1067 587
1069 606
1059 583
1070 592
1059 592
1048 592
1100 593
1061 611
1051 588
1092 589
1081 589
1100 602
1040 597
1051 597
1092 598
1081 598
1084 594
1073 594
1073 603
1050 601
1084 603
1065 599
1093 590
1065 608
1062 584
1049 599
1093 599
1094 598
1071 596
1060 596
1062 593
1096 595
1085 595
1052 592
1054 589
1071 605
1060 605
1062 602
1096 604
1085 604
1063 601
1052 601
1077 600
1054 598
1043 598
1044 597
1062 611
1046 594
1063 610
1083 588
1097 587
1086 587
1064 584
1066 581
1098 595
1083 597
1058 586
1098 604
