650 602
651 601
652 602
653 602
654 602
653 601
655 601
656 600
657 601
658 600
659 599
660 598
649 603
648 602
647 603
659 598
658 597
657 598
656 597
655 598
654 599
653 598
652 599
651 598
650 599
649 600
660 597
646 604
645 605
645 606
644 607
659 601
650 598
649 597
650 596
651 595
652 596
660 600
651 597
653 603
655 597
647 602
658 602
657 603
649 599
652 598
643 607
645 604
659 603
650 600
660 602
651 599
653 596
655 599
657 596
647 604
658 604
657 605
649 601
659 596
659 605
660 604
658 606
657 607
656 607
655 606
654 607
655 608
654 609
653 610
655 610
656 609
657 610
658 609
659 608
660 607
659 610
660 609
658 611
657 612
656 612
655 613
654 614
655 615
656 614
654 616
659 612
660 611
655 617
657 614
656 616
658 613
654 618
653 619
652 619
660 613
655 619
656 618
657 619
658 618
659 617
659 619
658 620
657 621
656 621
655 622
654 621
654 623
655 624
656 623
654 625
655 626
653 626
652 626
656 625
658 622
658 615
656 627
657 628
658 627
659 626
660 625
660 627
658 629
654 611
653 612
651 594
650 593
649 592
651 592
649 594
648 595
647 595
645 608
645 609
646 607
647 606
648 607
649 606
650 605
651 604
652 605
650 607
651 606
649 608
648 609
647 609
651 608
653 605
649 610
650 610
648 611
647 611
651 610
649 612
648 604
651 603
654 620
648 613
648 614
649 615
650 614
651 613
648 616
651 615
649 617
647 613
646 605
647 615
652 614
655 603
655 604
657 600
656 602
650 616
651 617
658 599
649 596
655 612
656 611
659 628
660 629
644 609
643 609
658 608
647 608
649 605
653 621
652 621
651 622
650 623
649 624
648 623
648 625
651 624
649 626
648 627
647 627
646 626
645 627
644 628
646 628
647 624
652 623
645 626
644 625
645 624
646 625
650 625
656 620
658 617
644 627
654 595
649 604
655 595
653 594
654 593
653 592
655 594
652 607
647 607
654 604
659 600
648 593
647 593
646 592
646 591
646 590
645 590
644 589
644 591
643 592
642 592
643 593
641 593
640 594
642 594
641 595
640 596
639 593
640 593
643 595
654 613
646 609
654 622
655 596
646 627
659 613
645 607
643 591
659 624
658 625
642 596
657 599
656 598
644 593
638 592
654 597
654 600
641 597
644 596
640 598
639 598
658 624
647 592
655 605
647 601
646 600
658 601
639 597
658 610
647 610
658 619
657 623
650 611
642 607
653 607
653 616
653 625
643 590
646 595
643 608
644 597
654 608
654 617
644 598
643 599
644 600
643 600
654 626
655 600
647 596
647 597
658 596
639 592
658 605
647 605
660 624
657 609
644 601
657 618
649 614
642 601
657 627
649 623
650 597
647 600
638 597
642 593
659 627
651 623
641 602
640 603
639 602
639 601
650 606
642 602
650 615
653 611
650 624
653 620
643 594
654 594
643 603
643 604
654 603
646 599
654 612
646 608
647 591
639 596
660 628
646 598
655 602
645 602
642 603
638 599
649 595
641 600
641 604
640 605
639 605
638 606
639 607
640 607
639 606
648 626
657 604
657 613
644 592
645 595
655 618
638 604
637 600
636 601
635 600
636 600
635 599
634 598
649 609
657 622
650 592
650 601
642 597
653 597
642 606
653 606
653 615
653 624
643 589
642 588
643 598
654 598
633 598
632 599
633 600
646 594
656 626
646 603
660 614
635 598
636 597
636 599
634 599
632 601
631 601
631 602
632 603
645 625
639 591
638 595
657 608
657 617
630 600
649 613
657 626
638 590
642 605
634 601
634 602
635 603
635 604
635 605
636 606
636 605
634 606
645 597
637 602
638 594
638 603
641 599
630 599
629 598
641 608
642 591
641 590
640 589
639 588
640 588
639 587
645 592
645 601
660 599
648 597
637 597
645 610
645 611
637 606
660 608
648 606
648 615
648 624
638 588
637 588
638 589
657 602
630 602
629 602
628 602
628 601
627 600
628 600
627 599
659 621
649 598
638 598
641 594
649 607
651 626
631 603
626 600
641 603
656 603
646 602
658 607
627 601
641 588
638 601
634 604
642 599
653 608
639 600
641 606
642 589
637 603
636 603
628 599
656 606
642 598
634 603
640 591
640 600
643 602
645 599
637 595
637 604
629 600
647 590
638 587
647 599
638 596
639 595
641 592
638 605
639 604
641 601
630 601
636 589
635 589
636 590
636 598
652 616
651 596
653 593
652 625
651 605
656 595
650 609
633 602
656 604
644 602
650 618
653 614
656 613
653 623
630 603
656 622
652 600
643 597
645 594
636 591
646 593
637 590
652 609
643 606
654 606
645 603
635 602
626 599
625 598
624 598
623 598
622 598
621 599
621 600
620 600
621 601
621 602
622 600
620 602
623 600
624 600
659 618
652 610
624 597
623 596
624 595
656 599
646 601
622 595
622 594
621 593
621 592
622 591
621 590
622 589
623 588
631 599
633 601
623 587
648 600
656 615
635 606
623 589
658 628
654 610
640 606
620 593
619 592
619 594
640 604
626 598
627 597
621 594
621 597
622 593
643 628
637 599
660 601
620 595
652 615
619 596
619 597
643 605
647 614
622 586
621 586
620 585
619 586
647 616
640 608
651 609
619 585
618 584
619 583
618 582
644 610
646 597
650 603
621 585
619 587
655 623
656 610
620 586
621 587
621 596
623 593
617 583
616 582
615 583
646 606
616 584
615 585
614 585
613 586
614 587
615 588
659 609
653 599
632 602
654 605
643 596
656 605
614 589
616 586
615 587
640 597
614 582
613 582
645 600
643 601
654 596
651 607
612 582
621 588
641 591
646 610
658 616
613 583
612 584
615 589
616 590
616 591
616 589
617 588
618 589
619 590
618 583
654 601
617 590
617 592
623 601
652 606
619 589
618 591
620 588
611 585
611 586
614 584
619 598
652 620
620 597
621 589
612 586
622 588
613 585
615 582
621 598
622 597
615 591
617 585
626 597
619 591
618 593
620 590
620 599
624 599
621 591
622 590
613 587
615 584
622 599
617 587
619 584
618 586
648 599
652 618
654 615
627 598
619 593
618 595
617 596
617 597
652 612
646 611
620 592
648 608
660 610
654 624
620 601
657 624
657 595
625 600
638 600
659 614
644 595
625 597
647 594
638 591
655 607
639 590
616 588
633 604
644 604
659 623
624 601
658 603
651 619
639 599
641 596
658 612
647 612
622 592
652 593
639 608
656 624
641 605
622 601
657 616
645 596
637 592
648 592
652 611
657 625
617 589
618 588
648 601
660 603
626 601
637 601
628 598
618 597
620 594
648 610
650 595
659 607
650 604
638 607
657 611
644 626
631 600
642 600
653 600
659 616
650 613
649 593
638 593
651 612
653 609
656 608
644 606
641 589
659 625
650 622
634 605
651 621
653 618
656 617
641 598
652 595
645 589
635 588
640 602
652 604
655 621
617 582
645 598
637 594
623 595
635 597
648 594
652 613
617 591
619 588
658 626
647 626
618 590
620 587
611 584
652 622
648 603
654 619
629 599
620 596
648 612
644 590
646 624
614 586
616 583
644 599
633 599
656 601
624 596
658 598
647 598
651 614
645 628
639 594
616 592
644 608
660 626
622 587
613 584
639 603
622 596
652 597
655 614
640 595
645 591
636 588
637 587
617 584
657 620
632 600
649 616
623 597
648 596
637 596
617 593
618 592
649 625
620 589
637 605
648 605
652 624
629 601
620 598
659 602
642 595
653 595
659 611
650 608
614 588
642 604
616 585
653 604
659 620
650 617
634 600
651 616
653 613
659 629
650 626
651 625
653 622
655 616
645 593
623 590
637 589
652 608
655 625
617 586
615 586
658 621
618 585
623 599
635 601
637 598
648 598
652 617
618 594
620 591
629 603
636 602
659 604
614 581
651 600
619 595
656 596
644 594
660 612
616 587
639 589
633 603
659 622
644 603
625 599
651 618
616 596
657 597
652 592
655 609
640 590
657 606
612 583
649 602
638 602
640 599
652 601
657 615
621 595
658 614
623 592
649 611
648 591
637 591
641 607
632 604
618 587
658 623
618 596
659 597
650 594
651 593
642 590
659 606
636 604
614 583
651 602
659 615
650 612
651 611
642 608
644 605
633 605
651 620
625 601
653 617
655 611
652 594
640 592
612 585
652 603
655 620
640 601
656 619
615 581
615 590
647 625
646 596
623 594
601 597
600 598
601 598
600 597
599 596
598 597
602 598
598 596
597 598
596 598
595 598
596 597
598 598
599 597
599 598
597 597
554 590
555 589
553 590
556 588
554 589
557 589
555 587
552 591
551 590
555 590
557 587
556 589
557 590
558 589
559 588
560 589
561 588
562 589
563 588
553 589
552 588
554 588
553 592
554 592
553 593
552 594
551 593
550 594
555 593
556 592
557 593
558 592
559 591
560 592
561 591
549 595
548 596
547 596
553 587
554 594
554 595
553 596
552 597
554 591
556 587
551 596
550 597
550 598
551 599
552 600
553 599
554 598
559 587
553 601
554 600
551 592
550 596
552 593
555 592
556 591
558 588
552 602
547 597
549 594
560 591
562 588
548 598
553 594
554 593
553 603
554 602
552 586
552 595
555 594
556 593
558 590
552 604
560 593
559 594
558 595
557 596
558 597
554 604
550 600
556 595
560 586
560 595
560 596
554 597
559 596
550 593
561 593
552 590
552 599
551 601
556 597
556 598
558 594
560 588
557 598
560 597
560 598
561 598
562 599
561 600
560 600
562 601
562 602
563 601
563 603
563 600
561 602
553 591
562 603
563 602
554 599
559 589
561 586
562 586
562 585
563 584
562 583
559 598
550 595
561 595
552 592
551 594
556 590
558 587
552 601
551 603
557 591
560 590
562 587
563 586
548 597
560 599
549 596
563 604
554 601
553 602
561 585
559 597
553 605
561 594
561 597
551 602
552 603
551 605
552 606
555 596
563 583
563 585
558 598
560 601
549 598
562 598
553 595
553 598
559 590
554 606
554 607
554 608
553 608
552 609
551 609
550 609
551 608
561 587
553 604
559 593
559 599
553 607
561 590
561 596
552 587
551 589
551 595
561 599
550 599
552 596
551 598
551 604
550 608
551 607
555 595
557 592
552 608
556 594
551 610
558 591
552 605
555 598
563 587
557 595
560 594
549 597
554 587
563 599
553 588
562 600
553 597
554 596
553 600
559 592
553 606
561 589
554 605
551 588
559 595
550 592
553 609
561 592
552 589
551 591
551 597
550 601
561 601
551 600
551 606
555 588
552 598
555 591
557 588
555 597
557 594
560 587
552 607
562 584
556 596
557 597
558 596
552 610
558 593
569 574
568 575
567 574
566 573
567 573
570 575
570 576
571 576
572 576
566 575
571 574
572 573
565 573
564 572
563 573
573 574
574 573
575 572
562 574
561 573
576 573
577 572
578 573
567 576
569 573
569 576
572 575
574 572
561 572
572 572
575 571
574 575
575 575
574 576
575 574
564 574
577 571
566 574
577 574
571 573
560 573
559 573
559 572
558 573
557 572
556 573
562 573
573 573
563 572
573 576
565 575
576 575
565 572
576 572
567 575
568 574
578 572
569 575
570 574
576 574
561 574
572 574
575 573
564 573
578 574
575 576
574 574
555 573
577 573
557 573
558 572
571 575
560 572
571 572
573 575
563 574
573 572
562 572
576 571
568 573
568 576
570 573
565 574
572 638
573 638
571 637
570 637
574 638
569 638
572 637
574 637
575 636
571 638
576 637
577 636
568 639
567 638
566 639
565 640
564 639
563 640
562 641
561 640
560 641
567 637
566 636
567 635
565 637
565 641
564 642
566 642
563 643
562 644
561 643
578 637
568 636
559 642
561 639
578 638
569 635
569 634
570 633
572 636
564 641
577 638
566 638
571 634
563 639
562 643
565 639
572 634
559 643
571 635
560 644
573 635
574 634
575 633
574 633
576 633
567 639
569 636
568 638
570 635
559 644
561 641
577 633
574 635
564 643
566 640
563 644
564 645
565 644
563 641
573 632
576 634
578 634
579 633
576 635
576 638
580 632
578 632
577 631
576 631
578 630
567 641
568 640
569 641
570 640
565 643
568 642
568 643
570 639
572 633
574 639
575 638
564 638
577 635
581 631
582 632
580 630
583 631
584 630
585 629
586 629
585 631
566 644
560 643
562 640
578 636
568 635
565 645
581 629
572 635
574 632
564 640
577 637
566 637
577 630
579 630
580 629
582 629
578 631
581 630
581 633
567 640
569 637
583 630
584 629
570 636
567 643
569 640
575 632
572 639
572 640
574 636
561 642
575 635
577 632
564 644
566 641
579 632
580 631
579 635
582 631
585 630
573 634
571 640
560 640
573 637
563 642
563 645
578 635
565 642
576 636
578 633
581 632
583 629
567 636
567 642
569 639
583 632
568 641
584 631
570 638
575 634
569 642
559 641
570 641
561 644
575 637
564 637
577 634
579 634
580 633
579 631
582 630
566 643
571 633
571 639
560 639
573 636
571 636
573 633
560 642
576 632
562 639
573 639
586 630
563 638
562 642
565 638
568 637
570 634
568 634
463 590
462 589
461 589
460 589
459 588
460 588
462 588
462 591
459 589
458 590
457 589
456 590
458 587
457 586
459 586
460 585
461 586
462 585
463 586
463 592
464 592
465 593
466 592
467 593
468 592
469 593
470 592
471 591
464 585
460 584
471 593
462 590
458 586
459 585
458 584
461 591
460 591
459 592
458 593
457 592
460 593
459 594
465 591
456 588
457 587
460 586
460 595
467 591
458 588
468 590
467 589
459 587
461 584
462 583
461 582
460 582
462 581
461 580
462 579
461 593
463 587
464 588
465 589
465 584
464 583
465 582
464 581
460 579
459 578
458 577
460 577
458 579
457 580
456 579
456 581
458 581
459 580
461 577
462 576
461 575
460 575
469 590
463 580
464 579
461 595
472 592
473 592
463 589
465 586
466 585
467 584
468 583
467 582
457 582
456 583
456 584
460 581
462 578
466 594
465 595
465 596
464 597
465 598
466 599
467 598
468 597
467 596
465 600
467 600
469 597
468 599
463 596
462 597
466 601
469 600
470 601
471 600
469 602
471 602
472 599
467 602
467 603
468 604
469 604
469 599
468 601
472 601
463 598
463 599
457 591
471 590
460 590
470 594
469 595
471 595
472 595
467 586
467 587
470 603
455 583
458 583
468 585
459 582
473 599
474 598
473 597
474 596
475 595
474 594
476 594
477 594
478 594
479 595
480 594
478 596
477 597
479 597
480 596
478 598
477 599
476 599
467 599
478 600
477 601
476 601
476 596
478 593
477 592
476 592
479 592
475 597
480 593
481 592
482 593
482 594
483 595
482 596
481 594
476 598
461 579
467 595
478 595
458 592
469 592
468 594
459 591
461 588
468 603
463 582
465 579
466 578
467 579
467 580
483 596
465 577
464 577
464 576
482 595
455 578
456 577
455 576
454 575
453 576
452 577
466 583
453 578
454 577
464 595
452 579
451 579
463 594
454 579
451 576
450 575
451 574
450 573
451 572
472 596
462 577
452 572
453 571
456 575
471 598
452 570
451 570
450 569
449 569
453 569
452 568
453 567
454 566
455 567
454 570
455 571
450 568
451 569
454 565
451 578
454 574
457 575
465 588
457 584
465 597
480 595
458 576
450 572
449 571
458 585
471 604
461 581
461 590
475 592
466 581
458 575
468 581
454 568
464 593
455 569
456 569
475 602
474 601
452 575
456 570
457 571
474 603
473 604
476 603
458 572
454 569
472 605
472 606
475 601
476 593
468 589
476 602
468 598
465 583
457 579
465 592
465 594
452 573
464 584
468 602
469 588
470 588
456 572
461 587
448 568
447 568
447 567
464 586
451 567
450 566
451 565
446 566
449 566
449 575
457 588
479 594
450 567
471 599
461 576
450 576
445 565
444 566
443 565
442 564
442 563
464 578
472 591
464 587
472 600
475 596
464 596
453 568
453 577
468 584
476 597
468 593
444 564
446 565
465 578
445 563
457 574
465 587
449 570
447 564
447 563
446 564
447 565
441 563
472 604
464 591
451 577
446 562
462 595
455 572
470 599
449 574
470 590
457 576
443 563
453 573
454 572
478 599
474 605
471 588
461 594
475 604
471 597
452 565
452 574
473 606
447 569
476 605
477 606
478 605
478 607
467 594
476 606
456 574
460 580
464 600
457 573
448 570
453 566
445 562
474 607
474 608
473 609
473 610
474 610
443 564
475 611
476 610
477 610
477 602
459 593
444 562
478 608
443 561
476 612
475 606
476 607
476 608
463 576
454 580
455 577
444 560
443 559
442 559
443 560
475 610
472 609
471 608
475 605
478 606
477 613
457 583
479 598
478 614
479 613
480 614
479 612
460 594
471 594
442 558
450 571
471 603
464 582
452 580
475 600
481 615
475 609
453 572
453 581
453 582
478 612
470 597
482 616
483 615
484 616
482 617
468 588
467 592
467 601
470 602
470 608
459 584
452 581
478 609
447 570
472 608
482 618
454 581
483 617
484 618
485 618
486 617
484 619
487 617
483 619
486 619
486 620
487 621
449 565
457 578
478 610
456 582
479 593
456 591
471 589
486 618
485 620
466 582
473 598
487 619
485 617
478 611
441 558
440 557
441 556
439 558
439 559
439 557
438 556
442 562
479 611
471 607
472 590
441 561
438 555
439 554
439 553
438 552
438 551
438 550
488 618
437 554
436 553
436 552
435 551
435 550
434 549
478 604
456 576
440 559
477 608
448 572
447 572
456 585
489 619
489 620
490 621
490 622
491 623
460 583
441 560
470 596
481 596
462 592
470 605
452 569
473 601
481 614
452 578
463 584
434 548
455 580
466 580
463 593
474 593
466 589
474 602
466 598
444 561
474 611
467 581
459 577
467 590
488 622
437 549
436 548
456 571
440 554
477 603
448 567
456 580
440 563
439 562
477 612
469 608
489 623
470 591
441 555
462 587
441 564
470 600
462 596
473 596
473 605
436 551
491 620
491 619
492 620
493 621
494 620
495 621
494 619
493 622
494 623
496 622
497 623
498 622
498 621
497 620
498 620
497 619
499 622
500 623
501 622
502 623
501 621
500 620
492 619
455 566
463 579
455 575
503 624
463 588
447 571
484 620
466 584
495 620
474 597
463 597
466 593
466 602
444 565
467 585
496 621
459 581
488 617
480 613
437 553
477 598
440 558
469 594
448 571
477 607
469 603
489 618
451 573
492 623
462 582
470 595
437 552
504 624
505 624
506 625
505 623
504 622
504 621
503 620
505 620
506 621
505 619
507 622
508 623
509 622
510 623
510 624
509 621
508 624
511 624
512 625
513 624
513 623
512 622
512 621
511 620
510 619
510 618
511 619
512 620
507 626
511 623
514 625
515 626
506 620
515 625
516 624
517 625
517 626
517 627
516 623
515 622
514 621
518 627
519 627
520 627
520 626
520 625
521 624
522 625
523 626
519 624
523 625
507 621
522 624
481 595
441 559
454 578
473 591
470 604
473 600
455 570
463 583
447 566
455 579
466 579
474 592
476 611
466 588
518 626
506 624
487 620
466 597
465 601
459 576
507 625
488 621
499 621
437 548
458 580
477 593
469 589
458 589
440 553
521 627
448 566
461 585
469 598
440 562
477 611
469 607
451 568
454 573
502 622
462 586
433 550
432 551
432 550
431 549
431 548
431 552
430 551
429 550
428 549
428 548
433 552
434 553
434 554
433 551
429 549
514 624
491 622
454 582
483 618
473 595
463 578
455 574
503 623
495 619
506 619
507 620
508 619
510 622
429 548
494 622
432 549
435 554
495 623
506 623
468 606
436 555
509 625
521 626
490 620
513 622
502 621
514 623
491 621
435 549
436 550
517 624
508 622
427 548
512 619
516 625
505 625
497 621
438 553
430 549
519 626
508 626
500 622
489 622
511 622
441 554
501 623
512 623
493 619
434 551
515 624
496 620
438 557
508 621
509 620
489 617
492 622
439 561
458 574
442 557
450 570
452 567
510 621
452 576
473 608
504 623
493 623
485 619
443 558
483 594
472 594
463 591
474 591
451 571
464 590
518 625
466 587
472 603
454 567
445 564
474 600
463 600
475 599
464 599
466 596
454 576
474 609
475 608
494 621
432 548
453 580
459 575
435 553
467 588
507 624
468 587
499 620
488 620
430 548
476 600
467 597
478 597
480 616
468 596
476 609
437 556
468 605
448 565
465 581
456 578
440 561
457 577
448 574
447 574
460 576
465 590
449 573
508 625
519 625
469 606
509 624
520 624
511 621
500 621
489 621
465 599
439 556
470 589
433 549
450 565
441 562
470 598
458 578
442 561
462 594
473 594
479 610
450 574
452 571
470 607
498 623
521 625
510 625
471 606
473 603
490 619
461 583
513 621
481 616
463 577
455 573
431 551
434 550
503 622
455 582
472 598
443 562
463 595
474 595
475 594
464 594
466 591
472 607
474 604
502 620
475 603
466 600
483 616
472 602
444 563
453 575
432 552
524 626
525 626
526 627
527 626
527 628
528 627
529 626
529 628
530 627
531 628
530 629
531 630
532 631
533 630
534 629
535 630
536 631
537 632
538 631
534 631
525 625
461 596
532 630
536 630
527 627
535 632
537 629
538 629
528 626
538 630
529 627
539 629
540 628
540 630
541 630
541 629
530 626
536 632
467 583
537 631
528 628
539 631
530 628
533 629
515 623
435 548
505 622
496 619
507 619
468 582
459 579
476 595
530 630
478 592
468 591
437 551
468 600
446 563
477 596
465 576
534 630
438 559
456 573
440 556
535 629
457 572
526 626
448 569
477 605
465 585
517 623
449 568
508 620
469 601
509 619
457 581
478 613
457 590
511 625
492 621
427 549
462 580
451 580
479 596
439 560
533 631
470 593
481 593
441 557
460 592
471 592
433 553
495 622
525 627
452 566
471 601
442 565
462 598
479 614
461 578
473 607
490 623
455 568
501 620
463 581
464 580
534 632
474 599
483 593
472 593
535 631
447 573
504 625
464 589
518 624
506 622
466 586
487 618
464 598
475 598
466 595
436 554
475 607
453 570
531 627
445 566
453 579
482 615
480 597
459 574
435 552
505 626
516 626
507 623
496 623
468 586
497 622
459 583
488 619
480 615
468 595
540 629
437 555
529 629
438 554
469 587
430 550
448 564
477 600
465 580
469 596
440 560
477 609
537 630
448 573
461 592
449 572
469 605
457 585
486 621
514 622
509 623
451 566
460 578
451 575
531 629
456 589
439 555
522 626
454 571
460 587
433 548
462 584
471 596
442 560
462 593
473 593
539 630
479 609
470 606
471 605
473 602
490 618
540 631
512 624
431 550
503 621
463 585
476 604
493 620
504 620
455 581
484 617
472 597
475 593
466 590
506 626
434 552
487 622
436 549
453 565
445 561
531 631
453 574
524 625
480 592
474 606
505 621
458 573
499 623
437 550
458 582
510 620
477 595
438 558
532 629
458 591
469 591
440 555
513 625
526 625
459 590
477 604
449 567
440 564
449 576
536 629
522 578
521 579
520 579
519 580
522 579
518 581
520 578
519 582
517 582
520 581
519 579
518 578
517 579
516 580
516 583
515 581
514 580
515 584
514 583
513 582
512 583
511 584
510 585
510 586
509 584
508 585
507 584
506 585
507 586
513 581
517 581
519 578
518 580
520 577
519 576
520 575
521 576
508 587
509 586
511 583
515 583
516 582
521 578
507 588
513 583
517 583
518 582
506 589
505 589
509 588
511 585
515 585
505 584
504 585
516 584
521 580
507 590
518 575
517 574
518 573
517 572
516 575
515 574
514 573
515 572
513 574
512 575
511 574
511 576
510 576
509 575
508 576
507 577
508 578
509 577
507 579
510 578
508 580
509 579
515 576
507 581
510 580
511 581
513 576
517 576
519 573
517 585
508 582
518 584
519 585
520 584
521 585
520 586
519 587
518 587
517 588
516 589
515 590
517 590
518 589
516 591
515 592
521 587
517 592
519 589
518 591
520 588
516 593
515 594
514 594
506 582
505 582
509 581
511 578
517 594
506 591
505 591
518 593
519 594
520 593
521 592
520 595
522 591
520 590
522 575
523 575
511 587
522 584
510 583
516 577
515 578
522 593
514 589
513 588
513 590
514 587
512 589
511 590
515 587
505 586
516 586
507 583
516 595
516 596
515 596
507 592
512 582
517 578
508 575
507 574
506 573
508 573
506 575
505 575
504 575
503 575
512 580
502 575
519 575
514 576
521 594
518 577
520 574
521 573
522 573
523 573
524 572
525 571
525 573
526 570
527 571
528 570
529 571
530 570
531 569
528 572
527 573
531 571
529 573
530 572
532 569
533 568
532 567
533 566
530 574
531 566
530 565
534 567
526 572
518 586
506 584
506 593
506 594
507 595
518 595
518 596
530 569
515 580
507 576
515 589
507 585
507 594
510 587
521 596
533 570
514 575
522 588
522 589
514 584
514 593
513 592
534 571
534 572
503 574
506 579
506 588
518 590
530 564
515 575
530 573
507 580
521 582
510 582
521 591
510 591
511 592
513 587
533 565
522 574
522 583
514 579
522 592
514 588
534 566
526 571
518 576
506 574
506 583
518 585
506 592
517 589
507 575
520 594
529 572
510 577
521 577
513 573
521 586
521 595
513 591
533 569
525 574
525 575
526 576
526 577
527 577
514 574
522 587
514 592
503 573
502 572
506 578
517 575
506 587
517 584
509 580
517 593
509 589
520 589
521 572
532 572
510 581
521 581
513 577
510 590
521 590
513 586
533 564
532 563
531 562
513 595
533 573
533 574
534 575
534 576
534 577
533 578
533 579
534 580
534 581
532 577
525 578
525 579
526 580
526 581
526 582
527 582
525 583
525 584
526 585
526 586
502 576
502 577
503 578
503 579
514 578
505 587
532 576
502 571
502 580
501 580
502 581
503 582
503 583
524 577
528 574
528 583
528 584
529 585
529 586
529 566
529 567
528 565
527 564
532 562
529 575
529 576
529 577
530 578
530 579
531 580
532 581
532 582
533 583
533 584
529 580
529 581
528 579
532 585
532 586
532 571
532 580
513 585
535 582
523 589
505 577
524 590
525 589
526 590
526 591
525 588
525 592
525 593
525 594
526 595
524 591
524 595
524 596
525 597
525 598
528 569
527 568
536 582
537 581
537 580
536 579
536 578
537 577
538 578
537 576
539 579
528 578
509 574
528 587
528 588
528 589
529 590
529 591
530 592
528 592
528 593
529 594
529 595
529 596
530 597
528 597
528 598
529 599
529 600
517 587
509 583
520 583
509 592
509 593
509 594
510 595
510 596
520 592
527 591
532 566
508 596
519 596
535 568
536 569
535 573
536 574
536 573
537 572
538 573
538 574
537 571
539 575
535 577
501 575
500 574
500 573
523 584
512 584
504 580
512 593
523 593
504 589
503 589
524 576
539 574
505 572
516 572
524 585
524 586
516 581
505 581
524 594
516 590
505 590
536 568
537 567
538 568
538 569
537 566
538 565
538 564
537 563
537 562
537 561
538 560
538 559
537 558
537 557
536 565
536 560
535 559
534 558
534 557
533 559
533 560
534 561
534 562
539 561
539 570
540 571
540 572
536 564
540 570
541 569
541 568
540 567
540 566
539 565
536 559
528 564
536 577
528 573
517 573
509 578
531 575
527 586
531 584
530 583
527 595
532 561
531 593
531 594
519 591
508 591
535 563
501 570
535 572
523 579
535 581
501 579
500 578
499 577
499 576
498 578
497 577
496 576
512 579
512 588
523 588
504 584
523 597
539 560
539 569
524 580
524 581
505 576
516 576
539 578
524 589
516 585
505 585
536 563
528 568
530 587
530 588
531 589
532 590
532 591
530 596
520 573
527 572
542 570
542 571
531 570
527 581
531 579
508 577
519 577
527 590
519 586
508 586
531 588
527 599
527 600
511 582
519 595
508 595
511 591
535 558
543 571
535 567
501 574
512 574
523 574
535 576
523 583
504 579
523 592
512 592
504 588
539 564
524 575
526 594
505 580
536 558
497 576
538 577
530 582
515 593
507 589
530 591
527 567
531 565
527 576
531 574
527 585
519 581
508 581
531 583
527 594
511 577
500 577
531 592
519 590
508 590
511 586
511 595
535 562
535 571
523 578
501 578
512 578
504 574
512 587
523 587
504 583
526 589
526 598
538 563
518 594
538 572
530 568
515 579
496 575
530 577
515 588
530 586
530 595
507 593
527 580
531 578
527 589
500 572
531 587
508 594
535 557
535 566
522 596
501 573
534 570
523 582
504 578
534 579
526 575
537 575
526 584
526 593
538 558
538 567
530 563
538 576
530 581
499 575
498 574
530 590
527 566
530 599
531 564
527 575
531 573
527 584
500 576
522 582
533 582
525 587
534 565
525 596
504 573
534 574
537 570
534 583
537 579
503 577
526 579
526 588
526 597
538 562
538 571
530 567
538 580
530 576
530 585
499 579
527 570
529 589
529 598
510 594
511 580
500 580
522 577
533 577
522 586
514 582
525 582
522 595
534 560
514 591
525 591
537 556
536 555
534 569
537 565
534 578
526 574
503 572
537 574
526 583
503 581
518 579
506 577
526 592
538 557
506 586
518 588
538 566
506 595
518 597
515 573
538 575
530 571
515 582
530 580
507 578
499 574
507 587
527 565
529 584
529 593
510 589
521 589
532 589
533 563
513 594
522 572
533 572
533 581
522 581
525 577
514 577
522 590
525 586
514 586
534 564
514 595
525 595
537 560
534 573
526 569
537 569
534 582
503 576
526 578
537 578
518 574
526 587
518 583
506 581
538 561
506 590
530 566
510 592
532 592
541 570
509 591
533 575
502 578
525 580
537 554
539 573
524 584
517 586
531 576
524 593
536 567
536 576
509 582
528 581
528 590
528 599
529 564
509 595
532 560
539 562
540 573
529 582
532 578
528 595
498 576
532 587
533 561
535 580
523 596
502 573
517 595
539 568
524 579
539 577
524 588
524 597
536 562
505 593
536 571
528 567
536 580
528 576
528 585
528 594
509 590
540 568
529 568
527 598
532 564
532 573
543 570
513 578
535 575
512 591
523 591
504 587
539 563
524 574
539 572
524 583
505 579
516 579
524 592
536 557
497 575
505 588
516 588
536 566
536 575
528 571
521 583
528 580
517 580
520 576
509 576
513 580
509 585
521 584
520 585
529 563
531 582
527 593
508 589
531 591
532 568
498 575
511 594
535 561
535 570
535 579
512 577
501 577
523 577
512 586
523 586
504 582
523 595
539 567
524 578
505 574
539 576
516 574
524 587
505 583
536 561
505 592
516 592
536 570
528 566
528 575
530 594
510 593
531 568
520 580
527 579
531 577
527 588
519 584
531 586
508 584
527 597
528 596
517 596
519 593
508 593
531 595
507 573
511 589
535 556
529 570
535 565
499 578
532 584
529 579
532 575
521 575
510 575
523 572
501 572
535 574
529 588
510 584
523 581
501 581
512 581
529 597
504 577
532 593
521 593
523 590
533 558
512 590
541 571
513 589
504 586
533 567
533 576
522 576
524 573
525 572
514 572
539 571
522 585
524 582
502 579
525 581
514 581
505 578
516 578
522 594
534 559
536 556
497 574
514 590
525 590
537 555
516 587
534 568
537 564
515 591
526 573
537 573
530 589
503 580
530 598
507 596
506 576
531 563
527 574
538 556
531 572
527 583
528 582
508 579
531 581
520 587
527 592
511 575
500 575
517 591
528 591
508 588
519 588
531 590
509 587
528 600
540 565
529 565
509 596
520 596
511 593
535 560
529 574
532 570
535 569
529 583
510 579
498 577
532 579
501 576
512 576
535 578
523 576
529 592
513 575
504 572
532 588
510 588
521 588
523 585
512 585
513 584
504 581
523 594
512 594
533 562
513 593
504 590
533 571
539 566
522 580
533 580
526 596
525 576
502 574
516 573
505 573
518 592
514 585
538 570
525 585
534 563
538 579
515 577
537 559
530 575
515 586
537 568
507 582
530 584
515 595
505 594
516 594
507 591
530 593
536 572
527 569
531 567
506 580
536 581
527 578
517 577
528 577
519 574
508 574
527 587
528 586
508 583
531 585
519 583
527 596
520 582
500 579
511 579
508 592
519 592
520 591
511 588
535 555
529 569
540 569
532 565
535 564
529 578
501 571
532 574
521 574
510 574
529 587
532 583
523 580
513 579
504 576
