246 93
246 94
247 94
245 94
248 94
249 95
244 94
247 93
250 95
251 94
252 95
253 94
249 93
250 92
249 96
243 95
242 94
241 95
240 96
254 95
245 92
244 91
243 92
242 91
241 92
240 93
248 95
247 96
255 94
246 91
247 90
248 97
253 96
252 97
242 96
244 93
247 92
250 97
254 97
256 94
243 94
255 96
248 90
251 92
253 98
252 99
251 99
244 95
249 94
240 91
254 99
243 96
255 98
246 95
248 92
252 92
253 91
252 90
253 89
252 88
253 87
254 86
255 85
254 88
256 85
255 87
254 90
256 87
255 89
253 100
252 101
251 101
244 97
254 92
255 91
256 92
257 91
258 90
258 92
259 89
243 98
242 98
241 99
240 98
240 100
239 101
238 101
242 100
243 101
244 100
244 102
243 103
242 103
244 104
243 105
242 105
241 106
240 105
240 107
239 108
238 108
242 107
240 109
241 108
239 110
238 110
242 109
243 110
244 109
245 108
244 106
240 102
241 101
255 100
256 101
257 100
258 99
257 98
259 98
260 98
261 98
262 99
263 98
263 97
264 96
265 95
266 94
267 93
261 100
267 95
265 97
263 95
262 94
261 93
263 93
261 95
260 96
259 96
246 97
240 111
241 111
241 110
239 92
243 107
259 91
251 87
250 86
249 87
248 87
248 88
250 88
245 101
246 100
252 94
244 90
243 89
267 92
244 99
266 96
267 97
258 101
247 101
259 93
259 94
251 89
262 98
239 96
251 98
239 105
255 86
240 97
263 99
243 93
255 95
240 106
243 102
252 89
266 91
247 87
258 96
250 101
259 88
258 87
259 97
262 93
251 93
239 91
251 102
251 103
239 100
239 109
240 92
255 90
243 88
243 97
254 94
243 106
246 99
266 95
247 91
258 91
250 87
258 100
247 100
250 96
259 92
251 88
239 95
262 97
251 97
260 87
239 104
242 106
254 89
265 98
254 98
242 87
266 90
265 89
247 86
258 86
247 95
258 95
250 91
250 100
259 87
262 92
263 91
263 90
262 89
262 88
239 90
240 89
240 88
240 87
239 86
239 99
261 96
253 101
242 101
242 110
254 84
254 93
265 93
246 89
254 102
254 103
246 98
239 85
240 84
241 85
240 83
239 82
239 81
238 80
237 79
237 78
236 77
236 76
261 91
265 88
264 87
263 86
263 85
262 84
262 83
263 82
264 82
263 81
262 80
262 79
263 80
262 78
263 77
264 78
264 77
263 76
262 75
265 79
246 102
246 103
247 104
247 105
266 80
267 79
267 78
266 77
266 81
266 76
258 85
259 84
259 83
258 82
258 81
247 85
246 84
245 83
244 82
244 81
244 80
243 79
243 83
243 84
244 85
244 86
245 87
243 78
244 77
245 78
244 76
243 75
243 74
243 73
244 72
250 90
268 98
269 99
270 98
271 99
270 97
269 96
269 95
238 94
238 103
239 80
240 79
240 78
239 77
239 76
261 77
261 86
242 82
254 83
255 82
256 83
256 82
255 81
253 82
252 81
251 80
252 80
251 79
251 78
250 77
250 81
249 80
248 79
248 78
247 77
250 82
251 83
251 84
252 85
247 76
246 75
245 74
265 83
265 84
266 85
267 84
267 83
266 86
246 79
246 80
247 81
247 82
248 83
265 92
246 88
266 75
258 80
259 79
260 80
259 78
258 77
258 76
235 78
235 79
234 78
250 76
251 75
252 76
268 84
269 85
270 84
271 85
271 86
270 83
269 82
269 86
270 87
270 88
270 89
271 90
269 81
269 90
269 91
270 92
270 93
271 94
271 95
272 87
272 96
273 97
273 98
274 99
273 96
274 95
269 80
270 79
271 80
271 81
270 78
269 77
269 76
257 84
272 82
273 83
268 93
257 93
238 89
237 88
236 87
236 86
236 85
235 84
235 88
235 89
236 90
236 91
237 92
235 83
236 82
237 83
236 81
235 92
235 93
234 92
233 91
233 90
232 89
232 88
232 92
232 93
232 94
233 95
231 91
231 95
231 96
232 97
232 98
233 99
233 100
234 101
235 102
235 103
236 104
236 105
235 106
235 107
235 108
236 109
234 106
235 101
236 100
234 87
233 86
233 85
232 84
232 83
233 82
233 81
232 80
232 79
233 80
234 96
235 97
236 96
237 97
236 95
235 98
234 105
233 104
232 103
232 102
231 104
231 105
231 81
231 90
231 99
231 100
230 99
229 98
229 97
228 96
228 95
227 94
228 99
228 100
228 101
229 102
227 98
226 97
225 96
225 95
224 94
224 93
224 97
224 98
224 99
225 100
223 96
227 93
226 92
225 91
225 90
224 89
224 88
225 87
226 88
225 86
224 85
224 84
225 85
227 89
228 90
228 91
227 102
227 103
228 104
228 105
223 100
223 101
224 102
224 103
225 104
225 105
227 88
252 86
228 87
229 88
228 86
228 85
229 84
230 85
229 83
228 82
227 84
226 83
231 86
227 97
223 86
223 95
222 94
221 94
221 93
220 92
220 91
221 92
220 95
220 96
221 97
221 98
220 90
221 89
221 88
220 87
219 89
223 104
223 105
222 103
221 103
221 102
220 101
221 100
220 100
220 104
220 105
220 106
221 107
219 103
222 108
223 109
224 108
225 109
224 107
223 110
243 108
219 107
219 108
220 109
220 110
220 111
221 112
221 111
222 113
223 114
224 113
225 114
224 112
223 115
224 116
224 117
219 112
223 118
222 117
221 117
221 116
220 115
220 114
219 116
219 117
218 115
217 114
217 113
216 113
216 112
215 111
214 110
214 109
213 108
213 107
212 106
211 105
212 105
215 110
216 111
217 110
212 109
212 110
211 108
215 114
214 113
213 113
212 112
213 112
215 115
216 116
215 117
216 118
216 117
213 104
214 104
213 103
213 102
213 101
212 101
211 100
211 113
212 114
212 115
213 116
213 117
211 99
211 98
210 97
209 96
209 95
228 84
208 94
212 100
213 99
214 98
214 99
213 98
215 105
215 106
216 107
216 108
212 118
211 118
212 119
211 117
208 93
207 92
206 91
206 90
209 92
209 91
209 90
209 89
211 112
210 111
209 111
209 110
209 109
208 108
208 112
208 113
209 114
208 115
209 115
208 107
209 106
209 105
208 104
207 105
206 104
205 104
205 103
205 102
205 101
206 100
206 99
205 99
205 98
208 103
237 93
204 101
208 116
207 117
206 117
205 118
206 118
205 117
208 118
209 119
209 120
268 94
208 117
204 119
204 120
203 118
202 117
201 117
201 116
202 116
201 115
201 114
201 113
202 112
201 111
202 111
201 110
200 109
200 118
199 117
201 119
200 113
208 102
207 106
237 106
227 92
260 89
238 107
230 103
242 77
261 90
207 119
253 86
219 93
222 98
234 109
254 87
200 116
199 115
246 83
203 121
223 99
256 96
226 110
238 84
257 97
241 89
210 101
209 100
208 99
242 90
234 86
253 99
219 106
218 105
211 102
252 103
231 80
222 111
226 87
217 118
233 109
245 100
237 96
202 121
241 76
198 114
229 92
229 93
268 83
214 112
260 79
218 92
238 97
230 93
241 102
217 92
216 93
215 92
261 80
207 109
206 109
205 109
204 109
203 108
206 108
253 76
218 118
210 114
222 88
267 96
233 103
225 99
245 77
264 90
236 108
256 86
202 115
248 82
226 100
237 109
229 105
257 87
249 83
268 96
241 79
260 92
198 117
210 91
255 99
221 106
211 92
224 111
252 93
244 89
225 112
245 90
217 108
237 86
202 107
201 106
256 99
229 82
214 102
206 98
230 83
271 84
207 99
220 118
210 104
267 86
203 106
204 106
213 115
217 105
268 81
272 83
268 80
247 78
197 113
236 106
256 84
201 120
205 108
217 91
212 93
197 112
213 93
233 93
225 89
236 98
207 107
213 94
264 80
214 95
215 95
202 105
226 90
237 99
229 95
270 96
271 97
201 118
223 117
196 113
195 112
194 112
194 111
221 96
213 92
232 105
252 83
224 101
244 79
236 75
237 74
236 73
238 74
233 106
225 102
245 80
237 76
202 118
248 85
214 92
259 100
251 96
232 107
209 99
243 109
230 91
214 94
229 94
266 82
245 106
244 105
214 100
209 101
226 89
271 96
224 105
197 117
237 73
214 105
205 107
232 108
245 93
248 98
196 116
237 111
238 81
216 94
206 110
217 95
217 96
193 110
194 109
194 108
196 115
193 109
218 95
195 109
205 111
205 112
206 111
236 111
220 108
240 86
232 82
243 91
255 102
221 109
267 76
205 113
213 105
233 83
241 75
240 74
224 114
244 92
194 107
236 88
247 103
215 99
259 77
270 86
216 99
217 98
216 115
262 82
208 111
217 100
228 89
239 98
271 87
217 101
263 83
195 106
196 105
209 112
201 108
221 86
240 99
232 95
224 91
243 104
205 114
247 80
266 93
258 89
204 118
226 108
250 85
269 98
195 104
194 104
235 105
227 101
193 108
239 75
259 90
251 86
194 103
194 102
194 101
195 100
195 102
270 99
262 95
228 102
220 98
239 111
237 94
262 81
195 105
268 76
198 111
226 107
221 108
270 80
260 76
260 75
235 112
227 108
215 116
228 109
228 110
261 87
264 97
218 89
204 111
201 105
198 110
198 109
197 108
198 107
217 88
240 76
197 114
243 81
201 121
213 95
254 96
235 81
246 81
248 75
237 75
197 107
248 84
214 118
227 109
198 106
198 105
238 99
241 77
197 116
234 111
204 115
196 111
216 89
216 98
235 111
227 107
193 105
192 106
191 106
190 106
240 73
210 102
239 72
238 71
197 111
260 86
200 122
207 97
212 96
214 91
214 90
213 89
219 118
231 109
195 101
253 92
231 110
232 111
212 90
211 89
232 112
231 113
230 113
233 113
207 96
198 104
199 105
214 89
246 92
236 78
231 112
223 108
235 82
250 98
216 105
229 113
228 112
227 112
208 101
239 88
206 95
209 102
232 85
219 115
205 95
204 96
265 82
231 89
246 105
266 83
222 109
227 113
228 114
229 115
227 114
258 79
204 108
228 115
205 94
250 75
197 103
197 102
197 101
196 104
269 88
235 95
227 91
198 100
259 80
272 99
251 76
262 85
265 81
223 84
258 78
212 111
256 97
238 100
271 82
218 94
205 93
229 112
231 114
260 94
206 105
230 100
268 89
267 88
227 116
227 117
204 92
210 103
215 101
260 91
204 110
194 113
193 114
194 115
194 116
194 117
194 118
265 85
193 115
193 119
193 120
194 114
215 93
194 121
195 122
193 121
192 122
208 114
228 92
220 88
261 89
197 104
243 71
234 108
200 115
273 99
246 82
192 111
191 111
192 112
190 111
189 110
190 109
190 108
212 89
231 102
203 120
223 98
215 94
247 83
196 117
216 95
257 96
208 91
227 104
219 104
195 123
194 124
193 111
239 78
230 115
242 89
190 110
232 113
193 124
192 124
249 86
222 90
242 70
241 71
241 72
240 70
189 112
219 100
189 113
190 114
191 124
191 114
234 85
219 105
191 123
211 101
190 115
203 97
203 98
222 110
212 102
204 98
223 111
269 78
215 107
190 124
189 123
235 85
238 96
230 92
261 79
207 108
202 98
201 98
199 104
200 103
218 117
210 113
222 87
242 102
234 98
254 76
255 77
256 76
200 105
211 114
231 92
203 110
223 88
226 99
256 78
255 79
250 78
201 97
201 96
202 95
196 107
237 108
257 86
202 94
189 122
189 121
189 120
190 119
189 118
188 119
187 118
190 118
190 121
186 118
188 118
229 104
249 82
268 95
206 120
238 109
230 105
242 79
261 92
253 88
219 95
191 113
211 91
222 100
246 85
192 114
212 92
190 120
186 117
190 123
202 97
256 79
189 117
255 76
203 94
192 123
199 116
240 108
193 123
185 119
185 120
186 121
186 122
189 116
218 102
192 118
196 106
196 124
196 125
197 125
187 121
197 124
184 120
225 111
245 89
215 97
256 98
183 121
235 75
234 76
214 101
226 112
190 117
197 126
260 90
216 102
216 103
208 98
227 111
193 118
185 123
185 124
185 125
186 126
186 125
185 127
184 128
185 128
183 128
182 128
182 127
183 126
182 125
183 125
186 128
196 127
181 124
180 125
238 86
257 99
230 82
195 124
241 91
187 120
207 98
218 107
242 92
188 121
234 88
221 118
265 75
211 104
231 82
203 100
244 101
264 79
245 102
237 98
183 127
257 76
268 85
214 114
260 81
230 95
241 104
261 82
207 111
199 107
210 116
267 98
233 105
186 127
182 129
225 101
182 124
230 89
185 129
184 130
184 131
185 130
217 97
245 79
264 92
236 110
256 88
186 131
187 131
187 130
188 129
189 130
190 129
189 131
188 131
226 102
238 76
257 89
249 85
195 114
241 81
218 97
210 93
255 101
189 132
189 133
186 130
188 130
184 132
184 133
181 126
180 127
179 127
178 126
177 126
177 125
178 124
207 120
234 110
200 117
192 113
212 91
215 96
216 97
188 120
191 125
191 126
211 103
203 99
222 112
192 126
184 122
212 104
204 100
215 109
235 87
227 83
238 98
230 94
241 103
189 109
178 127
190 128
189 127
177 128
187 132
187 133
261 81
179 128
179 129
207 110
253 77
253 78
199 106
210 115
222 89
242 104
188 133
234 100
224 87
183 124
185 134
184 135
180 129
254 78
200 107
183 135
246 74
265 87
182 134
181 135
180 135
181 134
181 136
182 137
182 138
183 138
180 137
179 137
180 138
181 137
183 137
179 139
180 140
182 139
182 140
183 140
184 141
184 140
185 140
185 139
185 138
185 137
186 136
186 138
186 140
187 141
188 141
178 136
178 135
177 134
178 134
177 136
176 134
175 134
184 142
184 143
174 133
173 133
172 133
172 132
173 131
172 130
171 129
170 130
170 131
171 131
173 130
174 129
174 131
171 130
174 130
170 132
170 133
171 133
173 132
185 142
187 142
187 143
180 139
169 129
172 134
172 135
173 135
211 116
203 112
231 94
223 90
264 91
226 101
237 110
238 75
183 139
257 88
229 106
229 107
175 135
175 136
249 84
195 113
268 97
241 80
260 93
198 118
198 119
218 96
238 111
210 92
230 107
176 136
242 81
261 94
234 77
179 141
253 90
199 119
219 97
191 115
211 93
222 102
225 113
217 109
245 91
237 87
256 100
248 96
194 125
194 126
214 103
226 114
272 81
238 88
257 101
230 84
249 97
195 126
241 93
187 122
207 100
218 109
210 105
234 90
267 87
200 97
199 97
199 96
233 94
203 102
202 103
244 103
236 99
264 81
256 77
202 106
226 91
245 104
237 100
183 129
257 78
229 96
195 103
268 87
241 70
214 116
260 83
206 112
198 108
230 97
271 98
176 126
263 94
242 71
253 80
199 109
240 110
219 87
191 105
186 139
232 106
252 84
222 92
233 107
225 103
171 132
217 99
245 81
264 94
237 77
182 141
256 90
202 119
248 86
214 93
226 104
238 78
183 142
229 109
195 116
171 134
182 143
181 144
181 145
181 146
180 147
179 147
180 148
178 147
177 147
177 146
178 145
177 144
176 145
175 144
178 144
181 147
176 144
179 149
175 146
176 147
178 146
174 143
174 142
173 141
174 141
172 142
172 143
171 141
170 141
173 143
169 140
168 140
168 139
169 138
168 137
167 136
166 135
166 137
165 137
166 138
167 138
169 137
165 139
165 140
166 140
164 136
163 137
163 138
167 137
170 142
170 143
171 143
163 139
166 139
177 148
167 140
180 149
169 139
172 144
172 145
162 136
162 135
161 134
162 134
160 135
160 136
159 134
158 134
158 133
161 136
157 133
158 135
158 136
159 136
161 135
181 149
173 145
165 141
176 146
168 141
168 142
160 137
160 138
169 142
161 138
171 142
175 148
164 138
156 134
157 135
241 83
228 113
207 90
218 99
210 95
221 110
267 77
167 139
213 106
159 135
233 84
178 148
224 115
170 144
170 145
190 122
236 89
202 96
225 116
171 145
217 112
237 90
229 86
248 99
214 106
206 102
198 98
271 88
263 84
209 113
255 80
201 109
221 87
186 129
232 96
178 125
224 92
189 134
189 135
267 90
213 119
205 115
233 97
225 93
217 89
236 102
256 80
202 109
248 76
194 105
262 96
228 103
174 132
220 99
240 77
185 141
177 137
177 138
197 115
243 82
255 93
213 96
186 142
232 109
205 92
178 138
252 87
170 134
244 83
190 112
236 79
217 102
250 99
196 128
270 77
216 106
181 148
227 115
206 92
173 144
193 122
239 89
185 118
251 100
271 78
209 103
228 116
201 99
201 100
174 145
220 112
166 141
240 90
158 137
158 138
186 119
232 86
189 124
213 109
159 138
205 105
246 106
225 83
266 84
212 113
236 92
182 121
181 122
269 89
202 99
215 118
235 96
181 125
259 81
251 77
270 90
262 86
228 93
220 89
239 102
185 131
177 127
197 105
243 72
209 116
255 83
201 112
221 90
232 99
178 128
224 95
265 96
244 73
231 103
175 131
176 132
247 84
266 97
184 144
184 145
258 93
250 89
196 118
196 119
216 96
235 109
208 92
175 140
174 139
175 138
181 138
227 105
173 134
193 112
239 79
174 144
185 144
177 149
186 145
178 141
167 141
170 137
253 93
159 137
170 146
171 138
251 90
209 93
228 106
179 125
163 134
171 147
187 124
182 147
178 137
187 125
155 135
183 148
164 134
172 147
174 135
220 102
240 80
173 129
174 148
191 112
189 136
189 137
249 90
202 102
186 132
182 133
174 134
185 143
177 139
186 135
179 124
178 140
170 136
200 96
171 128
184 147
185 148
181 132
180 132
181 141
162 137
173 146
165 142
174 138
173 137
166 134
155 134
201 101
185 147
174 147
166 143
166 144
167 145
167 146
177 143
158 139
158 140
176 142
157 141
156 142
156 143
155 141
154 141
153 140
152 140
151 140
151 139
152 138
151 137
150 138
149 137
152 137
154 140
155 139
150 137
153 142
153 143
154 143
157 143
158 144
159 145
160 146
161 147
159 144
158 146
161 146
162 145
161 144
162 144
162 147
163 147
164 147
165 147
164 146
149 139
150 140
152 139
159 146
148 136
147 136
146 137
151 141
162 146
154 142
155 143
147 138
146 139
157 142
160 147
150 139
153 144
153 145
154 145
156 144
156 145
157 145
149 141
152 141
179 131
178 132
145 138
144 138
144 137
155 142
158 147
147 137
182 131
148 138
154 144
146 140
146 141
155 145
147 140
177 140
197 118
243 85
189 114
254 100
246 96
192 125
184 121
212 103
204 99
223 112
269 79
169 141
215 108
161 137
235 86
227 82
172 146
247 97
250 102
249 103
216 109
262 76
162 138
208 105
154 134
153 134
227 118
228 83
173 147
165 143
164 144
193 125
185 121
201 102
188 132
234 99
180 128
254 77
200 106
265 86
211 115
157 144
231 93
203 111
149 140
223 89
266 87
212 116
184 134
258 83
204 112
250 79
150 141
269 92
196 108
235 99
153 146
181 128
227 95
193 102
230 106
176 135
242 80
179 140
199 118
219 96
222 101
168 130
168 131
234 112
180 141
200 119
246 86
265 99
192 115
231 106
223 102
169 131
215 98
235 76
172 136
226 113
272 80
148 141
152 147
196 121
197 122
198 121
238 87
208 95
175 147
195 125
151 146
150 147
149 147
150 148
151 149
151 150
152 150
148 147
147 147
146 147
147 146
148 145
147 144
148 144
149 149
149 150
150 150
152 149
145 146
144 146
148 146
147 148
146 149
146 150
150 149
146 151
143 145
142 144
143 143
142 146
141 143
140 143
139 143
140 142
141 141
139 144
139 145
140 145
149 151
149 152
150 152
141 142
144 147
144 148
145 148
138 145
137 145
137 144
148 148
140 144
141 145
143 144
147 150
139 146
140 147
150 151
142 147
142 148
143 147
146 143
145 144
145 147
138 144
149 153
165 133
218 108
164 137
176 148
242 93
188 122
234 89
253 102
191 127
219 109
265 76
157 134
203 101
231 83
222 114
168 143
160 139
160 140
192 128
193 129
194 128
184 124
204 102
245 103
161 140
257 77
153 136
227 85
268 86
214 115
260 82
272 93
272 92
230 96
176 125
241 105
187 134
261 83
179 130
207 112
253 79
199 108
145 137
210 117
156 146
156 147
222 91
188 135
234 102
180 131
254 80
246 76
192 105
157 147
203 114
149 143
223 92
264 93
256 89
226 103
238 77
183 141
229 108
257 90
175 137
195 115
241 82
141 144
260 95
198 120
144 149
144 150
143 151
142 150
141 151
218 98
210 94
230 109
176 138
242 83
234 79
179 143
199 121
145 150
191 117
219 99
137 146
211 95
252 96
222 104
225 115
171 144
217 111
163 140
163 141
162 142
237 89
256 102
229 85
194 127
206 101
147 149
148 150
140 146
141 147
144 143
144 152
167 132
163 143
148 154
143 153
142 154
143 154
141 153
140 153
139 153
138 153
137 153
137 152
138 151
139 154
139 155
140 155
143 155
144 156
145 157
142 156
142 157
145 156
144 158
144 159
145 159
146 160
146 159
147 159
147 158
147 157
147 156
148 157
148 156
148 159
146 161
146 162
136 152
135 152
134 153
134 152
133 152
132 151
132 150
132 149
133 150
134 150
135 150
135 149
136 148
136 150
133 149
136 149
135 151
147 161
142 158
134 154
134 155
131 148
131 147
130 149
130 150
145 158
137 154
137 155
138 155
130 151
148 158
140 154
141 155
133 151
144 160
136 151
147 160
139 156
139 157
129 148
140 157
132 153
146 163
143 157
135 153
136 154
166 131
165 131
138 154
134 156
131 150
141 154
145 160
137 156
137 157
136 158
138 157
168 133
140 156
132 152
226 116
238 90
230 86
249 99
195 128
141 157
133 153
207 102
199 98
218 111
164 140
210 107
156 136
267 89
213 118
159 147
233 96
225 92
236 101
264 83
182 130
202 108
148 137
151 142
151 143
226 93
237 102
183 131
257 80
175 127
249 76
260 85
206 114
152 143
144 139
218 88
263 96
242 73
255 92
179 133
221 99
145 140
191 107
186 141
224 104
143 156
136 153
147 162
139 158
139 159
129 150
140 159
155 144
147 139
148 140
151 145
146 152
146 153
145 154
166 130
143 146
167 131
147 152
139 148
142 159
142 160
141 161
131 149
143 159
189 126
135 155
181 127
154 146
146 142
185 133
177 129
169 130
184 146
196 120
142 149
181 140
173 136
165 132
146 155
166 133
192 127
138 156
184 123
130 152
130 153
129 154
128 154
129 155
128 156
127 156
128 157
129 157
130 157
131 157
131 156
127 158
129 156
128 158
129 159
130 160
130 159
131 159
132 160
132 159
133 160
133 159
132 161
132 162
133 162
134 163
135 162
135 161
135 160
136 160
136 162
137 163
138 164
139 163
140 164
140 163
141 164
139 165
140 166
138 163
141 163
137 165
140 165
141 166
142 167
142 166
143 166
144 166
145 167
144 168
144 169
145 169
146 170
147 169
147 168
147 167
143 165
143 164
143 163
139 167
142 168
142 169
134 164
134 165
131 158
143 168
135 164
145 168
138 165
130 161
130 162
141 165
133 161
144 170
144 171
145 171
126 157
125 156
125 158
125 157
136 161
147 170
139 166
129 158
140 167
132 163
132 164
133 164
143 167
135 163
127 159
127 160
136 164
128 160
142 170
134 166
134 167
131 160
135 166
145 170
137 166
137 167
126 156
138 167
130 163
141 167
133 163
125 159
125 160
124 161
126 159
144 162
136 163
128 159
139 168
139 169
129 160
140 169
132 165
125 162
126 163
124 163
123 163
124 164
123 165
122 162
121 163
120 163
119 162
118 162
120 164
120 165
121 165
124 165
125 166
126 166
127 166
128 167
128 166
129 167
127 168
127 169
128 169
126 165
129 166
128 168
129 169
130 170
131 169
131 168
131 167
127 170
128 171
130 171
130 172
131 171
132 172
132 171
133 170
133 172
134 173
135 172
136 171
135 170
136 170
136 173
137 173
138 173
136 172
135 174
126 167
125 168
125 169
118 163
118 164
119 164
129 168
121 164
132 173
132 174
133 174
125 170
122 164
135 173
128 170
120 166
120 167
129 171
121 167
131 170
123 166
123 167
124 167
127 172
117 164
127 162
130 173
130 174
119 163
131 173
133 173
122 163
126 169
118 165
137 169
129 170
121 166
132 175
122 166
124 166
127 171
128 172
120 168
120 169
119 170
121 169
122 170
123 169
132 155
143 169
135 165
127 161
136 166
128 162
131 172
123 168
124 169
116 165
115 165
114 166
138 166
134 168
131 162
124 159
123 158
127 164
126 168
130 175
130 176
129 177
128 178
127 179
127 178
128 179
126 178
125 179
125 178
129 179
127 180
127 181
128 181
124 178
123 178
123 177
123 176
123 175
124 174
123 173
122 173
121 173
124 173
124 176
122 172
124 175
126 177
126 176
126 175
125 180
125 181
122 174
121 175
120 176
120 175
121 176
120 177
119 174
118 174
118 173
118 172
119 172
117 172
116 172
115 172
115 171
116 170
117 170
114 171
113 172
113 171
116 171
115 173
115 174
116 174
112 171
111 170
111 169
112 169
113 169
114 169
114 168
112 168
114 170
117 171
128 180
129 181
121 177
113 173
113 174
124 177
116 173
127 182
127 183
117 174
128 183
119 173
112 170
123 179
115 175
115 176
116 176
126 179
118 175
118 176
119 176
111 172
110 173
125 182
122 176
114 172
125 172
117 173
128 182
120 178
120 179
119 180
129 183
121 179
113 175
124 179
116 175
127 184
117 176
109 172
108 172
107 173
108 171
120 181
119 182
118 182
117 181
116 180
119 183
117 180
116 182
115 182
116 183
117 183
115 184
118 184
119 185
120 186
120 185
121 186
121 185
122 185
123 186
123 185
124 184
124 186
114 181
113 182
117 182
120 187
123 187
115 183
116 184
119 184
112 181
111 181
111 180
111 179
111 178
112 177
112 179
110 178
109 177
108 176
107 176
106 175
109 176
110 176
108 178
108 179
109 179
105 176
107 175
110 175
106 177
109 178
112 178
105 175
108 180
108 181
109 181
104 177
122 184
122 183
122 182
114 180
114 179
107 177
118 186
121 187
113 183
113 184
110 177
114 183
124 187
117 184
109 180
112 180
104 176
115 185
115 186
105 177
116 186
108 182
108 183
118 185
119 186
111 182
111 183
112 183
122 186
114 182
106 178
106 179
107 179
113 185
113 186
112 187
110 179
114 185
116 185
117 186
109 182
112 182
104 178
104 179
103 180
105 179
108 184
107 185
106 185
105 184
104 183
107 186
108 187
103 183
102 182
105 183
104 185
104 186
105 186
103 182
106 187
102 184
101 184
105 185
104 187
107 187
100 184
99 184
99 183
100 182
103 184
101 185
101 186
102 186
105 187
100 183
99 185
99 186
100 186
102 185
103 186
100 185
127 174
119 175
111 171
163 133
162 132
163 131
112 172
123 181
115 177
108 174
107 178
118 187
111 184
104 181
103 185
119 165
123 171
115 167
122 175
169 143
161 139
153 135
126 181
118 177
118 178
142 162
134 158
162 140
154 136
119 178
165 145
111 174
131 152
188 134
180 130
254 79
200 108
192 104
137 168
157 146
203 113
149 142
223 91
114 184
106 180
106 181
126 158
138 169
184 136
130 165
204 114
150 143
196 110
216 88
107 181
181 130
153 148
193 104
239 71
230 108
176 137
133 175
179 142
125 171
199 120
145 149
219 98
191 116
211 94
102 187
122 165
168 132
180 143
200 121
192 117
138 146
212 95
231 108
149 155
169 133
215 100
126 171
172 138
226 115
129 182
134 148
133 147
134 146
135 145
249 98
121 178
195 127
241 94
141 156
187 123
207 101
144 161
218 110
164 139
210 106
156 135
242 95
188 124
234 91
125 184
273 82
200 98
145 162
191 129
219 111
265 78
137 158
211 107
157 136
231 85
203 103
222 116
122 178
168 145
114 174
160 141
159 142
184 126
130 155
245 105
117 185
196 100
237 101
183 130
257 79
249 75
153 138
268 88
140 168
214 117
260 84
206 113
152 142
272 95
238 102
230 98
176 127
241 107
141 169
242 72
187 136
261 85
133 165
207 114
179 132
253 81
125 161
199 110
145 139
219 88
210 119
110 181
222 93
180 133
246 78
192 107
233 108
203 116
103 178
245 82
149 145
264 95
182 142
215 90
256 91
106 183
202 120
148 149
172 128
226 105
238 79
183 143
229 110
257 92
129 172
175 139
249 88
121 168
195 117
241 84
141 146
260 97
207 91
198 122
98 184
97 184
144 151
218 100
210 96
176 140
242 85
188 114
234 81
179 145
125 174
199 123
145 152
191 119
137 148
178 149
211 97
252 98
168 135
225 117
171 146
245 95
117 175
163 142
237 91
109 171
183 120
229 87
128 184
129 149
248 100
120 180
268 78
140 158
214 107
132 154
206 103
198 99
272 85
238 92
230 88
271 89
121 181
241 97
141 159
113 177
187 126
261 75
133 155
207 104
199 100
240 101
144 164
164 142
210 109
110 171
156 138
267 91
233 98
205 116
105 178
225 94
244 107
217 90
264 85
236 103
136 165
182 132
256 81
128 161
202 110
248 77
148 139
194 106
139 170
139 171
151 144
226 95
237 104
109 184
183 133
257 82
229 100
129 162
175 129
249 78
195 107
241 74
140 171
132 167
206 116
152 145
198 112
144 141
143 141
218 90
221 101
167 130
213 97
186 143
232 110
178 139
224 106
124 168
170 135
244 84
116 164
190 113
236 80
127 173
147 151
139 147
233 111
225 107
171 136
217 103
245 85
117 165
163 132
237 81
182 145
128 174
148 152
120 170
194 119
140 148
214 97
206 93
271 79
263 75
113 167
209 104
228 117
146 164
146 165
174 146
220 113
166 142
186 120
232 87
123 180
143 158
189 125
135 154
221 114
267 81
167 143
213 110
159 139
233 88
205 106
225 84
124 181
116 177
190 126
236 93
264 75
136 155
108 173
182 122
202 100
147 164
139 160
138 161
226 85
259 82
163 145
109 174
229 90
270 91
129 152
128 152
142 171
262 87
228 94
132 157
152 135
119 187
198 102
239 103
185 132
131 161
271 92
197 106
263 88
209 117
255 84
155 146
274 97
221 91
240 104
112 184
186 133
232 100
104 180
178 129
252 78
224 96
124 158
244 74
143 171
189 138
188 139
135 167
127 163
147 141
205 119
105 181
225 97
266 98
245 75
217 93
258 94
108 186
182 135
128 164
248 80
148 142
235 110
181 139
227 106
151 147
193 113
259 95
251 91
209 94
228 107
174 136
146 154
220 103
166 132
240 81
185 145
131 174
177 141
123 170
197 119
243 86
143 148
115 166
189 115
255 97
221 104
167 133
213 100
254 101
233 78
205 96
178 142
275 97
105 180
108 185
136 167
128 163
139 172
109 186
129 164
132 169
179 144
101 181
124 170
116 166
132 156
127 175
147 153
109 183
139 149
117 167
137 151
128 176
217 115
120 172
140 150
129 174
207 93
117 178
146 166
242 88
112 173
113 176
123 182
115 178
156 140
143 160
135 156
159 141
124 183
116 179
97 185
108 175
145 155
136 157
128 153
144 163
147 166
139 162
121 174
151 136
134 169
154 147
110 174
111 185
163 144
131 163
177 130
123 159
112 186
104 182
178 131
124 160
135 169
127 165
147 143
120 162
119 166
146 156
131 176
123 172
197 121
143 150
221 113
115 168
135 146
167 135
170 140
116 169
136 147
120 182
169 144
139 152
126 182
142 163
134 159
162 141
154 137
119 179
165 146
193 128
111 175
131 153
197 98
155 138
146 169
166 147
112 176
158 143
115 181
135 159
127 155
138 170
184 137
150 135
130 166
150 144
142 140
107 182
181 131
173 127
134 172
146 146
174 128
131 166
177 133
123 162
143 140
180 144
138 147
169 134
126 172
172 139
118 168
96 186
142 153
134 149
173 140
119 169
165 136
201 95
188 125
110 187
125 185
126 186
126 187
200 99
145 163
191 130
137 159
157 137
203 104
122 179
168 146
114 175
160 142
138 160
184 127
130 156
204 105
196 101
169 147
161 143
107 172
153 139
126 185
118 181
134 162
176 128
141 170
187 137
133 166
207 115
199 111
110 182
188 138
180 134
200 112
192 108
137 172
203 117
103 179
149 146
215 91
106 184
126 162
172 129
226 106
130 169
118 167
196 114
142 143
216 92
183 144
229 111
129 173
249 89
195 118
198 123
98 185
218 101
230 112
176 141
242 86
261 99
188 115
234 82
179 146
253 95
125 175
110 186
145 153
219 102
191 120
137 149
122 160
121 160
222 107
122 169
168 136
192 121
138 150
212 99
225 118
204 95
245 96
215 104
128 185
161 133
160 132
248 101
152 148
268 79
214 108
118 171
272 86
238 93
129 186
128 187
129 187
249 102
121 182
241 98
113 178
141 160
187 127
261 76
133 156
199 101
144 165
124 180
218 114
164 143
210 110
110 172
156 139
242 99
188 128
234 95
180 124
200 102
145 166
137 162
211 111
157 140
203 107
244 108
149 136
223 85
264 86
114 178
160 145
106 174
226 96
245 109
237 105
109 185
183 134
229 101
257 83
129 163
175 130
249 79
268 92
195 108
140 172
260 88
132 168
152 146
198 113
144 142
218 91
238 106
230 102
176 131
242 76
187 140
133 169
179 136
207 118
253 85
125 165
199 114
145 143
186 144
191 110
219 92
110 185
102 181
222 97
122 159
233 112
225 108
171 137
217 104
245 86
117 166
264 99
237 82
182 146
256 95
128 175
248 91
148 153
120 171
194 120
140 149
206 94
226 109
238 83
183 147
229 114
129 176
175 143
249 92
121 172
195 121
241 88
141 150
113 168
187 117
133 146
207 95
144 155
218 104
164 133
210 100
221 115
267 82
167 144
213 111
159 140
233 89
252 102
124 182
244 98
116 178
190 127
236 94
264 76
136 156
182 123
127 187
202 101
147 165
139 161
151 135
226 86
217 117
245 99
117 179
163 146
237 95
109 175
229 91
129 153
120 184
268 82
140 162
214 111
260 78
132 158
206 107
152 136
198 103
271 93
263 89
209 118
113 181
155 147
274 98
179 126
112 185
186 134
232 101
178 130
252 79
244 75
135 168
275 99
147 142
233 102
205 120
105 182
225 98
217 94
245 76
236 107
264 89
237 72
136 169
182 136
128 165
202 114
248 81
148 143
120 161
194 110
151 148
97 186
238 73
175 133
121 162
195 111
241 78
141 140
228 108
174 137
198 116
240 82
144 145
185 146
131 175
210 90
177 142
101 183
197 120
243 87
143 149
221 105
167 134
186 147
232 114
233 79
205 97
195 119
178 143
224 110
158 141
124 172
170 139
244 88
116 168
236 84
136 146
127 177
147 155
127 186
139 151
247 99
171 140
217 107
117 169
163 136
237 85
229 81
270 82
120 174
194 123
140 152
132 148
206 97
193 127
239 94
271 83
251 85
263 79
209 108
155 137
201 104
134 161
146 168
220 117
166 146
240 95
112 175
186 124
158 142
232 91
123 184
243 100
143 162
115 180
189 129
135 158
127 154
267 85
167 147
213 114
159 143
233 92
205 110
225 88
124 185
266 89
116 181
190 130
236 97
108 177
136 159
182 126
128 155
269 94
202 104
139 164
120 160
151 138
259 86
251 82
270 95
262 91
134 171
208 120
228 98
198 115
146 145
174 127
119 181
220 94
239 107
240 72
111 187
185 136
131 165
177 132
123 161
197 110
243 77
143 139
263 92
255 88
221 95
213 91
186 137
232 104
104 184
178 133
224 100
252 82
124 162
170 129
244 78
190 107
224 109
135 171
124 171
236 74
170 138
252 77
244 87
127 167
116 167
190 116
135 157
175 145
236 83
136 145
147 145
223 113
127 176
147 154
139 150
247 89
126 180
247 98
258 98
250 94
196 123
142 152
250 103
216 101
270 81
208 97
181 143
142 161
227 110
216 110
208 90
262 77
134 157
162 139
173 139
208 106
119 168
165 135
154 135
193 117
239 84
173 148
259 99
119 177
165 144
193 126
239 93
251 95
111 173
185 122
131 151
196 122
209 98
228 111
263 78
183 146
174 140
146 158
209 107
220 107
166 136
155 136
240 85
201 103
146 167
220 116
232 81
177 145
166 145
240 94
123 174
112 174
197 123
186 123
243 90
232 90
115 170
143 152
189 119
123 183
224 86
135 148
243 99
143 161
115 179
189 128
122 187
127 153
159 133
205 100
246 101
266 79
138 159
212 108
247 75
266 88
204 104
138 168
212 117
269 84
258 84
130 164
169 146
215 113
204 113
250 80
161 142
150 142
196 109
269 93
235 91
126 184
227 87
247 102
235 100
118 180
107 180
153 147
181 129
227 96
259 76
193 103
259 85
270 85
142 165
216 114
251 81
162 143
270 94
208 110
154 139
228 88
262 90
134 170
208 119
239 97
228 97
111 177
185 126
146 144
220 93
131 155
239 106
111 186
240 71
185 135
197 100
131 164
177 131
123 160
197 109
243 76
255 78
155 140
143 138
201 107
242 108
188 137
234 104
254 82
158 145
200 111
273 95
180 142
224 90
213 90
254 91
265 91
137 171
200 120
246 87
231 98
192 116
223 94
127 157
212 94
231 107
103 187
149 154
223 103
169 132
218 112
126 161
235 77
247 79
266 92
138 172
126 170
172 137
184 139
247 88
258 88
130 168
118 166
204 117
250 84
150 146
184 148
258 97
269 97
130 177
142 142
250 93
216 91
235 104
107 184
181 133
142 151
227 100
216 100
134 147
208 96
181 142
193 107
239 74
173 138
119 167
165 134
193 116
239 83
230 111
134 174
146 148
220 97
209 97
240 75
146 157
188 123
177 135
253 103
123 164
219 101
125 183
243 80
143 142
273 81
145 161
191 128
219 110
265 77
211 106
115 169
222 106
122 168
231 84
135 147
222 115
122 177
180 146
168 144
114 173
192 120
138 149
212 98
192 129
231 111
266 78
204 94
138 158
184 125
223 107
212 107
169 136
103 177
130 154
215 103
204 103
161 132
223 116
269 83
169 145
215 89
215 112
126 174
161 141
172 141
235 90
114 186
118 170
153 137
227 86
126 183
226 118
118 179
196 126
272 94
142 155
216 104
129 185
162 133
134 151
208 100
249 101
142 164
134 160
173 142
208 109
119 171
154 138
165 138
239 87
141 168
187 135
261 84
207 113
111 176
218 113
131 154
197 99
210 118
110 180
188 127
234 94
180 123
125 187
188 136
234 103
200 101
145 165
219 114
254 81
137 161
211 110
273 94
200 110
246 77
157 139
231 88
265 90
137 170
211 119
122 181
231 97
203 115
114 177
160 144
149 144
223 93
106 173
246 104
106 182
138 162
126 160
184 129
130 158
204 107
138 171
150 136
184 138
269 87
196 103
130 167
204 116
250 83
161 145
150 145
235 94
196 112
107 174
142 141
181 123
153 141
216 90
227 90
268 91
107 183
118 183
227 99
173 128
272 98
193 106
239 73
238 105
230 101
176 130
230 110
146 138
242 75
187 139
176 139
261 88
133 168
179 135
253 84
242 84
125 164
261 97
199 113
218 103
234 80
145 142
144 154
191 109
219 91
125 173
199 122
110 184
145 151
191 118
102 180
137 147
211 96
222 96
188 140
222 105
234 107
122 167
168 134
180 136
254 85
200 114
180 145
192 110
265 94
246 90
231 101
192 119
203 119
103 181
149 148
138 148
223 97
212 97
264 98
204 93
223 106
95 186
106 186
169 135
215 102
126 164
172 131
235 80
126 173
268 77
172 140
118 169
226 117
142 145
238 82
272 84
257 95
129 175
175 142
238 91
249 91
121 171
195 120
230 87
241 87
129 184
141 149
249 100
260 100
187 116
121 180
207 94
241 96
141 158
133 154
207 103
164 132
210 99
199 99
230 114
176 143
164 141
210 108
110 170
156 137
188 117
234 84
179 148
253 97
242 97
125 177
188 126
234 93
191 122
125 186
200 100
145 164
219 113
265 80
203 96
137 160
211 109
122 171
168 138
157 138
231 87
203 105
114 167
160 134
222 118
122 180
168 147
264 84
114 176
160 143
138 152
184 119
130 148
204 97
245 98
217 116
226 94
183 123
245 107
117 187
196 102
237 103
248 103
120 183
183 132
229 99
257 81
140 161
129 161
175 128
249 77
260 77
268 90
206 106
140 170
241 73
132 166
206 115
152 144
238 95
272 97
144 140
238 104
121 184
241 100
113 180
141 162
176 129
187 129
261 78
133 158
241 109
242 74
141 171
187 138
199 103
144 167
133 167
218 116
179 134
207 116
253 83
125 163
164 145
210 112
199 112
156 141
145 141
219 90
191 108
222 86
110 183
102 179
222 95
234 97
275 98
180 126
267 94
200 104
137 164
233 101
192 109
203 109
233 110
244 110
149 138
223 87
264 88
225 106
136 168
171 135
245 84
106 176
202 113
237 80
182 144
256 93
128 173
248 89
148 151
214 96
226 98
237 107
109 187
238 72
183 136
229 103
257 85
129 165
175 132
249 81
121 161
183 145
257 94
195 110
175 141
121 170
132 170
206 119
241 86
141 148
187 115
260 99
144 144
218 93
198 124
98 186
210 89
144 153
230 104
101 182
176 133
164 131
210 98
242 78
133 171
179 138
125 167
188 116
234 83
145 145
219 94
186 146
125 176
267 80
167 142
211 90
252 91
191 121
102 183
137 150
233 87
222 99
252 100
224 118
122 161
170 147
203 95
244 96
190 125
127 185
160 133
147 163
225 110
171 139
245 88
217 106
117 168
163 135
237 84
226 84
182 148
245 97
117 177
128 177
248 93
109 173
148 155
120 173
194 122
183 122
229 89
128 186
129 151
140 151
248 102
132 147
206 96
140 160
226 111
238 85
198 101
229 116
230 81
129 178
241 90
230 90
113 170
141 152
271 91
187 119
121 183
133 148
263 87
113 179
187 128
274 96
144 157
133 157
218 106
164 135
199 102
240 103
143 170
222 85
