626 558
625 557
627 559
626 560
626 556
627 555
627 561
626 559
628 556
627 558
629 555
626 562
628 559
629 558
628 562
629 561
630 560
631 561
632 560
633 561
624 558
623 557
634 560
635 559
636 560
637 559
637 558
630 557
631 558
632 557
633 556
638 560
625 560
624 561
630 556
623 562
622 561
621 560
622 559
620 561
619 562
626 561
628 558
627 560
629 557
620 563
633 557
624 563
625 562
630 558
622 563
626 554
627 553
626 552
623 564
626 563
628 560
627 562
629 559
631 562
630 563
633 559
624 556
625 555
624 554
624 565
625 564
622 556
628 553
629 552
628 551
623 566
618 561
617 560
616 559
617 558
616 557
617 556
618 555
619 555
618 557
620 554
619 553
620 552
621 553
622 552
622 554
615 560
614 560
618 559
620 556
616 561
618 552
617 553
615 562
614 562
631 555
630 553
616 563
621 562
632 562
635 561
623 559
628 555
627 557
618 554
629 554
620 551
618 563
629 563
631 557
619 564
633 563
633 564
624 560
634 562
625 559
614 559
613 558
614 557
613 556
616 556
622 551
623 550
622 549
624 551
624 552
632 555
621 555
623 552
626 551
621 564
623 561
637 560
613 560
615 557
629 556
618 556
620 553
631 559
619 557
620 558
624 553
625 552
633 565
624 562
614 561
625 561
616 558
621 548
620 549
621 557
623 554
626 553
627 552
623 563
622 565
615 559
618 558
619 550
617 562
619 559
633 558
624 555
634 557
625 554
625 563
616 560
621 550
630 562
632 559
621 559
623 556
635 558
622 558
627 554
629 551
623 565
615 561
627 563
636 559
617 555
631 554
619 552
619 561
631 563
633 560
620 560
634 559
625 556
614 556
630 555
621 552
623 549
632 561
621 561
623 558
622 560
613 557
627 556
618 553
615 563
628 557
617 557
631 556
619 554
619 563
620 562
634 561
621 554
632 554
623 551
622 553
632 563
621 563
623 560
622 562
613 559
615 556
617 559
619 556
633 555
620 555
625 551
620 564
634 563
624 564
621 547
630 559
632 556
621 556
623 553
622 555
627 551
621 565
622 564
613 561
615 558
626 555
628 552
617 561
628 561
631 560
619 558
629 560
618 560
620 557
634 556
625 553
624 557
630 552
624 566
621 549
622 548
616 562
630 561
621 558
632 558
623 555
622 557
636 558
635 560
626 557
617 554
628 554
619 551
631 553
629 553
620 550
617 563
628 563
619 560
629 562
618 562
620 559
634 558
624 550
625 558
614 558
633 562
624 559
616 555
630 554
621 551
622 550
