407 414
407 415
408 416
409 415
406 413
410 416
405 414
406 415
406 412
405 411
407 411
407 417
406 418
405 417
404 412
403 413
404 418
404 415
403 416
402 415
408 415
409 414
410 413
411 414
412 413
413 412
408 412
409 411
408 418
409 418
410 415
409 417
410 412
411 411
414 413
402 414
413 414
405 413
402 417
405 416
407 413
406 411
406 417
407 410
405 419
407 416
406 414
412 415
411 413
412 412
411 416
403 415
404 414
403 418
404 417
409 413
408 411
409 410
409 416
408 414
410 411
410 417
408 417
410 414
413 413
414 412
402 416
405 412
405 418
405 415
407 412
407 418
406 416
412 411
406 419
411 415
412 414
404 413
411 412
404 416
403 414
404 419
403 417
408 413
409 412
408 410
