145 108
145 107
146 106
147 107
147 108
144 108
148 108
146 105
146 108
145 106
147 109
145 109
147 106
144 107
144 110
143 108
142 107
141 108
140 107
139 108
143 111
149 107
150 108
151 107
142 110
152 108
152 109
151 110
153 107
154 106
153 105
152 104
141 111
152 111
151 109
147 105
146 107
143 110
144 109
154 104
155 103
154 102
155 101
156 101
157 100
156 99
157 98
158 99
159 98
159 100
145 110
146 109
150 109
149 110
152 106
141 106
155 105
156 106
157 107
158 106
159 105
156 108
159 107
157 109
158 108
160 105
156 110
155 110
154 109
154 111
155 112
154 113
157 102
158 101
143 112
155 114
156 115
153 114
152 113
152 115
144 111
158 110
160 107
138 107
137 106
136 105
135 104
136 103
137 102
134 103
138 103
137 104
135 106
138 105
136 107
139 103
140 102
139 101
140 100
139 99
133 102
132 103
138 98
137 97
136 96
137 95
136 94
138 94
135 97
138 96
136 98
139 94
140 93
134 98
135 99
135 108
148 111
147 112
149 112
131 104
132 105
130 103
156 103
136 100
151 116
150 116
137 99
154 115
139 96
156 112
157 112
158 113
159 114
158 115
160 114
161 113
162 113
160 112
163 114
162 115
161 116
161 117
162 117
164 114
163 116
165 113
164 112
140 94
165 111
164 116
145 112
137 108
138 100
160 100
130 105
130 106
148 104
149 105
148 113
149 114
163 111
140 109
141 101
152 110
141 110
133 106
144 106
156 98
137 94
156 107
137 103
159 109
160 110
151 104
129 104
140 104
163 115
151 113
152 105
141 105
133 101
152 114
155 116
156 117
156 102
137 98
159 104
147 111
159 113
148 103
148 112
151 108
163 110
140 108
132 104
151 117
151 118
152 119
152 120
141 109
133 105
144 105
155 102
166 111
155 111
158 116
137 93
159 99
136 97
167 112
167 113
136 106
159 108
139 102
159 117
159 118
160 119
148 107
140 103
129 103
128 102
151 103
140 112
140 113
141 114
141 115
139 111
138 110
151 112
151 121
151 122
151 123
152 124
162 118
163 119
163 120
163 121
164 121
133 100
132 99
155 106
168 114
143 104
158 102
143 113
144 114
144 115
144 116
145 117
155 115
135 109
158 111
136 101
159 103
139 97
147 110
136 110
136 111
137 112
137 113
159 112
139 106
148 102
147 101
129 107
129 108
129 109
130 110
128 106
162 122
162 123
163 124
163 125
166 110
165 109
143 117
143 118
144 119
144 120
145 121
128 101
147 114
147 115
148 116
148 117
148 118
149 119
147 119
147 120
148 121
148 122
146 119
146 114
136 114
136 115
136 116
137 117
135 113
139 110
128 110
128 111
129 112
129 113
127 109
126 108
125 107
126 107
125 106
125 105
124 104
151 102
152 101
152 100
153 121
132 98
131 111
132 112
133 111
133 110
132 109
132 113
132 114
133 115
133 116
132 108
132 117
132 118
133 119
133 120
131 116
130 115
162 126
162 127
161 125
165 122
165 123
166 124
167 123
167 122
166 125
167 126
167 127
167 121
166 120
166 119
167 118
167 117
166 116
166 115
165 118
166 128
165 128
165 127
154 122
154 123
155 124
155 125
156 126
146 118
143 103
144 102
145 103
144 101
166 114
124 108
124 109
125 110
125 111
125 112
126 112
124 113
143 121
143 122
142 121
141 120
141 119
140 118
140 117
139 116
140 121
139 121
140 122
140 123
141 124
139 120
138 119
139 115
139 124
139 125
140 126
140 127
140 128
141 129
141 128
139 129
139 130
140 131
140 132
141 133
139 133
139 134
138 133
139 119
142 130
143 131
143 132
144 133
144 134
135 117
135 118
136 119
136 120
158 119
158 120
158 121
159 122
159 123
158 124
158 125
159 126
159 127
159 128
158 129
158 130
159 131
127 113
127 114
128 115
128 116
129 117
129 118
128 119
128 120
128 121
129 122
129 123
130 124
128 124
128 125
129 126
129 127
129 128
128 129
128 130
129 131
129 132
127 128
127 123
131 125
127 118
126 117
125 116
125 115
127 127
126 126
125 125
125 124
124 123
124 122
125 121
126 121
125 120
123 121
124 117
124 118
123 116
122 115
121 114
122 114
121 113
120 112
120 111
121 112
120 115
119 114
118 113
118 112
117 111
120 116
121 117
121 118
121 119
122 119
120 120
120 121
121 122
121 123
122 124
117 110
116 109
120 124
120 125
120 126
121 127
121 128
122 128
120 129
120 130
121 131
121 132
121 133
122 133
120 134
120 135
121 136
121 137
119 128
123 125
123 134
123 135
124 126
124 127
124 128
125 129
125 130
124 131
124 132
123 130
127 122
157 123
168 123
147 100
127 131
127 132
127 133
136 109
138 128
160 128
139 105
128 105
127 104
126 103
125 102
126 102
125 101
150 102
139 114
130 133
131 134
132 133
133 134
132 132
132 131
131 130
131 129
132 128
133 129
132 127
169 115
120 110
121 109
122 110
122 109
121 108
121 107
122 106
122 105
121 104
120 107
121 103
120 102
120 106
119 105
118 104
118 103
117 102
168 121
117 101
116 100
169 120
170 121
171 120
171 119
170 118
170 122
170 123
171 124
171 125
170 117
171 116
171 115
171 114
170 113
170 126
170 112
171 111
171 110
170 109
169 110
168 109
167 108
170 108
167 107
166 106
169 125
170 107
171 106
171 105
170 104
170 103
169 111
172 116
172 125
173 117
173 118
174 119
174 120
173 121
173 122
173 123
174 124
174 125
174 123
175 122
173 126
166 105
167 104
167 103
167 102
166 101
165 104
164 103
163 102
164 102
163 101
163 100
117 105
117 106
118 107
118 108
117 107
116 104
169 106
120 101
120 100
119 100
118 99
118 98
121 100
122 101
122 100
121 99
121 98
161 111
150 111
172 111
169 124
161 120
172 120
150 120
153 116
142 116
161 129
161 130
162 131
163 130
164 130
163 129
134 112
168 105
119 123
118 122
117 121
117 120
116 119
117 118
118 117
118 116
117 116
117 115
116 114
116 118
117 119
116 113
115 112
114 111
114 110
121 106
113 109
113 108
113 107
114 106
113 105
114 105
113 104
113 103
114 102
114 101
113 100
114 100
113 99
112 107
116 122
116 123
117 124
117 125
118 126
117 126
116 127
116 128
117 129
117 130
118 131
115 126
115 121
114 120
113 119
114 119
113 118
113 117
112 116
162 130
172 126
116 131
116 132
116 133
117 134
118 135
117 135
116 136
117 137
118 137
116 137
115 135
114 135
113 136
112 136
113 137
112 135
111 134
110 133
110 132
109 131
110 131
109 130
108 129
109 128
110 127
113 106
109 126
119 137
111 133
112 134
142 134
139 98
158 122
113 133
114 133
113 132
162 112
161 99
130 113
110 126
111 125
134 130
154 108
146 104
165 117
131 124
123 120
135 94
116 135
163 113
132 123
116 117
115 116
157 118
136 95
127 126
151 105
114 115
133 124
133 125
113 114
114 114
160 123
139 100
126 130
150 115
115 114
151 114
132 122
131 121
109 125
108 124
108 123
109 124
142 111
161 124
134 107
153 120
119 127
146 117
112 124
113 124
114 124
111 123
123 133
115 129
135 107
122 137
127 103
168 104
138 118
157 131
156 130
155 129
154 128
130 114
169 105
161 101
161 102
107 130
107 131
172 110
119 104
142 124
162 102
134 120
175 121
165 107
112 101
111 101
131 114
123 110
164 111
115 106
176 122
138 95
157 108
149 104
168 117
160 113
126 120
138 131
137 131
137 130
130 127
150 105
142 101
161 114
134 97
153 110
119 117
107 122
125 133
145 111
164 124
137 107
169 116
110 123
106 130
176 120
122 127
147 122
114 129
114 123
138 108
157 121
156 121
156 120
155 119
154 118
130 104
108 121
109 121
110 121
149 117
160 126
107 120
106 120
126 133
118 129
134 110
141 118
133 114
144 123
144 124
123 100
164 101
110 130
122 104
145 124
137 120
168 107
114 136
160 103
126 110
144 125
118 106
130 117
145 126
146 127
171 118
129 121
153 100
140 130
119 107
132 126
175 124
141 131
133 127
125 123
122 117
164 107
114 113
167 125
163 107
159 121
128 133
147 102
170 119
172 121
153 118
119 111
106 129
136 130
113 128
110 122
146 124
155 130
147 125
163 106
113 127
105 128
147 124
163 105
154 131
153 130
118 119
163 127
121 130
113 126
133 104
152 117
125 100
144 113
110 120
155 128
145 114
137 110
114 126
106 122
147 123
126 100
171 108
163 104
111 119
110 118
109 133
129 111
148 124
140 120
132 116
152 129
152 128
151 127
152 127
151 129
141 121
133 117
174 118
125 113
144 126
164 104
177 123
156 100
143 130
122 107
114 103
167 115
128 132
160 124
175 117
159 111
144 129
170 120
117 114
128 123
159 110
162 100
148 126
148 127
149 127
148 110
114 130
168 124
130 125
113 123
110 117
106 119
123 122
116 125
136 129
135 128
165 110
151 126
177 120
155 120
143 127
105 119
104 119
103 120
135 127
136 128
105 118
150 125
104 120
136 127
148 101
120 119
139 132
151 106
127 121
104 118
103 119
102 118
102 117
101 116
101 119
100 117
99 117
99 116
102 116
103 115
102 114
103 114
103 117
171 121
163 117
129 124
121 120
140 133
113 116
132 129
152 107
144 103
155 118
166 127
158 123
137 100
124 130
116 126
136 104
147 113
139 109
159 124
117 127
109 123
129 101
148 114
120 132
99 118
140 110
130 101
98 116
131 101
131 122
115 127
102 113
109 116
132 106
151 119
101 118
113 129
154 130
151 115
127 111
98 115
113 113
101 120
101 121
133 107
124 129
102 122
146 126
125 103
102 123
166 104
103 124
112 133
102 119
143 120
135 115
115 123
113 122
154 132
146 128
147 129
112 121
147 130
135 116
155 131
148 131
148 132
167 105
159 101
105 130
135 103
127 101
148 109
102 112
103 111
104 110
170 110
117 104
136 117
128 113
147 126
120 109
139 122
103 110
102 109
129 114
142 133
121 110
162 111
102 108
103 107
104 107
105 108
106 107
107 108
107 107
106 109
106 110
107 110
102 106
103 105
102 104
101 106
100 105
99 104
100 104
103 104
99 106
132 119
173 120
165 116
131 123
155 108
174 121
166 117
105 107
124 120
143 133
116 116
135 129
127 125
147 103
117 117
128 126
120 122
161 123
98 103
97 103
97 102
101 108
162 124
154 120
146 116
112 123
123 132
115 128
155 121
127 102
158 126
105 120
124 133
116 129
157 130
108 125
128 103
147 116
120 99
139 112
150 127
142 123
134 119
162 101
153 132
173 110
165 106
131 113
96 104
95 103
94 103
94 102
123 109
155 98
146 129
166 107
158 103
124 110
107 126
143 123
116 106
106 125
135 119
127 115
138 130
103 106
95 102
100 107
126 104
106 111
96 103
107 112
107 113
108 113
106 112
108 112
109 111
110 110
109 113
130 126
150 104
169 117
153 109
172 122
119 116
162 114
154 110
165 119
112 113
111 113
131 126
104 109
115 118
135 96
111 110
110 109
110 108
112 111
105 110
111 111
110 113
160 111
106 106
106 124
99 103
138 124
174 111
175 111
94 101
109 112
157 128
98 102
101 107
110 112
138 106
106 105
107 104
107 103
108 103
108 102
109 101
109 103
157 120
108 115
149 116
160 125
126 132
118 128
97 105
150 117
142 113
106 102
161 126
134 109
153 122
110 104
111 103
100 116
119 129
131 103
111 105
106 101
107 100
123 99
124 98
124 97
112 126
145 123
124 100
115 131
125 97
126 98
126 97
152 123
110 103
114 134
109 107
98 106
101 111
100 110
125 96
110 107
174 110
102 103
105 123
108 119
160 115
108 128
109 102
137 118
147 128
109 120
109 129
150 130
151 131
151 132
142 126
122 134
162 104
134 131
135 132
136 133
136 134
98 119
98 120
98 121
99 122
99 123
97 118
96 117
134 132
104 122
95 116
127 105
152 103
98 122
94 117
101 115
103 125
154 127
110 102
146 123
112 130
104 126
177 119
178 118
178 117
177 116
105 100
143 126
105 109
108 105
135 131
108 114
105 127
108 132
97 104
109 106
109 115
98 105
134 126
162 108
101 110
131 120
104 112
112 125
104 121
124 99
115 130
105 104
105 113
105 114
106 115
106 116
107 117
135 126
136 125
136 124
135 123
136 122
153 117
137 122
135 122
108 109
105 122
108 118
108 127
149 128
109 110
97 117
150 129
142 125
153 125
100 119
162 103
134 121
119 132
154 99
173 112
173 113
174 114
174 115
111 128
101 105
131 106
165 108
162 121
123 102
112 102
154 117
131 115
146 113
123 111
165 126
154 126
115 107
112 120
146 122
176 123
131 133
104 116
155 100
166 100
167 99
168 100
169 99
167 98
165 99
146 131
146 132
146 133
145 122
112 129
123 129
104 125
143 107
115 125
158 105
124 103
115 134
143 116
116 99
115 98
127 99
105 99
135 112
124 112
116 108
127 108
135 121
108 104
127 117
105 117
168 118
138 114
157 127
108 122
149 123
138 123
128 100
129 99
117 100
169 101
130 119
138 132
149 132
130 128
120 105
150 106
161 106
172 106
173 105
169 119
142 102
153 102
172 115
161 115
119 109
153 111
150 124
172 124
142 120
119 118
100 114
99 113
99 112
98 111
97 112
96 111
134 116
111 114
142 129
153 129
100 123
134 125
162 107
119 136
165 103
154 103
134 134
111 132
173 116
131 110
165 112
154 112
123 106
112 106
165 121
131 119
115 102
112 115
123 115
176 118
131 128
104 111
115 111
123 124
164 125
143 102
115 120
135 98
158 100
104 129
103 129
145 130
106 121
124 107
137 126
93 101
92 101
105 103
104 102
116 103
157 104
116 112
127 112
168 113
157 113
108 108
138 109
149 109
160 109
168 122
157 122
108 117
149 118
126 116
160 118
139 95
126 125
138 127
160 127
118 121
130 123
107 121
150 101
118 130
169 114
130 132
150 110
161 110
169 123
142 106
153 106
150 119
161 119
172 119
134 102
119 113
142 115
153 115
161 128
134 111
111 109
153 124
119 122
111 118
100 118
119 131
165 98
134 129
111 127
131 105
154 107
123 101
146 103
115 97
133 133
112 110
146 112
104 106
112 119
123 119
164 120
115 115
104 115
145 116
156 116
179 118
180 118
135 95
181 117
180 116
135 93
135 92
164 129
104 124
115 124
145 125
122 123
156 125
135 102
137 121
116 98
127 98
122 132
157 99
168 99
114 128
168 108
114 137
160 104
138 104
157 117
130 100
149 113
138 113
126 111
157 126
168 126
130 109
160 122
138 122
149 122
107 116
96 116
169 100
130 118
149 131
126 129
160 131
107 125
118 125
169 109
99 121
161 105
172 105
118 134
119 99
153 101
172 114
150 114
119 108
111 104
134 106
153 119
142 119
134 115
100 113
175 116
119 126
134 124
100 122
111 122
175 125
141 123
131 100
111 131
141 132
152 132
131 109
133 128
144 128
123 105
112 105
164 106
104 101
115 101
145 102
176 117
164 115
115 110
156 111
122 118
145 120
137 116
145 129
156 129
137 125
103 123
122 136
157 103
168 103
137 134
114 132
160 99
138 99
168 112
106 128
160 108
149 108
126 106
96 102
107 102
118 102
138 117
126 115
160 117
107 111
118 111
149 126
126 124
138 126
130 122
118 120
169 104
171 123
161 100
107 129
130 131
148 130
172 109
163 128
142 105
119 103
134 101
160 101
119 112
111 108
100 108
111 117
175 120
152 118
141 127
133 123
112 100
125 119
133 132
144 132
125 128
164 110
115 105
164 119
176 121
145 115
179 117
122 113
164 128
137 111
114 109
103 109
122 122
156 124
103 118
114 118
145 133
122 131
106 114
168 98
114 127
137 129
106 123
126 101
149 103
168 116
130 99
138 112
130 108
96 106
107 106
171 109
160 121
126 119
107 115
118 115
126 128
99 111
118 124
107 124
171 127
148 125
99 120
163 123
118 133
151 130
129 130
121 126
100 103
141 104
121 135
100 112
111 112
175 115
141 113
113 131
133 109
141 122
152 122
133 118
144 118
110 116
152 131
125 114
144 127
110 125
102 121
164 105
110 134
122 99
125 132
122 108
164 123
114 104
145 119
156 119
106 100
137 115
103 113
167 116
156 128
122 126
137 124
103 122
114 122
122 135
95 118
94 119
95 120
93 120
93 121
122 111
92 119
93 119
96 121
92 118
95 119
96 120
168 102
106 118
114 131
106 127
159 130
126 105
107 101
118 101
171 104
126 114
117 133
118 110
171 113
163 109
96 119
107 119
171 122
148 120
99 115
140 116
163 118
129 116
148 129
129 125
137 127
140 125
151 125
132 121
121 121
140 134
132 130
175 110
144 104
113 135
141 117
175 119
133 113
110 111
141 126
152 126
125 109
102 107
144 122
133 122
125 118
164 100
133 131
110 129
123 128
144 131
146 130
125 127
164 109
122 103
145 105
94 121
156 105
137 101
115 133
114 99
156 114
122 112
114 108
103 108
167 111
122 121
106 104
95 104
137 119
114 117
167 120
168 97
106 113
159 116
149 101
170 116
138 93
159 125
170 125
136 123
106 131
147 132
136 132
126 109
117 128
139 128
128 128
96 105
107 105
118 105
148 106
129 102
120 133
148 115
171 117
140 111
151 111
171 126
132 107
95 121
129 120
163 122
151 120
121 116
129 129
163 131
140 129
113 112
121 125
132 125
141 103
113 121
132 134
121 134
133 99
113 130
141 112
152 112
125 95
126 94
125 93
126 93
126 92
110 106
138 101
133 108
152 121
125 104
144 117
110 115
102 111
110 124
133 126
102 120
125 122
91 120
90 121
89 121
88 120
91 121
90 119
166 123
155 123
122 98
94 116
125 131
155 132
137 96
167 97
158 128
137 105
103 103
167 106
122 116
159 102
170 102
171 101
171 100
103 112
114 112
106 108
170 111
167 124
95 117
106 117
147 118
159 120
136 118
128 114
159 129
147 127
117 123
139 123
118 100
171 103
109 119
117 132
171 112
120 128
99 105
163 108
129 106
140 106
148 119
120 137
132 102
121 102
129 115
140 115
148 128
132 111
121 111
163 126
140 124
151 124
132 120
98 118
129 133
101 114
121 129
113 125
141 107
101 123
110 101
133 103
113 134
152 116
125 99
133 112
144 112
174 113
125 108
155 109
166 109
110 119
174 122
102 115
125 117
177 118
166 118
158 114
102 124
143 125
155 127
94 120
122 102
124 121
114 98
143 134
167 101
135 130
114 107
167 110
105 126
106 103
147 104
120 123
170 106
159 106
167 119
140 92
178 119
170 115
136 113
108 131
159 115
117 109
128 109
170 124
109 105
128 118
139 118
147 131
136 131
109 114
120 114
139 127
128 127
97 121
171 107
148 105
117 136
151 101
140 101
163 103
109 132
129 110
163 112
148 123
98 104
129 119
140 119
113 102
132 115
121 115
162 116
151 128
101 109
113 111
132 124
121 124
162 125
173 125
152 102
141 102
113 120
154 121
133 98
125 94
110 105
155 104
110 114
174 117
102 110
155 113
166 113
174 126
158 109
91 119
155 122
166 122
158 118
124 116
143 129
105 112
167 96
135 125
124 125
158 127
105 121
116 121
135 134
124 134
170 101
136 99
127 130
116 130
167 114
136 108
108 126
128 104
139 104
159 119
147 117
139 113
117 113
136 126
109 109
117 122
128 122
120 118
148 100
97 116
109 118
171 102
117 131
128 131
139 131
120 127
109 127
150 128
140 105
129 105
120 136
121 101
132 101
140 114
132 110
173 111
101 104
98 117
162 120
101 113
113 115
154 116
162 129
101 122
154 125
165 125
146 121
125 98
131 132
155 99
166 99
174 112
112 128
102 105
143 106
166 108
158 104
124 102
177 117
143 115
155 117
124 111
135 111
155 126
166 126
143 124
116 107
127 107
135 120
105 116
167 100
127 116
158 131
105 125
167 109
170 105
116 134
117 99
128 99
170 114
108 130
136 112
117 108
128 108
147 121
136 121
109 104
120 104
128 117
139 117
169 118
120 113
97 111
139 126
109 122
97 120
172 123
150 123
129 100
120 131
150 132
142 128
153 128
121 105
162 106
173 106
113 101
119 135
165 102
98 112
134 133
116 102
173 115
113 110
173 124
101 117
131 118
165 120
112 114
123 114
154 129
131 127
123 123
146 125
166 103
115 119
143 101
174 116
112 132
166 112
104 128
124 106
135 124
115 137
143 119
166 121
105 102
124 115
158 117
143 128
116 111
105 111
124 124
108 107
127 120
116 120
135 133
170 100
108 116
127 129
105 129
117 103
117 112
128 112
169 113
97 106
120 108
109 108
161 109
169 122
109 117
120 117
161 118
172 118
150 118
142 114
161 127
172 127
89 120
153 123
119 121
132 100
142 132
119 130
111 126
134 128
162 110
101 103
162 119
173 119
146 102
101 112
165 115
162 128
146 111
112 109
154 124
165 124
104 105
123 118
146 120
112 118
131 131
166 98
104 114
123 127
112 127
104 123
155 107
143 105
124 101
135 101
115 132
143 114
135 110
158 112
105 106
127 124
127 106
124 119
116 115
105 115
157 116
136 93
108 111
137 133
116 124
105 124
157 125
168 125
136 102
108 120
138 121
149 121
117 98
160 130
149 130
128 107
139 107
169 108
120 103
161 104
172 113
150 113
169 126
142 109
97 119
161 122
150 122
134 105
142 118
150 131
161 131
134 114
119 125
142 127
153 127
111 121
162 105
100 121
134 123
119 134
154 101
165 101
131 99
111 130
173 114
131 108
112 104
123 104
154 119
131 117
115 100
123 113
146 115
176 116
115 109
112 122
176 125
166 102
112 131
123 131
158 98
143 109
104 127
145 128
124 105
135 105
158 107
115 136
116 101
105 101
135 114
124 114
127 110
116 110
157 111
168 111
108 106
127 119
93 117
168 120
160 116
138 116
157 129
130 112
126 123
138 125
149 125
130 121
169 103
138 134
107 128
169 112
130 130
161 108
169 121
119 102
142 104
153 104
172 117
134 100
153 113
150 126
111 107
119 120
142 122
161 121
111 116
134 118
153 131
114 125
142 131
134 127
162 109
92 121
154 105
119 124
165 105
146 101
165 114
154 114
131 112
123 108
146 110
112 108
104 104
115 104
123 117
112 117
164 118
104 113
115 113
123 126
164 127
150 103
115 122
156 123
135 100
145 132
122 130
137 128
93 103
105 105
116 105
168 106
157 106
108 101
149 102
160 102
138 102
180 117
168 115
157 115
108 110
138 111
149 111
157 124
130 107
126 118
160 120
149 120
138 120
130 116
107 114
118 114
160 129
138 129
149 129
126 127
169 107
118 123
107 123
161 103
99 119
118 132
161 112
150 112
172 112
119 106
142 108
153 108
150 121
111 102
134 104
119 115
142 117
134 113
100 111
153 126
134 122
100 120
111 120
175 123
119 133
154 100
165 100
111 129
141 130
152 130
131 107
123 103
112 103
115 99
123 112
112 112
164 113
115 108
104 108
156 109
176 124
164 122
115 117
104 117
156 118
145 118
124 95
137 114
156 127
122 125
145 127
114 121
103 121
137 123
127 100
157 101
168 101
137 132
138 97
157 110
168 110
106 126
149 106
160 106
168 119
157 119
130 102
126 113
149 115
138 115
118 109
107 109
130 111
126 122
149 124
130 120
118 118
169 102
107 118
96 118
126 131
99 114
130 129
107 127
118 127
161 107
150 107
118 136
153 103
119 101
142 103
134 99
119 110
142 112
153 112
100 106
134 108
111 106
119 119
100 115
111 115
134 117
141 116
175 118
164 99
111 124
110 128
141 125
152 125
131 102
92 120
144 121
133 121
123 98
141 134
133 130
144 130
123 107
164 108
125 126
115 103
104 103
156 104
145 104
164 117
176 119
145 113
156 113
164 126
137 109
156 122
122 120
103 116
114 116
156 131
145 131
157 105
122 129
126 99
157 114
106 86
107 85
105 87
105 88
106 88
104 87
103 88
107 88
108 87
106 87
109 87
102 88
101 87
100 86
109 86
110 87
102 86
99 87
104 89
104 90
105 91
106 90
107 91
103 87
106 89
103 90
109 85
100 85
101 84
100 83
102 85
108 89
105 90
107 87
108 86
107 90
101 86
106 91
109 84
100 84
100 87
102 87
104 91
109 83
105 86
105 89
107 86
99 86
98 85
97 85
96 85
97 84
98 83
97 82
96 83
98 82
95 85
97 81
98 81
96 81
95 81
98 84
96 80
98 86
108 85
97 86
99 82
107 89
97 83
108 88
99 85
103 89
104 88
96 82
