744 685
744 686
745 686
746 685
747 685
748 685
743 684
742 685
743 687
748 686
747 687
747 684
748 683
749 687
750 686
751 685
749 684
750 683
741 686
743 683
744 682
742 682
741 683
740 684
739 683
745 683
746 682
738 684
751 684
752 683
742 687
743 686
742 684
753 684
753 685
754 683
744 687
746 686
744 684
747 683
748 682
747 686
750 685
739 685
749 683
741 685
754 684
749 686
740 683
752 685
740 686
754 685
745 682
746 687
745 685
746 684
738 683
751 683
751 686
743 685
742 683
742 686
744 683
749 682
748 684
747 682
749 685
748 687
739 684
750 684
740 685
741 684
752 684
746 683
745 687
738 685
753 683
745 684
743 682
