575 207
575 206
576 206
577 207
578 207
579 207
577 206
574 207
580 208
579 206
580 205
579 209
573 208
572 207
571 208
576 207
578 210
577 209
576 210
575 209
574 210
573 211
574 212
574 213
575 212
573 214
572 213
572 212
571 211
571 214
576 213
581 209
572 206
571 205
572 215
575 211
577 208
579 211
580 210
571 207
571 216
573 213
578 212
581 211
572 208
574 205
573 204
574 203
573 202
575 202
576 201
575 200
576 203
575 204
577 201
572 217
570 217
569 216
568 215
569 214
569 218
575 213
577 210
579 204
579 213
580 212
571 209
582 209
583 208
582 207
583 206
582 205
584 207
573 206
571 218
573 215
581 204
572 201
571 200
572 199
571 198
572 197
573 197
574 196
573 195
574 198
575 197
578 214
577 215
567 214
566 215
565 216
566 217
565 218
564 218
563 219
562 220
561 219
561 221
564 220
562 222
563 221
564 222
560 218
559 217
560 216
563 223
565 220
581 213
582 214
583 213
584 212
583 215
584 214
582 216
581 216
580 217
579 218
578 219
581 218
579 220
580 219
578 221
581 220
583 217
584 216
579 222
580 221
582 218
572 210
583 210
584 209
578 223
577 203
559 219
570 219
569 220
561 216
562 215
561 214
560 214
562 213
561 212
562 211
563 210
564 209
564 211
563 212
570 210
569 210
568 211
568 212
565 209
566 208
565 207
566 206
567 212
566 212
563 217
569 209
569 208
569 207
568 206
568 208
564 213
566 210
574 201
563 214
565 223
565 211
567 205
569 211
564 206
568 213
563 205
564 204
563 203
571 202
579 215
582 211
560 211
559 210
563 207
571 220
560 220
563 216
572 203
575 199
564 208
575 208
578 200
578 209
567 209
570 205
578 218
567 218
567 219
570 214
559 214
579 201
579 202
571 197
579 210
571 206
582 206
563 202
571 215
582 215
560 215
563 211
563 220
572 198
564 203
575 203
574 216
577 212
577 221
566 221
558 217
578 204
567 204
570 200
567 213
578 213
570 209
559 209
567 222
567 223
578 222
570 218
559 218
579 205
571 201
560 210
582 210
571 210
563 206
563 215
562 219
574 202
574 211
566 207
566 216
577 216
578 199
567 208
578 208
570 204
578 217
567 217
559 213
558 212
570 213
581 219
571 196
570 195
563 201
564 200
564 199
563 198
563 197
562 205
562 214
565 219
574 197
574 206
577 202
574 215
577 211
566 211
577 220
566 220
558 216
578 203
567 203
566 202
570 199
570 208
559 208
560 207
560 206
559 205
559 204
558 203
558 207
581 205
581 214
584 210
569 221
570 222
570 223
570 224
563 196
564 195
562 200
573 200
562 209
573 209
565 205
573 218
573 219
574 220
574 221
575 222
562 218
565 214
558 202
558 211
578 198
577 197
559 203
560 202
560 201
559 200
559 199
560 198
570 203
562 204
565 200
573 222
572 222
573 223
566 201
567 200
568 201
567 199
566 198
566 197
567 198
568 197
558 206
558 215
569 202
561 198
561 207
573 199
562 199
565 195
562 208
565 204
573 217
562 217
565 213
565 222
576 219
575 218
566 196
567 195
558 201
580 207
557 205
556 205
580 216
557 214
556 214
556 213
569 197
569 206
581 208
561 202
569 215
584 213
561 211
561 220
573 203
562 203
565 199
565 208
576 205
576 214
568 210
576 223
568 219
580 202
580 211
580 220
581 203
582 202
583 203
569 201
561 197
584 208
561 206
569 219
561 215
583 212
572 221
562 198
573 198
564 217
575 217
565 203
576 200
568 196
576 209
568 205
576 218
568 214
568 223
569 223
557 203
579 200
560 205
562 202
565 198
571 223
573 220
564 202
577 199
566 199
572 224
558 204
575 220
577 217
558 213
568 199
570 196
569 200
581 202
561 205
567 221
560 200
562 197
560 209
562 206
565 202
564 197
566 203
568 222
564 215
575 215
558 208
574 219
580 214
557 212
556 211
569 195
567 207
581 206
569 204
561 200
567 216
578 216
569 213
581 215
559 212
570 212
584 211
561 209
569 222
570 221
561 218
563 200
579 199
571 195
579 208
560 204
582 204
571 204
562 201
573 201
579 217
565 197
571 213
560 213
582 213
573 210
562 210
563 209
565 206
571 222
563 218
565 215
572 196
576 212
583 205
576 221
575 201
564 201
577 198
568 217
575 210
556 206
556 207
580 200
574 214
557 207
580 209
574 223
566 219
577 219
557 216
580 218
567 202
578 202
581 201
569 199
570 198
578 211
567 211
581 210
559 207
570 207
561 204
567 220
578 220
569 217
570 216
559 216
584 215
561 213
579 203
572 219
560 199
571 199
573 196
562 196
579 212
557 209
556 209
582 208
560 208
573 205
563 204
565 201
571 217
582 217
563 213
576 198
565 210
568 203
576 216
575 196
564 196
568 221
574 200
574 209
566 205
577 205
580 204
557 202
574 218
566 214
577 214
557 211
580 213
558 210
577 223
566 223
567 197
578 206
567 206
569 203
559 202
570 202
561 199
578 215
567 215
569 212
570 211
559 211
561 208
572 205
570 220
559 220
561 217
581 217
583 214
572 214
564 210
557 204
580 206
572 223
560 203
571 203
582 203
575 219
564 219
563 199
565 196
580 215
557 213
563 208
579 219
576 202
569 196
568 198
562 212
573 212
576 211
569 205
568 207
571 224
562 221
573 221
561 201
576 220
565 217
568 216
561 210
574 195
583 207
574 204
577 200
566 200
583 216
572 216
564 212
566 209
557 206
574 222
556 208
558 205
579 221
564 221
575 221
566 218
577 218
557 215
558 214
576 204
567 201
578 201
569 198
568 200
560 217
570 197
567 210
568 209
570 206
559 206
576 222
561 203
563 222
568 218
570 215
572 200
559 215
581 212
572 209
583 209
564 205
575 205
581 221
572 218
580 201
583 218
564 214
575 214
572 204
557 208
556 210
564 223
575 223
557 217
576 197
579 214
562 207
573 207
560 219
582 219
571 219
568 202
573 216
562 216
572 211
576 215
565 212
565 221
568 220
572 202
574 199
574 217
575 198
564 198
566 195
583 211
574 208
564 207
566 204
577 204
572 220
580 203
564 216
575 216
577 213
566 213
557 210
556 212
558 209
577 222
566 222
558 218
576 199
579 216
567 196
560 212
571 212
568 195
582 212
576 208
578 205
568 204
571 221
560 221
570 201
559 201
572 195
581 207
576 217
583 204
