625 415
624 416
623 416
626 415
627 414
625 414
625 417
624 415
622 415
621 416
620 415
619 416
618 415
618 414
619 413
620 412
621 413
622 412
623 413
624 412
625 411
626 410
626 409
625 408
624 409
623 410
627 408
626 412
627 411
620 411
628 412
629 411
628 415
628 416
629 415
629 414
630 413
631 412
632 413
631 411
620 414
619 412
631 414
620 417
620 418
619 419
621 419
622 420
622 418
621 420
620 421
619 422
623 419
619 418
619 415
619 421
624 411
620 420
625 410
624 408
625 416
624 414
625 413
624 417
630 412
629 412
622 414
621 412
632 412
623 409
621 418
622 411
622 417
621 415
623 412
623 418
626 411
627 410
629 413
627 416
623 415
626 408
626 414
628 411
627 413
629 410
618 416
628 414
619 411
618 413
617 412
620 416
619 414
619 420
620 413
631 413
620 419
619 417
625 409
624 413
620 422
625 412
624 410
618 412
630 411
630 414
621 411
622 410
622 416
621 414
623 411
622 413
622 419
627 409
621 417
623 414
627 412
623 417
626 416
628 413
627 415
626 413
628 410
