624 320
623 320
623 319
622 318
621 319
622 321
621 322
623 322
620 320
619 321
618 320
617 321
620 323
619 324
618 323
617 324
616 323
615 324
625 319
626 318
627 317
628 318
629 317
630 316
631 317
624 323
625 322
626 321
627 320
621 318
632 318
633 317
634 316
635 315
635 317
623 324
627 322
618 319
629 319
619 320
633 319
634 318
625 324
614 324
613 323
612 322
613 321
611 323
610 322
614 322
612 324
610 324
611 325
616 321
615 320
616 319
615 318
632 320
631 320
621 320
623 317
624 316
623 315
624 314
623 313
625 313
626 312
627 311
626 314
627 313
625 315
635 319
626 316
627 315
612 326
613 325
615 322
636 320
637 321
631 315
617 325
618 326
619 327
619 322
633 321
624 318
634 320
614 317
613 316
612 315
614 315
612 317
611 318
610 317
609 316
608 315
609 318
609 314
610 313
607 316
610 315
608 317
625 317
611 327
614 326
615 327
616 328
617 329
617 330
615 329
608 319
638 320
639 321
640 320
640 322
616 317
641 323
642 322
643 321
642 320
643 319
614 320
644 319
645 318
644 317
645 316
646 315
640 324
644 321
636 322
637 323
617 318
617 327
609 323
640 319
632 315
621 324
621 325
613 320
633 316
644 316
625 312
625 321
614 321
606 317
606 318
624 325
625 326
639 323
616 330
636 317
628 313
629 314
617 322
628 322
620 318
617 331
617 332
620 327
640 323
632 319
613 315
621 328
621 329
613 324
605 316
639 318
616 325
636 321
628 317
617 317
609 313
617 326
609 322
608 321
620 322
640 318
632 314
613 319
643 320
635 316
646 316
627 321
647 317
647 318
624 315
624 324
616 320
639 322
608 316
616 329
636 316
628 312
628 321
620 317
609 317
620 326
613 314
614 313
614 312
613 311
613 310
643 315
623 318
612 318
635 320
627 316
612 327
615 323
624 319
605 315
639 317
616 324
608 320
616 333
616 334
617 335
617 336
615 332
614 331
613 330
613 329
617 316
616 315
628 316
609 312
608 311
609 321
620 321
642 318
631 318
619 325
612 313
612 331
612 332
613 333
613 334
611 330
647 316
605 319
605 320
604 318
608 324
608 325
609 326
609 327
609 328
608 329
608 330
609 331
609 332
608 333
608 334
608 335
609 336
609 337
631 313
643 314
642 313
643 323
643 324
643 325
644 326
646 319
646 320
647 321
615 313
623 326
623 327
624 328
624 329
612 335
612 336
612 337
613 338
611 334
615 331
616 314
617 313
618 314
617 312
616 311
616 310
605 314
606 313
606 312
605 311
605 310
606 309
607 309
606 308
604 309
604 313
608 310
609 309
610 310
609 308
609 307
610 306
610 305
608 306
641 325
622 330
623 331
623 332
624 333
624 334
623 335
623 336
623 337
624 338
624 339
625 340
624 337
623 340
623 341
624 342
624 343
624 344
622 340
622 335
621 334
621 333
620 332
620 331
622 339
621 338
620 337
620 336
619 338
619 339
620 340
620 341
642 317
641 316
640 315
640 314
639 313
639 312
638 311
619 315
611 311
642 326
642 327
643 328
643 329
644 330
634 322
634 323
635 324
635 325
636 326
636 327
636 325
635 328
634 328
635 329
635 330
636 331
636 330
634 327
633 326
632 325
632 324
632 323
631 323
631 322
631 326
631 327
632 328
632 329
633 330
630 325
619 333
619 334
634 331
634 332
635 333
635 334
635 335
636 336
636 335
634 336
633 335
632 334
632 333
631 332
634 337
635 338
635 339
636 340
631 331
630 330
637 337
638 338
639 337
639 336
631 335
630 335
631 336
631 337
632 338
630 334
611 329
634 340
634 341
634 342
611 338
612 312
635 314
636 313
637 314
636 312
635 311
636 311
635 310
634 309
633 308
633 307
632 306
632 305
632 309
632 310
632 311
633 312
631 304
631 308
634 313
646 314
647 313
648 314
647 312
646 311
646 310
645 309
644 308
644 307
643 306
643 305
643 309
643 310
644 311
644 312
643 311
642 308
623 312
627 310
626 309
625 308
625 307
624 306
624 305
625 304
626 305
625 303
625 302
624 301
627 306
628 307
628 308
624 309
624 310
623 308
622 307
621 306
621 305
620 304
620 303
620 307
620 308
621 309
621 310
621 311
620 312
620 313
621 314
621 315
619 306
618 305
617 304
616 305
616 306
617 307
617 308
615 304
614 304
613 305
613 306
614 307
614 308
604 308
603 307
602 306
615 308
612 321
611 320
623 321
615 317
604 317
603 316
602 316
602 315
601 314
600 313
599 314
598 313
598 312
601 313
597 311
601 317
601 318
602 319
602 320
602 321
601 322
601 323
602 324
602 325
598 311
601 312
602 311
602 310
601 309
601 308
622 312
600 316
603 321
604 322
604 323
605 324
605 325
606 326
606 327
597 310
596 309
595 308
595 307
594 306
600 311
603 325
627 319
623 330
604 326
615 326
645 327
646 328
646 329
624 304
623 303
626 323
627 324
627 325
628 326
628 327
637 332
616 309
605 309
618 328
619 329
629 328
626 341
627 340
628 341
628 340
627 339
627 338
628 337
628 336
627 335
628 335
627 334
626 342
627 343
627 344
626 337
629 342
630 343
631 342
632 342
631 341
631 340
630 339
608 305
618 337
629 337
608 314
638 315
610 333
649 315
638 324
638 325
639 326
639 327
639 328
640 329
640 328
641 330
642 331
642 332
643 333
643 334
638 329
642 335
641 334
640 333
639 332
639 331
607 318
630 320
641 320
638 333
638 334
622 316
607 327
641 329
630 329
622 325
630 338
650 316
651 316
651 315
652 316
651 314
650 313
649 312
650 317
650 312
651 311
652 312
651 310
651 309
622 334
631 312
630 311
629 310
642 312
641 311
640 310
639 309
640 309
639 308
639 307
640 306
640 305
639 304
638 306
637 305
636 306
636 307
636 308
637 309
635 306
635 305
634 304
634 308
611 306
642 321
619 319
631 321
634 317
611 315
600 315
619 328
603 311
600 324
599 325
600 325
599 323
598 322
597 321
596 321
595 321
594 320
594 319
598 321
597 320
593 318
597 319
598 318
599 319
598 317
597 316
598 316
597 315
596 314
596 318
595 317
594 316
594 315
593 314
594 314
593 313
593 312
594 311
595 312
594 310
593 309
600 320
593 308
592 307
591 306
591 305
590 307
590 308
591 309
591 310
591 311
591 312
590 313
591 314
591 315
590 312
589 307
589 311
589 306
588 305
592 316
599 310
593 317
596 313
596 322
596 323
597 324
597 325
589 310
592 311
634 326
611 324
619 337
603 320
611 333
623 307
612 307
612 308
646 309
647 308
648 309
649 309
627 305
633 339
623 316
612 316
614 335
615 336
615 337
616 338
616 339
625 335
604 312
615 312
645 313
625 344
596 308
604 321
615 321
645 322
645 323
645 324
596 317
637 318
648 318
649 319
649 320
645 331
645 332
646 333
646 334
647 335
617 337
626 327
637 327
629 323
626 336
637 336
648 336
610 319
618 332
610 328
638 310
649 310
629 341
589 305
641 306
638 319
610 337
622 302
641 315
630 315
607 313
638 328
622 311
599 309
598 308
598 307
597 306
597 305
588 309
587 308
587 307
586 306
586 305
586 309
586 310
586 311
587 312
587 313
588 314
586 314
586 315
593 319
585 314
585 309
589 315
589 316
590 317
590 318
591 319
591 320
590 321
590 322
590 323
591 324
591 325
589 321
588 320
588 319
587 318
587 317
586 319
585 320
585 321
586 320
589 320
592 321
593 322
593 323
594 324
594 325
585 318
589 324
592 313
589 325
592 325
584 321
583 320
583 319
582 318
582 317
583 316
583 315
583 314
582 313
582 312
583 311
584 312
583 310
582 309
581 309
580 310
582 308
581 316
580 315
585 313
593 326
585 322
588 323
587 322
599 306
599 305
600 306
581 311
592 320
584 316
585 308
584 307
585 317
607 322
606 322
630 324
641 324
622 320
599 318
588 318
630 333
629 332
628 332
628 331
597 318
627 330
628 330
627 329
652 313
610 332
619 312
641 333
580 314
579 313
579 312
622 329
650 311
607 314
631 307
630 306
629 305
642 307
619 305
622 338
634 303
619 314
631 316
653 316
654 315
655 316
656 315
642 316
634 312
611 310
600 310
619 323
603 306
604 305
605 306
605 305
606 304
623 328
621 342
621 343
622 344
622 343
592 306
611 319
600 319
627 331
626 332
625 331
634 321
592 315
603 315
581 315
611 328
584 311
592 324
603 324
633 325
644 325
623 302
584 320
633 334
644 334
623 311
625 330
614 330
593 307
604 307
615 307
645 308
625 339
626 304
627 303
628 303
627 302
628 302
637 304
636 303
645 317
596 312
585 312
637 313
648 313
626 313
645 326
618 309
618 310
619 310
629 309
637 322
626 322
645 335
595 316
629 318
618 318
626 331
637 331
610 314
629 327
595 325
618 327
626 340
587 321
610 323
638 305
629 336
618 336
649 314
638 314
641 310
607 308
630 310
638 323
622 306
641 319
630 319
607 317
622 315
599 313
588 313
607 326
630 328
641 328
599 322
588 322
622 324
640 332
619 309
611 305
634 307
600 305
619 318
621 337
632 337
611 314
600 314
603 310
592 310
581 310
633 311
592 319
603 319
633 320
644 320
584 315
625 316
614 316
633 329
644 329
591 323
625 325
614 325
633 338
606 321
614 334
625 334
645 312
625 343
626 308
637 308
648 308
645 321
618 304
629 304
610 309
626 317
637 317
648 317
645 330
618 313
629 313
595 311
637 326
626 326
618 322
595 320
629 322
637 335
626 335
587 316
610 318
618 331
629 331
610 327
638 309
618 340
629 340
636 339
630 305
641 305
610 336
641 314
607 312
630 314
588 308
622 310
628 344
599 308
607 321
588 317
599 317
622 319
580 313
640 327
619 304
621 323
632 332
621 332
600 309
611 309
613 328
621 341
632 341
592 305
633 306
644 306
613 337
603 314
633 315
644 315
584 310
614 311
625 311
644 324
633 324
606 307
591 318
625 320
633 333
644 333
606 316
614 329
625 329
633 342
594 323
645 307
606 325
614 338
625 338
626 303
637 303
637 312
648 312
618 308
629 308
595 306
648 321
618 317
595 315
587 311
595 324
629 326
638 304
587 320
636 334
610 331
630 309
607 307
641 309
617 339
622 305
628 339
620 335
609 335
599 312
588 312
640 313
652 315
620 344
599 321
640 331
602 314
598 325
621 327
632 327
602 323
621 336
632 336
613 332
633 310
644 310
625 306
614 306
591 313
644 328
633 328
594 309
583 309
606 311
591 322
606 320
583 318
594 318
625 333
614 333
645 311
637 307
626 307
629 303
648 316
637 316
639 335
629 312
618 312
595 310
610 308
587 306
595 319
629 321
587 315
636 329
587 324
628 325
636 338
628 334
617 334
620 330
609 330
599 307
588 307
628 343
640 308
620 339
621 304
632 304
640 317
580 312
632 313
621 313
640 326
613 309
602 309
598 320
632 322
640 335
613 318
602 318
590 316
621 331
632 331
613 327
590 325
621 340
632 340
633 305
613 336
625 301
644 314
633 314
591 308
614 310
625 310
633 323
644 323
606 306
614 319
591 317
606 315
594 313
583 313
625 328
606 324
594 322
626 302
591 321
624 332
647 334
639 330
618 307
624 341
629 307
616 337
595 314
636 315
587 310
610 312
628 311
624 321
617 311
651 313
636 324
587 319
628 320
617 320
636 333
620 316
628 329
609 325
620 325
628 338
617 338
601 321
620 334
609 334
640 312
652 314
620 343
632 308
598 306
621 308
640 321
613 304
612 303
598 315
632 317
621 317
640 330
602 313
579 311
613 313
590 311
632 326
621 326
598 324
602 322
613 322
590 320
621 335
632 335
582 316
613 331
643 332
644 309
633 309
625 305
594 308
614 305
595 313
635 337
625 314
614 314
655 315
627 333
623 344
606 310
583 308
647 311
627 342
583 317
594 317
606 319
647 320
639 316
594 326
624 327
639 325
605 323
624 336
639 334
616 332
595 309
636 310
608 328
587 305
628 306
617 306
608 337
636 319
628 315
617 315
636 328
609 311
620 311
628 324
601 307
636 337
609 320
586 318
628 333
617 333
601 316
620 329
609 329
628 342
601 325
640 307
620 338
609 338
621 303
640 316
632 312
621 312
598 310
613 308
602 308
590 306
621 321
632 321
598 319
613 317
602 317
590 315
643 318
582 311
590 324
613 326
592 323
643 327
633 304
635 323
612 330
635 332
625 309
591 307
627 328
623 339
635 341
606 305
591 316
615 335
627 337
594 312
583 312
624 313
647 315
639 311
594 321
624 322
616 318
605 318
639 320
624 331
597 314
616 327
605 327
639 329
624 340
636 305
608 323
597 323
616 336
639 338
589 319
639 306
636 314
608 332
617 310
651 312
628 310
636 323
609 306
620 306
617 319
628 319
636 332
609 315
620 315
598 314
586 313
617 328
628 328
601 311
586 322
620 324
609 324
601 320
620 333
609 333
640 311
642 330
631 330
632 307
621 307
598 305
631 339
632 316
621 316
634 335
602 312
613 312
590 310
643 313
598 323
635 309
590 319
643 322
582 315
646 318
635 318
643 331
627 314
612 325
623 325
646 327
635 327
627 323
593 321
612 334
623 334
635 336
615 330
627 332
623 343
594 307
624 308
647 310
615 339
627 341
605 304
616 304
624 317
647 319
639 315
605 313
616 313
624 326
608 309
597 309
616 322
639 324
605 322
624 335
608 318
639 333
616 331
589 314
608 327
636 309
589 323
617 305
628 305
608 336
636 318
638 337
628 314
617 314
620 310
586 308
609 310
628 323
617 323
601 306
630 342
620 319
586 317
609 319
601 315
620 328
601 324
642 325
631 325
619 332
631 334
642 334
598 309
634 330
602 307
619 341
631 343
613 307
590 305
643 308
634 339
611 337
635 304
590 314
643 317
582 310
635 313
612 311
646 313
643 326
627 309
612 320
635 322
646 322
604 316
593 316
615 316
627 318
623 329
635 331
612 329
593 325
627 327
604 325
615 325
623 338
612 338
635 340
624 303
627 336
615 334
624 312
647 314
616 308
605 308
639 310
605 317
639 319
624 330
597 313
608 313
616 326
605 326
589 309
608 322
636 304
597 322
616 335
589 318
608 331
638 332
617 309
628 309
620 305
609 305
630 337
620 314
586 312
622 333
650 315
601 310
642 311
631 311
586 321
622 342
601 319
642 329
631 329
634 325
600 323
619 336
631 338
611 332
634 334
590 309
643 312
646 308
623 306
612 306
635 308
627 304
582 314
646 317
623 333
643 330
593 311
654 316
615 311
604 311
646 326
635 326
585 307
596 307
593 320
604 320
646 335
612 333
596 316
585 316
623 342
596 325
624 307
647 309
615 338
639 305
605 312
639 314
616 312
597 308
608 308
626 344
605 321
597 317
638 318
649 318
589 313
608 326
638 327
589 322
628 304
630 323
638 336
630 332
641 332
620 309
586 307
622 328
650 310
630 341
601 305
631 306
642 306
586 316
622 337
578 312
642 315
653 315
619 313
634 311
642 324
631 324
600 318
631 333
642 333
619 331
581 314
592 314
634 329
619 340
603 323
643 307
634 338
611 336
584 319
635 303
643 316
646 312
612 310
623 310
635 312
593 306
604 306
627 308
615 306
612 319
646 321
635 321
604 315
593 315
615 315
612 328
585 311
596 311
604 324
593 324
627 326
645 325
624 302
596 320
615 333
645 334
624 311
637 330
626 330
616 307
605 307
626 339
616 316
618 335
629 335
597 312
608 312
638 313
649 313
629 344
589 308
638 322
589 317
630 318
641 318
638 331
622 314
607 325
630 327
641 327
618 339
622 323
588 310
588 321
630 336
622 332
650 314
642 310
631 310
619 308
622 341
611 304
634 306
642 319
619 317
631 319
634 315
611 313
642 328
619 326
631 328
592 309
603 309
634 324
600 322
611 322
619 335
603 318
592 318
611 331
634 333
584 314
641 313
635 307
612 305
646 307
623 305
633 337
623 314
612 314
615 310
593 310
627 312
604 310
612 323
623 323
585 306
625 342
596 306
615 319
604 319
645 320
585 315
596 315
615 328
645 329
596 324
626 325
637 325
618 321
637 334
626 334
618 330
629 330
608 307
597 307
626 343
649 308
610 326
638 308
629 339
630 304
638 317
610 335
649 317
589 312
630 313
607 311
638 326
622 309
607 320
641 322
630 322
638 335
588 316
599 316
607 329
630 331
641 331
622 327
650 309
630 340
631 305
642 305
619 303
622 336
650 318
642 314
631 314
653 314
600 308
634 310
611 308
642 323
634 319
600 317
611 317
619 330
581 313
603 313
611 326
584 309
592 322
603 322
611 335
584 318
633 332
644 332
612 309
623 309
614 328
633 341
627 307
593 305
615 305
645 306
625 337
614 337
604 314
615 314
645 315
585 310
596 310
648 311
637 311
626 311
585 319
596 319
637 320
648 320
626 320
645 333
629 316
618 316
637 329
626 329
629 325
595 323
618 325
626 338
637 338
638 303
610 321
618 334
629 334
610 330
638 312
629 343
630 308
641 308
607 306
638 321
622 304
641 317
630 317
607 315
638 330
622 313
599 311
588 311
641 326
630 326
607 324
622 322
599 320
641 335
622 331
619 307
642 309
631 309
634 305
619 316
611 312
600 312
634 314
621 344
603 308
592 308
600 321
611 321
603 317
592 317
633 318
644 318
584 313
592 326
644 327
633 327
612 304
584 322
623 304
625 323
614 323
633 336
614 332
625 332
615 309
645 310
606 328
625 341
596 305
637 306
626 306
645 319
648 315
637 315
626 315
645 328
618 311
629 311
626 324
637 324
610 307
629 320
595 318
637 333
626 333
610 316
587 314
629 329
618 329
638 307
587 323
610 325
618 338
629 338
630 303
638 316
610 334
649 316
641 312
607 310
630 312
622 308
588 306
630 321
607 319
641 321
622 317
599 315
588 315
607 328
580 311
622 326
599 324
588 324
640 325
640 334
619 311
621 330
632 330
611 307
600 307
621 339
632 339
611 316
613 335
581 312
592 312
603 312
633 313
644 313
584 308
614 309
633 322
644 322
584 317
625 318
614 318
633 331
644 331
606 314
614 327
625 327
633 340
606 323
614 336
625 336
626 301
645 314
637 310
648 310
626 310
629 306
618 306
637 319
648 319
626 319
629 315
618 315
637 328
626 328
587 309
610 311
595 322
618 324
629 324
610 320
618 333
629 333
610 329
649 311
622 303
636 341
607 305
641 307
607 323
630 307
610 338
620 342
