584 338
583 338
582 338
581 338
584 337
585 337
586 336
582 339
585 338
585 335
584 334
583 335
582 336
581 335
580 336
579 337
578 336
577 337
587 335
588 334
589 333
590 334
586 339
586 340
585 341
584 340
583 341
582 342
587 338
588 337
589 336
590 337
591 336
592 335
593 336
591 338
581 337
592 337
583 334
584 333
585 332
583 343
584 342
577 336
590 339
582 335
585 334
582 344
581 344
585 343
586 344
591 340
592 339
581 339
594 336
595 335
594 334
595 333
594 332
596 332
597 331
598 332
597 333
596 334
583 336
584 335
583 345
584 344
588 335
590 332
591 331
590 330
591 329
589 329
592 330
589 331
593 331
590 341
582 337
585 336
587 333
582 346
581 346
580 347
581 348
586 337
591 333
592 332
591 342
584 346
593 333
590 343
582 348
591 335
578 335
581 334
592 334
594 331
583 340
584 339
598 331
588 330
587 331
599 330
598 329
599 328
598 327
600 327
600 329
601 328
588 339
579 336
590 336
589 338
580 335
596 331
582 341
586 332
600 331
600 332
601 330
586 341
587 340
578 337
592 336
581 336
583 333
594 333
581 345
584 341
598 333
597 335
588 332
599 332
590 329
588 341
588 342
590 338
589 340
580 337
582 334
580 346
582 343
586 334
586 343
585 345
586 346
587 347
588 346
589 345
590 346
591 345
591 347
592 346
588 344
586 348
590 345
589 347
590 347
587 342
592 338
598 326
584 343
597 328
596 329
599 325
600 325
600 324
601 323
602 323
603 323
604 322
605 321
604 320
605 319
606 318
603 321
602 321
606 320
606 322
607 318
608 317
607 316
608 315
608 319
608 314
602 322
604 319
609 318
603 320
606 319
605 323
607 320
602 324
602 325
603 325
604 321
590 331
583 347
584 348
584 349
588 343
590 340
589 342
609 320
610 319
580 348
582 345
595 330
600 326
601 325
603 322
592 331
586 345
585 347
587 345
587 344
584 336
598 328
597 330
591 344
599 327
602 326
588 336
590 333
589 335
588 345
609 313
589 344
593 335
595 332
600 328
601 327
603 324
586 338
585 340
587 337
592 333
586 347
585 349
587 346
591 337
598 330
597 332
591 346
599 329
588 329
583 342
588 338
590 335
589 337
580 334
589 346
593 337
595 334
586 331
585 333
596 333
587 330
601 329
585 342
591 330
591 339
608 316
594 335
597 334
599 331
588 331
581 347
592 347
589 330
583 344
588 340
589 339
582 333
585 348
593 330
586 333
596 335
587 332
601 331
586 342
585 344
587 341
605 322
607 319
606 321
608 318
591 332
591 341
592 340
583 337
588 333
589 332
583 346
584 345
589 341
604 323
580 338
609 319
593 332
590 342
601 324
586 335
587 334
582 347
585 346
587 343
607 321
608 320
591 334
581 333
594 330
597 329
591 343
599 326
583 339
589 334
583 348
584 347
609 312
589 343
579 335
593 334
595 331
596 330
588 347
590 344
601 326
582 340
585 339
587 336
587 339
600 330
605 320
607 317
587 348
