592 359
592 360
592 361
593 361
591 361
594 361
591 358
595 361
596 360
591 357
592 356
592 362
591 360
594 362
591 363
597 361
598 362
599 361
600 360
590 358
589 357
588 358
590 364
589 363
588 364
587 363
593 357
594 356
595 355
596 354
597 355
595 363
592 355
591 354
592 353
590 355
592 364
597 354
598 361
597 363
599 360
598 359
599 358
600 357
590 357
589 359
588 360
595 356
587 361
592 357
598 354
597 356
599 353
599 362
588 362
590 359
589 361
600 354
598 356
597 358
599 355
589 354
593 354
593 363
595 360
594 359
595 358
596 359
592 352
587 365
591 356
591 365
590 366
589 366
597 360
599 357
590 354
589 356
589 365
593 356
595 353
594 352
595 351
594 350
596 350
597 351
596 352
593 365
595 362
596 361
600 361
594 354
597 353
592 366
594 363
597 362
599 359
588 359
589 358
589 367
598 363
599 364
593 358
595 364
595 365
596 363
591 351
590 350
592 350
590 352
589 352
588 351
587 351
600 363
601 364
588 352
589 351
594 365
597 364
589 360
593 351
590 361
593 360
595 357
596 356
593 364
595 352
593 352
594 353
597 352
591 366
592 365
598 353
588 361
595 354
596 353
590 367
596 357
596 362
596 365
587 362
588 365
591 350
600 356
591 353
600 362
591 359
592 358
594 355
591 362
594 358
589 350
594 364
597 357
589 353
590 362
598 355
599 354
589 362
590 351
593 350
598 358
598 364
588 363
599 363
593 353
590 360
595 350
593 359
588 366
596 355
590 363
587 352
593 362
595 359
596 358
596 364
587 364
600 355
591 352
592 351
591 355
600 364
592 354
601 363
594 351
594 357
591 364
592 363
594 360
589 355
598 357
597 359
599 356
590 353
598 360
590 356
593 355
589 364
596 351
590 365
