555 638
554 637
555 637
553 638
552 638
556 636
552 637
551 636
550 637
551 639
550 640
556 635
552 640
555 639
556 638
555 636
557 639
558 638
559 637
557 636
558 635
559 634
560 635
561 634
549 638
548 639
547 638
546 639
546 640
545 641
546 642
547 641
559 633
560 632
545 643
550 639
551 638
557 635
560 634
558 634
557 633
546 644
548 641
547 643
549 640
553 640
559 635
561 632
545 645
551 640
555 640
546 637
545 636
546 635
547 634
546 633
557 637
556 639
548 634
547 636
558 636
549 633
548 632
549 631
548 630
549 629
550 628
551 627
550 630
552 627
551 629
550 632
552 629
551 631
546 646
547 645
549 642
554 641
553 642
545 638
544 639
550 634
551 633
552 634
553 633
545 647
556 632
555 631
555 633
552 643
551 642
555 642
548 636
556 641
557 642
558 641
559 640
558 643
557 644
549 635
544 648
543 648
547 647
548 648
549 647
550 646
551 645
551 647
549 649
553 626
552 625
554 625
554 627
553 624
555 624
556 623
557 624
556 625
557 626
558 627
559 626
560 625
559 624
560 623
561 623
562 622
561 621
562 620
563 619
563 618
564 620
563 621
557 628
560 627
561 628
562 629
563 628
564 627
561 630
563 630
565 627
563 623
565 620
559 628
561 625
560 620
558 629
557 630
558 631
559 621
558 622
553 635
554 634
559 630
550 627
553 644
553 645
561 627
551 626
554 643
545 640
559 639
551 635
545 649
545 650
546 651
547 650
545 652
546 653
566 628
567 628
568 627
547 654
555 626
566 626
555 635
547 631
555 644
555 645
547 640
558 640
547 649
567 627
559 623
559 632
551 628
551 637
565 625
550 641
563 620
566 629
550 650
551 651
562 624
563 625
562 633
565 629
543 638
554 638
543 647
542 646
566 621
555 630
554 629
566 630
566 631
567 632
558 626
547 635
558 644
547 644
567 622
567 623
546 648
559 627
561 636
550 636
550 645
562 619
562 628
554 624
565 624
554 633
554 642
566 625
555 625
555 634
547 630
558 630
558 639
546 643
557 643
546 652
549 648
569 626
570 627
570 628
561 631
550 631
550 649
542 645
562 623
565 619
562 632
554 628
565 628
543 637
554 646
554 647
554 648
555 649
543 646
566 620
567 619
567 618
566 617
566 616
558 625
546 638
557 638
549 634
546 647
549 643
561 626
550 626
561 635
550 635
550 644
562 618
542 649
542 650
543 651
543 652
543 653
542 654
542 655
543 656
562 627
565 623
554 632
565 632
565 633
566 615
567 614
567 613
566 612
565 614
569 625
570 624
571 625
570 623
542 644
543 643
543 642
542 641
542 640
565 618
541 648
556 646
553 631
568 629
569 630
569 631
553 649
553 650
554 651
554 652
545 654
545 655
546 656
549 651
549 652
550 653
550 654
550 655
549 656
569 629
542 639
565 613
541 643
552 652
568 615
569 616
570 615
571 616
570 614
571 615
570 613
569 612
569 611
570 610
571 611
570 609
570 608
571 607
572 608
573 609
574 610
574 611
574 612
575 613
573 613
573 614
574 615
574 616
573 608
574 607
575 608
574 606
573 605
573 604
568 624
553 653
553 654
557 623
557 632
546 632
549 628
546 641
557 641
549 637
569 615
549 646
561 620
548 650
572 617
573 618
573 619
574 620
574 621
573 622
573 623
573 624
574 625
574 626
573 627
573 628
572 626
573 603
575 622
564 622
564 631
556 627
552 647
541 647
540 646
539 646
539 645
538 647
538 648
539 649
539 650
537 646
538 651
538 652
538 653
539 654
539 655
538 656
537 655
537 650
536 649
535 648
536 648
535 647
534 649
534 650
537 645
537 654
536 653
535 653
535 652
534 654
533 653
538 646
540 655
576 614
577 615
578 614
578 613
577 612
577 616
577 617
577 611
576 610
544 643
556 645
568 610
541 656
544 652
533 652
532 651
568 619
569 620
570 619
571 620
570 618
569 621
553 630
568 628
553 639
545 635
553 648
545 644
545 653
534 653
537 649
557 627
549 632
569 610
571 629
560 629
560 638
563 634
548 645
572 612
548 654
572 621
540 650
564 617
563 616
575 617
564 626
564 618
552 633
556 631
552 642
541 642
540 641
576 609
544 638
556 640
541 651
541 652
552 651
576 618
576 619
577 620
544 647
556 649
568 614
553 625
544 656
568 623
553 634
545 639
537 644
538 643
559 641
551 646
571 624
560 624
551 655
548 631
560 633
563 629
548 640
572 607
548 649
572 616
540 645
575 612
572 625
540 654
564 621
575 621
552 628
564 630
556 626
552 646
541 646
576 613
544 642
556 644
533 651
544 651
568 618
553 629
555 648
545 634
547 653
567 631
559 636
551 632
571 610
551 641
536 652
571 619
551 650
560 628
571 628
563 624
560 637
548 635
563 633
548 644
572 611
540 640
575 607
548 653
572 620
540 649
575 616
564 616
564 625
575 625
532 654
552 632
556 630
541 641
552 641
576 608
577 607
578 608
578 609
579 610
579 611
577 606
578 605
579 606
578 604
578 603
580 607
576 605
575 604
580 606
581 605
575 603
576 604
579 605
544 637
544 646
568 613
555 643
547 639
555 652
578 617
567 617
547 648
539 644
567 626
570 622
559 622
539 653
559 631
579 609
536 647
571 614
571 623
551 654
572 606
575 602
572 615
540 644
575 611
540 653
575 620
574 624
543 655
535 651
555 629
555 647
578 612
567 612
567 621
547 652
570 617
567 630
539 648
570 626
579 604
579 613
571 609
536 651
571 618
551 649
571 627
563 632
540 639
575 606
543 641
574 619
554 650
543 650
566 624
566 633
578 607
555 651
567 616
578 616
570 612
567 625
539 643
547 656
570 621
539 652
570 630
579 608
536 646
571 613
551 644
548 629
550 648
542 653
562 631
574 605
543 636
554 636
574 614
554 645
543 645
577 610
574 623
543 654
577 619
566 619
535 650
555 628
558 624
558 633
547 633
555 646
567 611
578 611
558 642
547 642
567 620
547 651
570 616
539 647
567 629
559 625
570 625
539 656
546 655
551 630
571 608
550 643
550 652
573 617
562 617
542 648
573 626
562 626
565 622
562 635
554 631
565 631
574 609
543 640
554 640
577 605
574 618
543 649
554 649
577 614
566 614
574 627
555 623
566 623
535 654
566 632
555 632
558 628
578 606
558 637
547 637
567 615
578 615
570 611
561 637
573 611
542 642
576 620
562 634
573 620
542 651
565 616
573 629
541 655
552 655
574 603
559 638
551 634
576 622
577 608
559 629
553 647
569 614
580 610
534 652
537 648
569 609
544 644
569 618
538 649
569 627
572 629
538 654
573 606
542 637
575 618
573 615
564 634
541 650
552 650
576 617
556 648
577 603
544 655
568 622
569 623
568 631
580 605
553 651
545 656
537 652
581 606
569 613
549 644
538 644
569 622
549 653
572 624
573 610
564 629
552 636
576 603
565 615
556 634
552 645
541 645
576 612
556 643
544 641
541 654
552 654
576 621
533 650
544 650
568 617
553 628
554 630
568 626
553 637
545 633
553 646
545 642
580 609
545 651
534 651
537 647
557 625
557 634
546 634
549 630
540 651
549 639
569 617
560 636
548 643
572 610
561 622
548 652
572 619
540 648
564 615
575 615
572 628
564 624
575 624
532 653
552 631
564 633
556 629
541 640
576 607
544 636
541 649
552 649
576 616
556 647
544 645
568 612
533 654
544 654
553 627
568 621
553 632
568 630
553 641
545 637
545 646
537 651
557 629
536 655
571 622
548 655
560 622
551 653
560 631
563 627
539 642
548 638
570 620
572 605
546 650
548 647
572 614
540 643
551 625
575 610
548 656
569 624
572 623
549 655
538 655
540 652
575 619
564 619
550 629
561 629
552 626
564 628
556 624
550 638
552 635
556 633
550 647
552 644
573 612
541 644
576 611
542 643
556 642
544 640
550 656
552 653
573 621
541 653
562 621
542 652
565 617
544 649
568 616
562 630
554 626
565 626
568 625
553 636
574 604
554 635
543 635
574 613
543 644
554 644
577 609
580 608
574 622
554 653
566 618
577 618
535 649
579 612
555 627
566 627
558 623
536 650
547 632
558 632
571 617
551 648
578 610
571 626
560 626
563 622
546 636
548 633
563 631
546 645
557 645
548 642
572 609
549 641
546 654
575 605
569 619
548 651
572 622
572 618
549 650
538 650
540 647
575 614
564 614
569 628
572 627
540 656
561 624
564 623
575 623
532 652
561 633
550 633
552 630
564 632
556 628
550 642
573 607
541 639
552 639
576 606
542 638
556 637
544 635
550 651
573 616
552 648
576 615
542 647
568 611
573 625
562 625
542 656
555 641
565 621
544 653
568 620
555 650
565 630
547 646
574 608
567 624
543 639
554 639
577 604
547 655
574 617
539 651
577 613
566 613
570 629
553 643
579 607
566 622
553 652
545 648
534 648
536 645
571 612
551 643
536 654
571 621
560 621
537 653
551 652
563 617
546 631
557 631
560 630
571 630
563 626
557 640
548 637
581 607
560 639
549 636
546 649
548 646
575 609
572 613
538 645
549 654
561 619
549 645
540 642
605 582
605 583
604 582
603 582
602 582
601 582
600 583
606 581
607 582
606 584
605 585
608 581
599 584
607 585
598 585
597 584
602 583
604 583
604 586
603 585
602 586
601 585
600 586
599 587
598 588
597 587
596 585
596 588
595 586
594 585
594 584
593 583
600 588
605 584
592 584
591 583
606 583
608 580
607 579
608 578
597 589
598 590
604 585
593 585
596 590
600 581
603 586
606 585
594 583
595 582
594 581
595 580
594 579
596 579
597 578
597 580
596 581
608 582
597 582
598 583
602 581
593 578
604 587
595 584
596 583
592 579
591 578
591 580
606 578
605 577
604 576
605 575
604 574
605 573
606 572
607 572
606 574
608 571
607 570
608 569
609 570
610 569
609 572
610 571
607 574
606 576
608 573
604 578
610 573
611 574
612 573
613 572
612 571
614 571
614 573
606 569
605 568
604 567
605 566
606 565
607 565
606 567
604 569
605 570
607 567
608 566
609 565
610 564
605 579
603 579
602 579
608 575
603 588
602 588
612 575
613 574
615 571
616 570
615 569
614 569
616 568
617 567
616 566
617 565
615 567
604 571
590 581
589 580
588 579
587 578
586 577
587 576
588 577
589 576
586 579
589 578
610 566
593 580
604 580
610 575
610 576
604 589
604 590
603 591
602 590
601 591
600 590
600 592
599 593
598 592
598 594
602 592
611 567
612 566
613 565
612 564
614 564
615 564
614 566
616 563
609 579
610 578
611 576
612 577
614 575
605 572
616 572
616 573
603 572
602 573
602 572
602 574
601 575
600 574
599 575
598 576
597 576
599 577
597 575
596 574
595 573
601 584
601 593
613 567
598 578
613 576
602 576
598 587
602 585
590 583
602 594
614 568
596 572
606 573
591 584
594 580
595 571
594 571
606 582
605 586
595 572
597 591
617 569
597 571
587 577
609 574
601 579
601 588
594 574
613 571
602 571
598 582
590 578
602 580
593 574
598 591
602 589
597 573
595 575
594 576
595 577
598 573
614 563
593 576
603 577
601 570
614 572
606 568
591 579
599 572
594 575
611 572
592 577
591 576
591 575
591 574
616 564
593 571
596 576
596 586
600 576
593 581
591 573
592 572
606 571
608 568
600 585
591 582
603 581
592 581
594 578
606 580
600 594
600 595
608 577
597 577
603 590
594 587
612 568
612 569
589 582
607 581
590 574
604 573
593 573
615 573
595 570
594 569
593 569
595 568
595 567
595 566
596 565
595 564
596 563
595 562
597 562
594 567
594 562
595 563
594 566
605 581
597 586
617 564
609 569
592 582
593 567
608 583
597 564
606 579
605 564
602 584
597 566
598 567
599 566
599 565
598 564
609 578
601 574
601 583
601 592
598 568
598 569
599 570
613 566
598 577
602 575
597 569
599 568
595 587
603 570
602 593
607 568
599 563
600 563
601 562
602 562
595 583
602 591
602 563
602 564
601 565
602 566
602 567
613 575
598 586
590 582
594 561
594 570
605 567
616 567
601 566
601 568
603 565
593 560
605 576
600 572
591 581
602 565
594 586
593 562
592 563
592 564
592 565
591 562
596 567
601 563
593 572
600 567
601 564
599 591
594 560
595 559
596 559
597 560
591 561
595 558
594 557
598 559
597 572
608 572
597 581
589 577
597 590
617 568
609 573
601 569
601 578
601 587
598 563
598 558
599 557
598 572
602 570
603 592
598 560
599 559
599 561
595 557
597 557
590 560
590 559
613 570
598 581
589 558
588 557
588 556
587 555
587 554
590 577
612 574
591 560
593 579
604 579
594 556
595 555
595 554
595 553
594 552
604 588
594 565
596 584
616 562
616 571
605 571
608 567
597 567
605 580
608 576
597 585
589 581
617 563
609 568
609 577
601 573
594 551
590 558
591 557
592 558
591 556
590 555
590 554
589 553
588 552
588 551
587 550
587 549
586 548
586 547
587 546
588 547
587 545
587 544
588 543
588 542
587 541
586 543
585 542
584 541
584 540
583 542
583 543
582 541
581 540
580 539
580 538
579 540
579 541
580 542
580 543
581 544
581 545
582 546
583 547
583 548
584 549
584 550
582 545
583 546
584 545
589 544
582 540
590 553
591 552
591 551
590 550
590 549
591 548
592 549
591 547
591 546
582 549
593 555
592 554
585 551
586 552
604 564
593 564
596 560
596 569
593 582
596 578
596 587
616 565
605 565
589 548
597 561
589 557
608 570
597 570
586 542
589 575
586 551
607 583
599 579
599 588
600 562
579 539
578 538
611 571
600 571
603 567
582 544
600 580
603 576
592 576
600 589
592 585
593 550
585 546
593 559
612 572
596 555
615 568
604 568
593 568
596 564
593 577
604 577
596 573
596 582
597 556
589 552
608 565
607 569
586 546
607 578
599 574
599 583
599 592
592 553
611 566
600 566
592 562
600 575
611 575
582 539
583 538
603 571
600 584
603 580
592 580
585 541
603 589
593 554
612 567
585 550
615 563
593 563
604 572
615 572
596 568
610 570
589 547
595 581
610 579
589 556
586 541
599 560
607 573
578 537
599 569
599 578
588 578
581 539
592 548
599 596
598 596
599 597
600 561
584 544
592 557
611 570
600 570
603 566
600 579
592 575
603 575
603 584
593 549
585 545
593 558
606 577
596 554
597 553
598 554
606 586
610 565
585 540
585 549
586 550
579 538
588 550
582 543
590 556
600 597
581 538
583 544
584 543
592 556
594 553
584 552
597 555
589 551
585 544
586 545
586 554
585 554
587 553
588 545
598 555
580 541
582 538
588 554
590 551
582 547
593 553
581 542
596 558
592 551
584 547
591 555
589 546
597 559
589 555
597 568
586 540
578 536
595 552
596 551
586 549
587 548
595 561
587 557
599 586
610 568
595 579
599 595
600 560
579 537
600 569
611 569
588 549
590 546
609 581
611 578
600 578
582 542
588 558
599 558
601 577
596 580
603 574
592 574
600 587
601 586
592 583
603 583
600 596
598 562
601 595
593 557
598 571
581 537
612 570
585 553
596 553
602 569
613 569
615 566
593 566
604 566
598 580
596 562
590 576
584 542
602 578
593 575
604 575
598 589
596 571
602 587
604 584
591 550
593 584
591 559
594 555
596 589
597 554
614 570
589 550
606 566
594 564
597 563
591 577
589 559
606 575
594 573
594 582
586 544
587 543
607 576
595 556
586 553
587 552
605 588
595 565
599 581
617 562
614 567
599 590
609 567
611 564
600 564
588 544
592 560
609 576
580 540
611 573
600 573
601 572
603 569
600 582
601 581
592 578
603 578
598 557
600 591
601 590
603 587
593 552
598 566
612 565
585 548
613 564
593 561
598 575
596 557
613 573
593 570
615 570
604 570
598 584
596 566
590 580
598 593
583 541
596 575
591 554
594 550
583 550
614 565
591 563
589 545
594 559
597 558
610 577
595 588
589 554
594 568
606 570
594 577
605 574
607 571
595 551
599 567
587 547
607 580
595 560
597 579
608 579
588 576
599 576
587 556
597 588
599 585
617 566
581 546
599 594
592 555
609 571
600 568
611 568
584 551
601 567
603 564
609 580
586 578
611 577
600 577
601 576
603 573
592 573
590 548
598 561
585 543
601 594
590 557
593 556
598 570
585 552
596 552
602 568
613 568
604 565
593 565
615 565
598 579
596 561
590 575
602 577
596 570
591 549
583 545
591 558
595 574
594 554
584 553
610 572
593 586
589 549
594 563
587 579
594 572
588 553
605 569
616 569
607 566
597 565
599 562
605 578
587 542
607 575
597 574
608 574
599 571
587 551
605 587
607 584
597 583
599 580
588 580
589 579
597 592
581 541
586 555
599 589
617 570
592 550
609 566
584 546
592 559
595 576
609 575
610 574
601 571
595 585
603 568
588 546
601 580
598 556
614 574
601 589
588 555
590 552
593 551
598 565
582 548
585 547
599 564
590 561
607 577
598 574
600 593
596 556
599 573
599 582
590 579
581 543
583 540
612 576
591 553
584 539
595 569
592 552
583 549
611 565
600 565
584 548
596 577
610 567
604 581
598 595
595 578
592 561
594 558
588 548
