503 437
502 438
503 439
501 438
501 439
503 438
504 437
505 437
504 438
503 436
502 435
501 436
500 435
499 436
498 437
497 436
496 437
504 435
505 434
506 438
507 437
495 438
494 437
493 438
492 437
491 438
490 439
491 440
491 441
492 440
490 442
493 441
500 437
502 434
503 433
502 432
504 432
505 431
491 443
492 442
494 439
504 434
506 431
490 444
489 444
488 445
489 446
488 447
493 443
500 439
489 439
488 438
489 437
502 436
491 436
490 435
489 435
491 434
490 433
491 432
492 431
493 432
492 433
493 434
492 435
494 432
495 431
494 430
495 429
494 428
489 448
491 445
492 444
494 441
496 435
501 431
500 430
501 429
500 428
501 427
502 427
503 426
502 425
503 424
504 423
505 424
504 425
493 427
492 426
491 425
493 425
491 427
490 428
489 428
504 427
506 424
499 440
498 439
498 441
488 440
490 437
504 436
493 436
506 433
488 449
490 446
508 436
507 435
508 434
509 433
508 432
510 432
510 434
511 435
512 436
513 435
514 434
511 437
510 438
510 439
509 440
508 440
508 441
514 436
515 437
507 442
506 442
510 441
508 443
511 439
512 440
496 428
497 429
499 442
508 438
511 434
489 434
488 433
500 434
499 433
492 430
489 443
488 442
500 443
500 444
501 445
492 439
501 426
500 425
504 422
493 431
504 431
503 435
495 440
487 445
507 423
515 436
507 432
496 432
499 428
488 428
507 441
506 440
496 441
496 442
488 437
499 437
488 446
508 424
508 425
508 433
489 429
489 430
500 429
492 425
500 438
489 438
511 438
492 434
492 443
491 447
492 448
492 449
493 450
503 430
506 435
495 435
487 440
487 449
496 427
496 436
507 436
499 432
488 432
487 431
499 441
488 441
488 450
488 451
500 424
499 423
511 433
492 429
514 435
491 442
503 425
503 434
495 430
506 430
495 439
506 439
487 444
507 422
506 421
515 435
507 431
496 431
499 427
488 427
487 426
507 440
488 436
487 435
510 433
510 442
511 443
511 444
512 445
492 424
493 423
493 422
492 421
492 420
502 428
491 428
491 437
502 437
494 433
491 446
502 446
502 447
503 448
503 449
504 450
494 442
494 451
494 452
495 453
495 454
496 455
503 429
506 425
506 434
495 434
503 447
487 430
506 443
506 444
507 445
507 446
508 447
495 443
495 444
496 445
496 446
487 439
487 448
507 426
507 427
507 428
508 429
496 426
495 425
499 422
500 421
501 422
500 420
500 419
501 418
501 417
500 416
499 418
499 431
488 431
498 435
510 437
513 433
490 440
490 449
502 423
491 423
491 450
491 451
502 450
502 451
503 452
503 453
503 454
502 455
506 420
505 419
504 418
504 417
503 416
506 429
487 425
487 434
487 443
499 417
486 447
485 446
484 445
484 444
484 443
483 442
483 446
483 447
484 448
498 430
513 437
513 438
514 439
514 440
515 441
515 440
513 446
514 445
515 446
515 445
514 444
514 443
513 442
502 418
494 423
514 438
502 445
503 444
503 443
502 442
502 441
483 441
482 440
481 439
480 438
481 438
484 440
485 441
480 437
484 439
483 438
483 437
484 438
485 437
503 419
503 420
494 450
495 449
496 450
496 451
495 448
494 447
494 446
516 447
495 424
496 423
497 424
496 422
495 421
495 420
497 452
498 453
498 454
487 429
509 426
509 435
509 444
509 445
510 446
486 442
498 416
497 415
496 414
496 413
495 415
495 416
496 417
496 418
498 425
510 427
510 428
511 429
511 430
512 431
510 436
498 434
513 432
490 430
498 443
498 444
510 445
479 439
479 440
480 441
480 442
480 443
481 443
479 444
478 438
477 437
477 436
476 435
476 434
475 433
513 441
498 452
499 451
499 450
498 449
498 448
499 447
500 448
499 446
490 448
502 422
491 422
490 421
489 421
489 420
488 419
488 418
489 419
488 422
488 423
489 424
489 425
487 421
487 420
486 419
485 419
484 420
484 421
485 422
485 423
484 424
484 425
484 426
485 427
485 428
484 429
484 430
483 428
483 423
482 422
481 421
482 421
480 422
480 423
480 424
481 425
482 426
481 424
501 454
500 453
491 431
502 431
494 427
483 427
502 440
494 436
483 436
484 435
484 434
483 433
483 432
482 431
481 430
481 429
480 428
480 427
479 426
475 432
474 431
473 430
473 429
476 431
477 432
477 431
476 430
472 428
476 429
477 428
477 427
476 426
477 426
476 425
475 424
475 428
474 427
473 426
473 425
472 427
471 426
470 425
505 433
516 442
505 442
504 441
484 419
495 419
494 418
493 418
493 417
506 419
507 418
508 419
508 420
507 417
508 416
508 415
508 414
507 413
506 416
505 415
506 415
497 438
497 447
487 424
509 421
509 430
486 428
517 443
518 442
519 443
518 441
519 440
517 440
517 444
520 440
521 441
522 440
523 440
522 439
521 442
522 443
522 444
523 445
522 438
521 437
517 439
518 438
519 438
518 437
518 436
517 435
520 444
521 436
522 435
523 436
522 434
521 433
521 432
522 433
520 435
519 434
518 433
519 433
518 432
518 431
519 430
519 429
518 428
519 428
518 427
517 430
521 445
521 446
521 447
522 448
524 437
525 438
526 437
527 438
526 436
525 435
525 439
525 440
526 441
526 442
527 442
525 434
526 433
527 433
499 452
526 432
526 431
525 430
524 430
523 431
522 430
522 429
521 428
525 443
525 444
526 445
526 446
526 447
527 447
525 448
525 449
525 429
524 428
523 427
523 426
526 428
527 429
527 428
526 427
525 426
522 425
525 425
526 426
522 424
521 423
524 442
528 430
528 439
528 448
528 449
529 431
530 430
531 431
530 429
529 432
531 432
532 432
533 433
534 432
534 431
533 430
533 434
533 435
534 436
534 437
535 438
535 439
534 440
534 441
534 442
533 439
533 443
533 444
534 445
534 446
532 442
533 429
532 428
531 427
530 426
508 439
533 438
532 437
531 436
530 435
530 434
536 439
529 427
529 436
529 437
530 438
530 439
528 435
532 441
521 427
520 426
519 425
519 424
518 423
519 422
518 421
519 420
518 419
519 419
518 418
518 422
517 421
532 427
529 440
529 441
529 442
530 443
530 444
531 445
532 446
532 447
533 448
529 445
529 446
528 444
532 436
532 445
535 447
536 446
537 447
538 448
537 446
537 445
536 444
536 448
536 449
539 449
540 449
541 449
541 448
540 447
540 446
541 447
539 445
540 445
541 444
542 445
541 443
540 442
540 441
541 442
539 440
538 439
538 438
537 437
537 436
536 443
537 442
538 443
537 441
540 440
541 439
541 438
541 437
542 436
542 435
541 434
540 437
541 433
540 432
539 433
538 434
538 433
537 432
537 431
538 430
538 429
537 428
537 427
537 426
538 425
538 424
537 423
536 430
535 429
540 436
508 430
536 425
540 431
540 430
541 430
542 431
541 429
540 428
540 427
532 449
541 428
542 427
542 426
542 425
543 424
541 425
544 425
545 424
546 425
546 424
545 426
545 427
546 428
546 429
545 430
544 430
545 431
545 432
546 433
546 434
545 435
544 434
543 433
544 424
547 435
548 435
525 424
539 444
536 438
528 434
520 430
486 437
478 433
510 422
511 421
512 422
521 431
479 434
498 447
490 443
502 417
547 425
505 428
524 441
475 436
516 437
482 444
517 438
509 434
520 443
498 424
490 420
543 432
535 428
501 435
512 444
504 440
539 434
505 441
497 437
536 428
520 420
486 427
531 435
542 444
500 447
479 424
478 424
478 423
512 421
523 430
506 441
510 440
514 441
493 452
474 436
473 435
543 445
544 444
545 445
535 441
501 448
493 444
485 440
505 418
524 431
497 414
482 434
481 434
474 430
530 447
530 448
509 424
496 454
508 428
527 441
480 445
478 436
525 432
513 445
496 443
531 446
545 446
549 434
544 447
519 437
498 414
499 414
531 448
489 451
501 425
546 447
547 448
493 421
512 434
504 430
550 435
523 443
481 446
539 424
546 432
497 427
538 428
477 423
495 418
498 442
499 448
473 434
480 433
511 420
544 435
539 431
534 427
481 433
545 436
545 437
546 438
534 426
547 438
515 444
542 434
511 446
535 431
481 423
506 418
514 432
488 426
515 432
549 433
548 432
534 435
485 430
504 443
545 444
546 443
545 442
537 440
482 424
546 445
538 441
530 437
496 444
508 418
480 436
499 449
545 441
527 431
519 427
495 432
546 442
549 436
515 431
549 437
549 438
550 438
511 423
511 424
531 438
477 430
469 426
469 427
489 441
500 450
492 446
533 447
512 424
504 420
523 433
470 427
481 436
473 432
534 448
549 439
526 444
518 440
550 440
551 441
497 417
484 447
496 421
515 434
507 430
499 426
542 424
489 418
508 431
500 427
497 420
545 443
486 448
490 431
511 425
513 434
469 428
512 426
512 427
481 444
527 448
521 444
505 420
470 429
470 430
470 431
513 427
471 430
492 423
511 436
493 424
544 432
520 431
477 438
513 425
469 432
529 443
469 433
514 425
485 420
545 434
537 430
470 434
495 433
546 435
538 431
530 427
518 439
472 426
494 453
480 446
514 426
515 427
478 429
544 448
545 440
544 439
516 427
523 441
505 426
515 426
480 432
501 432
511 419
512 418
513 417
549 440
496 434
488 430
507 443
480 426
499 439
489 431
522 428
512 417
511 416
541 441
492 436
539 432
548 441
533 437
533 436
469 431
514 430
515 429
544 443
516 430
510 420
482 441
472 433
476 439
476 440
477 441
543 442
525 433
544 446
502 449
477 442
477 443
507 429
477 440
518 425
475 438
490 441
491 448
551 442
552 443
517 425
481 426
494 445
534 438
516 424
526 434
515 423
515 422
545 447
518 430
537 443
552 444
484 437
503 450
553 445
476 433
475 431
514 421
484 436
515 421
517 436
540 423
550 436
548 436
541 424
514 416
515 417
515 418
516 417
516 419
544 429
524 439
552 442
553 441
553 440
554 441
495 446
468 429
515 424
487 442
507 420
499 416
536 436
552 439
539 442
552 438
544 438
547 440
542 432
535 443
504 419
515 416
551 437
476 443
475 442
544 441
546 439
548 431
549 430
550 431
549 429
549 428
551 431
549 427
550 428
551 428
552 428
552 437
553 436
553 438
488 443
529 444
480 439
508 421
521 440
500 417
511 426
477 433
469 429
522 441
528 432
553 435
514 437
552 434
525 446
553 428
503 427
495 423
554 428
555 429
487 419
506 432
518 443
551 440
517 447
496 424
488 420
518 447
519 448
507 433
519 447
556 428
557 429
548 434
499 429
510 444
543 430
518 446
557 428
532 430
552 429
497 425
523 423
493 451
523 422
523 421
522 421
547 431
553 430
553 431
553 432
554 433
555 432
556 432
554 431
523 420
524 419
523 418
522 419
521 418
524 418
557 431
522 418
541 431
533 427
552 440
525 423
556 433
556 434
544 436
491 430
483 426
557 434
558 434
502 439
494 435
534 428
547 447
526 424
557 433
548 446
548 445
548 444
518 420
537 433
484 427
503 440
549 443
551 433
548 427
474 441
515 442
522 420
552 433
556 431
548 440
498 421
510 423
513 419
513 428
479 435
471 431
543 447
514 420
544 433
514 429
555 430
472 432
558 435
557 436
556 437
557 438
475 434
556 436
547 444
505 425
475 437
543 429
536 434
501 450
559 436
559 437
551 432
482 428
468 434
468 435
468 436
469 437
485 433
485 432
469 436
548 426
540 422
510 418
513 423
479 430
541 423
554 442
554 443
471 435
471 436
471 437
472 438
473 439
472 437
544 428
521 425
514 424
555 434
558 430
547 430
503 421
555 443
556 442
556 441
539 426
472 436
547 439
539 435
516 433
524 446
475 441
536 429
559 431
560 430
561 431
560 429
551 429
559 432
560 433
560 434
561 435
481 435
539 436
560 428
531 433
520 421
551 436
517 434
536 447
551 445
551 446
527 443
516 416
528 443
509 439
520 439
486 446
548 430
520 448
478 442
540 426
529 426
528 425
521 422
498 420
540 435
513 418
498 429
532 431
510 431
562 432
563 431
564 432
563 433
563 434
486 435
542 437
479 425
490 425
543 428
498 438
513 436
490 434
554 437
543 437
535 433
479 443
543 446
501 440
535 442
523 449
501 449
502 426
491 426
504 445
493 445
494 422
483 422
524 423
555 438
555 439
483 431
494 431
524 432
547 434
475 427
516 428
539 430
547 443
482 435
539 439
497 433
539 448
505 446
505 447
506 448
506 449
482 423
516 446
474 440
497 442
517 420
536 433
497 451
509 416
528 429
517 429
536 442
520 425
486 423
509 425
528 438
486 432
520 434
467 428
478 428
486 441
527 434
509 443
550 444
478 437
542 440
531 440
498 415
510 417
531 449
542 449
521 426
513 422
498 433
500 452
513 431
479 429
490 429
554 432
471 425
479 438
490 438
543 441
471 434
535 437
512 435
523 435
501 444
523 444
535 446
493 440
494 417
501 453
485 436
504 449
481 447
493 449
555 433
505 414
524 427
547 429
558 429
485 445
516 423
539 425
505 423
524 436
497 419
516 432
505 432
482 430
524 445
497 428
474 426
516 441
539 443
482 439
474 435
505 450
497 446
538 447
517 424
509 420
517 433
528 433
520 429
509 429
550 430
561 430
509 438
486 436
520 438
550 439
527 437
478 432
486 445
527 446
478 441
519 442
531 444
508 442
498 419
489 447
562 431
490 424
543 427
501 421
554 436
492 452
543 436
471 429
512 430
535 432
501 430
504 426
493 426
523 439
512 439
493 435
470 433
523 448
485 431
481 442
504 444
555 428
473 438
524 422
547 424
516 418
485 449
558 433
482 442
547 433
539 429
505 427
482 425
524 440
497 423
505 436
516 436
557 437
546 437
497 432
516 445
505 445
482 443
546 446
497 441
474 439
549 442
542 441
538 442
517 419
509 415
486 422
520 424
486 431
550 434
527 432
561 434
478 427
542 430
531 430
550 443
467 436
542 439
508 437
531 439
500 433
489 433
542 448
508 446
519 446
511 442
500 442
489 442
490 419
491 418
491 417
492 438
500 451
562 435
501 416
512 416
543 431
492 447
512 425
523 425
535 427
543 440
554 440
504 421
501 434
535 436
523 434
481 428
470 428
493 430
501 443
512 443
553 444
485 426
493 439
470 437
481 437
504 439
501 452
473 433
485 435
504 448
493 448
485 444
524 426
505 422
482 420
516 422
497 418
482 429
516 431
557 432
474 425
482 438
546 441
474 434
538 437
530 433
527 427
538 446
549 446
496 440
530 442
520 419
496 449
507 449
486 426
550 429
499 445
561 429
508 423
519 423
499 454
527 436
478 431
519 432
531 434
527 445
511 428
531 443
542 443
519 441
477 435
500 446
543 426
501 420
512 420
492 451
493 416
504 416
523 429
519 439
512 429
512 438
523 438
553 439
485 421
481 432
470 432
523 447
473 428
481 441
534 444
473 437
485 439
526 440
505 417
485 448
497 413
537 449
526 449
516 426
546 427
518 445
497 422
538 423
482 433
546 436
495 452
474 429
538 432
515 430
549 432
530 428
474 438
549 441
515 439
507 444
530 446
496 453
519 418
550 433
561 433
531 429
508 427
542 429
527 440
500 423
489 423
542 438
519 436
492 419
527 449
489 432
500 432
511 432
508 445
519 445
492 428
511 441
477 439
500 441
469 435
556 440
489 450
522 447
523 424
501 424
493 420
512 433
501 433
553 434
481 427
504 429
493 429
534 430
553 443
485 425
470 436
534 439
545 439
485 434
526 435
537 435
481 445
545 448
473 441
537 444
503 442
503 451
506 447
495 447
546 431
474 424
538 427
515 425
546 440
557 440
507 421
538 436
466 429
496 430
518 444
530 432
515 443
549 445
538 445
530 441
507 439
496 439
499 435
488 435
507 448
496 448
508 413
480 431
499 444
527 426
488 444
508 422
480 440
499 453
527 435
511 418
500 418
542 433
519 431
489 427
477 425
511 427
500 436
489 436
477 434
469 430
492 432
556 435
500 445
511 445
552 446
541 446
492 441
544 442
522 442
533 442
501 419
512 419
523 419
525 447
553 429
481 422
504 424
545 425
502 454
481 431
534 434
485 429
473 427
503 428
526 430
534 443
518 426
473 436
526 439
537 439
518 435
484 433
537 448
526 448
503 446
484 442
546 426
495 442
538 422
476 438
515 420
487 438
557 435
495 451
496 416
507 416
549 431
487 447
496 425
507 425
515 438
538 440
499 421
488 421
530 436
507 434
499 430
465 428
464 428
530 445
488 439
496 452
480 435
508 417
488 448
527 430
529 449
519 426
508 426
480 444
489 422
511 422
500 422
492 418
511 431
500 431
477 429
552 432
541 432
564 434
565 434
492 427
533 428
556 430
552 441
469 434
544 437
522 437
556 439
545 429
514 433
533 446
522 446
525 442
514 442
553 433
491 449
470 426
534 429
483 445
553 442
503 423
537 425
526 425
545 438
473 431
537 434
503 432
534 447
495 428
506 428
484 428
503 441
526 443
476 424
495 437
506 437
487 433
506 446
484 446
538 426
476 442
495 455
496 420
515 433
496 429
530 431
560 432
488 425
499 425
496 438
507 438
548 439
499 434
488 434
529 435
480 430
499 443
540 444
519 421
532 440
511 417
489 417
500 426
477 424
541 427
492 422
522 423
552 436
541 436
514 419
533 432
522 432
552 445
541 445
525 428
514 428
533 441
491 435
525 437
472 431
491 444
514 446
502 444
483 440
494 440
502 453
553 437
503 418
534 433
494 449
545 433
495 414
506 414
537 429
526 429
506 423
484 423
537 438
526 438
484 432
518 434
559 435
503 445
487 428
476 428
484 441
495 441
476 437
487 437
515 419
506 450
495 450
507 415
496 415
487 446
515 428
528 447
507 424
499 420
496 433
560 436
488 429
529 430
563 432
480 425
548 443
510 426
499 438
529 439
540 439
480 434
510 435
532 435
521 435
529 448
540 448
532 444
513 440
498 451
492 417
490 447
564 433
552 431
544 427
522 427
556 429
541 440
491 421
514 423
502 421
522 436
556 438
502 430
533 445
544 445
522 445
494 426
544 431
525 441
491 439
555 442
483 435
472 435
502 448
545 428
494 444
483 444
537 424
475 440
503 422
503 431
518 429
495 427
506 427
559 430
487 423
506 436
495 436
536 437
476 432
487 432
551 435
495 445
506 445
468 428
476 441
487 441
517 442
528 442
551 444
496 419
507 419
499 415
560 431
548 429
520 447
488 424
499 424
529 425
540 425
548 438
510 421
521 421
529 434
540 434
480 429
548 447
510 430
521 430
498 428
540 443
513 426
532 439
521 439
479 433
532 448
521 448
498 446
513 444
479 442
541 426
522 422
490 451
541 435
552 435
514 418
502 416
533 431
522 431
514 427
525 427
533 440
544 440
483 421
494 421
525 436
555 437
483 430
472 430
525 445
502 443
475 426
472 439
483 439
547 442
491 452
502 452
475 435
503 417
539 438
494 448
506 413
524 449
539 447
506 422
495 422
484 422
518 424
487 418
484 431
497 450
559 434
536 432
476 427
487 427
517 428
528 428
551 430
536 441
487 436
476 436
551 439
528 437
517 437
560 435
507 414
520 433
517 446
528 446
486 440
509 442
520 442
499 419
548 433
486 449
510 416
529 429
540 429
548 442
510 425
498 423
529 438
540 438
513 421
532 434
521 434
498 432
529 447
479 428
513 430
510 443
532 443
521 443
513 439
479 437
513 416
498 450
471 433
552 430
543 449
522 426
544 426
535 445
491 420
502 420
514 422
494 416
525 431
514 431
502 429
491 429
472 425
494 425
483 425
547 428
558 428
555 441
472 434
494 434
483 434
558 437
547 437
524 435
475 430
494 443
483 443
524 444
547 446
475 439
505 440
516 440
506 417
495 417
505 449
482 447
506 426
495 426
497 445
536 427
559 429
487 422
517 423
497 454
509 419
551 434
517 432
468 427
536 445
520 428
509 428
551 443
517 441
528 441
509 437
520 437
520 446
548 428
509 446
486 444
478 440
540 424
548 437
521 420
479 423
498 418
540 433
529 433
498 427
521 429
510 429
550 442
532 429
562 430
490 423
521 438
532 438
498 436
479 432
490 432
543 435
554 435
498 445
471 428
513 443
479 441
554 444
543 444
535 440
490 450
514 417
501 447
535 449
491 424
504 452
502 424
483 420
494 420
547 423
502 433
491 433
555 436
472 429
483 429
494 429
547 432
558 432
475 425
539 428
494 438
547 441
516 435
539 437
505 435
524 448
497 431
539 446
505 444
516 444
497 440
517 418
536 431
497 449
559 433
509 414
517 427
528 427
536 440
520 423
486 421
509 423
528 436
551 438
486 430
520 432
509 432
528 445
517 445
478 426
486 439
509 441
520 441
478 435
467 435
498 413
510 415
529 428
531 447
542 447
510 424
498 422
521 424
513 420
490 418
532 433
498 431
562 434
513 429
490 427
479 427
554 430
498 440
535 426
479 436
490 436
543 439
554 439
471 432
535 435
490 445
543 448
512 442
523 442
535 444
501 442
502 419
491 419
494 415
501 451
555 431
504 447
493 447
494 424
483 424
547 427
485 443
524 425
555 440
539 423
516 421
505 421
558 436
547 436
524 434
535 448
475 429
505 430
547 445
524 443
497 426
539 441
505 439
516 439
482 437
474 433
497 435
505 448
482 446
497 444
536 426
559 428
517 422
536 435
497 453
509 418
520 418
528 431
517 431
486 425
509 427
520 427
528 440
520 436
486 434
509 436
550 437
478 430
520 445
486 443
527 444
550 446
478 439
542 442
531 442
521 419
498 417
510 419
498 426
489 445
490 422
479 422
513 424
543 425
500 454
479 431
543 434
492 450
554 434
471 427
535 430
501 428
512 428
523 428
543 443
501 437
523 437
512 437
493 433
504 433
501 446
523 446
512 446
504 442
493 442
481 440
494 419
485 438
555 435
504 451
505 416
558 431
524 429
485 447
539 427
516 425
524 438
497 421
516 434
482 432
524 447
474 428
497 430
505 443
516 443
546 444
497 439
474 437
517 417
497 448
538 449
528 426
517 426
520 422
486 420
509 422
486 429
509 431
561 432
550 432
478 425
531 428
542 428
486 438
527 439
550 441
478 434
508 435
519 435
531 437
478 443
519 444
508 444
542 446
511 440
489 440
500 440
490 417
489 449
500 449
562 433
490 426
554 429
492 445
512 423
501 423
543 438
554 438
493 419
535 434
512 432
523 432
493 428
504 428
501 441
512 441
485 424
493 437
470 435
493 446
504 446
485 442
524 424
473 440
547 426
539 422
516 420
524 433
497 416
482 427
505 429
516 429
557 430
546 430
557 439
482 436
505 438
516 438
474 432
497 434
538 435
549 435
482 445
546 448
466 428
497 443
538 444
549 444
530 440
509 417
530 449
496 447
507 447
486 424
527 425
542 423
486 433
467 429
550 445
489 426
531 441
