251 270
250 270
249 271
248 271
247 271
246 270
247 270
249 270
250 269
250 272
249 273
246 271
245 272
244 271
243 272
242 271
241 272
240 273
245 269
244 268
243 269
246 268
247 267
248 268
249 267
250 266
248 274
247 273
246 274
245 275
244 274
252 271
247 266
244 276
247 275
249 272
250 271
245 268
246 267
245 266
245 277
246 276
248 273
244 269
247 268
249 265
248 264
247 264
249 263
248 262
249 261
250 260
251 261
250 262
251 263
252 264
250 264
244 278
247 277
250 273
241 270
245 270
246 269
248 266
251 265
245 279
246 278
248 275
239 272
238 272
237 271
238 270
237 273
239 270
236 274
235 273
235 275
237 275
252 266
247 261
246 260
245 259
247 259
245 261
244 262
243 263
244 280
236 276
235 277
245 263
246 262
248 259
243 281
242 281
246 280
237 277
248 277
253 267
254 266
255 265
256 266
257 265
258 264
259 265
257 267
258 266
256 268
259 267
257 269
258 268
260 265
254 264
256 270
258 270
260 267
252 268
244 264
243 265
247 263
253 265
258 263
257 262
256 261
255 261
254 262
257 260
256 259
257 258
256 257
255 256
258 257
259 256
258 255
255 258
259 258
258 259
260 256
261 255
260 254
261 253
262 254
263 253
264 254
265 255
266 254
267 253
268 254
269 255
270 256
271 255
272 254
269 257
259 260
262 256
254 257
269 254
258 254
250 259
247 272
250 268
261 264
262 265
253 269
242 269
234 274
254 261
254 270
254 271
246 266
246 275
266 253
269 258
269 259
270 260
258 258
250 263
235 274
257 271
258 272
258 273
249 276
250 277
250 278
238 276
239 277
241 281
261 268
261 269
262 270
242 264
253 264
242 273
242 274
242 282
234 278
234 279
235 280
235 279
265 256
265 257
266 258
254 265
246 261
258 253
269 253
268 257
257 257
272 255
257 266
249 262
238 271
261 254
261 263
260 262
242 268
241 267
253 268
234 273
254 260
253 259
246 265
256 269
245 278
237 274
268 252
257 261
260 257
257 270
260 266
249 266
238 275
249 275
241 271
241 280
242 279
242 278
242 277
241 276
261 258
261 259
261 267
253 263
242 263
241 262
253 272
253 273
253 274
254 275
242 272
234 277
244 281
256 264
245 264
245 273
237 269
248 269
245 282
245 283
237 278
248 278
268 256
257 256
260 261
257 274
257 275
257 276
258 277
256 273
260 270
260 271
261 272
261 273
241 266
238 279
238 280
238 281
249 279
249 280
249 281
250 282
241 275
261 262
262 261
253 258
233 276
236 281
256 277
256 278
257 279
257 280
248 282
247 282
248 283
237 282
237 283
268 260
268 261
267 260
260 274
260 275
260 276
261 277
261 278
260 279
260 280
260 281
261 282
261 283
261 281
255 272
267 255
252 275
252 276
253 277
253 278
254 279
254 280
255 281
256 282
256 283
233 280
233 281
234 282
234 283
234 284
235 284
233 285
264 258
264 259
265 260
265 261
265 262
266 263
264 263
264 264
265 265
265 266
266 267
266 268
267 269
268 270
268 271
269 272
269 273
270 274
268 274
268 275
267 274
268 269
269 268
269 267
268 266
268 265
269 264
270 265
269 263
267 264
267 273
266 272
265 271
265 270
264 272
264 273
265 274
265 275
236 285
236 286
264 267
264 268
263 267
256 263
264 276
264 277
264 278
265 279
265 280
266 281
264 281
264 282
263 281
263 276
267 282
256 272
237 268
238 267
239 268
239 267
238 266
238 265
256 281
257 255
268 255
259 274
272 253
249 260
260 260
251 279
252 280
262 279
271 257
272 258
272 259
272 260
273 261
273 260
241 265
271 266
263 262
274 262
271 275
272 274
273 275
273 274
272 273
272 272
271 276
272 277
272 278
272 279
273 279
271 271
271 280
274 276
275 277
276 276
277 277
276 275
275 278
276 279
276 280
277 281
276 274
275 273
278 278
279 279
280 278
280 277
279 276
279 280
279 281
280 282
279 275
280 274
281 274
280 273
280 272
279 271
279 270
278 269
277 268
277 267
280 269
280 268
276 266
276 265
275 264
282 275
282 276
283 277
284 276
285 276
284 275
283 278
284 279
284 280
285 281
283 281
283 282
282 280
286 277
287 276
288 277
287 275
286 278
287 279
287 280
287 274
288 273
288 272
287 271
286 273
285 272
284 271
284 270
283 272
283 273
282 271
289 278
290 279
291 278
292 279
292 280
291 277
290 280
293 280
240 269
263 271
255 267
274 280
274 281
275 282
240 278
263 280
243 274
255 276
252 261
275 263
276 262
277 263
277 262
276 261
267 259
252 270
286 272
275 272
276 271
277 272
276 270
275 269
275 268
274 271
273 270
272 269
273 269
272 268
267 268
244 266
252 279
286 281
233 275
232 274
231 273
230 272
231 272
230 271
230 270
231 269
231 268
230 267
229 269
228 268
227 267
227 266
227 265
226 268
226 269
227 270
227 271
228 272
229 273
229 274
230 275
230 276
231 277
231 278
244 275
264 253
236 271
235 271
235 270
234 269
234 268
233 284
232 283
231 282
230 281
231 281
230 280
229 279
229 278
228 277
227 276
227 275
226 274
226 273
225 272
226 277
226 278
227 279
227 280
226 279
225 276
229 282
229 283
229 284
230 285
230 286
231 287
231 286
230 284
229 287
228 286
227 285
227 284
226 283
229 288
230 289
230 290
230 291
231 291
229 292
229 293
226 282
225 281
232 288
233 289
234 288
235 289
234 287
233 290
232 292
232 293
225 271
264 262
236 280
225 280
224 279
223 278
223 277
222 276
222 279
222 280
222 281
223 282
223 283
222 284
222 285
222 286
223 287
223 288
223 286
222 289
222 290
223 291
223 292
221 279
221 288
224 284
224 293
225 293
226 293
226 292
225 291
225 290
226 291
227 290
227 289
226 288
226 287
225 286
225 285
221 283
220 282
219 281
219 280
219 279
218 278
218 282
218 283
219 284
219 285
217 277
216 276
215 277
215 278
215 279
216 280
214 280
214 281
215 282
215 283
216 284
216 285
217 286
218 287
218 288
219 289
219 290
218 291
218 292
218 293
219 294
220 293
219 293
217 291
216 292
215 292
221 293
222 294
218 277
219 276
220 277
218 286
217 281
217 290
216 289
215 288
215 287
214 289
214 290
214 284
214 285
213 284
212 283
211 284
211 285
211 286
212 287
212 288
210 287
209 288
210 288
220 291
221 292
224 288
213 288
256 258
217 276
225 289
236 289
217 285
245 267
256 267
248 263
278 264
279 265
279 266
237 272
248 272
226 272
278 273
289 273
229 268
270 269
259 269
281 269
214 279
278 282
229 277
281 278
259 278
260 255
251 274
262 274
271 252
262 283
251 283
252 284
253 283
254 284
253 282
239 281
228 281
271 261
271 262
272 263
272 264
273 265
273 266
290 274
291 273
292 274
292 275
293 276
293 277
294 278
295 279
295 280
294 277
295 276
295 275
296 274
295 274
290 275
293 275
294 276
228 290
263 257
271 270
220 286
282 270
274 266
263 266
240 264
239 263
271 279
270 278
269 277
268 278
260 264
267 279
268 280
268 279
267 278
266 277
267 277
293 279
282 279
255 262
274 275
263 275
255 271
232 269
240 282
221 278
255 280
243 278
232 278
232 287
221 287
267 254
252 265
275 267
213 283
224 283
244 261
243 260
267 263
252 274
224 292
244 270
267 272
233 270
233 271
285 271
244 279
233 279
285 280
225 275
224 274
236 275
264 257
266 276
277 276
236 284
225 284
256 262
217 280
247 281
269 281
269 282
258 281
258 282
259 283
235 288
259 255
270 255
278 268
259 264
270 264
289 277
278 277
227 293
251 260
262 260
270 273
281 273
259 273
228 267
251 269
262 269
270 282
281 282
259 282
262 278
239 276
228 276
251 278
271 256
228 285
220 281
271 265
263 261
274 261
220 290
271 274
282 274
293 274
255 257
263 270
240 268
274 270
243 264
255 266
274 279
240 277
263 279
255 275
243 273
232 273
232 282
243 282
255 284
221 282
224 278
252 260
232 291
221 291
267 258
213 287
252 269
224 287
244 265
266 262
285 275
236 270
225 270
277 271
266 271
258 267
266 280
277 280
258 276
262 255
247 276
269 276
235 283
216 279
250 281
278 272
259 259
270 259
216 288
227 288
289 272
270 268
259 268
281 268
278 281
251 264
262 264
270 277
281 277
259 277
262 273
228 271
251 273
239 271
251 282
262 282
228 280
239 280
220 276
271 260
228 289
263 256
220 285
274 265
263 265
240 263
220 294
240 272
243 268
232 268
255 270
243 277
232 277
221 277
273 278
224 273
254 274
288 276
213 282
224 282
254 283
244 260
246 279
231 290
266 257
285 270
286 269
212 286
277 266
266 266
285 279
258 262
269 262
247 262
215 291
266 275
277 275
235 269
258 271
269 271
250 267
235 278
247 280
269 280
258 280
250 276
227 274
235 287
270 254
259 254
216 283
278 267
227 283
270 263
259 263
289 276
227 292
251 259
262 259
270 272
281 272
259 272
239 266
251 268
262 268
228 266
281 281
251 277
262 277
228 275
239 275
292 278
284 274
228 284
220 280
263 260
274 260
220 289
240 267
273 264
232 272
273 273
266 265
234 291
234 292
234 293
235 293
292 276
235 292
296 275
265 269
288 271
254 269
273 282
272 282
224 277
265 278
254 278
288 280
231 276
231 285
246 283
223 281
266 261
223 290
285 274
215 286
277 270
266 270
269 266
277 279
266 279
258 275
269 275
227 269
235 282
216 278
250 280
227 278
280 281
235 291
270 258
227 287
216 287
270 267
262 263
228 270
262 272
284 269
228 279
239 279
261 276
284 278
295 278
220 284
253 281
273 259
219 288
234 286
273 268
265 264
273 277
222 293
288 275
231 271
265 273
254 273
265 282
254 282
231 280
223 276
231 289
266 256
212 285
223 285
285 269
269 252
215 281
277 265
223 294
258 261
269 261
266 274
215 290
277 274
269 270
235 268
269 279
258 279
250 275
227 273
280 276
291 276
235 286
259 253
270 253
216 282
227 282
257 283
272 281
216 291
227 291
262 258
228 265
239 265
292 277
230 293
261 271
284 273
242 267
261 280
284 282
242 276
253 276
234 272
219 283
234 281
273 263
219 292
254 259
265 259
222 288
234 290
211 288
273 272
254 268
265 268
273 281
246 264
254 277
288 279
265 277
231 275
246 273
231 284
223 280
246 282
231 293
215 276
266 260
212 289
223 289
258 256
269 256
215 285
269 265
258 265
247 265
250 261
235 272
227 268
280 271
272 267
227 277
216 277
280 280
291 280
257 278
272 276
238 274
249 274
262 253
249 283
238 283
260 283
241 279
230 279
261 257
230 288
261 266
242 262
253 262
261 275
295 277
284 277
253 271
219 278
253 280
242 280
273 258
234 276
219 287
265 254
211 283
234 285
273 267
222 283
254 263
265 263
222 292
273 276
234 294
246 259
231 270
265 272
254 272
276 269
231 279
223 275
246 277
287 278
276 278
231 288
266 255
279 274
223 284
212 284
215 280
245 281
258 260
269 260
257 273
215 289
226 286
257 264
268 264
272 262
227 272
280 275
229 291
268 273
291 275
272 271
249 269
238 269
260 269
257 282
268 282
238 278
272 280
249 278
260 278
241 274
230 274
230 283
218 281
261 261
218 290
230 292
261 270
284 272
210 286
242 266
253 266
261 279
253 275
242 275
283 276
234 271
253 284
219 282
234 280
273 262
222 278
275 281
219 291
254 258
265 258
211 287
234 289
222 287
265 267
254 267
246 263
276 264
231 274
233 293
264 271
276 273
287 273
279 269
223 279
264 280
276 282
245 276
256 276
279 278
215 284
237 281
248 281
226 281
257 259
268 259
226 290
214 288
272 257
229 286
268 268
280 270
257 268
272 266
238 264
249 264
291 279
257 277
268 277
280 279
238 273
272 275
260 273
230 269
241 269
249 282
260 282
238 282
230 278
241 278
218 276
261 256
218 285
230 287
261 265
253 261
261 274
253 270
242 270
283 271
253 279
219 277
294 280
283 280
234 275
275 276
286 276
219 286
265 253
222 282
252 283
267 281
222 291
233 288
276 268
264 266
245 262
279 264
264 275
287 277
276 277
256 271
245 271
279 273
217 289
248 267
237 267
226 267
245 280
256 280
279 282
237 276
248 276
226 276
257 254
229 272
229 290
214 283
226 285
272 252
257 263
268 263
229 281
260 259
272 261
249 259
268 272
291 274
257 272
249 268
272 270
260 268
238 268
268 281
257 281
241 264
249 277
238 277
260 277
290 278
241 273
230 273
218 280
230 282
241 282
261 260
218 289
210 285
242 265
275 262
283 275
294 275
234 270
286 271
275 271
267 267
222 277
286 280
275 280
252 278
233 274
267 276
233 283
264 261
236 279
276 263
225 279
233 292
225 288
276 272
287 272
236 288
264 270
279 268
217 284
264 279
276 281
256 275
279 277
217 293
226 271
229 267
226 280
248 280
214 278
237 280
229 276
268 258
214 287
226 289
272 256
268 267
229 285
260 263
272 265
268 276
260 272
290 273
230 268
241 268
271 269
282 269
230 277
241 277
271 278
293 278
282 278
263 274
274 274
218 284
240 281
253 260
221 290
255 279
283 270
221 286
232 286
275 266
294 279
283 279
267 262
286 275
224 291
252 273
275 275
267 271
233 269
252 282
233 278
267 280
264 256
225 274
233 287
236 283
264 265
225 283
276 267
217 279
264 274
225 292
279 272
217 288
226 266
256 279
226 275
278 276
229 271
268 253
214 282
237 284
226 284
268 262
229 280
259 281
270 281
214 291
260 258
229 289
241 263
271 264
290 277
228 293
271 273
282 273
274 269
263 269
218 279
282 282
271 282
240 276
263 278
274 278
255 274
210 284
255 283
232 281
221 281
252 259
275 261
294 274
283 274
232 290
267 257
213 286
286 270
275 270
224 286
267 266
286 279
275 279
252 277
244 273
233 273
267 275
236 269
225 269
244 282
233 282
236 278
264 260
225 278
233 291
256 256
236 287
225 287
264 269
256 265
279 267
245 265
217 283
248 261
245 274
217 292
256 274
226 270
248 270
237 270
278 271
229 266
214 277
248 279
237 279
278 280
289 280
229 275
270 276
281 276
259 276
214 286
260 253
252 272
251 272
262 281
251 281
271 259
228 288
263 255
271 268
263 264
274 264
282 277
271 277
255 260
274 273
240 271
263 273
243 267
255 269
274 282
263 282
240 280
232 276
255 278
243 276
221 276
221 285
283 269
232 285
275 265
252 263
224 281
221 294
267 261
244 259
224 290
286 274
275 274
213 290
233 268
267 270
252 281
244 277
233 277
285 278
236 273
264 255
225 273
233 286
236 282
225 282
245 260
256 260
217 278
247 279
217 287
226 265
248 265
278 266
259 262
270 262
278 275
289 275
229 270
259 271
281 271
270 271
251 267
262 267
259 280
281 280
270 280
262 276
251 276
228 274
239 274
271 254
228 283
278 279
220 279
271 263
290 276
228 292
263 259
274 259
271 272
220 288
282 272
240 266
263 268
274 268
282 281
271 281
255 264
243 262
240 275
263 277
274 277
255 273
232 271
243 271
243 280
255 282
232 280
221 280
252 258
224 276
221 289
232 289
267 256
252 267
224 285
213 285
244 263
267 265
224 294
244 272
233 272
285 273
225 268
236 268
277 269
266 269
236 277
225 277
266 278
277 278
256 255
258 274
247 274
269 274
217 282
258 283
247 283
235 281
248 260
250 279
235 290
259 257
270 257
278 270
216 286
227 286
259 266
270 266
289 279
251 262
262 262
270 275
259 275
281 275
239 269
251 271
262 271
228 269
251 280
239 278
228 278
262 280
271 258
228 287
263 254
271 267
220 283
263 263
274 263
220 292
255 259
240 270
263 272
274 272
243 266
255 268
240 279
232 275
243 275
255 277
288 274
221 284
232 284
252 262
224 280
265 281
254 281
244 258
224 289
213 289
244 267
266 264
277 264
285 277
223 293
247 260
236 272
266 273
277 273
269 269
247 269
258 269
266 282
277 282
250 265
247 278
269 278
235 276
258 278
250 274
235 285
270 252
278 265
227 281
216 281
250 283
235 294
259 261
270 261
289 274
278 274
216 290
262 257
259 270
281 270
270 270
262 266
251 266
239 264
270 279
281 279
259 279
228 273
262 275
251 275
239 273
271 253
228 282
251 284
239 282
220 278
284 281
228 291
263 258
220 287
209 287
274 267
240 265
255 263
243 261
240 274
232 270
243 270
273 271
243 279
232 279
273 280
236 295
224 275
254 276
288 278
265 276
246 272
231 283
246 281
231 292
266 259
