493 477
493 476
494 476
492 476
491 477
490 477
490 476
493 475
493 478
495 475
489 478
488 479
490 479
487 480
486 481
485 480
484 481
483 480
489 477
488 476
487 477
486 478
485 477
484 478
483 477
491 475
491 474
490 473
489 474
488 473
491 480
482 477
496 476
497 475
488 472
487 471
488 470
486 472
488 481
495 477
484 477
485 476
484 475
487 473
486 474
487 482
486 483
485 483
484 484
483 483
482 484
481 485
480 484
482 486
483 485
480 486
481 487
484 486
485 485
491 473
482 479
496 478
494 478
483 478
497 477
488 474
482 488
483 487
481 480
480 479
484 479
495 479
486 476
485 478
487 475
481 489
484 488
485 487
487 484
482 481
494 480
493 480
497 479
482 490
483 489
498 480
499 479
499 481
500 478
501 477
501 479
502 480
503 479
504 478
505 479
503 481
504 480
502 482
501 482
505 481
503 483
504 482
506 479
507 478
506 477
507 476
506 475
505 474
504 473
503 472
504 471
503 470
505 470
502 473
501 473
505 472
503 474
506 470
507 469
506 468
507 467
508 466
506 466
509 465
509 467
505 465
504 464
503 463
505 463
503 465
502 466
501 466
502 475
501 475
500 475
499 474
507 471
502 484
501 484
500 485
503 467
506 463
503 476
506 472
503 485
506 481
495 481
507 464
488 469
487 468
510 466
498 473
498 482
499 483
479 478
496 474
490 478
479 487
502 470
491 479
502 479
494 475
483 475
483 484
503 462
502 461
503 471
506 467
484 476
495 476
506 476
487 472
487 481
486 485
487 486
498 477
502 465
502 474
502 483
494 479
483 479
483 488
503 466
506 462
506 471
487 467
509 464
486 480
510 465
498 472
498 481
479 486
478 485
502 460
502 469
491 478
502 478
494 474
483 474
505 471
505 480
497 476
482 487
509 468
486 466
486 475
486 484
510 469
510 470
511 471
510 471
498 476
490 472
490 481
490 482
491 483
491 484
502 464
485 488
486 489
505 466
482 473
505 475
497 471
482 482
497 480
482 491
482 492
509 463
486 470
509 472
509 473
510 474
510 475
486 479
486 488
478 484
510 464
498 471
499 470
500 471
499 469
498 468
498 467
502 459
503 458
503 457
505 461
497 466
486 465
487 464
488 465
487 463
487 462
486 461
509 476
509 477
509 478
510 479
510 480
509 481
509 482
510 483
510 484
510 485
509 486
509 487
510 488
510 489
478 479
478 480
479 481
479 482
508 480
478 488
478 489
478 490
479 491
479 492
498 466
499 465
499 464
498 463
498 462
499 461
500 462
499 460
511 485
501 459
490 471
491 470
491 469
490 468
490 467
491 466
492 467
491 465
491 464
490 463
489 462
490 462
491 461
492 462
491 460
490 459
490 458
489 457
501 468
493 473
501 486
501 487
502 488
502 489
503 490
512 486
513 485
514 486
513 484
512 487
513 488
513 489
513 490
485 469
484 468
484 467
483 466
483 465
483 469
483 470
483 471
484 472
482 468
504 491
504 492
505 493
505 494
506 495
497 461
496 460
495 459
495 458
494 460
494 461
495 462
495 463
496 464
494 464
494 465
494 466
495 467
495 468
496 469
494 469
494 470
494 471
495 472
495 471
493 464
482 472
497 470
505 483
505 484
505 485
506 486
515 487
516 488
517 487
518 488
517 486
516 485
516 489
516 484
519 489
516 483
517 482
517 481
516 480
516 479
486 460
487 459
488 460
509 462
510 461
511 462
510 460
509 459
509 458
508 457
486 469
508 475
489 471
489 480
511 480
500 480
490 457
491 456
492 457
492 458
491 455
511 489
477 487
476 486
475 485
475 484
474 486
474 487
473 485
472 485
472 484
471 483
471 482
471 486
471 487
472 488
472 489
471 481
472 480
472 479
471 478
471 477
472 476
472 475
470 485
473 490
474 491
475 490
476 491
475 489
474 492
477 492
470 480
492 485
501 463
512 463
504 459
493 459
512 472
513 471
514 472
514 473
515 473
513 470
513 474
513 475
514 476
514 477
513 469
514 468
514 467
513 466
513 465
514 464
515 464
514 463
514 462
513 461
513 460
514 459
515 459
514 458
513 457
513 456
514 457
512 473
513 455
514 454
515 455
515 454
514 453
513 452
513 451
512 468
516 456
516 465
516 466
517 467
517 468
518 469
518 470
517 471
517 472
517 473
518 474
516 470
516 474
516 475
517 476
517 477
517 457
518 456
519 457
518 455
517 454
517 458
517 453
518 452
519 452
518 451
518 450
520 458
520 459
521 460
521 461
522 462
522 463
521 464
521 465
521 466
522 467
522 468
521 469
521 470
522 471
522 472
520 468
520 463
523 473
524 474
525 473
526 474
525 472
524 475
525 476
525 477
520 467
519 466
518 465
523 468
524 469
525 468
526 469
525 467
524 470
524 478
524 479
524 480
525 481
525 482
526 483
524 483
524 484
523 482
522 481
521 480
521 479
520 478
519 479
518 479
520 477
520 481
520 482
521 483
521 484
521 485
522 486
520 486
519 485
520 487
521 488
523 487
520 476
521 475
522 476
522 477
521 474
520 473
519 472
520 472
527 484
528 485
529 484
529 483
528 482
528 486
528 481
529 480
529 479
529 478
528 477
527 478
528 476
529 475
529 474
528 473
528 472
529 473
528 471
529 470
529 469
528 468
528 467
519 480
523 477
523 486
520 453
520 454
521 455
522 454
522 453
521 456
522 457
522 458
522 452
521 451
528 466
529 465
529 464
528 463
528 462
527 461
526 460
525 459
529 461
530 462
525 458
529 460
525 457
526 456
526 455
525 454
524 455
525 453
529 459
528 458
524 456
524 460
524 461
524 462
525 463
526 464
526 465
525 462
528 457
529 456
530 457
531 457
532 456
533 455
533 454
534 455
533 453
533 457
533 458
534 459
534 460
529 455
528 454
533 452
534 451
532 455
528 453
532 459
532 460
532 461
533 462
533 463
534 464
532 464
532 465
532 466
532 467
533 468
533 467
533 466
532 469
531 469
532 470
533 471
533 472
534 473
533 474
532 475
533 476
533 477
532 474
496 465
532 478
532 479
532 480
533 481
531 478
531 473
531 472
535 452
515 478
536 453
535 461
536 461
531 468
513 450
512 454
523 463
535 474
501 481
512 490
485 473
504 486
524 464
516 460
482 467
481 466
530 480
509 457
488 483
508 461
527 474
519 470
511 466
531 481
489 484
501 458
512 467
504 463
523 476
481 479
485 486
505 464
480 466
479 467
478 466
518 483
497 460
484 490
515 477
507 473
531 458
489 461
508 474
480 492
527 487
526 487
500 470
519 483
492 466
511 479
477 486
523 453
504 474
511 453
510 452
535 464
501 471
514 490
493 467
534 468
504 476
524 454
470 483
469 483
469 482
503 480
473 488
506 485
530 470
496 477
515 490
507 486
507 460
527 464
506 459
472 482
500 457
499 482
512 455
525 474
498 461
503 468
525 486
537 460
468 482
538 461
519 460
518 461
511 456
511 457
510 455
509 454
531 471
500 483
492 479
533 480
512 457
523 466
481 469
480 470
480 469
526 477
518 473
484 480
503 493
502 493
502 492
501 491
515 467
487 485
507 463
499 459
530 483
488 486
508 464
480 482
500 460
519 473
492 456
511 469
522 484
534 458
526 454
472 483
483 492
475 488
495 466
518 486
530 460
530 481
475 487
480 465
511 452
506 473
518 460
506 458
492 463
500 476
511 467
525 478
507 459
523 459
537 459
484 482
507 479
536 463
537 464
537 465
538 466
536 458
539 467
537 463
538 464
539 464
540 464
476 489
496 467
515 480
514 481
513 480
514 480
488 463
527 454
499 472
519 450
510 487
489 464
522 461
492 469
533 470
525 466
526 467
484 470
499 468
541 463
514 482
540 465
541 466
541 467
510 456
479 468
513 479
501 492
530 463
472 490
471 491
506 457
492 486
522 482
510 451
498 458
493 487
497 457
498 457
478 469
500 493
499 492
515 457
529 477
521 473
532 482
532 483
477 466
476 467
475 466
476 466
490 485
490 486
522 474
514 470
533 483
525 479
491 486
537 453
483 482
503 460
506 465
518 476
484 483
517 480
487 488
529 454
520 485
499 462
488 488
540 463
477 469
490 480
530 453
481 490
476 468
521 462
498 491
497 490
498 490
496 490
495 490
494 489
495 489
498 489
494 491
510 477
521 486
522 451
513 482
541 464
533 460
479 489
525 456
471 485
491 463
502 472
494 468
514 483
526 457
472 486
518 453
475 491
495 469
499 488
498 487
487 465
506 478
509 489
510 454
529 467
521 463
500 481
490 487
538 462
490 461
491 488
491 489
492 489
513 459
523 461
516 468
498 486
499 475
489 481
494 488
495 487
495 486
496 487
494 485
532 472
494 484
479 466
498 479
523 474
487 483
508 485
494 483
497 485
499 493
498 485
469 480
488 475
490 490
508 484
490 475
507 483
490 491
510 490
522 464
514 460
490 492
510 453
509 491
509 492
500 467
493 483
493 492
525 469
491 476
499 480
494 493
485 484
539 468
536 462
497 489
489 490
535 475
535 476
512 482
504 487
504 488
505 489
506 490
506 488
483 472
470 481
500 468
509 488
511 490
524 465
516 461
516 462
517 463
539 463
536 457
537 456
538 457
537 455
505 488
497 484
496 483
536 466
536 467
535 466
517 462
478 470
478 471
479 472
510 450
511 449
511 448
531 482
508 489
489 485
500 494
492 490
493 482
493 491
505 456
506 455
507 455
536 452
497 488
509 453
530 485
530 486
520 462
531 459
527 470
478 465
478 464
527 479
519 475
531 477
519 484
530 467
508 493
507 493
507 492
489 489
500 489
523 454
535 456
535 465
501 472
523 472
504 468
493 468
523 481
512 481
485 464
484 463
484 462
483 461
504 477
501 490
481 484
493 486
470 484
473 480
474 480
475 480
476 481
476 482
475 479
474 478
485 482
504 495
505 460
539 462
524 473
485 491
486 491
487 491
485 492
476 487
473 489
508 462
505 469
516 469
497 465
482 476
481 475
480 475
480 474
497 474
512 474
482 485
517 452
516 451
515 450
530 471
474 481
474 482
506 491
515 482
520 457
527 456
507 487
531 454
486 464
527 465
519 461
531 463
488 492
480 488
508 470
527 483
500 466
489 466
508 479
489 475
511 475
508 488
519 488
492 471
477 482
511 484
500 484
512 449
492 480
477 491
535 460
523 458
512 458
523 467
501 467
493 463
501 476
512 476
512 477
485 459
484 459
481 470
504 472
493 472
512 485
523 485
485 468
493 481
504 481
470 479
469 478
468 478
468 477
467 476
467 479
467 480
466 478
465 477
489 458
466 477
524 459
526 478
470 488
470 489
537 461
507 484
469 487
468 487
468 486
467 485
480 471
467 484
483 490
466 483
465 484
464 483
464 484
507 488
463 483
462 483
504 479
463 482
464 481
465 481
464 480
464 479
491 462
463 478
467 488
463 477
466 482
507 474
503 486
463 481
462 480
461 479
460 478
459 478
458 479
458 480
508 471
457 481
457 482
458 483
456 480
459 481
460 482
460 483
470 476
469 475
456 479
459 480
456 483
500 458
489 482
456 484
527 485
456 485
455 483
454 482
492 481
481 471
453 483
452 483
451 482
453 484
452 485
518 489
506 492
489 467
452 482
452 486
530 476
520 456
452 481
460 481
456 478
451 485
454 481
535 462
487 478
523 456
455 482
459 479
470 475
454 485
454 486
466 486
458 478
450 483
449 482
448 483
520 461
519 463
504 493
448 484
448 485
449 486
447 483
446 482
445 481
488 489
446 481
444 482
443 482
516 486
487 487
508 467
519 462
443 481
442 480
441 480
528 465
440 480
439 480
439 479
438 478
441 481
441 482
441 483
442 484
437 479
437 480
440 484
439 485
438 486
437 485
512 456
511 482
540 466
492 478
493 485
493 460
440 485
488 466
441 486
441 487
502 471
498 460
437 484
493 479
436 483
435 484
436 482
447 482
439 483
442 488
461 478
485 463
516 450
482 466
434 485
462 479
449 481
519 481
438 482
497 481
526 488
480 476
486 462
523 480
434 484
433 483
492 464
442 481
488 484
502 494
485 471
433 482
480 489
527 471
433 486
432 486
431 485
431 484
430 483
430 482
429 481
428 481
450 482
505 482
427 481
438 485
426 481
439 486
512 488
426 480
468 485
515 463
527 462
516 487
532 457
496 488
511 473
429 484
429 485
526 484
504 470
428 483
427 483
526 475
432 485
440 479
435 485
503 491
444 481
428 482
443 485
444 485
445 485
504 469
446 486
514 469
445 484
444 486
528 459
444 487
477 483
447 487
446 488
445 489
431 483
489 463
432 484
425 481
424 480
436 481
428 486
427 486
475 467
461 483
481 488
516 455
473 484
451 484
516 464
482 462
482 463
512 460
454 480
503 494
507 465
482 471
431 487
430 487
518 484
469 479
497 469
515 468
530 466
496 473
530 475
515 486
455 481
466 481
530 484
488 487
507 482
496 482
488 478
499 478
527 460
496 491
496 492
496 493
496 494
497 494
497 493
507 491
508 456
519 456
465 485
499 487
527 469
519 465
531 467
508 465
480 483
511 461
500 461
519 474
531 476
489 470
477 468
511 470
508 483
489 479
500 479
508 492
492 475
500 488
489 488
511 488
512 453
535 455
458 482
492 484
522 485
501 462
512 462
523 462
492 493
504 458
493 458
427 485
512 471
439 487
439 488
523 471
504 467
442 483
481 465
481 474
534 477
485 472
526 473
481 483
473 479
526 482
518 478
503 489
538 456
454 484
443 484
518 487
484 485
495 485
530 452
538 465
495 494
506 494
530 461
496 459
476 490
487 490
515 472
496 468
507 468
515 481
488 464
507 477
530 479
499 473
527 455
496 486
519 451
531 453
424 479
425 478
465 480
488 482
480 478
508 460
531 462
499 491
527 473
488 491
508 469
536 465
446 485
480 487
519 469
489 465
438 481
511 465
500 465
519 478
508 478
492 461
500 474
511 474
492 470
430 486
477 481
511 483
489 483
469 477
522 480
477 490
523 457
501 457
469 486
492 488
515 466
534 454
439 482
427 480
461 482
525 485
514 485
493 462
504 462
534 463
491 492
526 459
442 487
534 472
485 467
537 468
526 468
481 478
518 464
503 475
484 471
503 484
526 486
495 480
518 482
506 480
515 458
538 460
539 459
487 476
431 486
506 489
484 489
507 454
530 456
476 485
496 463
468 481
530 465
515 476
488 459
496 472
507 472
530 474
445 488
515 485
488 468
496 481
507 481
480 464
499 477
527 459
488 477
507 490
480 473
508 455
519 455
499 486
527 468
511 451
457 480
519 464
511 460
489 460
446 489
480 491
489 469
500 469
477 467
449 485
492 465
522 466
511 478
492 474
533 475
522 475
477 485
512 452
523 452
514 471
525 471
458 481
469 481
525 480
504 457
427 484
450 486
491 487
502 487
514 489
537 454
481 464
442 482
534 467
503 461
526 463
472 492
494 492
534 476
518 459
526 472
518 468
484 466
526 481
518 477
468 476
503 488
538 455
515 453
495 484
506 484
515 462
476 480
495 493
506 493
507 458
496 458
487 489
515 471
530 469
434 483
445 483
499 463
426 479
427 478
507 485
480 468
531 452
446 484
465 479
529 482
480 477
508 459
519 459
521 478
510 478
511 455
457 484
521 487
500 464
438 480
511 464
541 465
513 483
492 460
498 494
533 461
479 490
430 485
522 470
514 466
469 476
522 479
533 479
514 475
525 475
522 488
534 453
427 479
461 481
450 481
491 482
514 484
525 484
534 462
472 478
491 491
502 491
526 458
537 458
494 487
472 487
518 454
475 483
537 467
518 463
506 461
495 461
484 461
475 492
526 476
495 470
518 472
487 466
518 481
438 484
503 492
538 459
495 488
530 455
507 453
453 482
476 484
517 485
496 462
530 464
507 462
468 480
499 458
488 458
468 489
496 471
445 487
509 490
426 483
488 467
499 467
529 468
540 468
480 463
499 476
519 454
480 472
510 473
532 473
465 483
511 450
529 486
457 479
510 482
521 482
513 478
510 491
522 456
533 456
449 484
513 487
479 485
514 452
522 465
533 465
491 459
525 461
514 461
471 490
525 470
491 468
502 468
522 483
483 464
502 477
514 479
534 457
494 473
483 473
502 486
514 488
526 453
494 482
534 466
526 462
537 462
464 478
483 491
472 491
506 456
518 458
441 485
503 469
526 471
518 467
495 465
484 465
503 478
487 461
495 474
484 474
506 474
487 470
515 452
495 483
506 483
515 461
487 479
528 480
507 457
485 465
453 486
476 488
517 489
468 484
434 482
445 482
509 485
426 478
488 462
539 461
529 463
486 492
521 459
510 459
529 472
480 467
532 468
521 468
510 468
529 481
513 464
498 475
532 477
521 477
479 471
513 473
498 484
510 486
533 451
438 479
479 480
498 493
471 476
522 460
490 489
514 456
430 484
437 483
533 469
522 469
502 463
514 465
525 465
522 478
533 478
494 459
479 484
440 488
514 474
491 472
471 480
483 468
534 452
491 481
502 481
525 483
472 477
494 477
502 490
491 490
537 457
516 459
483 486
494 486
524 487
464 482
503 464
517 456
475 482
495 460
518 462
506 460
484 460
505 492
484 469
433 485
506 469
476 465
517 466
487 474
517 475
528 475
509 471
520 471
453 481
517 484
528 484
468 479
509 480
520 480
499 457
529 458
445 486
434 486
520 489
486 487
532 454
521 454
426 482
540 467
478 483
467 483
532 463
510 463
466 480
529 476
478 492
510 472
498 470
521 472
529 485
490 466
513 468
510 481
532 481
521 481
513 477
498 488
521 467
522 455
513 486
490 484
456 482
514 451
533 464
437 478
460 480
525 460
491 458
502 458
471 489
440 483
502 467
491 467
429 483
483 463
494 463
502 476
494 472
502 485
537 452
483 481
494 481
472 481
524 482
503 459
464 477
505 478
516 478
536 456
452 484
441 484
475 486
505 487
495 464
484 464
506 464
497 483
487 460
528 461
517 461
474 490
497 492
536 474
487 469
517 470
528 470
520 466
509 466
528 479
517 479
520 475
486 473
509 475
517 488
529 453
486 482
509 484
520 484
529 462
540 462
467 478
521 458
532 458
510 458
467 487
529 471
478 487
513 454
510 467
459 483
498 465
513 463
532 476
498 474
521 476
510 476
513 472
479 470
490 470
498 483
479 479
513 481
498 492
522 459
533 459
471 475
490 488
479 488
525 455
514 455
448 482
437 482
471 484
501 485
502 462
525 464
494 458
501 494
491 471
440 487
429 487
504 490
493 490
494 467
483 467
524 468
539 466
483 476
524 477
505 473
516 473
524 486
475 481
441 479
516 482
482 480
497 478
536 460
441 488
482 489
505 491
528 456
433 484
497 487
474 485
509 452
520 452
517 465
509 461
486 459
517 474
528 474
520 470
509 470
486 468
447 486
528 483
517 483
509 479
520 479
486 477
529 457
520 488
486 486
521 453
532 453
478 482
529 466
467 482
513 449
531 485
510 462
532 462
478 491
490 456
513 458
498 469
521 471
532 471
436 485
479 465
490 465
513 467
498 478
513 476
490 474
535 473
456 481
479 483
490 483
514 450
471 479
460 479
512 480
501 480
491 457
502 457
448 486
471 488
437 486
512 489
501 489
440 482
429 482
504 485
483 462
494 462
485 481
524 463
504 494
481 492
505 459
524 472
485 490
505 468
524 481
497 464
516 477
482 475
505 477
497 473
536 455
505 486
517 451
463 480
536 464
497 482
505 495
517 460
528 460
497 491
474 489
509 456
455 485
466 485
432 483
517 469
528 469
447 481
520 465
486 463
517 478
528 478
520 474
509 474
478 468
520 483
509 483
527 482
467 477
531 480
486 490
510 457
521 457
467 486
444 484
478 486
513 453
508 487
519 487
459 482
498 464
425 480
490 460
513 462
489 492
500 492
498 459
535 459
428 485
479 469
490 469
512 466
535 468
523 475
512 475
493 471
448 481
437 481
523 484
512 484
470 478
501 493
524 458
440 486
429 486
470 487
504 489
493 489
516 454
451 483
473 483
524 467
516 463
539 465
473 492
524 476
497 459
516 472
482 470
443 488
524 485
497 468
516 481
536 459
516 490
505 490
517 455
528 455
497 486
536 468
474 484
463 484
520 451
528 464
455 480
517 464
520 460
509 460
486 467
447 485
509 469
435 483
520 469
531 466
527 477
508 473
531 475
527 486
521 452
532 452
478 481
467 481
508 482
531 484
519 482
444 488
508 491
436 484
489 487
500 487
511 487
535 454
479 464
490 464
492 483
512 461
501 461
535 463
492 492
493 457
512 470
523 470
501 470
504 466
493 466
523 479
512 479
485 462
504 475
481 473
501 488
493 493
524 453
440 481
470 482
504 484
481 482
493 484
473 478
462 478
481 491
539 460
516 458
505 458
524 471
473 487
485 489
505 467
482 465
443 483
454 483
516 467
497 463
516 476
505 476
482 474
497 472
536 454
482 483
517 450
474 479
463 479
517 459
530 478
474 488
509 455
520 455
515 489
466 484
455 484
496 485
520 464
527 463
507 494
531 461
486 471
527 472
499 490
488 490
478 467
519 468
531 470
508 468
527 481
531 479
519 477
508 477
489 473
500 473
444 483
508 486
519 486
425 479
500 482
477 480
477 489
500 491
489 491
535 458
428 484
469 485
492 487
501 465
535 467
439 481
512 465
523 465
493 461
504 461
501 474
442 486
481 468
493 470
523 483
512 483
501 483
485 466
481 477
470 477
485 475
524 457
481 486
470 486
493 488
516 453
473 482
524 466
462 482
526 485
505 462
473 491
497 458
443 487
482 469
516 471
497 467
538 468
482 478
515 475
530 473
474 483
515 484
455 479
466 479
530 482
496 480
507 480
527 458
496 489
507 489
508 454
531 456
447 484
435 482
527 467
488 485
499 485
480 481
531 465
508 463
527 476
499 494
500 459
511 459
489 459
531 474
480 490
508 472
511 468
489 468
508 481
531 483
511 477
500 477
508 490
492 473
477 484
489 486
511 486
500 486
535 453
512 451
492 482
523 460
501 460
492 491
469 489
450 485
523 469
501 469
512 469
481 463
504 465
493 465
501 478
523 478
512 478
485 461
493 474
481 472
534 475
524 452
485 470
481 481
504 483
473 477
485 479
526 480
470 490
505 457
516 457
473 486
451 486
503 487
538 454
482 464
518 485
497 462
538 463
484 492
495 492
530 459
515 470
530 468
507 466
496 466
515 479
507 475
496 475
530 477
515 488
499 471
488 471
527 453
496 484
465 478
488 480
531 460
519 458
508 458
499 489
511 454
446 483
480 485
457 483
519 467
527 480
500 463
511 463
508 476
519 476
492 459
511 472
477 470
489 472
500 472
492 468
511 481
492 477
477 488
500 490
535 457
523 455
469 484
522 487
512 464
501 464
461 480
523 464
504 460
534 461
442 485
493 469
481 467
537 466
526 466
481 476
485 474
503 473
516 452
518 471
473 481
462 481
451 481
503 482
495 478
518 480
515 456
538 458
443 486
506 487
484 487
530 454
538 467
515 465
476 483
496 461
507 461
476 492
487 492
515 474
507 470
496 470
468 488
530 472
515 483
499 466
496 479
527 457
508 453
519 453
531 455
435 481
465 482
527 466
499 484
531 464
457 478
480 480
527 475
511 458
446 487
519 471
438 483
477 465
449 483
541 468
489 476
511 476
492 472
430 488
533 473
522 473
512 450
533 482
512 459
514 478
469 488
534 456
427 482
439 484
450 484
525 487
514 487
491 485
534 465
485 460
526 461
534 474
494 490
518 457
526 470
518 466
526 479
503 477
518 475
484 473
495 473
515 451
538 453
506 482
495 482
503 495
515 460
431 488
495 491
484 491
507 456
530 458
468 483
515 469
488 461
453 485
