595 554
594 554
596 553
594 553
597 553
598 552
595 553
593 553
596 552
596 555
595 556
592 554
591 555
590 554
589 553
594 557
593 556
592 557
591 558
590 557
597 556
597 557
598 558
599 557
596 558
595 559
600 558
601 557
602 556
598 551
599 550
599 559
598 560
597 560
590 556
602 558
589 558
588 557
588 559
596 551
595 555
600 551
601 550
587 560
586 559
592 556
603 556
598 553
597 555
599 552
588 552
602 551
589 551
588 550
599 561
590 558
589 560
595 557
600 553
587 553
586 552
586 554
601 552
592 558
603 558
598 555
599 554
588 554
590 551
590 560
595 550
596 549
594 551
595 548
585 558
587 555
586 556
601 554
597 550
594 560
593 560
597 559
588 556
599 556
590 553
589 555
593 555
604 555
603 554
604 553
605 554
595 552
585 551
586 550
595 561
595 562
586 558
596 560
587 557
601 556
600 560
591 557
605 556
605 557
606 558
605 559
607 558
608 557
607 556
608 555
609 556
608 559
606 555
597 552
588 549
594 562
593 562
592 563
591 562
590 563
591 564
593 564
597 561
597 562
599 558
588 558
589 557
598 562
599 563
604 557
593 557
586 551
585 553
584 554
587 550
595 563
595 564
596 565
597 564
595 566
597 566
596 567
586 560
596 562
587 559
591 550
590 549
592 549
593 549
592 551
591 548
592 547
591 546
593 546
593 548
591 559
605 558
594 555
606 557
583 555
582 554
584 556
597 554
599 551
588 551
589 550
594 564
597 563
589 559
602 553
593 550
598 564
599 565
593 559
586 553
585 555
587 552
601 551
595 565
596 564
600 555
591 552
594 548
591 561
592 560
606 559
608 556
589 552
598 557
602 555
593 552
595 549
598 566
596 548
590 562
593 561
595 558
596 557
585 557
587 554
596 566
600 557
591 554
592 553
603 553
594 550
597 549
591 563
592 562
594 559
597 558
608 558
589 554
598 550
598 559
590 555
602 557
593 554
604 554
595 551
596 550
585 550
593 563
595 560
596 559
585 559
587 556
600 550
591 547
592 546
600 559
591 556
601 558
603 555
592 555
606 554
594 552
597 551
593 547
598 561
599 560
588 560
604 556
585 552
596 561
587 558
605 555
609 555
600 552
591 549
592 548
603 557
583 554
606 556
584 553
589 549
594 563
607 557
598 554
588 553
599 553
602 552
590 550
598 563
597 565
599 562
590 559
593 558
604 558
596 554
585 554
587 551
596 563
609 557
586 555
600 554
591 551
601 553
592 550
594 547
591 560
592 559
594 556
583 556
584 555
594 565
607 559
598 556
588 555
599 555
602 554
590 552
593 551
598 565
597 567
599 564
596 556
585 556
586 557
590 561
600 556
591 553
601 555
592 552
603 552
594 549
592 561
594 558
584 557
592 564
594 561
598 549
589 556
607 555
