648 573
647 573
646 572
649 573
647 572
650 573
651 572
652 572
645 572
646 571
648 574
646 574
645 575
648 571
649 570
650 574
651 573
650 571
651 570
652 569
653 570
654 569
653 573
644 574
654 572
643 575
647 570
655 570
642 576
641 575
641 574
640 573
641 572
640 576
639 575
644 573
639 577
652 571
654 568
655 567
654 566
656 566
640 578
643 577
645 574
646 573
648 570
653 569
656 568
642 578
644 575
640 571
639 570
652 573
654 570
643 579
644 580
645 581
646 580
647 579
644 582
646 582
648 579
646 575
648 572
650 575
651 574
642 571
643 570
642 569
643 568
653 571
644 568
645 567
644 566
643 566
645 565
644 564
645 563
646 562
647 563
646 564
647 565
646 566
648 563
649 562
648 561
649 560
656 570
647 567
648 568
642 580
644 577
657 571
658 572
643 563
642 562
641 563
640 564
641 565
639 563
649 576
648 577
638 576
637 577
652 575
653 576
654 575
654 577
653 578
652 578
654 579
643 572
645 569
646 568
648 565
641 581
640 580
640 582
659 571
660 570
661 571
662 570
663 569
662 572
663 571
664 571
660 572
661 573
664 572
662 574
663 573
659 569
658 568
661 575
658 567
642 564
636 578
636 579
635 580
634 579
633 580
632 581
633 582
634 581
632 583
635 582
637 579
636 583
633 584
634 583
632 585
631 585
630 586
635 584
636 585
631 580
630 579
651 576
652 568
651 567
640 566
663 568
640 575
652 577
632 580
656 565
644 563
644 572
655 569
644 581
655 578
656 579
647 574
648 560
639 579
659 566
651 571
636 582
640 570
663 572
640 579
632 584
643 581
644 567
655 564
655 573
647 569
658 569
647 578
639 574
639 583
640 584
640 585
659 570
651 566
636 577
651 575
663 567
640 565
652 567
640 574
662 571
632 579
654 576
643 576
644 562
646 581
635 581
655 568
647 564
655 577
658 573
639 569
647 582
639 578
659 565
658 564
659 574
659 575
659 576
636 581
651 579
640 569
662 566
643 562
662 575
654 571
643 571
646 567
643 580
635 576
646 576
635 585
655 563
654 562
655 572
647 568
639 564
658 577
647 577
639 573
639 582
651 565
652 564
652 563
651 562
651 561
636 576
650 578
642 574
631 583
639 568
638 567
638 581
651 560
650 564
631 578
662 565
661 564
654 561
635 575
634 574
633 573
633 572
632 571
632 570
631 569
655 562
630 581
650 568
653 564
650 577
642 573
642 582
642 583
643 584
631 582
634 578
633 577
632 576
632 575
631 574
631 573
630 572
662 569
661 568
643 565
654 565
646 561
643 574
654 574
646 570
646 579
645 583
657 566
638 571
637 570
649 571
641 567
638 580
649 580
641 576
630 585
629 584
628 583
628 582
627 581
627 580
626 579
625 578
625 577
624 576
624 575
641 585
650 563
661 572
650 572
631 568
630 567
629 566
629 565
628 567
628 568
628 569
629 570
627 567
642 568
653 568
653 577
631 577
630 576
629 575
642 577
634 573
634 582
646 565
627 570
626 570
627 571
627 572
628 573
628 572
660 567
645 578
660 576
661 577
661 578
637 583
629 579
628 578
628 577
627 576
627 575
626 574
625 573
625 572
624 571
657 570
649 566
638 566
637 565
657 579
641 562
649 575
638 575
637 574
636 573
636 572
635 571
635 570
634 569
633 568
630 571
641 571
638 584
638 585
630 580
641 580
661 567
650 567
642 563
653 563
661 576
642 572
631 572
653 572
634 568
634 577
656 574
656 575
657 575
633 581
645 564
645 573
648 569
626 569
637 569
636 568
636 567
660 571
645 582
626 578
637 578
648 578
629 574
657 565
629 583
649 561
657 574
638 570
641 566
630 566
638 579
649 579
630 575
630 584
641 584
650 562
653 567
642 567
656 569
656 578
633 576
644 576
633 585
645 568
648 564
660 566
637 564
645 577
626 573
637 573
660 575
629 569
637 582
648 582
629 578
657 569
638 565
649 565
649 574
638 574
630 570
641 570
641 579
652 576
640 583
664 568
656 564
658 579
625 576
639 584
636 569
626 568
637 568
626 577
628 574
629 573
629 582
650 580
631 576
634 572
642 585
652 562
632 574
635 573
627 569
627 578
658 565
633 575
656 577
658 574
624 572
625 571
644 584
657 578
638 583
660 565
637 572
626 572
629 568
650 566
661 566
629 577
653 562
627 583
659 578
631 571
628 581
634 576
634 585
662 567
652 566
663 566
654 563
632 569
635 568
632 578
635 577
646 577
627 573
664 567
627 582
644 561
656 563
660 579
644 570
633 570
656 572
639 565
633 579
657 564
644 579
625 575
655 576
657 573
649 569
638 569
645 562
647 581
638 578
649 578
630 574
637 567
648 567
630 583
641 583
659 564
650 561
636 571
659 573
661 570
650 570
651 569
653 566
642 566
636 580
656 573
661 579
650 579
628 576
651 578
653 575
642 575
631 575
634 571
628 585
631 584
642 584
634 580
652 561
640 568
652 570
663 570
643 567
654 567
646 563
640 577
652 579
632 573
635 572
627 568
632 582
627 577
645 576
660 574
644 565
648 581
637 581
633 574
625 570
655 571
657 568
629 586
625 579
649 564
638 564
657 577
658 576
647 576
638 573
639 572
641 569
630 569
638 582
639 581
641 578
630 578
659 568
650 565
661 565
651 564
653 561
659 577
636 575
661 574
628 571
631 570
642 570
636 584
628 580
653 579
642 579
631 579
634 575
634 584
640 563
652 565
663 565
640 572
632 568
640 581
632 577
645 571
660 569
643 583
645 580
659 579
635 579
626 576
660 578
648 576
637 576
629 572
633 571
637 585
655 566
629 581
657 563
647 562
655 575
657 572
647 571
658 571
638 568
649 568
639 567
641 564
647 580
638 577
649 577
639 576
630 573
641 573
639 585
630 582
641 582
650 560
636 570
659 572
661 569
650 569
628 566
651 568
653 565
642 565
628 575
651 577
653 574
634 570
628 584
656 567
652 560
656 576
640 567
631 586
644 583
633 583
632 572
662 573
643 569
665 569
645 566
660 564
648 562
643 578
654 578
635 574
637 571
660 573
626 571
629 567
635 583
646 583
637 580
648 580
626 580
627 579
629 576
657 567
629 585
658 566
647 566
638 563
649 563
655 579
657 576
647 575
658 575
624 573
638 572
649 572
639 571
641 568
630 568
649 581
639 580
641 577
630 577
652 574
659 567
651 563
636 574
628 570
628 579
664 566
650 576
644 569
633 569
656 571
631 581
642 581
633 578
644 578
625 574
662 568
654 564
643 564
645 561
654 573
643 573
645 570
635 569
646 569
637 566
660 568
648 566
643 582
645 579
646 578
635 578
660 577
648 575
637 575
626 575
627 574
629 571
637 584
655 565
629 580
647 561
655 574
644 571
658 570
649 567
639 566
