670 362
671 361
669 362
672 360
673 361
672 361
671 359
670 358
672 358
671 362
674 361
675 360
673 359
674 358
675 357
673 362
676 361
677 360
676 358
677 357
678 358
679 357
680 356
679 355
679 354
680 353
678 355
677 355
677 354
676 355
675 354
679 358
674 355
673 354
677 353
677 352
672 355
672 356
671 356
670 355
673 353
672 352
676 352
675 351
677 351
670 354
670 363
675 353
675 362
672 354
671 358
673 355
676 354
678 351
679 350
678 349
679 348
680 347
680 349
670 356
675 355
671 351
671 360
673 357
676 356
679 352
668 361
669 360
668 359
667 358
666 357
667 356
665 358
668 357
666 359
665 360
664 360
666 361
667 360
665 362
664 362
663 363
662 362
662 364
661 365
660 364
664 364
662 366
663 365
681 346
669 353
668 352
660 366
664 357
663 356
662 355
664 355
662 357
661 358
660 357
659 356
660 355
658 357
657 358
667 353
666 354
665 353
661 367
664 366
665 367
666 366
667 365
668 366
669 367
666 368
667 367
665 369
666 363
667 362
658 359
671 353
677 348
676 347
675 346
676 345
675 344
676 343
677 342
678 342
677 344
679 341
678 340
679 339
680 338
680 340
680 342
678 344
677 346
679 343
675 348
674 349
673 348
677 339
677 338
677 337
678 337
679 336
678 335
679 334
678 333
679 332
678 331
680 331
681 330
680 333
682 330
683 329
684 330
680 335
673 350
676 349
679 345
662 359
663 358
665 355
668 354
681 339
663 367
665 364
660 359
660 360
659 361
658 362
657 363
660 362
658 364
668 364
668 355
680 329
656 362
656 361
656 360
655 363
654 364
654 365
655 366
656 365
654 367
655 368
676 359
656 367
654 369
653 370
652 370
651 371
650 370
654 371
669 355
669 364
661 360
650 369
653 365
677 332
677 341
673 352
677 350
662 361
665 357
649 368
677 359
665 366
654 366
678 332
648 367
680 351
657 367
658 368
681 334
682 335
681 343
682 344
669 359
661 355
661 364
685 331
685 332
653 369
677 336
673 347
677 345
673 356
662 356
665 361
668 363
680 346
680 355
672 351
657 362
658 360
648 369
681 329
650 372
649 372
650 373
650 374
681 338
649 367
669 354
669 363
661 359
650 368
677 331
677 340
673 351
665 356
676 353
682 337
676 362
652 372
653 373
653 374
668 358
668 367
680 332
648 371
660 363
647 371
646 372
647 373
646 371
645 370
680 341
648 370
680 350
657 357
657 366
681 333
684 329
681 342
649 371
669 358
661 363
645 371
646 370
644 372
643 371
642 370
642 369
641 368
641 367
685 330
642 368
643 367
643 366
642 365
642 364
641 363
653 368
677 335
664 365
676 348
679 344
676 357
668 353
679 353
668 362
660 358
645 369
680 336
660 367
680 345
680 354
672 350
657 361
672 359
681 337
649 366
650 365
651 366
650 364
648 365
647 364
646 363
684 333
684 334
685 335
685 336
641 362
641 371
641 372
642 373
642 374
652 368
645 364
645 365
646 366
646 367
644 363
643 362
645 373
641 366
640 370
639 369
656 369
644 367
645 368
648 364
648 373
651 375
683 336
652 367
640 365
639 364
675 350
675 359
664 359
667 355
664 368
644 362
656 364
667 364
676 342
644 371
679 338
679 347
679 356
645 363
680 330
678 360
648 368
659 365
670 365
682 339
651 370
671 357
674 353
683 331
663 362
674 362
683 340
684 339
685 340
684 338
683 341
652 371
640 369
686 336
675 345
664 354
656 359
667 359
644 366
679 333
679 342
647 368
678 346
670 351
659 360
670 360
682 334
651 365
682 343
651 374
671 352
674 348
643 374
638 368
638 367
638 366
637 365
637 369
636 368
635 367
637 370
638 371
638 372
637 373
637 374
637 375
638 376
638 377
638 375
637 378
636 377
635 376
634 375
634 374
633 376
633 377
634 378
632 375
631 375
631 374
631 373
630 376
630 377
631 378
631 379
629 375
629 374
629 378
629 379
629 380
630 381
630 382
631 383
629 383
629 384
630 385
628 382
627 381
632 379
633 380
637 368
636 372
635 372
635 371
634 370
634 369
633 371
633 372
632 370
628 377
627 377
627 376
626 375
626 374
626 378
626 379
625 377
625 376
624 375
632 374
633 375
639 373
640 374
636 367
636 376
628 381
674 357
663 357
683 335
652 366
640 364
663 366
640 373
675 349
632 378
667 354
666 358
655 367
666 367
658 363
647 363
678 341
647 372
639 368
678 350
678 359
659 364
670 364
682 329
636 371
682 338
651 369
628 376
628 385
627 386
628 386
627 385
674 352
683 330
663 361
683 339
640 368
686 335
662 365
632 373
654 370
643 370
635 375
666 353
627 380
655 362
666 362
658 358
655 371
678 336
647 367
658 367
678 345
639 363
639 372
678 354
659 359
670 359
636 366
682 333
636 375
682 342
651 373
628 380
674 347
674 356
640 363
631 382
677 349
673 360
662 360
677 358
643 365
665 365
635 370
627 375
627 384
639 367
624 378
624 379
639 376
636 370
628 375
685 339
631 377
634 373
643 369
646 365
635 374
627 379
647 366
658 366
639 362
639 371
682 332
630 380
650 367
685 334
642 363
631 372
642 372
653 372
634 368
631 381
634 377
643 364
643 373
637 367
637 376
626 376
629 381
684 335
641 364
641 373
630 373
632 382
644 365
633 374
625 379
645 366
637 371
626 380
629 376
629 385
683 334
652 365
683 343
640 372
652 374
632 377
644 369
633 369
633 378
654 373
680 337
646 369
635 369
637 366
648 366
635 378
659 363
666 356
627 374
651 368
627 383
658 361
678 339
671 355
626 387
627 388
628 384
639 366
674 351
657 365
671 364
681 332
672 363
674 360
663 360
681 341
683 338
638 370
649 370
684 337
652 369
640 367
630 375
641 375
669 357
632 372
675 352
669 366
630 384
632 381
661 362
675 361
664 361
667 357
650 371
685 338
653 367
642 367
677 334
667 366
644 364
656 366
679 331
676 344
631 376
633 373
677 343
644 373
679 340
634 372
655 370
679 349
673 363
662 363
625 378
677 361
665 359
665 368
654 368
678 353
643 368
646 364
646 373
659 358
635 373
659 367
680 344
636 374
682 341
651 372
671 350
626 382
672 349
628 379
674 346
657 360
628 388
663 355
681 336
683 333
638 365
649 365
663 364
640 362
684 332
681 345
683 342
649 374
638 374
684 341
640 371
652 373
669 352
641 370
675 347
669 361
630 379
632 376
661 357
675 356
664 356
667 352
661 366
650 366
685 333
642 362
667 361
650 375
653 371
642 371
644 368
679 335
673 349
631 380
666 365
655 365
677 347
673 358
662 358
634 376
665 354
647 370
676 351
678 348
665 363
624 377
676 360
678 357
639 375
668 356
670 353
668 365
659 362
660 361
645 372
636 369
680 339
682 336
651 367
680 348
636 378
626 377
637 377
628 374
671 354
672 353
628 383
674 350
657 364
629 382
671 363
681 331
672 362
663 359
674 359
681 340
683 337
638 369
649 369
640 366
663 368
684 336
641 365
640 375
669 356
630 374
641 374
632 371
669 365
630 383
632 380
661 361
685 337
642 366
653 366
677 333
679 330
664 363
666 360
627 378
634 371
658 356
655 369
666 369
627 387
678 334
656 368
667 368
647 365
658 365
676 346
678 343
639 370
678 352
679 351
625 380
668 360
670 357
659 357
660 356
645 367
659 366
680 334
682 331
660 365
680 343
636 373
682 340
637 372
628 387
648 372
680 352
626 381
672 348
628 378
657 359
629 377
672 357
663 354
674 354
657 368
629 386
681 335
683 332
638 364
649 364
684 331
681 344
649 373
638 373
684 340
686 337
669 351
677 356
641 369
662 367
630 378
643 363
661 356
652 375
643 372
654 372
646 368
635 368
635 377
675 358
664 358
666 355
664 367
655 364
666 364
627 382
667 363
656 363
678 338
633 370
644 370
647 369
679 337
676 350
678 347
639 365
633 379
679 346
624 376
625 375
678 356
670 352
639 374
645 362
670 361
696 310
696 309
697 309
695 310
694 310
698 308
694 309
693 308
692 309
693 311
692 312
698 307
694 312
697 311
698 310
697 308
699 308
700 307
701 306
702 307
703 306
691 310
690 311
689 310
688 311
704 307
691 313
690 314
689 313
688 314
687 313
686 314
695 313
700 309
701 308
692 314
694 311
693 313
698 309
688 310
699 310
702 309
704 306
691 315
690 316
696 311
701 310
692 307
691 306
690 305
689 304
692 305
690 307
703 307
693 306
692 316
694 313
693 315
688 303
688 312
690 309
689 311
691 308
705 307
691 317
703 309
694 306
693 317
688 305
687 306
687 315
692 311
693 310
697 310
699 307
688 307
688 308
702 306
690 304
689 306
690 313
689 315
691 312
695 312
700 308
687 308
686 309
701 307
693 312
697 312
699 309
688 309
690 306
698 311
689 308
691 305
691 314
704 308
701 309
692 306
693 305
700 310
693 314
692 315
688 302
686 308
689 301
694 315
689 307
691 304
690 308
689 316
691 307
691 316
702 310
695 307
696 313
696 312
687 309
685 315
684 314
683 315
682 316
681 317
681 318
681 319
681 315
680 316
687 307
680 319
679 318
682 317
687 312
686 311
685 312
684 311
683 312
682 313
681 313
693 307
679 317
693 316
692 308
703 308
681 314
679 320
694 308
692 317
697 307
683 314
694 314
688 304
684 313
689 303
686 310
688 301
689 309
694 317
688 313
686 313
689 312
691 309
680 318
690 310
704 309
695 306
705 308
680 315
682 312
685 311
695 309
682 315
696 308
685 310
687 305
685 314
687 311
695 315
687 314
693 309
679 319
703 310
692 310
681 316
694 307
683 313
684 312
692 313
689 302
688 300
694 316
683 316
688 306
684 315
686 312
689 305
686 315
689 314
691 311
690 303
702 308
688 315
690 312
695 308
680 317
687 304
690 315
696 307
682 314
695 311
680 320
695 314
685 313
687 310
