580 546
581 547
582 547
583 548
583 547
584 546
579 547
579 548
585 546
578 546
578 549
581 545
582 544
584 547
581 548
583 545
584 544
585 543
586 544
587 543
588 544
588 545
587 546
589 543
577 547
576 546
575 547
590 544
590 545
591 546
592 545
593 544
591 543
592 542
594 545
595 544
582 543
583 542
596 543
577 545
577 544
585 542
586 543
578 548
583 544
576 543
594 544
578 543
584 543
590 543
575 544
588 543
597 544
598 544
579 549
580 548
582 545
596 544
580 550
590 542
580 544
574 545
573 544
572 544
571 545
585 544
586 545
578 550
581 549
594 546
583 546
570 546
569 545
569 547
584 545
599 545
600 544
598 546
597 546
589 544
571 547
600 546
601 545
579 544
589 546
580 543
573 546
593 546
595 543
576 548
601 547
578 545
579 545
581 544
592 544
568 544
567 545
567 546
579 546
590 546
566 546
565 545
565 547
564 547
563 548
562 547
561 548
562 549
561 550
560 550
559 551
564 549
565 549
577 546
580 545
563 547
595 545
586 542
567 547
567 548
578 547
569 544
568 546
584 542
559 552
561 549
572 546
597 545
574 543
588 542
577 548
566 548
580 547
571 544
563 549
596 546
562 550
576 549
565 546
568 545
569 546
568 548
570 545
572 545
561 551
599 544
566 547
598 545
577 550
580 549
558 552
602 546
603 545
604 546
604 547
579 550
593 543
595 546
582 546
571 546
596 545
573 543
585 545
587 542
586 546
576 545
587 545
576 551
576 552
575 553
565 548
568 547
570 544
600 545
578 551
591 542
570 547
603 547
591 545
574 544
605 547
606 547
607 548
608 548
609 549
610 548
611 549
608 547
564 548
612 550
613 550
614 551
615 550
616 551
617 550
618 550
619 550
620 550
613 549
621 550
622 549
623 549
621 551
620 552
620 553
621 554
622 553
606 548
623 554
624 549
624 555
621 553
622 552
624 554
616 550
623 551
624 552
607 547
622 554
585 547
625 551
626 550
626 552
617 551
627 553
626 554
576 553
624 556
625 555
628 553
627 555
618 552
629 552
628 551
629 550
628 549
630 549
630 551
630 553
623 550
626 549
629 554
620 551
624 551
625 550
614 550
622 551
623 552
626 551
627 550
576 550
631 550
624 553
625 552
626 553
627 552
629 549
631 552
632 553
633 552
634 551
633 550
635 550
636 551
636 550
637 551
638 551
625 554
632 550
623 556
622 556
627 554
618 551
629 551
619 552
627 549
628 550
631 549
588 546
611 550
628 554
630 550
577 551
581 543
630 554
623 553
592 546
622 555
627 551
615 549
626 555
628 552
631 551
609 548
633 551
634 550
625 553
575 543
589 542
599 546
575 546
564 546
589 545
577 543
577 549
630 552
621 549
632 549
577 552
602 545
579 543
621 552
632 552
635 551
612 549
623 555
593 545
604 545
615 551
582 548
573 545
576 544
587 544
560 551
562 548
610 549
576 547
567 544
578 544
631 553
619 551
629 553
591 544
601 546
592 543
634 552
614 549
625 549
605 546
603 546
581 546
583 543
572 543
594 543
624 550
574 546
575 545
566 545
632 551
622 550
602 547
