664 563
663 563
665 563
666 564
662 564
661 565
660 564
659 565
667 563
664 564
658 566
663 565
662 563
661 562
662 561
662 560
663 559
664 558
663 557
665 557
666 558
662 557
661 556
660 555
659 556
663 556
664 555
665 554
666 555
665 553
665 556
665 562
664 561
665 560
666 561
667 560
663 562
665 559
662 555
662 554
663 553
665 565
662 566
659 555
660 554
661 555
660 557
660 563
660 566
659 564
658 563
657 564
664 554
664 560
661 564
664 557
665 555
666 560
667 559
666 557
656 565
656 566
655 567
654 566
653 567
652 566
651 567
650 568
666 556
663 560
666 559
655 564
652 565
651 564
650 565
649 564
666 562
648 565
653 564
661 566
649 566
661 557
652 568
658 555
654 565
657 565
648 567
648 568
650 567
651 566
650 564
653 566
663 555
666 563
667 562
652 567
658 565
663 561
655 566
649 565
657 566
663 558
662 556
662 562
649 568
662 559
665 558
662 565
663 564
652 564
665 561
654 567
665 564
660 556
654 564
659 554
660 565
659 563
661 554
664 553
660 562
648 566
651 565
659 566
661 563
664 556
651 568
653 565
664 559
667 558
650 566
664 565
667 561
664 562
655 565
666 565
667 564
656 564
658 564
663 554
649 567
662 558
