279 406
280 406
281 406
279 405
282 406
280 405
283 406
284 405
285 406
286 405
280 407
280 404
279 403
282 407
279 402
280 401
287 406
288 405
289 404
290 405
291 404
292 403
293 404
294 403
295 402
296 403
297 402
281 402
283 405
282 404
283 403
284 402
294 405
285 402
284 404
295 404
286 401
285 400
286 399
287 400
288 399
293 406
292 406
296 405
298 402
287 402
288 401
279 407
283 407
294 407
285 404
284 406
295 406
286 403
290 403
282 408
281 409
293 408
292 408
296 407
288 403
279 400
284 399
283 398
284 397
283 396
282 399
283 400
285 397
286 396
285 395
286 394
285 393
286 392
287 393
288 392
287 395
289 392
288 394
294 409
283 409
284 408
285 409
286 408
287 409
288 408
286 410
285 411
284 411
283 412
282 413
283 414
284 413
282 415
288 410
283 416
284 415
286 412
282 417
295 408
281 418
280 418
284 417
285 418
286 417
286 419
282 401
287 397
288 396
289 397
290 396
291 395
290 394
292 394
293 410
292 410
291 411
290 410
290 412
289 413
288 412
292 412
293 413
294 412
295 411
296 412
294 414
295 413
296 414
297 411
298 411
290 414
291 413
282 410
296 409
297 409
298 409
299 408
300 407
299 406
298 405
298 404
301 406
302 407
303 406
304 407
305 406
303 408
302 409
304 409
306 406
305 408
303 410
302 411
304 411
292 396
284 392
292 405
303 405
295 401
284 401
292 414
295 410
284 410
284 419
284 420
296 402
288 398
288 407
285 392
287 411
299 403
280 399
299 412
280 408
291 408
280 417
279 416
284 396
292 409
303 409
295 405
284 414
295 414
283 418
288 393
298 406
291 394
299 407
280 403
283 421
291 403
291 412
292 395
303 404
284 400
295 400
302 408
283 413
294 413
283 422
286 418
287 392
306 405
298 401
287 401
287 410
298 410
279 415
299 402
280 398
279 397
299 411
291 407
305 409
284 395
302 403
283 399
294 399
302 412
283 408
294 408
286 404
283 417
286 413
287 396
287 405
279 401
287 414
287 415
279 419
279 420
280 421
280 422
291 393
292 392
292 391
292 390
291 389
291 402
292 401
292 400
291 399
291 398
280 402
290 406
305 404
290 415
293 411
282 411
282 420
283 394
306 404
307 403
307 402
306 401
306 400
298 400
299 399
300 400
299 398
299 397
298 396
297 395
296 394
296 393
295 392
295 391
295 395
295 396
295 397
296 398
294 394
279 396
279 414
280 413
280 412
279 411
279 410
301 411
291 388
292 387
292 386
291 385
291 384
278 418
281 423
290 401
305 399
304 398
304 397
303 396
303 395
302 394
302 393
303 392
304 393
303 391
304 392
303 390
304 389
304 388
303 387
303 386
303 385
304 384
304 383
303 382
303 381
304 380
304 379
304 378
303 377
303 376
304 375
305 376
304 374
303 373
303 372
302 389
306 377
303 371
304 370
304 369
303 368
303 367
305 390
306 391
302 375
301 374
300 373
300 372
299 374
299 375
300 376
300 377
298 373
302 384
301 383
300 382
300 381
299 380
299 379
299 383
299 384
298 382
297 381
296 380
296 379
295 378
295 377
295 381
295 382
296 383
296 384
296 385
297 386
295 386
295 387
296 388
296 389
297 390
298 387
299 388
299 389
298 391
298 392
299 393
299 394
300 395
299 392
300 391
295 376
296 375
297 376
297 377
296 374
294 380
282 424
282 425
283 426
283 427
302 402
303 401
304 402
303 400
294 398
298 377
306 390
307 389
308 390
307 388
306 387
306 386
307 385
308 386
307 384
307 383
306 382
306 381
307 380
308 381
307 379
298 386
306 399
307 398
307 397
306 396
306 395
307 394
308 395
307 393
298 395
299 378
291 383
292 382
293 383
292 381
278 413
290 387
305 385
293 392
305 394
302 370
301 369
293 401
305 403
302 388
282 419
294 384
302 397
302 398
301 397
282 428
282 429
282 430
283 431
283 432
284 433
283 430
284 429
282 433
282 434
283 435
283 436
281 432
280 431
279 430
279 429
285 434
286 435
287 434
287 433
286 432
286 436
286 431
287 430
287 429
287 428
286 427
286 426
287 425
288 426
287 424
286 423
286 422
287 423
289 427
290 428
290 429
286 421
278 431
278 432
279 433
279 434
279 435
278 436
277 430
276 430
276 429
276 428
275 427
275 431
275 432
276 433
276 434
274 430
275 426
276 425
276 424
275 423
275 422
274 425
274 429
273 428
272 428
272 427
272 426
271 425
271 429
270 429
271 424
272 423
273 423
272 422
270 423
270 422
269 421
268 420
268 419
267 418
275 421
276 420
276 419
275 418
275 417
274 416
274 420
273 419
272 418
272 417
267 417
266 416
265 415
265 414
264 413
264 412
264 416
264 417
263 416
263 411
262 411
261 412
261 413
260 411
260 410
260 414
260 415
260 416
261 417
261 418
261 416
260 419
260 420
261 421
261 422
260 409
261 408
261 407
264 411
265 410
265 409
264 408
259 409
259 418
262 414
281 427
280 427
280 426
279 425
279 424
262 423
271 419
271 420
270 418
270 417
263 415
274 415
273 414
272 414
272 413
272 412
271 411
270 411
269 412
271 415
271 410
270 409
272 409
273 410
273 409
272 408
272 407
271 406
271 405
272 404
273 405
273 404
272 403
274 411
270 428
275 412
276 412
276 411
276 410
275 413
276 414
276 415
277 416
276 409
275 408
270 427
274 406
271 428
283 393
282 392
294 393
263 424
263 425
264 426
264 427
265 428
274 424
302 406
294 402
283 402
274 433
274 434
274 435
286 398
294 411
306 376
307 375
308 376
308 377
309 378
307 374
310 379
310 380
311 381
311 382
312 383
311 380
310 383
310 384
311 385
311 386
311 387
310 388
310 389
311 390
310 391
311 391
310 392
309 393
310 394
311 395
311 396
311 397
310 398
309 398
311 399
311 400
310 393
310 397
309 392
310 378
286 407
275 407
276 406
277 407
276 405
275 404
275 403
298 372
306 385
297 404
286 416
288 435
289 436
290 437
291 436
291 435
290 434
291 433
292 433
293 434
294 435
293 414
294 436
290 433
289 432
293 433
289 431
298 381
297 413
298 390
300 409
285 420
309 387
285 429
279 395
280 394
281 395
281 396
280 393
279 392
278 392
277 393
276 392
273 433
309 396
277 425
301 392
312 392
313 393
313 394
314 395
314 396
313 397
313 398
277 434
289 399
278 399
277 398
266 417
277 397
276 397
276 396
276 395
258 418
257 419
256 420
257 420
256 418
256 417
255 421
255 422
256 423
257 424
256 425
257 425
256 422
257 423
255 426
265 411
256 427
257 428
257 429
293 384
300 380
256 426
256 421
255 416
254 415
254 414
253 413
253 412
263 417
252 411
275 394
262 410
278 428
278 427
255 425
254 424
253 423
252 422
253 422
252 424
258 417
252 425
253 426
290 397
253 427
278 395
252 410
253 409
254 410
253 408
255 418
254 419
253 407
289 386
289 385
252 428
252 429
253 430
252 430
251 431
250 432
249 431
255 420
275 398
274 397
252 414
278 408
270 404
281 413
293 387
305 398
251 427
250 426
282 414
302 392
274 410
294 388
297 399
288 430
300 404
266 411
285 424
277 420
269 416
289 394
301 405
259 408
305 375
278 421
289 430
290 395
262 413
281 426
302 369
302 378
282 398
249 430
302 379
281 422
274 398
284 424
258 407
249 425
249 424
248 426
293 400
263 414
255 410
296 411
308 385
273 427
285 401
297 412
309 386
301 382
275 406
262 424
277 422
277 404
277 403
281 400
277 402
297 400
268 415
288 431
249 429
248 428
285 421
248 432
289 414
267 414
259 415
258 415
257 415
268 414
251 425
287 416
276 401
248 427
289 387
257 414
301 381
256 413
312 391
258 420
303 380
312 398
303 379
249 428
289 396
248 431
269 422
268 423
309 388
268 424
267 425
266 424
265 424
265 423
277 433
278 398
269 429
289 407
281 403
259 421
305 388
262 426
294 378
293 378
293 377
297 389
308 398
254 427
300 394
285 414
261 427
277 410
301 395
250 429
291 430
291 431
270 407
269 407
269 406
290 385
281 416
293 390
292 431
284 427
304 405
295 436
296 401
288 397
268 425
307 386
268 429
261 426
260 425
308 375
300 371
269 404
292 393
262 420
268 406
263 421
264 421
267 407
273 417
265 413
288 433
309 376
299 387
266 407
300 386
267 428
264 422
268 428
260 424
267 423
268 405
300 406
312 379
278 409
260 428
260 429
267 427
302 372
259 428
275 399
301 370
267 413
267 422
276 400
256 412
257 411
258 412
257 410
257 409
256 408
259 423
262 428
262 429
251 428
294 389
290 402
255 407
263 420
263 429
267 408
267 409
268 410
288 436
268 409
267 426
256 407
256 416
313 380
278 422
247 427
259 427
251 423
255 411
267 412
252 423
266 425
258 421
301 401
247 430
246 429
245 429
288 427
244 430
245 431
244 429
244 428
245 427
301 410
289 408
281 404
305 371
305 372
306 372
307 372
308 372
308 371
307 370
285 403
307 369
308 368
309 369
308 367
307 366
307 365
307 364
308 363
309 364
310 365
311 366
312 378
313 379
274 400
309 363
301 372
266 414
312 381
258 410
277 423
269 419
281 393
280 434
272 430
304 382
296 378
261 420
307 387
297 379
308 388
254 417
295 389
273 401
312 365
313 366
300 384
273 430
265 426
277 400
280 411
292 385
273 400
300 405
312 364
311 363
311 398
257 427
302 390
302 410
308 362
268 422
275 424
313 363
303 394
307 361
306 362
249 423
295 390
304 395
296 391
307 400
308 365
253 429
305 362
273 407
276 418
272 419
306 360
309 366
246 426
287 427
304 361
304 360
303 362
279 423
299 401
245 430
291 397
268 413
280 424
272 420
302 361
301 362
292 398
265 422
302 363
284 394
301 364
303 407
301 365
303 360
290 398
277 421
297 414
250 427
297 382
281 428
285 416
309 370
272 399
307 399
312 366
313 362
300 387
284 425
271 407
308 382
284 393
311 367
311 368
303 363
301 393
314 363
304 364
305 364
304 365
254 429
313 395
315 364
316 363
316 362
315 361
272 398
255 430
289 403
260 417
315 365
316 366
316 367
317 362
305 365
304 372
295 403
261 410
307 377
283 434
274 396
281 434
302 376
295 379
259 424
274 399
251 424
315 360
303 411
289 433
316 361
309 383
302 366
307 360
311 362
262 419
276 394
310 361
309 360
309 359
282 397
288 404
293 403
308 358
308 357
307 356
306 359
315 359
314 358
313 357
312 356
313 356
312 358
313 359
288 400
308 378
275 430
254 407
300 374
287 404
264 420
310 387
276 431
279 436
272 397
291 410
311 388
257 417
303 384
295 380
268 426
314 393
315 392
314 391
315 391
316 390
315 389
316 389
316 392
315 358
316 357
315 356
316 356
260 422
284 407
304 385
296 381
316 359
317 359
318 360
319 361
320 360
321 361
319 362
321 360
320 362
283 411
307 390
308 355
273 397
306 394
276 408
279 413
299 391
291 387
310 400
311 365
256 429
303 361
248 425
247 424
246 424
280 414
272 410
292 388
303 397
304 362
249 426
295 393
290 427
307 367
302 401
293 432
283 424
275 420
267 416
286 429
287 394
306 407
298 403
264 410
286 428
315 393
316 358
305 363
319 363
310 390
291 386
309 355
265 419
320 364
310 355
319 364
310 377
312 360
315 388
276 421
314 387
279 426
299 404
291 400
311 378
320 359
257 407
303 374
319 360
319 358
268 416
312 355
260 412
277 419
316 387
271 427
290 391
289 390
317 356
263 423
314 386
283 401
274 432
293 396
313 390
270 410
291 432
321 362
319 357
301 375
322 359
301 412
311 358
320 356
320 355
319 354
320 354
314 390
315 355
314 354
308 400
322 363
323 364
313 389
324 365
324 366
325 366
326 366
327 366
327 365
328 364
327 363
328 366
323 362
275 397
294 410
286 406
306 384
252 413
298 380
275 433
276 398
322 365
267 429
287 407
299 381
264 423
311 355
256 419
314 360
272 400
292 378
305 397
271 404
295 383
327 367
326 368
326 369
327 368
302 391
274 409
307 357
294 387
328 368
329 369
329 368
330 367
330 369
275 410
323 365
325 364
330 368
281 414
283 395
326 365
281 415
308 387
328 365
289 395
294 391
314 367
314 385
315 384
316 385
304 359
317 387
318 361
306 368
318 388
318 389
269 418
310 356
312 384
311 357
305 367
313 385
326 364
314 362
325 368
324 368
323 369
322 368
323 368
312 380
322 367
315 354
317 391
318 356
329 365
306 363
318 365
319 366
318 367
319 368
320 368
319 367
318 366
330 366
271 416
322 362
310 360
310 369
309 401
309 402
311 361
314 357
314 366
325 363
271 401
317 368
317 386
306 358
305 357
304 356
306 367
318 369
255 429
310 364
278 417
313 384
270 413
259 413
305 380
289 426
278 426
251 409
250 408
251 407
251 406
297 405
262 409
259 422
305 389
289 435
278 435
290 400
262 418
302 365
325 367
281 431
282 396
317 363
290 409
262 427
302 374
293 405
282 405
305 407
302 383
274 401
292 437
271 414
294 379
263 410
282 423
317 390
318 355
317 354
263 419
274 419
283 397
294 397
255 415
318 364
286 393
255 424
306 371
275 402
286 402
306 380
273 432
308 399
252 409
298 376
254 428
297 408
298 385
285 415
309 382
310 359
277 411
301 378
309 391
321 356
266 420
312 387
301 387
285 433
309 400
258 416
321 365
277 429
266 429
312 396
278 394
301 396
313 361
247 425
269 425
258 425
278 403
281 399
305 366
278 412
289 412
250 430
270 408
281 408
290 386
313 388
259 417
281 417
293 382
305 384
278 430
251 413
250 412
249 411
249 410
248 409
248 408
247 407
246 406
245 407
244 406
248 407
249 406
297 401
244 405
302 360
301 388
269 427
259 426
270 426
305 393
293 391
317 358
251 422
262 422
290 404
281 435
305 402
282 400
271 400
317 367
292 432
282 409
271 409
293 409
284 428
302 387
274 405
304 406
294 383
274 414
294 392
306 357
318 359
255 419
306 366
273 418
297 385
288 416
308 394
297 394
288 425
254 423
262 416
300 390
297 403
308 403
309 368
288 434
300 399
285 410
246 428
309 377
310 354
311 353
300 408
277 406
301 373
285 419
266 415
277 415
312 382
285 428
258 411
269 411
309 395
277 424
301 391
289 389
250 407
269 420
289 398
301 400
313 365
258 429
247 429
281 394
305 361
278 407
301 409
250 425
270 403
305 370
278 416
280 435
313 383
259 412
270 412
281 412
305 379
290 390
262 408
251 408
270 421
281 421
293 386
290 399
262 417
302 364
282 395
293 395
251 426
302 373
284 423
292 436
304 401
284 432
296 397
304 410
296 406
288 402
316 384
273 413
306 361
308 380
297 380
288 411
254 409
316 393
273 422
277 417
308 389
309 354
254 418
265 418
300 385
328 367
273 431
285 396
297 398
320 363
265 427
288 429
277 392
312 359
285 405
297 407
277 401
300 403
301 368
246 432
309 381
266 410
301 377
285 423
247 406
309 390
266 419
301 386
312 386
269 415
321 364
266 428
277 428
278 393
289 393
312 395
250 411
313 360
269 424
258 424
305 356
278 402
289 402
324 369
281 398
289 411
280 430
259 407
281 407
305 374
292 404
305 383
293 381
262 412
251 412
292 413
295 409
284 409
317 357
302 368
315 387
304 387
284 418
304 396
261 425
307 392
296 392
253 421
284 436
307 401
273 399
308 366
296 410
273 408
297 375
288 406
316 388
297 384
308 384
254 413
288 415
273 426
297 393
308 393
309 358
320 358
288 424
254 422
300 389
312 354
273 435
308 402
320 367
309 367
300 398
277 396
301 363
312 363
246 427
277 405
309 385
277 414
269 410
321 359
289 388
312 390
301 390
250 406
313 355
258 419
278 397
313 364
324 364
280 416
311 394
305 360
250 424
280 425
305 369
272 421
291 434
292 399
303 399
304 373
293 385
261 411
307 378
304 391
284 422
296 387
292 435
304 400
316 365
261 429
284 431
296 396
307 396
308 361
253 425
273 403
308 370
273 412
308 379
254 408
265 408
300 375
273 421
297 388
319 388
265 417
297 397
308 397
309 362
254 426
300 393
276 423
309 371
300 402
301 367
312 367
246 431
276 432
287 432
266 409
277 409
301 376
279 428
269 405
258 414
269 414
250 410
311 389
280 420
257 418
268 418
272 416
323 363
280 429
291 429
292 428
293 429
294 430
295 430
268 427
314 394
260 423
272 425
303 403
304 368
249 432
295 399
303 412
304 377
296 373
307 373
304 386
315 386
261 415
296 382
307 382
290 388
315 395
253 411
316 360
261 424
284 426
307 391
308 356
319 356
304 404
327 369
273 398
296 400
319 365
308 374
297 374
300 370
273 416
297 383
308 383
275 435
254 412
288 414
265 412
300 379
246 408
309 357
320 357
265 421
254 421
300 388
312 353
285 399
320 366
277 395
312 362
264 425
276 427
287 436
310 401
279 432
256 430
280 397
299 410
291 406
311 384
272 402
280 415
291 415
257 413
292 380
272 411
311 393
249 409
257 422
303 389
314 389
292 389
260 418
295 385
323 367
280 433
303 398
304 363
315 363
272 429
249 427
260 427
295 394
307 359
292 407
284 403
307 368
304 381
295 412
284 412
296 377
304 390
315 390
316 355
284 421
261 419
296 386
253 415
327 364
316 364
261 428
296 395
307 395
308 360
253 424
288 391
283 425
273 402
308 369
319 369
294 434
273 411
286 430
306 408
276 404
300 383
276 413
287 413
279 409
312 357
276 422
287 422
279 418
287 431
264 429
299 396
310 396
279 427
291 392
280 392
299 405
291 401
303 366
248 430
311 379
257 408
268 408
280 410
303 375
272 406
280 419
268 417
314 384
292 384
272 415
260 413
280 428
291 428
257 426
303 393
304 358
272 424
292 402
303 402
304 367
315 367
295 398
290 432
284 398
307 363
304 376
295 407
315 385
293 437
261 414
307 381
253 410
296 390
319 355
283 420
318 387
308 364
275 416
283 429
294 429
286 425
275 425
267 421
306 403
275 434
286 434
287 399
298 399
276 399
322 366
287 408
298 408
299 373
279 404
276 417
264 415
310 382
299 382
256 411
276 426
287 426
264 424
311 356
279 422
287 435
276 435
299 400
279 431
280 396
291 396
314 361
326 363
299 409
291 405
303 370
272 401
311 383
291 414
257 412
268 412
292 379
260 408
311 392
249 408
257 421
268 421
303 388
314 388
295 384
323 366
292 397
315 362
260 426
307 358
304 371
271 423
290 436
282 432
261 409
296 376
263 428
307 376
274 428
316 354
294 406
253 414
283 415
319 359
286 411
275 411
308 359
306 389
286 420
283 433
306 398
275 429
252 427
298 394
322 361
276 403
287 403
310 368
279 399
287 412
298 412
299 377
279 408
245 406
287 421
264 419
299 386
310 386
279 417
256 415
291 382
264 428
299 395
310 395
311 360
256 424
291 391
314 356
280 400
303 365
314 365
326 367
248 429
291 409
268 407
280 409
272 405
257 416
292 383
303 383
314 383
323 361
290 413
314 392
315 357
304 357
260 421
295 388
271 418
304 366
315 366
282 418
317 385
290 431
302 396
307 362
282 427
283 392
274 423
307 371
302 405
293 436
294 401
318 368
286 397
255 428
283 410
306 375
283 419
318 386
275 415
286 415
283 428
306 393
267 411
286 424
298 389
294 437
267 420
306 402
286 433
252 431
298 398
287 398
310 363
279 394
276 407
298 407
299 372
276 416
264 414
310 381
256 410
279 412
299 390
279 421
310 399
311 364
245 428
256 428
280 395
248 424
289 425
278 425
313 392
303 369
278 434
289 434
268 411
281 430
303 378
249 407
260 407
290 408
302 382
271 413
263 409
282 422
271 422
317 389
290 435
263 418
302 400
274 418
282 431
293 431
294 396
255 414
318 363
263 427
274 427
255 423
306 370
259 410
324 363
263 422
274 422
275 401
306 379
252 408
298 375
283 423
267 406
306 388
275 419
298 384
306 397
267 415
252 426
275 428
276 393
298 393
310 358
322 360
267 424
276 402
310 367
285 432
279 398
309 399
264 409
299 376
264 418
299 385
310 385
301 404
256 414
248 410
311 359
278 411
291 390
314 355
278 420
313 387
303 364
314 364
302 404
270 416
259 416
289 429
278 429
313 396
281 425
259 425
270 425
305 392
262 421
271 399
305 401
293 399
317 366
251 430
302 377
305 410
271 408
302 386
274 404
271 417
294 382
290 430
263 413
302 395
274 413
282 426
271 426
255 409
318 358
306 356
293 435
282 435
294 400
306 365
329 367
274 431
275 396
255 427
306 374
275 405
306 383
275 414
252 412
286 414
298 379
267 410
306 392
298 388
310 353
267 419
298 397
310 362
322 364
285 427
279 393
309 394
299 371
266 423
285 436
321 368
277 432
312 399
301 399
256 409
258 428
269 428
247 428
289 406
278 406
311 354
301 408
289 415
313 391
278 415
313 382
259 411
303 359
314 359
281 411
305 378
289 424
278 424
290 389
317 361
301 394
281 420
270 420
259 420
305 387
278 433
325 365
259 429
281 429
293 394
282 394
305 396
262 425
290 407
282 403
271 403
305 405
302 381
282 412
293 412
271 412
294 377
274 408
263 408
271 421
282 421
317 388
294 386
302 399
274 417
293 430
255 413
294 395
318 362
274 426
263 426
283 404
294 404
306 369
275 400
286 400
306 378
252 407
275 409
286 409
298 374
288 428
297 406
288 437
298 383
285 413
309 380
310 357
300 411
285 422
309 389
310 366
277 418
266 418
301 385
312 385
285 431
321 363
266 427
277 427
312 394
258 423
269 423
277 436
289 401
301 403
278 401
247 432
281 397
278 410
250 428
289 410
270 406
305 373
278 419
290 384
313 386
270 415
293 380
305 382
289 428
290 393
251 411
281 424
270 424
305 391
293 389
289 437
302 367
325 369
281 433
293 398
271 398
305 400
317 365
251 429
290 411
292 430
293 407
274 403
302 385
282 416
284 435
294 381
295 435
263 412
274 412
255 408
294 390
318 357
274 421
255 417
329 366
306 364
275 395
286 395
306 373
273 425
308 392
297 392
288 423
296 436
273 434
308 401
254 430
288 432
298 378
300 397
244 407
285 408
297 410
309 375
301 371
285 417
309 384
266 413
277 413
301 380
285 426
247 409
258 409
269 409
321 358
266 422
312 389
301 389
285 435
313 354
321 367
277 431
301 398
278 396
258 427
281 392
305 359
289 405
250 423
278 405
301 407
281 401
305 368
278 414
313 381
281 410
305 377
278 423
289 423
281 419
259 419
270 419
305 386
262 415
302 362
293 393
305 395
282 393
317 360
302 371
282 402
271 402
293 402
302 380
292 434
304 399
284 430
274 407
304 408
294 385
296 404
307 404
255 412
296 413
297 378
316 391
288 409
273 420
319 387
297 387
265 416
254 416
273 429
297 396
285 394
308 396
309 361
320 361
254 425
265 425
300 392
300 401
277 399
301 366
285 412
258 413
246 430
309 379
266 408
313 358
277 408
300 410
301 384
285 430
269 413
309 397
266 426
277 426
312 393
289 391
250 409
258 422
277 435
289 400
278 400
301 402
313 367
324 367
247 431
289 409
281 405
270 405
291 437
259 414
270 414
293 379
305 381
251 410
290 392
292 411
293 388
317 355
293 397
284 416
317 364
292 429
304 394
315 394
261 423
274 402
304 403
316 368
284 434
296 399
253 428
288 395
273 406
296 408
308 373
297 373
305 358
308 391
316 386
273 415
288 422
288 413
254 411
300 378
273 424
246 407
297 391
309 356
265 420
254 420
328 369
285 398
320 365
309 365
265 429
277 394
300 396
312 361
285 407
246 425
277 412
266 412
301 379
285 425
247 408
269 408
258 408
321 357
266 421
312 388
269 417
321 366
312 397
258 426
247 426
269 426
278 404
280 423
250 431
280 432
