679 437
680 438
681 438
682 438
680 437
683 438
684 437
685 438
678 438
677 437
676 438
681 437
684 439
683 437
684 436
683 440
686 439
687 438
675 439
688 439
689 438
690 439
690 440
689 441
688 442
687 441
682 439
681 440
686 442
685 441
684 442
683 443
690 442
691 441
692 440
693 439
680 441
685 437
679 439
692 442
681 442
694 439
683 439
693 441
684 438
688 438
691 443
690 444
680 443
682 440
685 439
678 436
677 435
676 434
675 433
674 434
673 435
677 433
675 435
674 436
673 437
692 444
673 433
681 444
682 445
683 446
684 445
685 444
682 447
685 446
683 448
684 447
686 444
682 449
681 449
680 450
681 451
680 452
683 441
694 441
693 443
684 440
675 437
686 437
681 453
682 454
679 453
678 452
677 451
678 450
677 449
676 448
678 454
684 449
686 446
688 440
690 437
680 436
681 435
680 434
681 433
691 436
690 435
692 435
693 434
692 433
682 433
683 432
682 431
681 431
683 430
682 429
683 428
684 427
685 428
684 429
685 430
684 431
686 428
687 427
686 426
687 425
686 424
685 423
685 426
684 422
683 421
685 421
683 423
682 424
681 424
680 423
681 422
679 423
678 422
679 421
680 420
682 442
674 438
682 451
683 425
686 421
683 434
694 434
686 430
687 422
678 440
693 438
678 449
682 428
690 441
682 437
674 433
682 446
683 420
682 419
683 429
685 448
686 425
677 453
689 436
689 445
689 446
690 446
678 435
693 433
693 442
678 453
682 423
690 436
681 455
682 456
682 432
682 441
674 437
685 443
686 420
677 439
677 448
689 440
678 421
678 439
693 437
678 448
681 441
682 418
681 450
682 427
674 432
685 429
673 436
677 434
685 447
677 452
689 435
689 444
678 434
693 432
681 436
692 436
692 445
681 445
682 422
684 441
681 454
684 450
685 424
677 420
673 431
685 442
677 438
685 451
685 452
686 453
677 447
689 439
688 443
678 420
680 448
692 431
685 419
688 447
681 417
681 426
677 419
676 418
675 417
675 416
674 415
674 414
674 418
674 419
675 420
675 421
674 413
675 412
676 413
675 411
674 410
674 409
673 417
672 416
673 412
672 411
671 410
671 409
671 408
672 407
672 406
671 405
671 404
670 403
670 407
670 402
669 401
668 400
668 399
667 398
667 397
668 396
669 396
668 395
670 411
669 410
668 409
667 408
667 407
670 412
671 413
671 414
667 406
668 405
668 404
667 403
667 402
666 405
673 430
674 429
675 430
674 428
685 432
685 433
686 434
686 435
685 434
673 439
673 440
672 439
671 438
671 437
670 436
670 435
670 439
670 440
670 441
671 442
669 438
668 437
669 442
669 443
670 444
670 445
671 446
671 447
672 448
673 449
673 450
674 451
674 452
675 453
673 453
673 454
672 453
673 448
674 447
674 446
673 445
673 444
674 443
675 444
674 442
666 409
666 410
667 411
667 412
667 413
668 414
668 413
666 414
676 450
688 424
689 425
689 426
689 427
690 428
690 427
679 455
670 397
671 396
672 397
672 398
671 395
670 398
671 399
671 400
691 429
670 406
691 438
672 434
671 433
671 432
670 431
670 430
671 429
671 428
671 427
670 426
670 425
671 424
672 425
671 423
670 422
670 421
673 426
670 420
671 419
671 418
670 417
670 416
669 424
668 423
667 422
667 421
666 423
666 424
667 425
667 426
665 422
664 421
663 420
663 419
664 420
663 418
664 417
664 416
663 415
663 414
663 413
664 412
664 411
663 410
663 409
664 408
664 407
664 406
663 405
663 404
664 403
664 402
663 401
663 400
664 401
662 417
663 399
664 398
664 397
663 396
662 412
662 421
665 417
666 418
667 417
668 418
667 416
679 419
679 418
678 417
678 416
666 419
677 415
678 415
679 414
679 413
678 412
678 411
677 410
676 409
676 408
675 407
675 406
674 405
674 404
675 403
676 404
675 402
675 401
676 400
676 399
675 398
674 400
674 399
677 401
678 402
666 427
666 428
666 429
667 430
667 431
668 432
666 432
666 433
665 431
664 430
663 429
663 428
669 433
662 430
662 431
663 432
663 433
663 434
664 435
665 436
666 437
666 438
662 435
662 436
663 437
663 438
664 439
665 440
665 441
666 442
666 443
667 444
666 441
667 440
668 419
661 429
660 428
659 427
659 426
659 425
660 424
660 423
659 422
659 421
658 420
658 424
658 419
657 418
656 417
656 416
655 415
655 414
656 413
657 413
656 412
656 411
655 410
654 411
653 411
652 410
652 409
651 408
652 407
653 406
652 405
652 404
652 403
652 402
653 402
652 401
652 400
651 403
658 428
657 427
656 426
656 425
655 424
658 429
659 430
659 431
655 423
656 422
657 422
656 421
654 422
675 431
651 407
650 406
649 405
649 404
648 403
648 402
648 406
648 407
648 408
649 409
647 401
646 401
645 402
645 403
645 401
644 400
667 427
668 428
644 404
644 405
645 406
645 407
644 399
645 398
646 399
645 397
644 396
643 395
644 395
659 420
660 419
660 418
659 417
659 416
660 415
661 415
660 414
658 415
656 427
655 428
655 429
656 430
656 431
655 432
656 433
656 434
656 435
655 433
654 431
652 399
651 398
650 397
649 396
649 395
649 394
648 397
694 444
648 398
649 399
649 400
650 401
665 426
664 426
664 425
663 424
663 423
662 439
662 440
661 438
660 437
659 436
659 435
658 434
658 433
658 437
658 438
659 439
659 440
659 441
660 442
658 442
657 442
656 443
656 444
655 443
658 443
683 453
659 444
659 445
655 442
654 441
653 442
652 443
652 442
651 441
677 402
651 440
651 444
651 445
651 446
652 447
661 443
662 443
663 443
664 444
663 442
675 445
683 449
676 414
665 445
666 446
666 447
666 448
665 409
667 449
667 450
668 451
666 451
666 452
665 450
669 452
670 453
662 444
654 440
665 449
650 447
655 418
654 417
658 423
678 401
680 447
672 443
669 437
662 398
673 407
665 403
685 418
686 417
687 418
684 417
677 414
683 457
662 434
661 433
654 430
653 429
652 428
651 427
665 439
666 404
676 454
668 450
688 428
660 446
680 424
672 420
691 433
651 397
669 414
681 425
692 434
684 430
643 398
661 446
662 411
661 410
694 443
654 407
673 420
646 403
665 416
676 431
695 444
655 408
656 408
657 408
668 427
687 440
647 404
679 436
658 413
657 417
688 441
672 433
691 446
669 427
661 423
673 397
677 404
664 434
683 447
675 443
667 439
686 452
687 417
676 444
668 440
687 453
660 436
688 418
679 449
680 414
672 410
657 430
669 404
681 415
682 414
683 415
684 420
650 427
649 427
648 426
649 426
683 424
662 401
661 401
660 401
659 401
658 400
661 400
674 455
674 456
653 432
694 433
673 410
686 429
665 406
675 456
676 421
667 452
695 434
668 417
687 430
660 413
657 407
649 403
680 427
679 426
693 446
693 447
672 423
650 404
669 417
682 436
661 413
653 409
664 424
656 420
694 446
667 429
679 403
680 402
679 404
681 402
668 430
660 426
680 404
672 400
657 420
652 427
671 440
663 436
683 414
674 445
675 410
686 419
664 437
675 446
676 411
667 442
668 407
687 420
679 416
648 428
693 436
659 443
678 456
677 457
651 439
652 438
670 452
671 451
670 450
671 450
671 417
650 394
651 394
652 395
653 396
653 397
654 397
690 430
689 431
682 426
674 422
674 423
653 399
652 440
671 453
664 414
683 427
656 410
675 423
694 436
667 419
686 432
645 400
648 405
689 443
660 416
678 433
670 429
649 406
682 403
683 402
682 404
671 430
690 443
663 426
683 404
674 435
675 400
667 396
685 450
677 446
656 423
676 401
667 432
668 397
666 436
659 433
678 446
651 429
651 430
652 394
670 442
671 407
663 403
682 416
674 412
681 457
680 457
681 458
682 459
682 460
683 460
684 460
685 461
686 462
687 463
685 460
652 430
684 462
684 463
663 439
664 404
675 413
667 409
673 452
665 448
664 447
663 447
663 446
685 463
648 395
655 440
666 449
658 445
678 423
677 424
651 406
670 419
659 446
651 442
692 443
671 420
663 416
674 425
685 440
644 402
677 436
655 417
666 426
658 422
678 400
670 396
659 423
670 432
671 397
674 402
681 447
684 452
685 417
677 413
667 399
662 433
654 429
673 442
665 438
666 403
685 453
689 423
655 430
647 426
646 426
687 462
688 461
666 439
658 435
659 400
678 413
651 396
670 409
688 463
689 464
690 463
680 459
679 459
672 455
672 456
652 397
663 406
669 449
661 445
662 410
681 460
653 441
673 419
665 415
662 446
654 442
655 407
673 455
647 403
665 451
666 416
658 412
659 411
658 410
659 410
659 413
691 445
651 409
649 448
648 449
648 448
647 447
646 446
649 449
645 446
644 446
644 445
645 444
643 444
642 443
645 443
647 446
643 443
646 448
646 449
647 449
669 426
661 422
692 446
677 403
650 449
651 450
652 451
653 452
652 450
651 452
654 452
655 451
654 450
655 450
655 453
656 453
657 453
658 453
659 454
659 453
658 455
658 456
659 456
657 452
642 445
641 445
662 423
654 419
653 420
653 419
652 418
651 417
654 420
652 417
651 419
673 432
665 428
676 443
655 420
687 452
688 451
687 450
688 450
688 417
679 448
658 425
678 403
670 399
657 429
688 453
689 454
689 453
690 453
680 449
681 414
672 445
684 419
650 426
669 439
661 435
662 400
653 431
654 396
655 395
673 409
665 405
685 420
677 416
683 459
675 455
654 432
695 433
655 397
656 398
657 397
686 464
686 465
687 429
666 406
658 402
676 456
668 452
687 465
688 430
680 426
672 422
691 435
651 399
650 403
669 416
661 412
681 427
653 408
684 432
650 439
649 439
648 439
648 438
647 437
646 436
647 436
646 438
649 438
650 437
649 436
650 436
643 400
642 400
641 400
640 399
639 400
639 399
683 436
662 413
653 444
654 409
694 445
673 422
686 441
646 405
665 418
676 433
695 446
696 447
697 447
668 429
647 406
687 442
660 425
679 438
680 403
645 445
657 419
648 450
648 451
680 439
681 404
672 435
649 451
650 416
649 416
648 416
648 415
649 414
647 414
646 413
650 414
645 413
644 413
644 412
645 411
644 410
643 411
642 411
641 410
642 410
645 410
641 412
642 413
647 413
640 409
639 410
643 410
646 415
646 416
647 416
649 415
690 452
690 451
690 450
669 429
642 412
682 448
661 425
653 421
673 399
664 436
643 413
656 432
676 410
667 441
686 454
687 419
666 396
679 415
676 446
648 427
668 442
660 438
688 420
689 421
690 420
679 451
680 416
672 412
657 432
649 428
669 406
661 402
660 403
660 404
653 398
652 439
671 452
690 465
691 466
692 467
689 466
692 466
691 468
663 448
663 449
682 461
683 426
662 403
674 457
674 458
675 422
654 399
694 435
686 431
665 408
664 449
656 445
675 458
676 423
695 436
696 437
696 436
697 435
697 437
687 432
679 428
645 435
645 434
644 433
645 433
644 435
643 433
642 433
641 432
640 432
639 433
639 432
641 434
641 435
642 435
644 434
657 409
648 440
641 401
641 402
693 448
693 449
659 455
638 432
637 432
637 431
637 430
637 429
638 430
638 429
651 451
642 402
652 452
694 448
679 405
679 406
644 447
645 412
689 455
689 456
648 417
648 418
680 406
638 409
637 409
637 408
637 407
638 407
636 406
635 407
634 407
635 406
678 445
678 444
678 443
649 418
690 419
690 418
641 414
652 429
690 455
691 456
691 455
692 454
692 456
693 457
694 456
695 456
696 457
697 458
697 457
696 459
696 460
697 460
698 460
699 460
699 459
700 458
699 457
700 457
700 460
701 461
701 460
702 461
703 462
704 461
703 463
704 463
701 462
701 463
702 463
694 458
693 459
704 462
697 459
683 416
685 462
677 458
677 459
697 436
660 405
645 425
644 425
644 424
644 423
644 422
645 421
643 421
642 420
645 423
642 422
641 423
641 422
642 423
643 423
645 422
641 424
641 425
642 425
657 399
656 400
678 458
670 454
690 432
689 433
674 424
640 431
640 430
640 429
696 448
696 449
675 425
697 449
698 450
699 449
700 448
699 447
700 447
655 452
647 448
658 457
658 458
638 399
637 399
637 398
637 397
637 396
638 395
638 397
636 396
635 397
634 396
635 396
638 396
682 405
682 406
659 458
660 459
660 458
661 458
700 459
652 419
692 455
703 464
703 465
683 406
684 407
685 408
686 407
687 408
687 407
688 406
688 405
688 408
689 408
690 408
690 407
686 409
685 407
688 407
684 409
687 409
690 409
691 410
691 411
692 411
689 410
689 411
690 410
692 410
691 412
691 413
692 413
693 414
694 413
694 412
694 411
695 411
695 413
696 414
697 415
697 414
696 416
693 415
693 416
694 415
640 444
639 443
640 442
639 445
638 442
637 442
637 441
637 440
637 439
638 440
636 439
635 440
634 439
633 439
632 438
633 437
632 436
631 437
630 437
629 436
630 436
633 436
629 438
635 439
628 435
627 436
631 436
634 441
634 442
635 442
629 437
630 438
640 441
640 440
633 438
626 435
625 435
625 434
625 433
625 432
626 431
626 433
624 432
623 432
622 433
622 432
623 431
624 430
623 429
624 429
626 432
622 434
622 435
639 444
636 438
636 437
636 436
628 434
628 433
621 431
621 430
620 429
621 429
620 431
632 440
644 414
704 465
705 466
706 466
696 461
689 422
688 462
651 431
691 467
652 396
690 422
691 423
691 422
692 421
692 423
693 424
694 423
695 422
694 421
695 421
695 423
696 424
697 425
697 424
696 426
696 427
697 427
698 428
698 427
699 427
699 426
700 425
699 424
700 424
700 427
701 428
702 428
698 429
698 430
699 429
701 429
701 430
702 430
703 430
704 430
705 431
706 432
706 431
707 431
708 431
709 432
709 431
705 433
706 434
708 433
708 434
709 434
710 434
711 434
711 433
707 430
706 433
709 433
705 435
694 425
693 426
697 426
708 435
709 436
710 437
710 436
711 436
712 437
712 436
713 435
714 435
713 437
713 436
714 437
715 437
716 437
712 438
712 439
713 439
715 438
715 439
716 439
717 440
717 441
718 441
719 440
720 441
720 440
721 439
720 438
721 438
721 441
719 442
720 443
718 440
721 440
717 442
720 442
721 443
722 444
722 443
723 442
724 443
724 444
725 444
723 444
725 443
726 442
726 444
727 445
724 445
724 446
725 446
728 446
729 447
730 448
727 447
729 449
723 443
719 444
640 421
639 420
640 420
638 420
637 419
638 418
637 417
638 417
640 419
639 422
639 423
636 416
635 417
634 418
634 419
635 419
638 419
637 421
681 459
652 432
692 468
693 469
693 470
694 468
695 467
696 467
697 468
694 466
696 469
696 470
697 470
695 466
697 469
693 471
696 471
696 472
697 472
698 473
698 472
699 472
699 471
699 470
699 469
700 468
700 470
700 469
700 472
701 473
702 473
703 473
704 474
704 473
703 475
704 475
705 476
706 477
706 476
707 476
708 477
708 476
709 477
709 476
705 478
706 479
708 478
708 479
709 479
710 480
710 479
711 479
711 478
711 477
711 476
710 481
710 482
707 475
706 474
707 474
707 473
711 481
712 482
712 481
713 480
714 480
715 480
716 481
716 480
715 482
713 482
716 482
717 483
718 483
684 464
684 465
696 438
696 439
662 445
633 418
685 465
697 439
698 440
698 439
699 439
647 438
639 434
639 435
658 447
659 412
678 425
677 426
636 428
635 427
636 427
636 426
635 429
634 429
635 430
634 431
633 428
632 428
632 427
632 426
633 426
631 426
630 426
629 426
629 425
628 425
627 426
627 425
630 425
631 424
629 427
629 428
630 428
626 425
625 424
625 423
626 423
627 423
628 423
628 422
628 424
640 398
640 397
640 396
700 449
701 450
701 451
702 451
703 450
704 451
704 450
703 452
703 453
704 453
705 453
706 454
707 453
708 454
709 455
709 454
708 456
702 450
705 455
705 456
706 456
708 455
709 456
710 457
711 456
701 452
701 453
702 453
704 452
707 452
707 451
711 458
712 459
712 460
713 460
710 459
713 459
714 458
715 457
716 458
713 457
716 457
715 459
715 460
716 460
714 457
714 460
716 459
712 461
715 461
715 462
716 462
717 463
717 462
718 461
719 462
719 463
720 463
718 463
721 463
722 464
723 465
724 466
725 467
723 464
722 466
723 467
725 466
726 465
725 464
726 464
726 467
727 468
727 467
728 467
728 466
724 468
727 469
727 470
719 464
719 465
728 469
729 470
729 469
730 468
730 470
720 465
730 469
723 466
726 466
718 462
729 471
729 472
730 472
731 473
732 472
722 468
703 454
650 448
661 457
661 456
661 455
662 454
662 456
662 455
640 434
653 453
653 454
704 455
697 416
698 417
698 418
699 416
699 415
699 414
700 415
701 415
702 416
703 417
704 418
701 417
701 418
702 418
704 417
700 414
703 419
703 420
704 420
705 421
706 421
707 420
708 421
709 422
709 421
708 423
700 417
702 417
705 422
705 423
706 423
698 419
709 423
710 424
711 424
712 424
713 425
713 424
714 425
715 424
716 425
712 426
712 427
713 427
715 426
715 427
716 427
711 423
714 424
713 426
714 427
716 426
701 419
701 420
712 428
702 420
704 419
715 428
715 429
643 445
716 429
717 430
717 429
718 428
718 430
719 430
720 430
721 429
720 428
721 428
721 430
722 431
723 432
724 433
724 434
725 434
723 431
722 433
722 434
723 434
725 433
726 432
725 431
726 431
726 434
727 435
728 434
728 433
728 432
724 435
725 436
719 431
719 432
720 432
723 433
689 412
689 413
662 458
663 459
664 459
665 459
666 460
666 459
665 461
665 460
666 461
667 462
668 463
668 462
669 462
670 463
670 462
671 463
671 462
667 464
670 464
670 465
671 465
672 466
672 465
673 465
673 464
673 463
673 462
672 467
669 461
668 460
669 460
669 459
635 441
654 454
655 419
627 437
627 438
673 467
674 468
674 467
675 466
676 466
677 467
678 467
678 466
675 468
678 468
679 469
680 470
677 469
677 470
680 469
681 468
680 467
682 469
683 470
681 467
681 470
683 469
679 471
680 472
682 471
682 472
683 472
684 473
684 472
685 471
685 473
686 474
687 473
688 474
686 475
688 473
687 475
681 469
684 474
684 475
683 476
655 413
685 475
677 471
687 474
688 475
689 476
689 477
690 475
691 476
692 477
692 476
691 478
691 479
692 479
693 479
694 479
694 478
695 477
694 476
695 476
695 479
696 480
697 480
696 481
696 482
697 482
698 483
699 482
700 481
699 480
700 480
689 478
700 482
701 483
702 484
703 483
704 484
704 483
703 485
702 483
701 485
692 478
698 484
698 485
695 478
680 471
699 484
691 480
681 472
684 477
646 450
647 415
624 431
730 449
722 445
722 446
647 451
688 452
707 465
708 464
709 465
706 464
709 464
708 466
708 467
709 467
710 467
711 467
711 466
707 463
709 466
708 468
711 468
712 469
712 470
713 470
710 469
710 470
711 469
713 469
714 468
715 469
715 470
716 470
716 468
714 470
712 471
712 472
713 472
715 471
715 472
716 472
717 473
718 473
719 473
720 474
720 473
721 474
722 474
723 475
724 476
725 477
723 474
719 475
722 476
722 477
723 477
725 476
726 475
726 477
721 473
724 478
724 479
725 479
720 475
723 476
726 476
722 478
722 479
723 479
714 469
725 478
717 474
717 475
726 479
727 480
728 479
729 480
730 480
729 481
718 475
710 471
710 472
699 461
698 462
698 463
700 426
691 457
691 458
711 435
703 431
703 432
636 441
723 446
628 437
640 411
639 412
700 462
713 481
692 458
684 454
704 432
696 428
643 422
655 396
714 482
646 427
646 428
706 478
698 474
698 475
658 401
676 455
695 468
647 428
687 464
639 424
679 460
679 461
659 402
699 438
699 437
700 437
701 438
702 439
703 440
704 441
702 438
701 440
702 441
704 440
703 442
702 440
701 442
704 442
705 443
705 444
706 444
706 443
707 443
708 444
708 443
709 442
709 444
709 443
705 445
705 446
706 446
708 445
708 446
709 446
710 447
711 446
712 447
713 448
713 447
714 448
715 447
716 448
716 447
712 449
715 449
716 450
717 450
718 451
719 450
720 451
720 450
721 451
719 452
719 453
720 453
718 450
714 447
717 452
717 453
718 453
720 452
712 448
721 453
722 454
723 454
713 449
716 449
719 454
719 455
720 455
722 455
722 456
711 445
711 444
723 456
724 456
725 456
726 455
727 455
728 455
725 454
728 454
726 454
728 456
729 457
727 457
727 458
728 457
727 459
727 460
715 451
726 456
718 452
710 448
710 449
707 442
706 441
707 441
707 440
636 418
688 465
680 461
699 474
700 439
672 457
732 471
732 470
733 470
734 471
735 472
735 471
734 473
734 474
735 474
736 475
737 476
738 477
735 473
734 475
711 448
650 438
669 451
642 434
661 447
660 448
660 449
702 485
653 443
654 408
673 421
714 459
733 472
706 455
725 468
726 433
717 464
717 465
718 429
736 477
643 435
683 471
662 448
635 431
675 467
654 444
694 480
693 481
693 482
694 481
695 445
655 409
627 427
627 428
686 476
686 477
647 405
665 453
639 401
639 402
707 419
707 418
726 469
658 414
718 465
676 468
636 395
722 435
695 481
668 464
687 477
660 460
660 461
728 478
728 477
707 455
679 473
681 403
699 451
698 452
700 416
691 447
651 411
692 412
638 441
711 425
710 426
710 427
684 408
657 454
656 455
656 456
703 421
703 422
649 450
650 415
669 428
641 446
641 447
702 462
661 424
640 401
721 475
681 439
713 471
673 398
714 436
705 467
705 468
684 444
724 480
725 445
685 409
631 438
704 422
677 405
677 406
650 451
642 447
643 412
661 460
662 425
634 443
635 408
694 457
654 421
714 472
673 434
646 417
646 418
665 430
706 468
725 481
698 464
726 446
718 442
623 433
710 438
710 439
676 445
695 458
668 441
687 454
647 418
688 419
707 432
679 450
680 415
699 428
691 424
691 425
670 401
657 431
636 408
709 478
669 405
701 474
701 475
680 451
721 452
681 416
700 429
712 483
672 447
692 425
684 421
724 457
724 458
690 464
650 428
669 441
642 424
661 437
702 475
662 402
634 420
635 421
634 421
653 433
654 398
673 411
714 449
705 480
706 445
665 407
725 458
698 441
698 442
717 454
677 418
664 448
683 461
643 425
675 457
676 422
694 470
695 435
667 453
667 454
655 399
686 466
647 395
646 395
687 431
666 408
679 427
731 474
731 475
697 481
676 458
668 454
687 467
688 432
660 450
728 468
680 428
720 464
699 441
672 424
691 437
638 431
657 444
630 427
649 440
650 405
641 436
641 437
669 418
642 401
702 452
661 414
721 465
693 483
653 410
713 461
714 426
732 474
705 457
705 458
706 422
725 435
631 428
671 464
717 431
717 432
690 477
663 460
663 461
682 473
642 437
643 402
662 415
675 434
694 447
695 412
686 443
727 481
646 407
665 420
706 458
726 436
718 432
664 461
710 428
683 474
656 457
676 435
716 471
695 448
668 431
687 444
660 427
688 409
728 445
679 440
719 476
719 477
707 422
680 405
699 418
626 434
672 401
672 402
645 447
691 414
691 415
637 443
637 444
638 408
657 421
629 439
629 440
648 452
649 417
709 468
669 395
641 413
728 481
701 464
701 465
702 429
720 477
721 442
681 406
693 460
693 461
672 437
712 473
713 438
692 415
705 434
638 444
724 447
724 448
630 440
671 441
690 454
622 436
650 418
682 450
642 414
661 427
702 465
653 423
694 424
714 439
673 401
706 435
665 397
725 448
698 431
698 432
664 438
683 451
675 447
715 483
676 412
694 460
667 443
695 425
668 408
687 421
679 417
645 424
637 420
697 471
657 398
689 467
689 468
648 429
648 430
668 444
708 480
709 445
688 422
660 440
728 458
729 459
729 460
729 461
730 462
701 441
720 454
680 418
672 414
712 450
712 451
691 427
638 421
678 457
657 434
649 430
650 395
690 431
709 481
641 426
669 408
661 404
702 442
721 455
653 400
713 451
705 447
652 441
671 454
690 467
663 450
663 451
664 415
674 459
675 424
694 437
654 401
735 475
667 420
646 397
727 471
727 472
686 433
633 427
685 474
644 436
644 437
664 451
696 483
696 484
697 448
716 461
676 425
708 457
708 458
668 421
687 434
660 417
719 466
719 467
720 431
626 424
645 437
637 433
638 398
697 484
657 411
629 429
629 430
649 407
709 458
641 403
641 404
701 454
702 419
720 467
721 432
693 450
693 451
713 428
659 457
705 424
705 425
678 470
651 453
651 454
684 401
724 437
630 430
631 430
632 430
670 466
671 431
650 408
663 427
642 404
723 478
683 405
694 414
640 443
714 429
686 410
686 411
727 448
727 449
632 439
706 425
652 454
664 428
704 464
656 424
715 473
715 474
676 402
716 438
667 433
695 415
668 398
687 411
633 440
679 407
719 443
625 436
625 437
645 414
697 461
716 474
648 419
648 420
689 457
689 458
709 435
728 448
660 430
701 431
701 432
720 444
680 408
693 427
693 428
626 437
672 404
712 440
712 441
659 434
678 447
670 443
649 420
690 421
682 417
723 455
702 432
713 441
700 471
652 431
711 480
671 444
663 440
703 476
703 477
664 405
682 453
683 418
656 401
656 402
674 449
675 414
715 450
694 427
667 410
686 423
727 461
644 426
644 427
685 464
704 477
677 460
677 461
696 473
697 438
676 415
716 451
689 434
648 396
668 411
708 447
708 448
655 441
719 456
679 420
666 450
645 427
658 446
678 424
657 401
730 471
649 397
709 448
722 467
693 440
659 447
699 483
678 460
651 443
652 408
671 421
711 457
690 434
663 417
682 430
723 468
674 426
681 471
640 433
700 484
632 429
652 444
692 480
684 476
644 403
664 418
704 454
656 414
696 450
696 451
715 463
675 427
716 428
662 457
667 423
708 424
708 425
654 453
633 430
673 466
719 433
719 434
625 426
665 462
665 463
685 477
645 404
726 478
637 400
718 474
697 451
689 447
648 409
709 425
655 454
701 421
647 450
720 434
693 417
693 418
666 463
639 446
639 447
707 464
658 459
659 424
678 437
651 420
651 421
670 433
671 398
690 411
722 480
636 440
682 407
682 408
723 445
628 436
674 403
620 432
640 410
681 448
700 461
652 421
692 457
711 470
671 434
684 453
663 430
703 466
703 467
704 431
683 408
674 439
675 404
715 440
715 441
621 433
667 400
640 446
714 481
633 407
632 407
673 443
685 454
704 467
677 450
697 428
716 441
689 424
708 437
707 438
655 431
647 427
666 440
658 436
678 414
710 483
670 410
730 461
636 417
722 457
722 458
693 430
688 464
707 477
680 460
659 437
699 473
700 438
651 433
691 469
691 470
652 398
670 446
669 447
671 411
711 447
690 424
663 407
703 443
703 444
682 420
723 458
674 416
669 450
640 423
681 461
700 474
632 419
692 470
733 471
684 466
685 431
704 444
677 427
677 428
696 440
736 476
643 434
662 447
654 443
673 456
633 420
646 439
646 440
665 452
666 417
726 468
698 486
698 487
718 464
697 441
737 477
710 460
710 461
729 473
729 474
689 437
648 399
676 467
655 444
695 480
687 476
647 440
666 453
639 436
707 454
679 472
699 450
659 414
678 427
651 410
670 423
730 474
636 430
723 435
628 426
688 477
680 473
640 400
699 486
700 451
652 411
692 447
711 460
684 443
703 456
704 421
650 450
696 417
696 418
669 463
715 430
642 446
661 459
662 424
653 455
653 456
714 471
665 429
706 467
644 406
725 480
726 445
677 440
676 441
717 476
717 477
697 418
643 447
729 450
729 451
689 414
662 460
635 443
654 456
655 421
695 457
627 439
627 440
646 452
647 417
666 430
639 413
639 414
726 481
658 426
718 477
678 404
710 473
624 433
670 400
730 451
722 447
636 407
688 454
707 467
699 463
672 446
700 428
691 459
691 460
692 424
671 401
711 437
703 433
703 434
663 397
723 448
628 439
669 440
674 406
661 436
702 474
640 413
713 483
692 460
705 479
684 456
725 457
704 434
677 417
643 424
662 437
635 420
654 433
694 469
655 398
673 446
646 429
646 430
647 394
706 480
665 442
666 407
698 476
698 477
726 458
658 403
658 404
718 454
710 450
710 451
729 463
676 457
655 434
695 470
668 453
687 466
647 430
688 431
679 462
679 463
707 444
658 439
657 440
699 440
659 404
651 400
670 413
657 443
636 420
688 467
701 486
680 463
721 464
681 428
700 441
732 473
692 437
711 450
684 433
724 469
724 470
631 427
690 476
650 440
669 453
642 436
643 401
661 449
634 432
634 433
662 414
653 445
654 410
686 478
686 479
673 423
714 461
646 406
733 474
665 419
706 457
725 470
726 435
698 453
698 454
677 430
678 431
679 430
717 466
718 431
664 460
683 473
643 437
689 404
690 405
691 404
635 433
654 446
694 482
655 411
695 447
627 429
667 465
667 466
646 442
687 443
647 407
666 420
639 403
639 404
638 405
707 421
658 416
699 417
718 467
710 463
711 464
712 463
676 470
636 397
722 437
668 466
687 479
688 444
660 462
660 463
659 464
658 465
658 466
659 466
657 465
656 465
655 465
654 464
654 463
653 462
652 461
651 460
652 460
651 462
651 463
652 463
654 462
655 461
654 460
655 460
655 463
650 459
649 459
653 464
648 460
648 461
647 459
646 459
646 458
647 457
649 461
652 462
645 458
644 458
644 457
644 456
644 455
643 454
642 453
645 456
643 453
642 455
641 455
642 456
643 456
645 455
641 457
642 458
655 462
647 458
651 464
640 454
639 453
640 453
640 452
639 455
639 456
638 452
637 452
643 455
646 460
647 461
639 457
636 451
635 450
636 449
634 451
634 452
635 452
636 448
636 447
633 451
632 451
632 450
632 449
632 448
633 447
632 446
631 447
630 446
633 446
633 449
631 446
630 448
629 449
629 448
630 449
631 449
633 448
635 451
628 447
627 446
628 445
626 445
626 444
625 443
626 443
625 445
624 442
623 442
623 441
624 440
624 441
657 464
657 463
657 462
649 460
631 448
650 461
642 457
634 453
634 454
623 443
643 458
635 454
624 444
645 457
637 453
637 454
638 454
630 450
641 459
652 464
633 450
625 446
644 459
655 464
647 460
636 450
628 446
640 456
632 452
650 460
643 457
635 453
624 443
636 453
638 453
657 466
649 462
641 458
631 450
650 463
642 459
634 455
635 456
636 457
637 456
728 480
707 457
720 476
680 440
681 405
699 453
700 418
672 436
691 449
692 414
711 427
638 443
684 410
684 411
683 412
657 456
703 423
630 439
649 452
650 417
669 430
641 448
641 449
640 450
639 449
638 450
661 426
702 464
721 477
653 422
713 473
714 438
673 400
705 469
705 470
704 471
665 396
684 446
725 447
685 411
631 440
717 443
717 444
716 445
677 407
650 453
696 420
642 449
643 414
683 450
662 427
634 445
694 459
654 423
695 424
714 474
686 455
686 456
646 419
706 470
707 471
708 470
665 432
666 397
726 448
717 479
718 444
623 435
710 440
729 453
676 447
716 483
627 442
628 443
629 442
695 460
668 443
687 456
688 421
660 439
679 452
707 434
639 416
640 417
641 416
680 417
626 446
699 430
672 413
645 459
691 426
637 455
657 433
649 429
709 480
669 407
701 476
701 477
700 478
661 403
680 453
681 418
693 472
693 473
692 474
721 454
672 449
713 450
692 427
638 456
684 423
724 459
724 460
690 466
650 430
642 426
682 462
682 463
661 439
702 477
634 422
635 423
636 424
634 423
633 424
637 423
662 404
654 400
673 413
714 451
646 396
705 482
706 447
725 460
698 443
698 444
697 445
717 456
664 450
683 463
656 446
656 447
655 448
675 459
676 424
694 472
655 401
667 455
667 456
666 457
695 437
668 420
686 468
687 433
647 397
679 429
658 406
645 436
731 476
731 477
730 478
691 403
697 483
657 410
676 460
648 441
648 442
689 479
689 480
688 481
687 481
722 427
668 456
669 457
670 456
709 457
728 470
660 452
688 434
679 465
720 466
680 430
721 431
672 426
712 462
691 439
692 404
693 404
693 405
693 406
694 404
693 407
638 433
678 469
724 436
657 446
630 429
649 442
650 407
641 438
669 420
642 403
661 416
702 454
721 467
653 412
653 413
713 463
714 428
732 476
705 459
706 424
725 437
652 453
685 401
698 420
698 421
671 466
717 433
717 434
716 435
690 479
663 462
663 463
662 464
664 427
682 475
643 404
634 435
675 436
654 413
694 449
695 414
686 445
646 409
687 410
698 456
718 434
644 448
644 449
664 463
710 430
711 431
712 430
656 459
716 473
676 437
668 433
708 469
687 446
688 411
660 429
728 447
719 478
719 479
719 480
718 481
679 442
707 424
680 407
626 436
699 420
672 403
645 449
691 416
637 445
638 410
657 423
629 441
649 419
709 470
669 397
641 415
701 466
702 431
720 479
693 462
693 463
692 464
681 408
721 444
712 475
713 440
705 436
705 437
704 438
684 413
724 449
630 442
671 443
650 420
690 456
641 451
682 452
642 416
683 417
674 448
694 426
673 403
714 441
640 455
686 422
705 472
706 437
665 399
698 433
717 446
704 476
664 440
656 436
656 437
655 438
675 449
695 427
667 445
668 410
687 423
660 406
660 407
659 408
633 452
645 426
637 422
697 473
657 400
689 469
689 470
688 471
648 431
648 432
708 482
707 483
709 447
728 460
701 443
701 444
700 445
720 456
712 452
712 453
711 454
637 458
638 423
678 459
670 455
649 432
690 433
641 428
701 479
702 479
703 479
661 406
702 444
693 475
734 476
734 477
733 478
713 453
705 449
700 483
671 456
690 469
663 452
674 461
675 426
735 477
727 473
633 429
625 425
685 476
644 438
644 439
677 472
677 473
710 420
709 419
711 421
710 418
712 420
710 417
710 416
710 415
710 414
709 413
708 413
708 412
708 411
711 415
712 416
713 416
707 412
706 411
705 411
705 410
704 410
703 409
702 408
701 408
706 410
705 412
705 413
706 413
701 409
704 409
703 411
706 412
712 417
712 418
702 409
713 418
705 414
708 414
708 415
709 415
703 410
704 411
707 411
700 408
699 408
698 407
698 409
697 406
696 406
696 405
698 408
696 407
696 408
697 408
699 407
711 417
713 417
714 418
715 418
706 414
698 410
698 411
697 412
656 449
657 450
658 449
696 485
697 450
716 463
676 427
708 459
708 460
707 461
709 424
719 468
719 469
719 470
718 471
679 432
720 433
626 426
666 462
699 410
712 429
645 439
691 406
637 435
638 400
697 486
629 431
689 482
690 483
688 483
687 483
688 484
691 482
709 460
641 405
641 406
640 407
701 456
702 421
721 434
693 452
712 465
713 430
659 459
705 426
705 427
704 428
678 472
651 455
651 456
650 457
649 456
652 420
622 428
621 427
622 426
623 425
642 406
723 480
683 407
694 416
621 432
640 445
686 412
686 413
727 450
727 451
726 452
706 427
707 428
708 427
632 441
632 442
652 456
698 423
644 415
644 416
704 466
696 462
696 463
695 464
715 475
716 440
695 417
667 435
708 436
687 413
633 442
679 409
719 445
719 446
625 438
645 416
697 463
648 421
689 459
708 472
709 437
728 450
701 433
701 434
700 435
719 481
720 446
693 429
712 442
639 458
639 459
638 413
651 432
690 423
636 452
641 418
723 457
702 434
628 448
640 422
705 439
700 473
652 433
692 469
711 482
703 478
704 443
656 403
655 404
655 405
656 404
715 452
715 453
694 429
640 458
727 463
633 419
685 466
644 428
704 479
677 462
677 463
676 464
675 464
696 475
697 440
716 453
708 449
709 414
660 409
701 410
701 411
700 412
647 439
712 419
658 448
637 425
678 426
657 403
629 421
730 473
636 429
722 469
722 470
721 471
701 446
702 411
688 476
713 420
699 485
659 449
700 450
705 416
691 481
670 458
711 459
703 455
723 470
734 479
694 406
681 473
640 435
686 402
700 486
632 431
632 432
692 482
698 413
684 478
704 456
696 452
695 453
695 454
696 453
697 417
716 430
643 446
662 459
708 426
654 455
633 432
646 451
719 435
719 436
665 464
665 465
625 428
726 480
718 476
697 453
689 449
730 450
709 427
655 456
701 423
647 452
720 436
693 419
666 465
712 432
707 466
639 448
658 461
699 462
651 422
651 423
650 424
690 413
636 442
682 409
723 447
628 438
640 412
700 463
692 459
652 423
711 472
684 455
703 468
704 433
650 462
696 429
696 430
695 431
715 442
715 443
621 435
727 453
714 483
685 456
726 457
696 465
697 430
643 459
716 443
729 462
708 439
635 455
695 469
647 429
639 425
639 426
638 427
659 403
730 463
731 464
731 465
731 466
636 419
722 459
721 460
721 461
722 460
688 466
707 479
680 462
699 475
700 440
672 458
672 459
691 471
691 472
690 473
651 435
711 449
703 445
703 446
723 460
715 419
715 420
661 448
681 463
640 425
727 430
728 429
729 429
729 428
727 428
727 427
729 430
728 427
632 421
692 472
733 473
684 468
725 469
704 446
677 429
696 442
736 478
697 407
643 436
716 420
717 421
718 422
719 423
717 423
689 403
688 402
662 449
635 432
708 416
654 445
673 458
646 441
665 454
726 470
718 466
710 462
729 475
676 469
722 436
695 482
655 446
668 465
701 413
687 478
647 442
693 409
707 456
679 474
679 475
678 476
678 477
678 478
679 479
679 480
680 480
680 479
681 478
681 480
679 481
682 481
683 480
682 482
683 482
684 483
685 484
685 483
680 481
681 482
683 481
682 483
682 484
683 484
681 481
683 483
681 483
658 451
699 452
678 429
691 448
651 412
711 426
657 455
690 403
722 472
636 432
723 437
628 428
688 479
680 475
640 402
721 476
700 453
691 484
692 449
711 462
724 481
685 410
631 439
704 423
650 452
696 419
669 465
642 448
661 461
662 426
634 444
653 457
653 458
714 473
706 469
698 465
698 466
726 447
677 442
717 478
718 443
623 434
697 420
643 449
683 485
689 416
729 452
708 429
635 445
654 458
627 441
695 459
646 454
687 455
647 419
707 433
639 415
718 479
678 406
624 435
710 475
730 453
722 449
688 456
707 469
699 465
700 430
651 425
691 461
692 426
711 439
638 455
703 435
630 451
650 429
702 476
653 434
653 435
714 450
705 481
684 458
725 459
704 436
631 452
717 455
696 432
683 462
643 426
635 422
694 471
654 435
655 400
646 431
686 467
647 396
665 444
706 482
726 460
698 478
658 405
718 456
710 452
729 465
676 459
722 426
722 425
695 472
668 455
647 432
687 468
660 451
688 433
707 446
639 428
679 464
680 429
699 442
659 406
651 402
711 416
657 445
703 412
703 413
636 422
649 441
723 427
724 427
724 426
725 427
669 419
680 465
681 430
721 466
693 484
694 485
693 485
700 443
672 461
713 462
732 475
692 439
724 471
724 472
684 435
631 429
704 413
650 442
690 478
696 409
669 455
642 438
682 474
643 403
661 451
634 434
662 416
653 447
654 412
673 425
714 463
646 408
733 476
706 459
665 421
725 472
726 437
698 455
717 468
718 433
664 462
710 429
683 475
643 439
642 440
643 441
689 406
656 458
635 435
676 436
694 484
695 449
627 431
646 444
647 444
648 444
649 444
686 480
647 409
687 445
688 410
639 405
679 441
707 423
658 418
699 419
645 448
624 425
710 465
648 453
648 454
722 439
709 469
660 464
688 446
679 477
680 442
720 478
681 407
699 455
700 420
712 474
672 438
691 451
692 416
711 429
638 445
684 412
657 458
630 441
649 454
650 419
622 437
622 438
621 439
621 440
669 432
641 450
642 415
661 428
702 466
721 479
653 424
653 425
713 475
673 402
714 440
705 471
665 398
706 436
685 413
725 449
631 442
677 409
717 445
642 451
643 416
683 452
634 447
622 439
675 448
654 425
694 461
695 426
646 421
686 457
686 458
665 434
706 472
666 399
698 468
718 446
623 437
710 442
729 455
676 449
695 462
668 445
708 481
687 458
660 441
728 459
688 423
707 436
679 454
680 419
699 432
672 415
691 428
637 457
638 422
657 435
649 431
650 396
709 482
669 409
641 427
701 478
702 443
661 405
681 420
693 474
721 456
653 401
672 451
713 452
705 448
638 458
724 461
723 462
684 425
671 455
717 422
650 432
690 468
682 464
682 465
642 428
661 441
674 460
662 406
634 424
653 437
735 476
654 402
694 438
673 415
714 453
646 398
705 484
706 449
665 411
725 462
698 445
726 427
717 458
718 423
664 452
710 419
683 465
656 448
729 432
675 461
676 426
694 474
695 439
667 457
668 422
686 470
687 435
647 399
679 431
707 413
639 395
699 409
645 438
731 478
691 405
637 434
697 485
657 412
648 443
689 481
649 408
668 458
709 459
660 454
728 472
701 455
720 468
680 432
721 433
700 410
712 464
672 428
713 429
692 406
638 435
678 471
724 438
724 439
684 402
657 448
703 415
630 431
650 409
690 445
622 427
641 440
669 422
642 405
702 456
661 418
721 469
653 414
652 415
713 465
714 430
705 461
706 426
724 474
652 455
725 439
698 422
717 435
677 399
690 481
663 464
664 429
682 477
683 442
643 406
675 438
676 403
694 451
695 416
667 434
686 447
646 411
687 412
633 441
679 408
698 458
644 450
644 451
645 415
664 465
710 432
656 461
697 462
716 475
676 439
708 471
668 435
688 413
728 449
660 431
679 444
720 445
680 409
626 438
699 422
672 405
645 451
691 418
637 447
629 443
657 425
648 456
649 421
709 472
669 399
641 417
701 468
702 433
720 481
721 446
693 464
712 477
713 442
705 438
671 445
690 458
622 440
663 441
642 418
683 419
674 450
662 396
661 396
660 397
659 398
660 396
675 415
694 428
640 457
727 462
665 401
706 439
632 453
698 435
704 478
664 442
696 474
656 438
675 451
676 416
716 452
695 429
667 447
668 412
686 460
660 408
633 454
719 457
719 458
645 428
731 468
637 424
697 475
657 402
648 433
647 434
689 471
649 398
709 449
728 462
701 445
702 410
720 458
712 454
672 418
713 419
659 448
705 415
678 461
638 425
724 428
723 429
724 429
670 457
630 421
671 422
650 399
641 430
642 430
643 431
644 431
642 395
723 469
661 408
702 446
674 427
693 477
734 478
653 404
694 405
714 420
705 451
700 485
706 416
725 429
692 481
652 445
698 412
671 458
717 425
718 426
719 425
663 454
664 419
682 467
656 415
674 463
715 464
715 465
675 428
695 406
667 424
727 475
687 402
633 431
625 427
685 478
644 440
645 405
697 452
716 465
689 448
648 410
648 411
708 461
668 425
709 426
655 455
660 421
688 403
701 422
720 435
626 428
666 464
712 431
691 408
658 460
637 437
638 402
629 433
657 415
670 434
689 484
649 411
690 412
722 481
722 482
641 407
701 458
702 423
721 436
693 454
713 432
659 461
705 428
678 474
651 457
724 441
652 422
711 471
671 435
690 448
663 431
664 396
723 482
682 444
683 409
674 440
675 405
694 418
621 434
667 401
640 447
686 414
685 415
686 415
727 452
632 443
632 444
698 425
685 455
644 417
644 418
704 468
664 432
696 464
656 428
697 429
676 406
716 442
667 437
668 402
708 438
687 415
660 398
633 444
679 411
719 447
719 448
625 440
645 418
697 465
689 461
708 474
709 439
701 435
720 448
693 431
707 478
712 444
659 438
678 451
651 434
670 447
671 412
690 425
663 408
636 454
723 459
682 421
674 417
653 394
640 424
681 462
727 429
700 475
632 420
692 471
652 435
684 467
663 444
703 480
702 481
664 409
704 445
683 422
696 441
656 405
675 418
715 454
715 455
667 414
727 465
686 427
673 457
633 421
719 424
644 430
685 468
645 395
704 481
677 464
696 477
737 478
697 442
716 455
648 400
708 451
709 416
660 411
655 445
701 412
719 460
647 441
720 425
693 408
666 454
712 421
639 437
639 438
658 450
659 415
678 428
629 423
670 424
649 401
730 475
722 471
641 397
636 431
723 436
628 427
702 413
693 444
688 478
680 474
713 422
699 487
659 451
705 418
700 452
651 447
686 469
691 483
652 412
692 448
711 461
671 425
663 421
703 457
703 458
723 472
682 434
669 464
674 430
715 431
715 432
694 408
681 475
640 437
632 433
631 434
692 484
684 480
644 407
643 408
685 445
704 458
677 441
696 454
656 418
697 419
715 467
643 448
716 432
689 415
662 461
635 444
708 428
654 457
655 422
646 453
679 401
719 437
718 438
665 466
664 467
625 430
666 431
645 408
658 427
718 478
678 405
624 434
710 474
648 413
689 451
730 452
709 429
722 448
655 458
701 425
702 426
703 425
647 454
688 455
693 421
707 468
712 434
639 450
658 463
659 428
699 464
678 441
651 424
670 437
671 402
711 438
690 415
663 398
636 444
723 449
682 411
681 412
628 440
674 407
640 414
681 452
700 465
652 425
692 461
711 474
684 457
685 422
703 470
702 471
664 399
704 435
631 451
656 395
657 395
658 395
696 431
675 408
715 444
714 445
621 437
667 404
662 438
654 434
673 447
665 443
706 481
685 458
644 420
726 459
677 454
718 455
697 432
729 464
689 428
708 441
655 435
695 471
647 431
666 444
707 445
639 427
658 440
659 405
678 418
651 401
670 414
730 465
722 461
636 421
723 426
688 468
707 481
680 464
681 429
699 477
700 442
672 460
651 437
691 473
692 438
711 451
671 415
684 434
663 411
703 447
702 448
703 448
704 412
650 441
669 454
674 420
715 421
715 422
661 450
640 427
681 465
653 446
727 432
632 423
714 462
673 424
733 475
684 470
644 397
685 435
725 471
704 448
677 431
717 467
696 444
697 409
716 422
643 438
689 405
662 451
635 434
708 418
654 447
694 483
655 412
627 430
673 460
646 443
719 427
647 408
665 456
664 457
666 421
726 472
658 417
718 468
710 464
729 477
722 438
636 398
695 484
687 480
688 445
693 411
679 476
707 458
639 440
699 454
659 418
700 419
651 414
691 450
670 427
711 428
657 457
703 424
636 434
682 401
681 400
649 453
723 439
628 430
669 431
680 477
640 404
721 478
700 455
713 474
692 451
685 412
703 460
704 425
631 441
677 408
650 454
696 421
715 434
642 450
643 415
661 463
662 428
634 446
653 459
654 424
714 475
646 420
706 471
665 433
666 398
698 467
726 449
717 480
677 444
718 445
623 436
697 422
710 441
643 451
689 418
729 454
635 447
627 443
695 461
655 425
646 456
647 421
687 457
666 434
707 435
639 417
658 430
699 431
659 395
678 408
710 477
624 437
670 404
722 451
723 452
724 451
681 411
688 458
680 454
681 419
699 467
672 450
700 432
691 463
692 428
711 441
638 457
684 424
703 437
650 431
669 444
642 427
661 440
702 478
662 405
653 436
673 414
714 452
705 483
665 410
706 448
685 425
725 461
677 421
717 457
696 434
683 464
643 428
729 431
662 441
635 424
675 460
654 437
694 473
695 438
655 402
646 433
647 398
665 446
706 484
666 411
698 480
726 462
658 407
718 458
710 454
729 467
676 461
722 428
695 474
668 457
687 470
660 453
728 471
688 435
639 430
679 466
707 448
680 431
699 444
700 409
672 427
651 404
691 440
692 405
638 434
711 418
657 447
703 414
649 443
641 439
669 421
661 417
702 455
681 432
721 468
672 463
713 464
692 441
732 477
705 460
724 473
685 402
725 438
631 431
704 415
650 444
690 480
696 411
682 476
643 405
661 453
634 436
662 418
653 449
654 414
694 450
714 465
673 427
646 410
665 423
706 461
725 474
698 457
717 470
718 435
623 426
664 464
710 431
683 477
656 460
635 437
694 486
695 451
627 433
668 434
686 482
687 447
647 411
688 412
679 443
707 425
639 407
699 421
645 450
691 417
624 427
637 446
657 424
722 441
648 455
709 471
669 398
688 448
660 466
661 466
662 466
701 467
680 444
720 480
721 445
681 409
672 440
712 476
700 422
691 453
692 418
638 447
684 414
724 450
657 460
630 443
703 427
690 457
650 421
641 452
669 434
642 417
661 430
702 468
721 481
653 426
713 477
714 478
715 478
715 477
673 404
714 442
705 473
706 438
665 400
725 451
698 434
631 444
717 447
677 411
664 441
683 454
643 418
634 449
675 450
694 463
654 427
667 446
695 428
686 459
646 423
647 424
648 423
687 424
633 453
666 401
698 470
658 397
718 448
731 467
623 439
710 444
697 474
676 451
708 483
668 447
687 460
688 425
728 461
660 443
679 456
680 421
720 457
699 434
672 417
691 430
638 424
657 437
649 433
650 398
669 411
641 429
701 480
661 407
702 445
693 476
721 458
653 403
713 454
714 419
732 467
733 468
705 450
706 415
724 463
725 428
671 457
631 421
717 424
690 470
650 434
663 453
682 466
683 431
674 462
662 408
634 426
653 439
654 404
735 478
694 440
695 405
714 455
727 474
646 400
686 436
665 413
706 451
698 447
726 429
717 460
718 425
664 454
710 421
683 467
656 450
696 486
675 463
716 464
676 428
695 441
667 459
668 424
686 472
687 437
660 420
639 397
707 415
679 433
626 427
699 411
645 440
731 480
691 407
637 436
638 401
697 487
657 414
629 432
648 445
689 483
649 410
709 461
660 456
728 474
701 457
702 422
720 470
693 453
721 435
672 430
712 466
713 431
692 408
659 460
638 437
678 473
684 404
685 405
686 404
724 440
630 433
649 446
622 429
650 411
690 447
641 442
723 481
642 407
682 443
702 458
661 420
653 416
694 417
713 467
714 432
705 463
706 428
652 457
725 441
698 424
717 437
663 466
664 431
682 479
683 444
715 476
675 440
676 405
694 453
667 436
695 418
668 401
686 449
687 414
633 443
679 410
625 439
644 452
645 417
656 463
697 464
716 477
689 460
648 422
708 473
709 438
660 433
728 451
688 415
679 446
719 482
680 411
720 447
626 440
712 443
645 453
691 420
637 449
638 414
629 445
648 458
649 423
709 474
641 419
701 470
661 397
702 435
693 466
721 448
712 479
713 444
705 440
724 453
652 434
711 483
690 460
654 394
694 430
640 459
727 464
698 437
644 429
685 467
704 480
656 440
696 476
716 454
708 450
660 410
728 428
719 459
645 430
731 470
637 426
697 477
629 422
657 404
689 473
648 435
709 451
641 396
728 464
701 447
702 412
720 460
721 425
712 456
713 421
659 450
705 417
678 463
724 430
630 423
670 459
723 471
642 397
694 407
640 436
681 474
714 422
686 403
700 487
706 418
692 483
698 414
671 460
717 427
684 479
663 456
704 457
674 465
715 466
716 431
695 408
727 477
687 404
633 433
679 400
625 429
644 442
685 480
697 454
716 467
689 450
648 412
708 463
709 428
655 457
701 424
719 472
720 437
647 453
680 401
693 420
666 466
626 430
712 433
658 462
638 404
629 435
649 413
690 414
636 443
641 409
682 410
702 425
693 456
713 434
659 463
700 464
705 430
651 459
652 424
711 473
703 469
683 411
621 436
694 420
640 449
686 416
727 454
632 445
685 457
644 419
704 470
696 466
697 431
715 479
716 444
708 440
660 400
719 449
625 442
645 420
637 416
697 467
648 425
689 463
730 464
709 441
701 437
707 480
712 446
699 476
651 436
670 449
636 456
723 461
734 470
681 464
640 426
727 431
700 477
632 422
692 473
652 437
684 469
703 482
704 447
696 443
656 407
715 456
716 421
662 450
708 417
633 423
673 459
719 426
665 455
644 432
685 470
726 471
677 466
696 479
697 444
729 476
708 453
709 418
728 431
655 447
695 483
701 414
647 443
720 427
693 410
666 456
639 439
712 423
658 452
678 430
651 413
730 477
690 404
722 473
641 399
636 433
723 438
682 400
628 429
702 415
688 480
680 476
640 403
700 454
705 420
691 485
651 449
652 414
692 450
711 463
703 459
704 424
683 401
669 466
715 433
661 462
621 426
694 410
681 477
640 439
686 406
727 444
632 435
684 482
644 409
704 460
677 443
696 456
697 421
643 450
716 434
689 417
662 463
708 430
635 446
654 459
719 439
646 455
647 420
637 406
718 480
678 407
624 436
710 476
730 454
722 450
701 427
647 456
688 457
693 423
639 452
707 470
699 466
700 431
651 426
691 462
711 440
690 417
703 436
636 446
682 413
723 451
628 442
640 416
700 467
692 463
684 459
703 472
704 437
696 433
656 397
715 446
643 427
654 436
646 432
706 483
726 461
698 479
677 456
718 457
697 434
710 453
689 430
729 466
695 473
655 437
647 433
687 469
639 429
707 447
659 407
699 443
730 467
722 463
636 423
723 428
688 470
680 466
699 479
672 462
700 444
691 475
711 453
703 449
704 414
650 443
696 410
669 456
715 423
642 439
661 452
653 448
727 434
632 425
714 464
733 477
706 460
725 473
717 469
696 446
697 411
643 440
716 424
689 407
662 453
635 436
708 420
654 449
695 450
627 432
686 481
719 429
646 445
647 410
665 458
639 406
726 474
718 470
710 466
624 426
729 479
722 440
695 486
687 482
693 413
660 465
679 478
707 460
639 442
699 456
700 421
651 416
691 452
692 417
638 446
711 430
657 459
703 426
723 441
649 455
628 432
620 428
702 467
721 480
640 406
713 476
692 453
685 414
725 450
631 443
704 427
650 456
696 423
642 452
715 436
643 417
661 465
634 448
653 461
654 426
694 462
714 477
646 422
665 435
706 473
666 400
726 451
698 469
658 396
717 482
718 447
623 438
710 443
689 420
729 456
635 449
655 427
695 463
627 445
668 446
687 459
647 423
639 419
707 437
658 432
659 397
699 433
678 410
624 439
657 436
722 453
709 483
688 460
680 456
681 421
721 457
672 452
700 434
691 465
692 430
711 443
684 426
724 462
622 431
703 439
631 420
650 433
669 446
642 429
661 442
702 480
662 407
634 425
653 438
654 403
673 416
714 454
665 412
706 450
685 427
725 463
726 428
698 446
677 423
717 459
718 424
664 453
683 466
643 430
729 433
675 462
635 426
654 439
694 475
627 422
667 458
695 440
646 435
686 471
687 436
647 400
666 413
639 396
707 414
698 482
658 409
718 460
731 479
710 456
676 463
722 430
668 459
687 472
688 437
660 455
728 473
679 468
707 450
680 433
720 469
699 446
672 429
700 411
691 442
692 407
638 436
711 420
684 403
657 449
630 432
703 416
649 445
650 410
669 423
641 441
661 419
702 457
681 434
721 470
653 415
713 466
714 431
732 479
705 462
724 475
725 440
685 404
631 433
677 400
717 436
690 482
650 446
663 465
696 413
642 442
682 478
643 407
634 438
662 420
653 451
654 416
694 452
673 429
714 467
646 412
686 448
706 463
665 425
698 459
717 472
718 437
623 428
664 466
710 433
683 479
729 446
656 462
676 440
716 476
627 435
668 436
686 484
687 449
660 432
688 414
679 445
639 409
707 427
680 410
699 423
626 439
645 452
691 419
637 448
657 426
629 444
648 457
649 422
709 473
669 400
701 469
680 446
720 482
721 447
693 465
672 442
712 478
713 443
692 420
638 449
724 452
684 416
630 445
703 429
649 458
622 441
650 423
690 459
641 454
669 436
682 455
642 419
702 470
661 432
662 397
653 428
713 479
673 406
714 444
705 475
665 402
706 440
725 453
698 436
717 449
664 443
643 420
683 456
656 439
675 452
676 417
694 465
667 448
695 430
655 394
646 425
686 461
687 426
679 422
658 399
645 429
731 469
710 446
697 476
676 453
689 472
648 434
668 449
709 450
688 427
660 445
728 463
679 458
720 459
699 436
672 419
712 455
691 432
638 426
678 462
657 439
630 422
649 435
650 400
641 431
669 413
642 396
701 482
702 447
661 409
693 478
653 405
713 456
714 421
732 469
705 452
706 417
724 465
652 446
725 430
671 459
631 423
717 426
690 472
663 455
682 468
642 432
683 433
643 397
674 464
634 428
675 429
654 406
694 442
695 407
686 438
727 476
646 402
687 403
706 453
698 449
718 427
644 441
685 479
664 456
710 423
656 452
675 465
716 466
676 430
695 443
667 461
668 426
708 462
687 439
688 404
660 422
719 471
707 417
679 435
680 400
626 429
699 413
672 396
645 442
691 409
637 438
638 403
657 416
629 434
648 447
649 412
709 463
641 408
728 476
701 459
702 424
720 472
681 401
721 437
693 455
712 468
672 432
713 433
659 462
705 429
638 439
678 475
651 458
724 442
684 406
630 435
671 436
650 413
690 449
641 444
642 409
683 410
702 460
674 441
653 418
694 419
714 434
640 448
705 465
706 430
652 459
698 426
717 439
704 469
664 433
656 429
675 442
676 407
694 455
695 420
667 438
668 403
686 451
687 416
660 399
633 445
679 412
625 441
644 454
645 419
637 415
697 466
716 479
689 462
648 424
708 475
668 439
709 440
728 453
660 435
701 436
680 413
720 449
626 442
672 409
712 445
637 451
638 416
629 447
670 448
649 425
690 426
669 403
641 421
636 455
701 472
661 399
702 437
721 450
693 468
653 395
713 446
705 442
700 476
724 455
652 436
671 449
690 462
703 481
663 445
664 410
682 458
656 406
674 454
675 419
694 432
735 470
667 415
727 466
633 422
685 469
645 396
704 482
664 446
677 465
656 442
696 478
697 443
676 420
716 456
648 401
667 451
668 416
708 452
709 417
660 412
728 430
679 425
719 461
720 426
666 455
712 422
645 432
731 472
637 428
697 479
657 406
629 424
648 437
689 475
649 402
730 476
709 453
641 398
701 449
702 414
720 462
693 445
721 427
712 458
713 423
659 452
705 419
678 465
651 448
724 432
652 413
670 461
671 426
663 422
723 473
642 399
682 435
674 431
694 409
681 476
640 438
686 405
706 420
632 434
652 449
692 485
698 416
684 481
644 408
663 458
664 423
704 459
656 419
696 455
715 468
675 432
716 433
695 410
667 428
662 462
727 479
687 406
633 435
679 402
719 438
625 431
685 482
644 444
645 409
637 405
697 456
716 469
689 452
648 414
708 465
709 430
655 459
701 426
719 474
720 439
647 455
693 422
639 451
672 399
712 435
658 464
659 429
638 406
678 442
670 438
671 403
690 416
641 411
636 445
682 412
723 450
702 427
628 441
674 408
693 458
640 415
659 465
705 432
700 466
651 461
692 462
652 426
671 439
711 475
703 471
663 435
664 400
683 413
656 396
674 444
675 409
715 445
694 422
621 438
667 405
640 451
686 418
727 456
632 447
685 459
644 421
704 472
677 455
696 468
697 433
715 481
716 446
689 429
668 406
708 442
655 436
660 402
719 451
625 444
666 445
658 441
637 418
678 419
657 396
670 415
689 465
730 466
722 462
701 439
688 469
693 435
707 482
659 442
699 478
678 455
651 438
691 474
670 451
671 416
711 452
690 429
663 412
723 463
682 425
674 421
734 472
681 466
640 428
727 433
700 479
632 424
692 475
698 406
684 471
685 436
644 398
703 484
664 413
704 449
677 432
656 409
696 445
697 410
715 458
716 423
662 452
667 418
708 419
654 448
633 425
673 461
719 428
665 457
666 422
685 472
645 399
726 473
677 468
637 395
718 469
697 446
648 404
729 478
689 442
709 420
695 485
655 449
701 416
720 429
647 445
693 412
666 458
707 459
639 441
712 425
658 454
659 419
678 432
651 415
670 428
730 479
690 406
636 435
722 475
682 402
723 440
628 431
674 398
688 482
620 427
680 478
681 443
640 405
700 456
652 416
692 452
711 465
684 448
703 461
663 425
704 426
683 403
650 455
696 422
675 399
715 435
661 464
621 428
662 429
681 479
686 408
653 460
727 446
632 437
673 438
714 476
684 484
685 449
644 411
726 450
677 445
717 481
696 458
697 423
643 452
716 436
689 419
662 465
635 448
708 432
654 461
627 444
655 426
719 441
646 457
647 422
666 435
639 418
658 431
659 396
718 482
678 409
710 478
624 438
670 405
722 452
693 425
688 459
639 454
707 472
680 455
659 432
699 468
700 433
691 464
651 428
692 429
671 406
711 442
703 438
663 402
682 415
723 453
628 444
669 445
674 411
681 456
640 418
692 465
684 461
703 474
704 439
677 422
696 435
656 399
715 448
643 429
662 442
635 425
654 438
655 403
673 451
646 434
665 447
666 412
698 481
726 463
658 408
718 459
710 455
648 394
689 432
729 468
676 462
722 429
655 439
695 475
647 435
687 471
688 436
707 449
679 467
639 431
658 444
699 445
659 409
651 405
670 418
711 419
636 425
722 465
723 430
628 421
688 472
680 468
640 395
699 481
700 446
672 464
691 477
652 406
732 478
711 455
685 403
703 451
704 416
631 432
650 445
696 412
669 458
715 425
642 441
661 454
662 419
634 437
653 450
654 415
673 428
714 466
733 479
665 424
706 462
644 401
725 475
717 471
718 436
697 413
623 427
683 478
643 442
689 409
708 422
635 438
654 451
695 452
627 434
655 416
646 447
686 483
687 448
647 412
666 425
639 408
707 426
658 421
718 472
678 399
710 468
624 428
670 395
722 442
687 484
688 449
707 462
680 445
681 410
699 458
672 441
700 423
651 418
691 454
692 419
711 432
638 448
684 415
657 461
630 444
703 428
649 457
650 422
674 401
669 435
641 453
620 430
661 431
702 469
681 446
640 408
721 482
653 427
713 478
673 405
714 443
705 474
684 451
725 452
685 416
704 429
631 445
677 412
717 448
650 458
696 425
642 454
683 455
643 419
634 450
662 432
653 463
694 464
654 428
673 441
714 479
646 424
665 437
706 475
666 402
726 453
698 471
658 398
718 449
623 440
710 445
729 458
676 452
695 465
627 447
668 448
687 461
647 425
688 426
660 444
679 457
639 421
707 439
680 422
659 399
699 435
691 431
651 395
670 408
657 438
649 434
669 412
701 481
680 458
681 423
721 459
672 454
700 436
713 455
732 468
692 432
684 428
724 464
703 441
631 422
690 471
650 435
669 448
642 431
643 396
661 444
702 482
662 409
634 427
653 440
654 405
673 418
714 456
733 469
706 452
665 414
725 465
698 448
726 430
677 425
717 461
736 474
664 455
710 422
643 432
683 468
656 451
635 428
676 429
694 477
695 442
655 406
627 424
667 460
686 473
646 437
647 402
666 415
679 434
639 398
707 416
658 411
699 412
645 441
710 458
676 465
648 446
722 432
668 461
709 462
660 457
728 475
679 470
680 435
720 471
699 448
672 431
700 413
712 467
691 444
692 409
711 422
638 438
684 405
657 451
703 418
630 434
649 447
622 430
650 412
641 443
669 425
642 408
661 421
702 459
721 472
653 417
713 468
714 433
705 464
705 441
706 429
724 477
652 458
685 406
725 442
631 435
717 438
690 484
696 415
642 444
682 480
643 409
683 445
634 440
662 422
675 441
654 418
694 454
695 419
646 414
686 450
665 427
706 465
698 461
726 443
718 439
644 453
623 430
710 435
729 448
656 464
716 478
676 442
695 455
668 438
687 451
728 452
660 434
688 416
679 447
707 429
719 483
639 411
680 412
626 441
699 425
672 408
645 454
691 421
637 450
638 415
657 428
629 446
648 459
649 424
709 475
669 402
641 420
701 471
661 398
702 436
681 413
693 467
721 449
672 444
712 480
713 445
692 422
638 451
684 418
724 454
630 447
671 448
650 425
690 461
641 456
682 457
642 421
661 434
702 472
662 399
674 453
653 430
654 395
694 431
673 408
714 446
705 477
665 404
706 442
725 455
698 438
717 451
664 445
683 458
656 441
675 454
635 418
676 419
694 467
695 432
668 415
686 463
687 428
679 424
731 471
645 431
637 427
697 478
657 405
648 436
689 474
709 452
688 429
728 465
660 447
701 448
680 425
720 461
721 426
712 457
672 421
691 434
678 464
638 428
724 431
657 441
670 460
630 424
649 437
690 438
650 402
641 433
669 415
642 398
701 484
661 411
702 449
693 480
721 462
631 425
653 407
713 458
714 423
705 454
671 461
706 419
724 467
725 432
652 448
698 415
717 428
690 474
663 457
664 422
682 470
643 399
683 435
674 466
634 430
635 395
695 409
727 478
646 404
686 440
687 405
633 434
698 451
644 443
685 481
664 458
710 425
656 454
697 455
676 432
667 463
