625 574
626 573
625 575
625 576
624 577
623 578
626 576
622 577
621 578
627 573
626 577
628 574
627 576
626 574
628 577
629 576
624 573
625 578
624 576
623 575
622 574
621 575
620 576
619 577
618 576
617 577
622 573
621 577
623 574
622 576
621 574
620 573
619 574
623 577
627 575
627 578
618 575
629 575
628 573
629 578
628 576
617 576
620 575
620 578
619 576
625 577
624 575
624 578
622 575
621 573
622 578
621 576
623 573
623 576
627 577
626 575
627 574
626 578
629 577
619 575
618 577
628 575
620 577
628 578
620 574
619 578
624 574
625 573
