622 558
622 559
621 560
621 557
620 557
623 560
623 557
620 558
619 556
618 555
617 556
620 555
621 554
622 553
623 554
620 561
619 562
618 561
617 562
619 559
618 558
617 559
624 555
625 554
626 553
624 561
625 560
626 559
627 558
616 557
621 553
620 552
619 553
622 552
622 561
626 552
623 562
626 561
628 558
617 558
627 560
619 555
629 557
628 556
629 555
630 556
618 557
620 554
620 563
624 554
624 563
625 562
616 559
630 558
622 554
622 563
626 554
627 553
623 564
626 563
617 560
628 560
615 560
614 560
627 562
618 559
629 559
620 556
624 556
625 555
624 565
625 564
616 561
622 556
626 556
628 553
627 555
629 552
628 551
629 550
628 549
629 548
628 547
630 547
631 546
630 549
632 546
630 551
627 546
626 545
626 547
618 552
617 551
616 550
617 549
616 548
617 547
618 546
619 546
618 548
620 545
619 544
620 543
621 544
622 543
621 542
621 546
622 545
619 548
618 550
620 547
616 552
615 553
614 553
622 547
618 543
617 542
618 541
617 540
618 539
617 538
619 539
620 538
619 537
620 536
619 535
621 535
622 534
621 537
623 534
622 536
616 543
615 544
621 539
622 538
618 534
617 533
616 534
615 533
614 532
613 531
614 530
612 532
611 531
615 532
626 565
629 561
622 540
623 541
630 553
619 534
611 530
619 543
621 562
633 545
634 546
614 559
625 559
618 538
626 551
625 550
629 547
618 547
626 560
629 556
618 556
622 535
622 544
621 548
622 549
613 553
614 545
615 546
625 545
614 554
614 555
625 563
618 533
626 546
610 529
618 542
618 551
629 551
617 555
620 560
621 543
621 552
621 561
614 531
633 544
632 543
625 549
625 558
614 558
613 557
618 537
629 546
617 550
628 550
628 559
620 564
621 538
632 547
621 547
621 556
613 552
621 565
621 566
621 567
622 568
613 561
613 562
614 563
614 564
633 548
633 549
633 550
634 551
625 544
626 543
626 542
625 541
625 540
626 541
614 544
613 543
625 553
624 557
618 532
624 566
610 528
616 562
617 536
617 545
628 545
620 541
617 554
628 554
628 563
628 564
629 565
629 566
617 563
617 564
620 559
620 568
620 569
621 570
621 571
621 533
613 529
632 542
621 551
620 550
632 551
632 552
633 553
633 554
613 556
613 565
613 566
613 567
614 568
614 569
613 570
613 571
613 572
614 573
614 572
625 539
626 538
626 537
625 536
625 535
623 569
612 569
624 543
615 574
624 552
624 570
625 569
626 570
625 568
624 571
625 572
625 573
617 531
616 575
617 574
618 575
617 573
616 576
617 577
617 572
616 571
628 567
628 568
628 569
629 570
627 567
620 572
620 573
620 574
621 575
621 576
622 577
620 577
620 578
623 578
613 533
613 534
614 535
614 536
615 537
613 542
612 541
611 540
610 539
611 539
614 541
610 538
614 540
610 537
614 539
613 538
609 536
619 576
613 551
614 550
614 549
613 548
613 547
612 555
625 534
626 533
626 532
625 531
625 530
626 529
627 530
626 528
626 527
628 531
629 532
630 531
631 532
630 530
629 529
629 533
629 534
630 535
632 533
633 534
634 533
634 532
633 531
633 535
633 536
634 537
632 537
631 537
632 538
633 539
633 540
612 564
612 573
612 574
613 575
613 576
614 577
624 538
627 571
627 572
628 573
628 572
615 569
624 574
624 575
624 576
625 577
625 578
623 573
616 570
617 569
618 570
617 568
616 567
616 566
617 567
618 566
617 535
628 535
628 536
629 537
629 538
630 539
630 540
628 544
629 543
630 544
629 542
617 544
609 540
609 541
610 542
610 543
610 544
611 544
609 545
620 540
617 553
620 549
631 555
632 556
632 557
633 558
633 559
632 560
632 561
632 562
633 563
633 564
632 565
632 566
633 567
633 568
621 532
622 531
623 532
622 530
621 529
621 528
622 527
623 527
622 526
622 525
621 524
620 531
619 530
618 529
619 529
618 528
632 532
631 564
630 563
613 528
612 527
611 526
621 541
632 541
634 560
613 537
619 571
634 569
635 568
636 568
635 567
636 567
635 566
635 534
636 535
627 539
628 540
635 552
636 553
637 552
638 553
637 551
636 554
639 554
639 555
640 556
640 557
641 558
640 555
641 554
641 553
640 552
640 551
639 550
642 555
643 556
643 557
644 558
623 550
612 550
611 549
610 548
610 547
609 549
609 550
608 548
607 547
606 546
607 546
606 545
606 544
605 543
627 548
635 561
635 562
636 563
636 564
637 565
636 562
637 561
637 560
636 559
636 558
635 557
623 559
615 555
627 557
623 568
612 568
611 567
610 566
635 570
635 571
636 572
624 533
615 564
627 566
623 577
612 577
611 577
611 576
610 575
609 574
609 573
608 572
608 571
607 570
606 569
606 568
605 567
605 566
606 565
607 565
606 564
606 563
605 562
609 572
610 571
605 561
606 560
607 561
607 560
606 559
608 562
609 563
610 562
610 561
609 560
609 564
609 559
604 560
605 570
605 571
604 569
608 566
608 567
609 568
609 569
608 575
607 574
606 574
606 573
608 576
609 577
605 575
605 576
604 574
603 574
609 558
610 557
611 558
610 556
609 555
609 554
610 553
611 553
610 552
608 553
608 557
607 556
606 555
606 554
612 559
624 542
615 573
604 573
603 572
602 572
602 571
602 570
601 569
600 568
601 573
601 568
602 567
602 566
601 565
602 564
603 563
603 573
602 562
602 561
601 560
600 561
599 561
601 564
601 559
600 558
599 557
599 556
598 558
598 559
597 557
596 557
595 558
595 559
594 557
593 557
592 558
591 557
591 556
590 555
594 556
595 555
595 554
595 553
594 552
590 554
594 551
595 550
596 551
630 554
595 549
594 548
594 547
590 558
589 557
588 557
588 556
587 555
587 554
587 558
587 559
587 560
590 559
591 560
592 560
591 561
591 562
592 563
586 557
585 558
584 559
589 558
593 560
594 561
595 562
594 562
595 563
595 564
594 565
594 566
594 567
595 568
594 569
594 570
593 569
592 569
591 570
594 546
593 545
592 545
592 544
595 545
591 543
590 543
595 544
595 543
596 542
595 541
595 540
596 539
612 542
594 543
591 542
590 541
610 576
623 546
595 539
594 538
593 537
591 546
591 547
591 548
591 549
592 549
633 569
632 570
632 571
633 572
633 573
633 574
632 575
611 572
590 550
589 551
588 552
588 551
587 550
591 551
590 540
591 541
589 553
601 563
600 567
590 553
593 564
624 551
596 569
616 547
597 570
617 548
630 567
609 544
608 543
620 553
619 557
631 568
634 573
635 538
627 534
612 554
623 563
624 528
596 546
615 559
627 570
626 574
597 547
616 560
589 543
608 556
628 534
620 530
631 545
622 576
642 554
634 550
600 557
619 570
611 566
612 531
603 562
599 566
598 567
597 567
623 540
615 536
635 551
627 547
612 567
588 543
604 563
592 540
593 541
596 559
622 541
616 531
624 530
635 532
607 542
612 548
599 565
612 556
598 569
599 570
588 542
617 537
627 544
598 564
597 565
606 541
607 541
622 575
627 564
627 563
629 572
630 572
591 552
598 568
587 549
595 569
628 532
598 563
628 530
615 535
622 550
606 540
606 539
607 538
607 537
605 538
592 553
592 554
593 554
624 541
615 572
616 537
604 537
638 561
589 556
630 557
588 560
607 573
599 569
619 547
611 543
603 536
631 558
634 563
600 570
612 544
631 533
629 531
598 562
603 535
606 536
623 553
615 549
627 565
627 545
628 541
593 565
639 560
640 561
592 566
626 564
618 560
629 569
630 534
630 570
643 553
644 554
645 555
643 552
631 535
622 566
634 540
619 560
592 543
611 556
623 530
627 537
645 556
595 542
591 566
634 538
644 553
591 565
611 554
602 534
640 560
587 544
593 538
624 537
587 545
587 546
586 547
614 567
593 544
625 576
620 528
588 547
645 554
613 568
606 575
586 548
616 554
631 574
590 545
589 545
606 535
606 534
596 549
637 550
626 577
618 573
638 551
610 569
641 556
623 572
607 533
608 533
588 550
607 563
599 559
611 533
610 534
611 534
592 556
633 557
612 534
637 549
636 548
635 548
603 565
615 539
606 576
611 535
637 547
637 563
610 546
595 566
638 548
607 540
620 524
619 525
619 524
632 569
611 546
614 557
633 570
619 526
618 526
626 575
612 561
610 577
634 556
622 573
606 532
618 524
624 529
637 546
635 563
620 533
641 559
585 556
616 530
627 535
607 532
608 531
608 530
596 552
635 545
636 545
606 531
609 531
617 525
606 553
625 566
626 531
618 527
604 561
621 549
597 568
610 533
604 570
636 549
594 542
615 556
627 576
628 577
628 578
639 559
597 553
598 554
629 536
598 565
597 562
636 544
637 543
618 563
610 559
630 537
622 533
638 544
639 544
628 576
607 553
640 550
619 527
602 560
621 573
629 575
641 549
613 569
614 534
633 547
625 543
636 542
637 541
637 540
638 539
637 538
638 538
638 541
639 541
640 541
644 556
591 550
594 555
614 570
606 566
626 544
618 540
637 553
610 536
629 549
595 556
636 557
587 552
607 530
609 576
601 572
621 550
613 546
629 568
641 540
632 559
598 566
590 562
642 541
643 542
644 543
645 542
644 544
645 544
602 573
614 547
633 560
606 543
625 556
591 563
583 559
594 568
610 549
617 557
636 570
609 553
628 566
620 562
640 540
632 536
621 563
613 559
632 572
644 542
646 544
647 545
633 537
637 570
625 533
611 574
637 556
644 545
644 546
591 540
594 545
606 556
626 534
645 547
646 547
639 553
618 530
645 546
636 541
637 542
638 563
631 551
634 547
599 562
643 544
641 539
642 538
640 538
639 564
642 544
641 544
641 543
640 563
610 526
605 560
629 539
624 573
616 569
595 546
636 547
641 563
628 543
642 537
617 570
609 566
639 565
601 562
640 566
641 566
620 575
621 540
640 553
635 572
590 551
635 544
645 541
644 540
585 557
619 572
637 537
611 536
618 576
592 550
637 562
615 565
640 565
610 558
629 562
596 562
604 575
640 542
644 539
645 538
646 538
645 537
634 552
608 549
607 550
606 551
607 551
611 569
606 550
645 536
619 573
644 535
644 534
605 551
604 550
646 537
644 533
643 532
642 532
641 533
641 534
642 534
645 534
613 536
632 549
598 556
590 552
602 563
635 560
614 537
606 533
625 546
612 576
591 553
624 550
594 558
585 546
639 566
605 573
597 569
636 560
603 549
602 548
602 550
601 550
602 551
603 552
609 543
586 559
631 567
634 572
613 549
644 536
627 569
639 543
605 550
597 546
608 555
636 537
628 533
620 529
609 556
601 552
620 565
621 530
640 543
613 526
632 539
600 549
599 549
619 569
598 546
599 547
600 547
590 542
643 554
635 550
614 527
615 527
615 526
616 527
593 553
612 566
604 562
623 575
615 528
639 542
600 553
599 552
624 540
643 541
623 551
584 545
596 558
615 571
645 533
641 535
599 551
602 553
603 554
616 536
639 556
611 564
599 546
623 565
598 550
640 533
639 533
605 563
638 534
597 559
616 572
638 535
637 533
637 532
615 547
638 567
638 568
639 569
598 545
598 544
598 543
589 555
636 550
608 568
609 533
599 543
628 546
620 542
600 544
586 549
585 550
584 550
583 549
582 549
582 548
583 547
582 546
581 545
580 546
580 547
581 547
631 557
634 562
613 539
600 569
646 536
579 546
578 546
577 545
576 544
575 545
578 545
579 544
579 543
592 565
612 543
623 552
615 548
627 559
647 537
648 537
593 566
605 540
604 540
603 540
602 540
601 540
601 539
602 538
624 553
616 549
608 545
630 569
609 546
622 565
642 543
611 555
631 570
635 540
627 536
593 543
604 552
596 548
615 561
616 526
626 576
605 553
618 572
597 549
638 550
617 527
608 558
641 555
620 532
607 562
631 547
622 578
642 556
581 546
600 559
592 555
611 568
612 533
584 551
584 552
603 564
623 542
615 538
635 553
627 549
593 556
600 540
599 539
585 552
604 565
605 530
596 561
616 539
608 535
584 548
580 548
581 549
648 538
576 546
580 549
648 539
577 547
630 559
622 555
642 533
607 575
599 538
599 537
599 536
600 535
599 534
598 534
597 534
600 537
598 536
597 537
596 537
596 536
597 536
599 571
599 572
600 536
619 549
611 545
631 560
603 541
603 542
643 534
634 565
600 572
646 539
592 568
612 546
604 542
623 555
596 538
615 551
580 543
600 539
581 544
584 549
583 553
626 566
618 562
584 554
638 540
586 555
595 536
594 535
599 533
599 542
600 534
603 539
583 548
576 545
602 539
583 552
595 535
602 543
603 544
603 545
604 546
640 569
641 569
602 552
579 550
595 534
582 551
601 542
641 568
588 546
614 526
598 572
644 548
645 549
629 571
644 550
644 549
606 549
631 544
636 540
601 546
640 537
598 540
598 549
602 547
579 545
582 550
583 551
575 547
575 548
576 549
576 550
605 548
605 557
639 568
597 571
599 548
601 541
586 552
640 532
578 548
598 535
631 569
602 533
601 532
602 542
643 543
598 553
590 549
579 549
582 545
646 548
582 554
581 554
580 553
580 552
582 555
583 556
583 557
579 554
579 555
580 556
580 557
581 558
578 553
581 557
624 527
622 539
606 530
594 537
647 540
648 541
648 542
648 543
639 536
583 546
624 547
596 565
639 545
640 546
640 547
597 539
605 552
597 548
639 563
589 544
617 526
636 539
597 566
601 536
601 545
586 556
578 552
601 554
601 555
602 556
603 557
603 558
602 557
640 536
598 539
631 573
602 537
643 538
598 548
590 544
643 547
642 546
646 543
635 543
634 542
579 553
593 546
582 558
593 555
604 555
585 551
604 564
616 529
596 560
647 544
627 575
639 540
616 538
608 534
639 549
605 547
624 560
597 543
639 558
616 556
605 556
597 552
636 534
608 552
605 565
616 565
577 546
617 530
589 548
608 561
597 561
636 543
620 526
609 526
638 562
604 549
628 539
617 539
608 570
620 535
609 535
628 548
641 567
620 544
630 576
631 541
586 551
622 572
601 549
578 547
631 550
642 550
621 527
631 559
642 559
634 555
602 532
603 531
604 532
619 566
613 532
643 533
634 564
600 562
611 562
619 575
611 571
600 571
623 536
612 536
592 567
603 567
643 551
582 544
583 543
612 545
623 545
635 547
643 560
604 541
627 543
615 541
635 556
615 550
627 552
593 550
635 565
612 563
593 559
604 559
627 561
612 572
596 555
647 539
585 555
593 568
604 568
615 568
639 535
605 533
616 533
624 546
596 564
608 529
607 528
615 577
616 542
605 542
608 538
597 538
616 551
608 547
574 545
573 544
572 543
571 543
570 543
569 543
571 544
571 545
571 546
572 547
573 548
573 549
572 548
571 549
571 550
572 551
572 552
570 548
574 550
573 553
574 552
575 553
576 554
575 552
577 555
597 556
638 557
589 552
617 534
577 550
608 565
609 530
638 566
589 561
630 562
641 562
620 539
609 539
601 535
630 571
607 569
642 536
631 536
629 574
586 546
622 567
633 562
601 544
642 545
634 541
578 551
619 552
631 554
570 547
611 548
600 548
642 563
631 563
619 561
611 557
634 559
631 572
643 537
581 553
603 553
634 568
600 566
623 531
635 533
643 546
592 562
627 529
608 528
611 575
646 542
612 540
635 542
584 558
603 571
604 536
627 538
593 536
612 549
623 549
604 545
615 545
623 558
612 558
596 541
627 556
615 554
604 554
623 567
596 550
624 532
615 563
593 563
616 528
585 559
604 572
639 539
605 537
596 568
637 569
626 569
616 546
605 546
618 565
626 578
597 542
608 542
638 543
618 574
597 551
608 551
574 549
638 552
610 570
628 529
589 547
630 548
641 548
620 525
577 554
607 555
641 557
620 534
638 570
607 564
630 566
631 531
599 560
622 562
630 575
631 540
619 538
642 540
622 571
634 536
631 549
642 549
634 545
600 543
642 558
592 539
591 538
592 548
591 537
600 552
634 554
611 552
619 565
603 548
581 548
611 561
612 526
584 544
623 526
619 574
592 557
611 570
635 537
584 553
612 535
623 535
603 566
615 531
627 533
604 531
635 546
623 544
646 546
615 540
593 540
627 542
612 553
593 549
627 551
645 550
596 545
585 545
573 543
593 558
604 558
615 558
596 554
573 552
624 536
585 554
626 555
637 555
616 532
605 532
596 563
637 564
616 541
629 560
608 537
626 573
618 569
595 567
574 544
638 547
610 565
618 578
589 542
629 578
630 543
574 553
638 556
610 574
577 549
641 552
630 552
638 565
622 548
630 561
641 561
607 559
599 555
622 557
588 555
607 568
619 533
642 535
580 551
599 564
611 529
619 542
600 538
611 538
619 551
631 553
642 553
603 534
611 547
634 549
581 543
603 543
634 558
600 556
581 552
592 552
611 565
600 565
612 530
603 561
592 561
627 528
612 539
584 557
623 539
592 570
603 570
593 535
604 535
633 571
623 548
625 567
604 544
645 545
596 540
614 576
606 572
585 549
573 547
626 550
637 559
637 568
626 568
608 532
610 551
638 533
618 564
629 564
630 529
610 560
638 542
629 573
641 538
607 536
630 538
577 544
607 545
641 547
638 560
599 541
607 554
599 550
641 565
630 565
631 530
619 528
588 559
607 572
631 539
580 555
642 539
599 568
622 570
634 535
600 533
600 542
634 544
611 542
621 574
632 574
603 538
592 538
600 551
611 551
592 547
603 547
611 560
599 554
581 556
603 556
644 557
627 532
615 530
633 566
614 562
604 539
593 539
606 558
645 540
614 571
625 571
596 535
591 569
637 536
626 536
606 567
585 544
596 544
637 545
645 558
629 541
573 551
637 554
595 548
595 557
626 572
610 555
587 553
638 537
576 553
618 568
607 531
630 533
610 564
638 546
622 529
629 577
618 577
630 542
641 542
610 573
638 555
607 549
641 551
599 545
588 545
607 558
641 560
588 554
607 567
580 550
619 532
631 534
599 563
640 564
611 528
619 541
611 537
634 539
603 533
621 569
600 546
644 552
602 565
621 578
592 542
633 543
602 574
613 574
592 551
603 551
581 551
633 552
623 529
584 547
614 548
625 548
633 561
584 556
625 557
591 555
615 534
645 535
591 564
614 566
594 560
606 562
625 575
614 575
626 540
648 540
606 571
618 536
573 546
626 549
610 532
618 545
629 545
595 561
626 558
618 554
637 558
610 541
595 552
629 554
637 567
587 548
576 548
610 550
638 532
629 563
568 544
569 545
587 557
595 570
641 537
636 571
607 535
610 568
607 544
641 546
630 546
622 542
617 576
599 540
622 551
588 549
580 545
599 558
588 558
640 559
580 554
619 536
632 555
621 555
640 568
611 532
632 564
621 564
611 541
613 560
603 537
592 537
632 573
598 571
633 538
644 538
602 569
569 544
644 547
614 543
633 556
614 552
625 552
633 565
606 548
572 546
625 561
614 561
591 559
645 539
583 555
606 557
625 570
591 568
575 551
637 535
626 535
645 548
594 564
618 531
637 544
610 527
629 540
595 538
595 547
618 549
587 543
610 545
629 558
610 554
576 552
595 565
641 532
630 532
636 566
610 563
622 528
628 562
607 539
617 571
622 537
628 571
599 535
607 548
609 567
620 567
599 544
588 544
640 545
620 576
640 554
632 550
611 527
602 546
598 557
621 559
602 555
613 555
632 568
621 568
603 532
633 533
613 564
614 529
625 529
621 577
633 542
613 573
625 538
614 538
644 551
633 551
591 545
625 547
594 541
591 554
614 556
594 550
572 550
583 550
606 552
614 565
625 565
575 546
626 530
594 559
606 561
645 543
626 539
637 539
606 570
629 535
618 535
624 569
637 548
610 531
639 567
624 578
618 544
629 544
605 574
616 574
610 540
595 551
636 552
576 547
587 547
595 560
636 561
568 543
587 556
628 557
607 534
622 532
617 566
609 562
617 575
628 575
601 558
620 571
609 571
621 536
601 567
640 549
580 544
621 545
632 545
640 558
602 541
613 541
632 554
598 552
640 567
590 548
613 550
579 548
632 563
598 561
579 557
590 557
602 559
598 570
621 572
644 537
582 553
602 568
614 533
633 546
613 577
614 542
625 542
633 555
644 555
606 538
594 536
625 551
614 551
606 547
572 545
583 545
591 558
583 554
594 554
591 567
637 534
575 550
594 563
629 530
624 564
639 562
595 537
636 538
610 535
605 569
617 543
608 574
636 556
587 551
576 551
628 552
617 552
636 565
607 529
609 548
620 548
628 561
617 561
609 557
628 570
640 535
601 553
620 566
621 531
632 531
640 544
613 527
609 575
598 538
632 540
601 571
602 536
598 547
640 562
602 545
613 545
621 558
632 558
613 554
602 554
579 552
643 555
632 567
633 532
571 548
590 561
613 563
614 528
625 528
644 541
582 557
633 541
625 537
635 569
614 546
591 544
623 576
594 540
606 542
647 543
627 574
572 549
594 549
639 548
583 558
624 559
618 525
575 554
639 557
616 555
605 555
624 568
636 533
610 530
616 564
605 564
617 529
624 577
597 560
608 560
616 573
628 538
636 551
608 569
609 534
636 569
586 550
609 552
628 565
617 565
601 548
609 561
621 526
628 574
601 557
578 555
640 539
620 570
609 570
632 535
601 566
640 548
632 544
598 542
613 540
631 576
632 553
598 551
579 547
613 535
590 547
602 549
643 550
598 560
582 543
602 558
590 556
613 558
579 556
643 559
582 552
635 555
625 532
594 544
612 562
635 564
591 539
606 537
623 571
612 571
647 538
615 567
593 567
604 567
639 534
583 544
572 544
624 545
615 576
627 578
605 541
594 553
575 549
639 552
608 546
639 561
605 559
624 572
597 555
605 568
616 568
608 564
636 546
597 564
609 529
616 577
628 542
589 560
608 573
636 555
609 538
601 534
609 547
586 545
601 543
586 554
640 534
578 550
609 565
570 546
601 561
631 562
642 562
598 537
601 570
602 535
631 571
643 536
632 548
634 567
613 544
619 578
602 544
643 545
598 555
646 541
635 541
579 551
582 547
571 547
590 560
625 527
582 556
612 557
635 559
604 553
623 566
624 531
615 562
593 562
612 575
594 539
647 542
604 571
627 573
605 536
639 538
624 549
596 567
575 544
639 547
616 545
605 545
624 558
597 541
608 541
605 554
624 567
636 532
597 550
574 548
608 550
616 563
628 528
617 528
589 546
608 559
605 572
628 537
577 553
638 569
617 546
609 542
628 555
601 538
617 532
630 574
609 551
620 551
601 547
642 548
631 548
586 558
621 525
601 556
578 554
642 557
632 534
621 534
570 550
634 553
619 564
613 530
631 566
598 541
600 560
631 575
643 540
634 571
635 536
590 546
643 549
623 543
646 545
643 558
627 541
571 551
635 554
612 552
627 550
604 548
593 548
623 561
604 557
615 557
623 570
612 570
596 553
585 553
624 535
615 566
627 568
604 566
605 531
624 544
608 527
615 575
627 577
616 540
608 536
605 549
639 551
624 562
597 545
616 558
605 558
589 541
597 554
608 554
636 536
577 548
589 550
597 563
608 563
638 564
609 528
589 559
617 541
630 560
620 537
609 537
601 533
620 546
586 544
607 576
631 543
586 553
622 574
578 549
601 551
631 552
642 552
619 550
570 545
634 548
642 561
631 561
600 555
634 557
619 568
643 535
634 566
600 564
612 529
619 577
603 560
627 527
611 573
646 540
612 538
623 538
603 569
634 570
604 534
623 547
635 549
612 547
604 543
615 543
623 556
635 558
615 552
593 552
627 554
612 565
585 548
593 561
623 574
624 539
638 558
647 541
615 570
593 570
616 535
639 537
605 535
596 566
624 548
626 567
616 544
639 546
605 544
597 540
608 540
616 553
574 547
597 558
638 559
589 554
577 552
630 555
609 532
641 564
630 564
622 560
630 573
601 537
607 571
631 538
622 569
599 567
634 534
578 544
619 545
642 547
634 543
600 541
619 554
631 556
570 549
600 550
611 550
631 565
619 563
592 546
603 546
634 561
611 559
581 555
643 539
603 555
646 535
635 535
623 533
643 548
592 564
627 531
615 529
604 538
627 540
612 551
596 534
593 547
604 547
612 560
596 543
604 556
645 557
624 534
573 550
639 532
626 562
605 539
596 570
626 571
597 535
638 536
618 567
629 567
608 544
597 544
638 545
629 576
630 541
641 541
574 551
610 572
638 554
589 549
630 550
641 550
609 527
620 527
622 546
607 557
599 553
588 553
607 566
630 568
619 531
622 564
630 577
619 540
631 542
642 542
642 551
570 544
600 545
619 558
642 560
592 541
600 554
619 567
603 550
581 550
611 563
600 563
623 528
612 528
584 546
603 559
592 559
612 537
584 555
623 537
635 539
603 568
604 533
615 542
593 542
614 574
625 574
593 551
604 551
596 547
585 547
573 545
626 548
616 525
596 556
626 557
637 557
605 534
618 553
629 553
637 566
608 539
618 571
630 536
641 536
574 546
638 549
610 567
641 545
630 545
577 551
607 552
607 543
588 548
