696 415
697 415
695 416
694 416
698 414
699 415
695 417
696 416
695 414
696 413
697 412
698 411
699 412
700 413
701 412
702 411
700 416
701 415
702 414
703 415
700 414
704 414
705 413
706 412
707 413
703 412
704 411
705 410
706 411
707 410
694 415
693 414
692 413
707 412
706 414
697 411
696 410
697 409
698 408
695 411
694 412
693 411
699 408
698 410
691 413
702 410
704 416
695 413
705 415
696 412
693 413
700 412
703 417
702 417
694 414
706 416
697 413
699 410
698 412
702 412
704 409
705 408
704 407
706 407
704 418
695 415
705 417
696 414
703 410
692 410
691 411
706 409
703 419
702 419
706 418
704 420
705 419
700 407
699 406
701 406
701 408
700 405
698 405
697 404
696 403
695 402
697 402
698 401
695 404
694 405
693 404
699 401
698 403
695 406
696 405
693 406
694 407
697 406
699 403
702 405
695 408
696 407
692 412
694 409
697 408
698 407
703 421
702 421
701 422
700 421
700 423
699 424
698 423
697 422
696 421
695 420
694 419
696 419
697 418
698 417
694 421
697 420
698 419
695 422
694 423
695 424
698 421
696 423
694 425
702 423
703 424
704 423
705 422
703 404
704 405
703 403
704 425
705 424
703 426
702 426
702 403
704 427
703 428
702 428
701 429
700 428
700 430
699 431
698 430
702 430
703 431
700 432
701 431
704 402
705 401
704 400
706 400
707 400
708 401
708 402
707 403
708 404
693 418
707 405
706 405
692 417
708 406
708 407
692 419
691 420
698 432
690 421
699 433
702 432
704 429
696 425
696 426
697 427
698 426
696 428
695 429
694 428
693 428
694 430
698 428
701 424
693 420
701 433
693 429
702 407
705 403
702 416
695 428
696 430
692 428
705 412
704 410
693 427
692 426
702 425
695 423
691 429
690 428
705 421
702 434
702 435
694 402
706 404
698 400
706 413
694 411
698 409
694 420
698 418
694 429
695 403
697 431
689 427
701 410
701 419
693 415
701 428
693 402
700 419
699 399
700 398
693 424
702 402
705 407
702 420
705 416
690 427
705 425
706 399
705 398
694 406
706 408
698 404
698 413
697 417
697 426
701 405
701 397
702 398
701 396
693 401
701 414
693 410
701 423
693 419
701 432
702 397
702 406
705 402
702 415
692 424
705 411
701 436
701 437
690 422
690 423
705 420
704 424
694 401
698 399
694 410
700 435
696 429
700 437
697 403
704 398
701 399
703 396
697 421
697 430
690 426
699 438
698 437
697 436
697 435
689 426
701 400
701 409
693 405
701 418
701 427
693 423
702 401
705 397
706 396
707 396
706 395
706 394
705 393
700 431
705 406
704 419
704 428
696 424
697 398
697 407
697 416
697 425
697 434
696 433
701 395
701 404
701 413
693 409
702 396
700 426
705 392
706 391
707 391
706 390
705 389
705 388
706 389
696 437
696 438
697 439
697 440
705 387
700 439
696 432
708 397
708 398
697 397
698 396
699 396
698 395
696 396
695 395
695 394
701 394
702 393
703 394
702 392
701 391
701 390
700 389
700 425
692 421
700 434
703 430
692 430
692 431
693 432
693 433
693 434
694 434
692 435
692 436
693 437
693 438
693 439
694 439
692 440
704 395
692 439
691 438
690 437
689 436
690 436
689 435
704 404
704 413
696 409
704 422
696 418
696 427
708 392
708 393
697 401
696 400
695 399
694 398
695 398
695 431
695 440
707 414
701 389
702 388
703 389
702 387
699 419
699 428
700 393
699 392
698 391
699 391
698 390
697 392
697 393
691 424
699 437
700 402
703 398
700 411
703 407
692 407
700 420
692 416
691 415
703 416
700 429
703 425
692 425
704 390
692 434
691 433
690 433
690 432
689 431
689 430
704 399
696 395
704 408
696 404
698 441
708 396
697 396
695 426
695 435
707 409
699 405
699 414
691 410
699 423
700 388
691 419
699 432
700 397
691 428
703 393
699 441
700 406
691 437
703 402
700 415
692 411
703 411
703 420
692 420
703 429
704 394
704 403
696 399
696 408
698 427
694 438
698 436
695 412
695 421
695 430
707 395
695 439
707 404
699 400
699 409
699 418
691 414
699 427
700 392
691 423
703 388
699 436
700 401
691 432
703 397
700 410
702 429
703 406
692 406
692 415
704 389
706 417
696 394
694 424
698 422
694 433
698 431
695 407
698 440
695 425
707 390
695 434
707 399
699 395
707 408
699 404
699 413
699 422
700 387
691 418
700 396
691 427
703 392
702 424
703 401
694 437
701 388
698 435
689 432
707 394
699 390
702 389
691 441
690 442
705 394
692 433
700 391
692 442
703 387
693 441
690 435
706 398
708 395
697 395
698 394
691 443
696 439
694 432
695 397
692 444
692 445
701 392
694 441
693 443
701 401
708 400
707 389
699 440
691 436
707 398
699 394
704 393
692 437
693 436
706 403
696 398
693 445
690 430
706 393
697 390
690 439
689 441
698 389
706 402
694 400
696 434
697 399
708 399
698 398
695 438
694 418
698 416
694 427
698 425
701 387
694 436
695 401
699 417
695 410
697 429
699 426
691 422
697 438
699 435
700 400
689 434
691 431
700 409
690 441
699 389
691 440
703 405
692 405
700 418
701 417
692 414
703 414
700 427
701 426
703 423
702 391
692 423
704 388
700 436
693 422
701 435
692 432
702 400
703 432
704 397
693 431
705 396
696 393
692 441
702 409
704 406
693 440
705 405
696 402
702 418
704 415
705 414
696 411
690 425
702 427
705 423
696 420
706 388
690 434
698 439
706 397
697 394
708 394
690 443
698 393
691 442
706 406
694 404
708 403
698 402
695 433
694 413
695 442
696 443
696 444
697 443
695 445
696 446
694 422
707 407
696 441
695 396
697 391
693 442
697 424
699 421
691 417
697 433
699 430
700 395
689 429
691 426
694 443
697 442
703 391
699 439
700 404
689 438
701 403
691 435
703 400
691 444
703 409
692 409
693 408
700 422
701 421
702 386
692 418
703 418
693 417
701 430
695 444
702 395
703 427
704 387
692 427
704 392
693 426
705 391
702 404
704 401
693 435
705 400
696 397
702 413
693 444
705 409
696 406
690 420
705 418
690 429
698 434
694 445
697 444
706 392
698 443
689 440
698 388
708 391
695 419
706 401
694 399
698 397
694 408
707 393
698 406
695 437
707 402
696 436
699 398
695 446
707 411
696 445
697 410
699 407
697 419
699 416
691 412
697 428
699 425
700 390
691 421
697 437
699 434
700 399
689 433
701 398
691 430
703 395
700 408
701 407
691 439
692 404
700 417
693 403
702 436
701 416
703 413
693 412
701 425
703 422
702 390
692 422
693 421
701 434
702 399
704 396
693 430
706 415
705 395
702 408
700 438
705 404
696 401
698 420
694 431
698 429
690 424
692 443
694 440
695 405
698 438
704 417
704 426
698 392
694 403
707 388
696 422
695 432
707 397
696 431
699 393
695 441
707 406
696 440
708 405
697 405
699 402
707 415
697 414
701 393
699 411
699 388
697 423
699 420
691 416
697 432
699 429
700 394
689 428
694 442
691 425
697 441
703 390
700 403
689 437
702 422
691 434
701 402
703 399
702 431
701 411
703 408
692 408
693 407
690 438
701 420
693 416
702 394
695 443
704 391
706 410
696 442
693 425
700 424
705 390
694 417
705 399
700 433
698 415
692 429
694 426
698 424
692 438
694 435
695 400
698 433
704 412
695 409
693 446
698 442
689 439
704 421
695 418
696 417
690 431
702 433
704 430
695 427
707 392
690 440
695 436
707 401
696 435
697 400
699 397
