580 644
579 644
578 644
580 643
581 643
579 643
579 645
580 646
581 646
577 645
579 642
580 641
581 640
582 641
580 647
579 648
578 647
582 644
583 643
582 647
583 646
584 645
585 646
586 645
576 646
575 645
587 646
587 647
586 644
585 643
578 646
586 647
578 643
577 642
576 643
575 642
574 643
573 642
572 643
571 644
570 643
569 644
568 643
573 641
572 640
574 640
571 641
570 640
569 641
569 643
570 642
581 648
583 645
572 645
574 642
575 641
576 640
577 647
585 645
573 643
576 642
570 644
575 639
583 647
574 644
575 643
576 638
577 638
578 637
577 636
578 639
577 640
580 639
576 635
585 647
573 645
576 644
578 641
575 636
574 635
574 637
584 648
583 649
573 638
572 638
576 637
585 649
586 650
587 649
587 651
570 639
581 645
583 642
572 642
574 639
575 638
577 635
577 644
579 638
580 637
588 650
579 647
571 643
582 643
573 640
576 639
578 636
587 648
581 647
583 644
572 644
574 641
584 643
578 638
586 651
587 650
569 638
570 637
572 637
577 639
579 639
580 638
588 651
571 638
573 644
578 640
567 643
587 652
581 642
569 640
572 639
574 636
570 645
584 644
575 635
572 636
583 648
584 647
575 644
577 641
574 645
579 641
580 640
571 637
588 653
571 640
573 637
582 646
576 636
586 646
585 648
576 645
587 645
578 642
581 641
586 649
569 639
570 638
578 645
581 644
569 642
572 641
570 641
575 637
584 646
575 640
584 649
577 637
575 646
574 638
577 646
579 637
577 643
580 642
579 640
571 639
579 646
573 636
580 645
571 642
588 652
582 642
573 639
582 648
580 648
582 645
571 645
585 644
576 641
578 635
586 648
585 650
