509 249
508 249
509 248
510 248
511 248
509 247
509 246
507 248
510 247
510 250
512 247
513 246
511 249
512 250
513 249
514 248
515 249
516 248
506 249
505 248
504 249
503 250
517 249
508 246
507 245
506 246
505 245
504 246
503 247
518 248
519 249
520 248
521 247
502 251
507 250
510 249
521 249
512 246
511 245
512 244
513 243
514 244
515 243
515 245
513 245
504 251
508 251
520 250
519 251
509 250
511 247
515 247
507 252
510 251
521 251
513 247
504 244
503 248
517 247
508 244
507 243
508 242
507 241
508 240
509 239
510 238
510 240
509 241
511 238
512 237
511 236
512 235
513 234
514 235
513 236
514 237
515 238
510 242
512 239
513 238
518 246
517 245
509 243
511 240
508 253
520 252
519 253
518 253
517 252
517 254
516 255
515 254
515 256
517 256
518 255
519 256
520 257
521 256
519 258
522 246
520 255
523 246
521 258
520 259
519 260
518 260
517 261
516 260
515 261
516 262
515 263
514 242
517 263
518 262
516 264
515 265
514 265
509 252
502 246
501 246
500 245
501 244
499 246
498 245
497 244
498 247
500 247
502 244
496 243
499 248
498 249
500 249
500 243
517 265
518 264
519 265
520 264
521 265
516 257
516 266
509 245
517 258
509 254
520 254
520 263
510 237
509 236
513 233
521 246
520 245
498 244
513 242
513 251
513 252
524 247
516 243
505 243
516 252
505 252
505 253
497 248
516 261
517 244
509 240
517 253
520 249
520 258
519 262
513 237
498 248
512 241
501 250
516 238
516 247
505 247
497 243
516 256
516 265
517 239
517 240
509 235
520 244
509 244
508 248
519 257
519 266
512 236
501 245
512 245
523 245
504 250
524 246
505 242
504 241
516 242
516 251
505 251
497 247
515 264
508 243
519 243
508 252
519 252
500 248
519 261
512 240
501 249
512 249
504 245
504 254
504 255
505 256
505 257
516 237
517 236
517 235
516 234
516 233
517 234
505 246
516 246
518 265
497 242
515 250
515 259
508 238
511 234
510 233
510 232
509 231
509 230
510 229
510 228
509 227
509 226
509 225
510 224
510 223
509 222
509 221
508 229
508 247
519 247
511 243
511 252
523 244
524 243
525 244
524 242
524 241
523 240
522 239
521 238
521 237
520 236
520 235
520 239
520 240
520 241
521 242
519 238
504 240
512 253
512 254
512 255
513 256
504 258
504 259
504 260
505 261
505 262
504 263
504 264
504 265
505 266
505 265
516 232
517 231
517 230
516 229
516 228
503 262
506 267
496 241
508 224
507 268
507 269
508 270
508 271
511 229
519 242
511 256
510 256
511 257
512 258
512 259
512 230
513 229
514 230
513 228
512 231
523 239
524 238
525 239
524 237
523 236
523 235
522 234
521 233
521 232
520 231
520 230
521 229
522 230
521 228
520 227
520 226
521 227
523 231
524 232
524 233
520 225
521 224
522 225
521 223
520 222
520 221
523 226
524 227
525 226
526 227
525 225
524 224
524 228
524 223
520 220
521 219
522 220
522 221
521 218
520 217
520 216
521 215
522 216
521 214
521 213
522 212
522 211
521 210
521 209
520 208
520 212
520 207
523 217
524 218
525 217
526 218
525 216
524 219
525 220
525 221
520 211
527 219
528 220
529 219
529 218
528 217
528 221
529 222
529 223
528 216
528 215
529 214
529 213
528 212
528 211
529 210
529 209
529 208
528 207
528 206
529 205
530 206
527 228
519 224
518 223
517 222
517 221
517 220
517 219
518 218
517 217
517 216
516 215
516 219
516 214
516 223
516 224
517 225
517 226
517 215
518 214
523 212
523 221
523 230
524 213
525 212
526 213
525 211
524 210
524 214
524 209
525 208
526 209
525 207
525 206
524 205
524 204
524 222
516 218
516 227
503 257
503 266
515 231
506 262
520 206
521 205
522 206
522 207
521 204
520 203
527 214
496 245
519 210
518 209
515 258
507 254
507 255
508 256
508 257
509 258
509 259
508 260
508 261
508 262
509 263
509 264
510 265
511 266
511 267
512 268
512 269
513 270
508 265
508 266
507 264
511 270
511 271
512 272
512 273
512 274
511 275
511 276
512 277
512 278
507 259
511 265
512 264
512 263
511 262
511 261
519 219
515 267
515 268
515 269
516 270
516 271
517 272
515 272
515 273
514 272
514 267
518 273
518 274
519 275
519 276
520 277
519 274
520 273
499 250
507 263
508 228
519 228
511 224
507 272
507 273
507 274
508 275
508 276
509 277
507 277
507 278
508 279
508 280
508 281
509 282
507 282
507 283
506 284
505 284
504 283
504 282
508 284
508 285
503 281
506 281
505 280
504 279
504 278
504 277
503 276
503 280
506 276
505 275
504 274
504 273
506 285
506 286
507 287
507 288
508 289
508 290
507 291
507 292
507 293
508 294
508 295
507 296
507 297
508 298
508 299
506 295
506 290
505 289
504 288
504 287
503 289
503 290
502 291
501 292
501 291
500 290
500 289
499 288
502 293
503 294
503 295
504 296
504 297
499 287
500 286
501 287
500 285
500 284
501 283
501 282
500 281
500 280
499 279
499 283
499 278
502 288
503 298
503 299
503 300
504 301
502 297
501 296
500 295
500 294
499 293
499 292
498 291
499 296
499 297
499 298
500 299
499 300
500 300
501 301
499 301
499 302
500 303
502 302
498 300
497 299
496 299
495 300
496 301
496 302
495 299
494 298
493 297
492 296
492 295
493 296
492 294
491 293
491 297
491 298
492 299
492 300
493 301
494 302
494 303
506 294
505 276
495 303
499 282
498 295
497 294
496 293
496 292
495 291
494 292
493 292
492 291
492 290
493 289
493 288
493 287
492 286
492 285
492 289
495 290
496 291
491 288
494 293
495 294
495 295
496 296
496 297
502 283
491 292
502 292
494 288
495 288
496 288
497 289
496 287
495 286
494 285
494 284
493 283
493 282
492 281
492 280
503 284
506 289
509 300
521 274
500 251
512 225
498 290
523 234
522 275
523 274
524 275
514 271
526 245
518 241
491 287
490 286
489 285
488 284
502 296
530 215
503 261
515 235
506 266
527 209
519 205
497 303
531 216
532 215
533 216
508 232
507 231
519 241
511 237
523 211
510 278
522 252
526 222
498 303
490 299
506 243
518 254
515 248
507 244
527 222
519 218
509 290
510 255
521 264
522 229
513 260
513 261
525 234
525 235
498 280
502 250
522 265
523 264
524 265
514 261
526 235
518 231
503 251
494 282
515 225
514 226
506 256
505 297
497 293
531 206
517 271
509 267
509 268
508 222
507 221
506 221
520 276
521 241
511 227
510 268
521 277
522 242
513 273
514 238
534 216
525 247
526 212
498 293
518 208
490 289
502 263
493 300
518 244
505 274
530 218
517 248
520 253
519 208
509 280
510 245
521 254
522 219
513 250
525 224
514 251
501 281
526 225
518 221
504 286
524 264
503 241
502 240
501 239
500 238
515 215
514 216
513 215
512 215
511 214
510 213
509 212
514 215
505 287
509 257
510 222
520 266
521 231
513 227
510 258
522 232
508 297
513 263
514 228
500 293
525 237
512 267
523 276
523 277
501 294
493 290
504 299
505 264
524 277
516 273
517 238
509 234
529 212
520 243
521 208
532 217
532 218
509 270
510 235
496 300
521 244
522 209
513 240
508 274
533 218
525 214
511 279
511 280
492 302
512 280
518 211
504 276
505 241
516 250
528 224
528 225
505 277
517 251
510 212
529 225
520 256
521 221
507 286
513 217
513 218
508 287
514 218
500 283
501 248
492 279
493 278
492 277
494 279
495 280
491 277
490 277
490 276
489 275
488 274
489 274
512 257
504 253
523 266
523 267
524 231
501 284
493 280
504 289
505 254
524 267
525 267
526 268
497 250
516 263
517 228
503 293
509 224
520 233
532 207
532 208
510 225
496 290
488 286
487 286
488 287
507 299
506 299
508 264
513 230
499 295
533 208
519 273
525 204
511 269
523 243
489 287
500 296
492 292
512 270
504 266
524 244
516 240
528 214
520 210
509 237
495 302
529 215
521 211
507 276
519 250
496 303
508 277
501 238
504 243
524 221
516 217
505 244
497 240
516 253
517 218
503 283
509 214
528 227
495 279
496 278
520 223
515 257
506 288
496 280
488 276
487 276
488 277
507 289
508 254
499 285
500 250
519 263
511 259
512 224
523 233
510 300
511 300
489 277
522 274
501 251
492 282
512 260
504 256
505 221
504 221
504 220
505 219
524 234
491 286
516 230
502 295
494 291
518 276
503 296
531 215
495 292
487 288
487 289
515 270
507 266
508 231
527 244
528 245
529 246
529 245
528 247
529 248
530 248
531 249
532 250
532 251
533 251
531 248
530 250
530 251
519 240
531 251
523 210
488 289
508 267
511 272
498 302
490 298
489 297
488 297
487 296
486 296
485 297
485 296
487 298
487 299
488 299
524 211
491 299
517 208
516 208
516 207
517 206
516 205
517 205
503 273
502 273
501 272
500 271
501 271
499 272
499 273
500 273
520 213
506 278
527 221
519 217
484 296
483 296
483 295
484 294
483 293
484 293
507 279
500 240
499 240
512 214
523 223
510 290
511 290
512 291
512 290
511 292
522 264
514 260
525 269
525 270
526 234
491 276
516 220
502 285
494 281
515 224
506 255
526 270
518 266
503 286
495 282
496 247
495 247
494 247
494 246
493 245
492 246
492 247
493 247
487 278
515 260
506 291
507 256
508 221
499 252
527 234
528 235
529 235
519 230
511 226
510 267
521 276
522 241
513 272
533 250
534 249
533 248
512 227
525 246
498 292
490 288
502 262
501 261
500 261
499 260
498 260
497 261
497 260
500 260
501 259
499 262
499 263
500 263
522 277
514 273
534 251
526 247
518 243
491 289
530 217
502 298
503 263
494 294
515 237
506 268
507 233
506 233
505 232
504 231
507 234
505 231
504 233
527 211
519 207
531 218
509 279
508 234
521 253
486 295
511 239
523 213
510 280
522 254
523 254
524 254
514 250
526 224
518 220
502 275
503 240
515 214
506 245
518 256
505 286
507 246
508 211
507 211
506 211
506 210
505 209
504 208
503 208
502 208
502 207
503 206
502 205
501 206
500 206
500 205
503 205
499 207
505 208
501 205
504 210
504 211
505 211
507 210
508 209
527 224
499 242
500 207
519 220
511 216
510 257
521 266
522 231
513 262
501 208
514 227
525 236
498 282
497 283
490 278
502 252
502 253
494 248
494 249
514 263
501 293
506 222
506 223
526 237
518 233
504 298
524 276
530 207
503 253
495 249
515 227
506 258
507 223
505 299
497 295
517 273
509 269
510 234
529 247
520 278
521 243
513 239
486 285
485 284
486 284
484 284
483 283
486 283
485 286
485 287
484 283
483 285
532 252
532 253
533 217
498 259
497 258
498 258
496 258
495 257
498 257
496 257
495 259
494 259
510 270
522 244
513 275
514 240
533 253
534 218
535 219
536 218
526 214
490 291
518 210
502 265
503 230
502 230
502 229
502 228
503 228
501 228
500 228
499 227
498 227
497 228
497 227
500 227
501 226
499 229
499 230
500 230
515 204
514 203
515 203
515 202
514 205
513 205
514 206
513 207
512 204
511 204
511 203
512 202
510 202
509 202
509 201
506 235
493 302
485 298
485 299
530 220
517 250
496 227
495 226
495 225
494 224
493 225
492 224
495 224
496 225
497 225
498 225
498 224
494 226
493 224
496 224
492 226
482 292
482 291
481 290
482 290
481 292
480 293
479 292
478 292
478 291
479 290
529 224
508 201
507 201
506 201
506 200
505 199
504 200
505 201
507 200
514 217
486 298
498 272
497 271
497 270
498 270
497 273
496 270
495 270
494 269
493 268
492 267
493 267
492 269
492 270
493 270
495 269
496 268
495 267
496 267
498 269
491 266
490 266
494 271
497 272
502 242
503 207
506 212
506 213
493 279
512 292
513 293
514 294
514 293
515 293
516 293
517 294
517 293
513 295
513 296
514 296
516 295
516 296
517 296
524 266
528 236
528 237
507 213
529 237
530 238
531 239
532 238
533 239
533 238
534 239
532 240
533 241
531 238
534 238
530 240
533 240
534 241
535 242
535 241
536 241
537 241
538 242
537 243
537 244
538 244
539 245
540 244
541 243
540 242
541 242
540 243
541 244
536 240
536 239
536 238
486 275
485 274
486 273
485 276
484 273
483 273
483 272
484 271
532 242
533 207
489 286
501 260
534 208
535 209
535 208
536 208
537 209
538 209
537 210
537 211
538 211
539 212
540 211
541 210
541 211
542 212
543 213
544 214
544 215
545 215
543 212
542 214
543 215
545 214
544 216
491 246
490 246
490 245
490 244
490 243
491 242
490 241
489 242
488 241
491 241
491 244
489 241
488 243
487 244
487 243
488 244
489 244
491 243
487 245
523 278
523 279
503 220
502 220
502 219
502 218
502 217
503 216
501 216
500 215
503 218
501 215
500 217
499 218
499 217
500 218
501 218
503 217
499 219
500 220
485 288
524 279
525 280
525 279
526 278
527 277
526 280
527 276
527 275
497 262
497 263
482 282
481 282
480 283
480 282
479 282
478 282
478 281
478 280
478 279
479 280
477 279
476 280
475 279
476 279
479 279
475 281
476 282
481 281
481 280
482 280
510 201
528 249
474 278
474 277
473 276
474 276
473 278
472 276
471 276
532 219
532 220
498 226
488 298
514 207
533 220
500 272
511 281
511 282
491 223
490 223
490 222
490 221
491 221
489 221
488 221
487 221
487 220
486 220
485 221
485 220
488 220
489 219
487 222
487 223
488 223
523 255
523 256
489 299
501 273
506 202
493 269
512 282
513 283
514 283
524 256
525 257
526 258
526 257
525 259
497 239
497 238
498 237
496 237
495 237
494 237
494 236
493 235
492 234
493 234
492 236
492 237
493 237
495 236
496 235
495 234
496 234
498 236
498 235
491 233
491 232
490 231
489 232
488 231
491 231
490 233
489 231
487 232
487 233
488 233
494 238
494 239
495 239
481 294
480 295
528 226
510 214
496 279
529 227
530 228
530 227
531 226
531 228
532 228
533 228
534 228
535 229
536 229
536 228
532 229
532 230
533 230
536 230
537 231
538 232
535 231
535 232
538 231
537 233
537 234
538 234
539 235
539 234
540 234
540 233
540 232
540 231
541 232
541 231
541 234
542 235
543 235
544 236
545 235
546 236
547 236
548 236
548 235
544 237
546 235
545 237
548 237
547 238
547 239
547 240
539 236
539 237
515 292
514 291
515 291
515 290
540 236
513 219
498 239
502 209
489 276
535 243
535 244
493 246
539 213
539 214
523 268
526 279
536 243
482 272
481 272
480 273
480 272
481 271
480 270
481 270
479 270
478 270
478 269
479 268
478 267
479 267
481 269
482 268
481 267
482 267
482 270
477 266
476 267
479 269
482 269
478 271
506 300
506 301
540 213
486 242
485 241
486 240
485 243
484 240
484 239
483 238
484 238
483 240
482 237
481 237
480 237
479 237
478 237
478 236
479 235
478 234
477 234
476 235
475 234
476 234
479 234
475 236
476 237
481 236
482 235
474 233
473 233
477 233
483 239
476 236
479 236
472 233
471 233
471 232
471 231
472 231
470 230
469 230
468 231
468 230
467 230
466 230
466 229
467 228
466 227
465 227
464 228
464 227
467 227
469 229
470 228
469 227
468 232
468 233
465 226
464 225
465 225
463 225
462 224
465 224
463 224
461 225
461 226
460 224
459 224
462 226
458 223
457 223
457 222
457 221
457 220
458 221
458 220
469 232
464 229
475 238
482 236
467 229
532 209
459 225
459 226
478 238
498 216
497 215
498 215
498 214
497 217
497 218
496 214
496 213
495 212
496 212
495 214
494 214
493 214
492 214
492 213
493 212
494 215
494 216
495 216
531 250
488 288
507 301
480 284
480 285
527 279
528 280
529 280
530 281
531 282
532 283
533 284
531 281
530 283
530 284
531 284
533 283
534 282
533 281
534 281
534 284
535 285
536 284
532 285
533 286
531 283
534 283
530 285
460 226
500 262
479 239
480 240
480 239
481 239
491 213
490 213
490 212
490 211
490 210
491 209
490 208
489 209
488 209
487 208
486 208
485 208
488 208
487 210
487 211
488 211
491 211
486 207
489 208
488 210
489 211
491 210
484 207
484 206
483 205
484 205
483 207
482 204
481 204
480 205
479 204
478 204
478 203
479 202
478 201
477 201
476 202
475 201
476 201
479 201
475 203
475 204
476 204
481 203
482 202
474 200
473 200
472 199
471 198
472 198
471 200
480 206
480 207
477 200
476 199
477 199
477 198
470 197
469 197
468 198
467 197
466 197
466 196
467 195
466 194
465 194
464 195
464 194
467 194
469 196
469 195
470 195
481 206
476 203
468 199
468 200
487 212
465 193
464 192
465 192
463 192
462 192
461 191
462 191
465 191
461 193
460 191
459 191
463 191
462 193
458 190
457 190
457 189
457 188
457 187
458 186
458 188
456 187
455 188
454 188
454 187
453 187
452 186
453 185
452 184
451 185
453 184
455 187
451 184
454 189
454 190
455 190
469 199
479 203
471 199
472 200
464 196
464 197
477 278
476 277
477 277
477 276
475 205
489 289
501 263
493 259
492 259
492 258
492 257
493 257
491 256
490 256
490 255
490 254
490 253
489 252
491 254
488 253
487 253
488 254
486 253
485 254
485 253
489 254
487 255
487 256
488 256
486 252
485 251
486 251
484 251
483 251
483 250
486 250
484 250
483 252
489 253
453 186
485 255
505 233
497 229
497 230
470 275
469 275
468 276
468 275
467 275
466 275
466 274
466 273
466 272
467 271
466 270
465 270
464 270
467 273
463 270
462 270
461 269
460 268
459 267
460 267
459 269
462 269
463 268
462 267
463 267
465 269
458 266
457 266
457 265
458 264
461 271
465 272
464 273
464 272
467 272
460 269
463 269
456 265
455 264
454 263
455 262
456 261
456 260
453 263
452 263
452 262
451 261
450 260
455 263
456 263
451 260
454 265
454 266
455 266
450 262
449 262
451 263
453 262
456 262
452 264
455 265
448 261
447 260
448 259
447 262
446 259
445 259
445 258
446 257
447 261
458 265
469 274
469 273
469 272
470 271
470 273
461 270
451 262
517 207
462 271
536 220
537 221
535 221
538 221
539 222
540 222
540 221
541 220
540 219
541 219
541 222
542 222
543 223
544 224
544 225
545 225
543 222
542 224
542 225
543 225
545 224
546 223
546 225
547 226
548 225
541 221
544 226
544 227
545 227
548 227
547 228
540 223
539 224
539 225
543 224
539 226
509 203
509 204
481 284
454 267
454 268
482 249
481 249
480 250
479 249
479 248
478 247
478 246
479 245
479 247
478 249
477 246
476 247
475 247
475 246
476 246
479 246
475 248
475 249
476 249
478 248
481 248
481 247
482 247
474 245
474 244
473 243
472 242
471 241
472 241
471 243
472 244
474 243
470 240
469 240
473 245
472 243
471 245
486 219
485 218
486 218
484 218
483 218
483 217
484 216
483 215
482 215
481 214
484 215
486 217
482 214
481 216
480 217
484 217
483 219
484 295
510 204
455 268
496 269
542 236
542 237
515 282
514 281
515 281
516 283
516 284
517 284
518 284
519 284
519 283
515 280
517 283
516 285
519 285
520 286
521 287
518 286
518 287
519 286
521 286
522 285
522 287
523 287
524 287
520 288
520 289
521 289
523 288
523 289
524 289
522 286
518 288
518 289
487 300
487 301
527 256
526 255
527 255
528 257
528 258
529 258
527 254
529 257
528 259
528 260
529 260
530 261
499 274
499 275
479 216
478 216
478 215
478 214
478 213
479 212
480 211
479 214
477 213
476 212
477 211
475 213
475 214
476 214
477 210
474 213
473 213
473 212
474 211
473 210
472 209
471 208
472 208
471 210
471 211
472 211
474 210
470 207
469 207
468 208
467 207
466 207
466 206
467 205
476 213
469 209
468 210
472 210
475 215
475 216
476 216
465 206
464 205
465 204
464 207
463 204
462 204
461 204
461 203
460 202
459 201
460 201
459 203
459 204
460 204
462 203
463 202
462 201
463 201
465 203
465 202
458 200
458 199
457 198
458 198
457 200
456 197
455 198
454 199
454 200
455 200
461 205
462 206
464 206
467 206
456 196
456 195
460 203
471 212
444 258
443 257
442 256
442 255
441 254
440 253
439 254
438 253
441 253
440 255
440 256
441 256
443 256
444 256
439 253
442 258
442 259
442 260
443 259
438 255
441 255
444 255
444 254
444 253
437 252
437 251
436 252
435 252
436 251
440 257
443 258
435 253
435 254
436 254
543 237
488 301
489 266
488 266
487 266
487 265
488 264
489 264
486 265
485 264
485 263
486 263
485 266
484 263
483 263
483 262
484 261
483 260
482 260
481 259
482 258
481 257
480 260
482 257
484 260
486 262
486 261
486 260
479 259
479 258
478 257
479 257
478 259
477 256
476 257
475 258
475 259
476 259
478 258
485 265
482 259
488 265
477 255
477 254
535 233
500 275
501 240
492 271
493 236
505 210
477 291
476 290
475 289
474 289
473 289
473 288
474 287
473 286
472 287
471 286
474 286
476 289
477 289
472 286
475 291
475 292
476 292
471 288
472 289
474 288
477 288
477 287
470 285
470 284
469 283
470 283
469 285
468 286
467 285
466 285
466 284
466 283
467 283
465 282
464 283
464 282
473 290
463 282
462 282
461 282
461 281
462 280
461 279
460 280
459 280
459 279
462 279
463 278
462 277
463 280
460 279
463 279
459 281
459 282
462 281
476 291
468 287
468 288
468 289
465 281
465 280
465 279
458 278
458 277
457 276
458 276
457 278
456 275
455 274
456 273
454 275
454 276
455 276
453 275
452 275
452 274
453 273
452 272
451 271
450 270
451 270
450 272
449 272
451 273
453 272
451 272
454 277
454 278
455 278
457 277
469 287
461 283
481 261
480 262
514 295
453 199
452 198
452 197
452 196
453 195
453 194
453 197
453 196
526 269
538 243
484 272
503 285
495 281
474 258
473 258
473 257
473 256
473 255
474 254
473 253
472 254
471 254
471 253
474 253
474 256
472 253
471 255
471 256
472 256
474 255
470 252
470 251
469 250
470 250
469 252
468 253
467 252
466 252
466 251
466 250
467 250
465 249
464 250
463 249
462 249
461 249
461 248
462 247
461 246
460 245
459 244
458 244
457 244
457 243
460 244
459 246
459 247
460 247
462 246
463 245
463 247
458 243
457 245
460 246
463 246
459 248
459 249
456 242
455 241
456 240
455 243
454 243
453 242
452 242
452 241
452 240
453 240
460 249
462 248
454 244
454 245
455 245
487 277
486 232
485 231
486 230
485 233
484 230
483 230
483 229
483 228
483 227
484 228
482 227
481 227
480 228
480 227
481 226
482 225
481 224
482 224
484 227
480 229
480 230
486 229
486 228
479 226
479 225
478 224
479 224
478 226
477 223
476 224
475 224
474 223
473 223
473 222
474 221
473 220
472 219
471 220
471 221
472 221
470 220
469 220
468 221
468 220
469 219
469 218
469 217
470 218
470 217
472 220
475 225
475 226
476 226
468 222
471 222
471 223
472 223
485 232
482 226
474 222
467 219
467 218
466 217
467 217
466 219
465 216
464 215
465 214
464 217
463 214
462 214
461 214
461 213
460 212
459 213
459 214
460 214
462 213
463 212
461 215
461 216
462 216
460 213
463 213
527 233
527 232
527 231
459 215
459 216
498 206
497 205
498 204
497 207
496 204
495 204
494 204
494 203
495 202
494 201
493 202
492 202
492 201
496 202
491 201
490 201
490 200
491 199
490 198
489 197
489 196
488 198
487 198
488 199
489 199
491 198
487 200
493 201
486 197
485 198
489 198
492 203
492 204
493 204
495 203
488 200
491 200
494 205
494 206
484 197
483 197
483 196
483 195
483 194
484 193
484 195
482 194
481 194
480 195
480 194
479 194
478 193
479 192
478 191
479 191
481 193
481 192
481 191
482 192
482 191
480 196
480 197
477 190
476 189
477 189
477 188
476 191
475 191
476 192
475 193
474 190
473 190
473 189
473 188
474 188
472 188
471 188
471 187
472 186
470 187
469 187
468 188
468 187
469 186
468 185
469 185
467 185
466 185
466 184
469 184
470 185
467 184
470 184
466 186
472 187
475 192
476 193
495 206
468 189
468 190
465 183
464 184
497 206
486 196
486 195
479 193
471 189
471 190
531 240
490 202
496 282
543 214
488 278
489 243
535 210
535 211
480 274
480 275
527 269
500 252
460 216
501 217
492 248
492 249
493 213
512 226
472 190
504 222
504 223
477 268
476 269
475 269
474 268
473 268
473 267
473 266
472 265
471 264
472 264
471 266
470 267
473 265
474 264
474 266
470 263
469 263
468 263
467 263
466 263
466 262
467 261
466 260
467 260
469 262
470 261
469 260
470 260
465 259
464 260
464 261
471 265
472 266
464 262
474 265
467 262
471 268
470 262
463 259
462 259
461 259
461 258
462 257
460 257
459 257
459 256
460 255
463 257
458 256
457 256
457 255
458 254
457 253
456 253
455 254
454 253
455 253
458 253
454 255
455 256
455 257
453 252
453 251
452 250
453 250
452 252
451 250
450 250
449 251
449 252
450 252
459 258
459 259
456 252
455 251
456 251
456 250
460 259
462 258
455 255
466 264
448 251
447 250
447 249
448 249
447 252
446 249
445 249
445 248
445 247
445 246
446 247
446 246
448 248
448 247
448 246
447 251
458 255
450 251
469 264
468 265
468 266
469 265
470 229
461 260
461 261
481 238
522 276
482 203
501 253
500 254
473 234
473 235
533 285
493 249
534 250
525 281
525 282
505 223
546 224
451 252
497 219
470 265
483 284
462 261
536 210
463 226
482 239
454 257
474 235
466 231
467 196
526 282
486 209
485 210
459 192
459 193
478 205
478 206
484 285
530 252
531 217
476 281
496 259
468 277
468 278
456 186
456 185
456 184
542 226
542 227
487 290
488 255
489 220
480 251
480 252
508 233
527 246
499 264
500 229
460 193
479 206
446 258
465 271
512 203
457 267
457 268
477 245
476 244
477 244
477 243
449 263
449 264
469 241
469 242
468 243
468 244
468 245
468 246
467 242
466 242
466 241
466 240
466 239
467 238
467 240
465 239
464 238
464 237
465 237
464 240
463 237
462 237
461 236
460 235
459 234
460 234
459 236
459 237
462 236
463 235
462 234
463 234
482 246
482 245
465 236
458 233
459 232
460 232
458 231
457 233
457 232
461 238
464 239
467 239
460 236
463 236
459 238
456 232
510 279
543 227
489 256
521 288
481 215
500 265
501 230
513 284
513 285
452 188
493 226
479 291
439 255
485 222
485 223
458 268
505 200
545 236
450 264
490 300
490 301
469 277
470 242
516 209
502 274
462 238
463 203
481 251
522 289
482 216
455 199
514 285
474 212
466 208
466 209
526 259
472 288
546 237
491 301
464 284
464 285
538 233
443 261
442 262
443 263
444 264
483 297
455 239
456 238
484 262
530 229
530 230
503 275
475 293
475 294
476 258
495 271
496 236
487 267
487 268
506 280
467 209
508 210
453 274
527 223
499 241
459 205
465 248
465 247
511 215
531 230
476 294
517 295
477 222
477 221
468 290
496 272
456 199
509 291
509 292
488 268
489 233
499 277
500 242
501 207
492 238
465 284
493 203
511 251
512 216
485 199
485 200
498 281
458 245
504 212
504 213
477 258
523 225
510 292
469 254
468 255
470 219
461 250
462 215
522 266
481 228
482 193
513 297
514 262
473 224
473 225
474 189
534 240
525 271
526 236
505 213
518 232
491 278
451 242
450 242
537 245
537 246
538 210
483 274
483 275
502 287
475 270
475 271
475 272
463 216
503 252
494 283
495 248
474 225
515 226
506 257
507 222
467 186
526 272
486 199
478 195
505 298
538 246
484 275
531 207
476 271
495 284
536 285
496 249
468 267
542 216
488 245
528 281
528 282
528 283
528 284
527 285
489 210
507 258
508 223
480 241
480 242
479 243
499 254
527 236
528 255
529 255
500 219
519 232
446 248
492 215
493 216
492 216
465 261
511 228
457 257
458 222
477 235
449 253
449 254
510 269
469 231
470 196
529 282
461 227
462 228
461 228
521 278
522 243
481 205
501 220
513 274
473 201
473 202
514 239
533 252
534 217
479 281
525 248
525 249
458 258
498 294
471 277
471 278
470 279
545 226
450 254
490 290
491 255
537 222
537 223
536 224
535 223
534 224
470 232
502 264
503 229
463 193
522 279
494 260
495 261
494 261
482 206
455 189
514 275
515 275
516 275
474 202
534 253
466 198
506 234
526 249
472 278
546 227
518 245
491 291
464 274
538 223
484 252
524 288
530 219
503 265
475 283
476 248
494 296
496 226
515 239
487 257
488 222
506 270
507 235
467 199
480 218
480 219
508 200
453 264
499 231
499 232
527 213
445 260
445 261
519 209
465 238
511 205
511 206
457 234
457 235
457 236
531 220
517 285
477 212
509 281
456 189
510 246
469 208
529 259
489 223
520 290
521 255
467 284
500 232
541 233
486 297
446 261
533 229
478 293
478 294
512 206
458 235
498 271
544 238
544 239
504 202
503 203
523 215
490 267
490 268
469 244
510 282
470 209
456 274
462 205
502 241
521 291
520 292
522 256
481 218
473 214
514 252
460 281
534 230
479 294
526 226
471 290
472 255
545 239
518 222
491 268
464 251
464 252
537 235
483 264
484 229
502 277
503 242
463 206
475 260
475 261
476 225
495 238
496 203
487 234
487 235
515 216
506 247
507 212
452 276
453 241
499 208
499 209
505 288
465 215
497 284
497 285
516 297
476 261
517 262
496 239
488 235
529 236
489 200
508 213
520 267
520 268
519 269
518 268
480 231
453 277
499 244
500 209
519 222
486 274
492 205
532 241
465 251
477 225
449 243
509 294
469 221
510 259
470 186
461 217
461 218
521 268
522 233
481 195
513 264
473 191
473 192
473 193
472 194
514 229
460 258
533 242
493 206
534 207
479 271
525 238
498 284
471 267
545 216
472 232
491 245
537 212
537 213
483 241
483 242
462 218
502 254
503 219
475 237
463 183
462 183
461 183
461 182
460 183
459 183
459 182
462 182
494 250
494 251
482 196
495 215
474 192
501 295
506 224
506 225
526 239
493 291
452 253
479 200
452 254
472 268
546 217
518 235
504 300
538 213
524 278
484 242
530 209
475 273
474 274
516 274
476 238
495 251
496 216
468 234
468 235
488 258
489 258
490 258
515 229
482 281
488 212
528 248
507 225
480 208
480 209
548 226
453 254
499 221
445 250
505 301
465 228
497 297
457 224
457 225
458 189
517 275
477 202
509 271
510 236
469 198
489 213
529 249
461 194
462 195
461 195
521 245
522 210
467 274
513 241
541 223
486 287
532 254
459 270
459 271
533 219
478 283
525 215
498 261
458 225
544 228
471 244
490 257
491 222
451 186
470 199
456 264
502 231
502 232
448 260
481 208
489 298
494 227
493 228
494 228
492 228
454 191
460 271
534 220
479 284
492 303
492 304
526 216
471 280
470 281
512 281
545 229
546 230
545 231
547 230
472 245
518 212
491 258
537 225
536 226
464 241
464 242
523 290
523 291
524 255
484 219
503 232
475 250
476 215
495 228
468 211
468 212
441 257
481 293
515 206
487 224
487 225
507 202
493 304
485 300
505 278
465 205
497 274
497 275
457 201
463 281
468 247
467 248
482 294
528 261
528 262
455 277
488 225
489 225
490 225
529 226
474 290
434 254
433 254
433 253
548 239
521 222
466 286
466 287
467 251
540 235
486 264
532 231
533 232
532 232
478 260
478 261
457 237
458 202
498 238
477 215
490 234
490 235
469 211
456 241
461 207
522 223
467 287
513 254
508 288
541 236
514 219
459 283
458 284
457 284
456 284
456 283
456 285
457 286
458 287
455 286
454 286
455 287
458 286
454 288
457 288
457 289
458 289
459 290
459 289
460 290
461 289
462 290
463 290
461 291
461 292
462 292
460 289
455 284
459 291
459 292
460 292
462 291
463 292
464 293
465 292
466 293
467 294
467 293
466 295
467 295
468 296
469 296
469 295
470 294
469 293
470 293
470 296
471 296
472 297
473 297
474 297
473 298
473 299
474 299
472 296
471 298
471 299
472 299
474 298
470 295
473 300
473 301
473 302
455 288
474 301
475 302
476 302
458 288
477 301
476 300
478 302
479 303
480 303
481 303
481 302
482 303
483 303
484 304
477 299
483 305
483 306
484 306
479 302
482 302
478 304
481 304
481 305
480 306
480 305
482 305
484 305
480 307
469 297
468 298
468 299
461 293
461 294
462 294
472 298
483 307
483 308
475 303
475 304
484 308
485 309
486 309
487 309
488 309
489 308
488 307
489 307
480 304
485 308
486 308
489 309
487 310
476 304
468 300
465 294
464 295
457 290
486 307
486 306
486 305
486 304
478 303
460 291
479 304
471 300
471 301
471 302
472 301
453 287
485 310
463 291
482 304
474 300
466 296
466 297
466 298
467 297
486 310
459 293
459 294
456 287
460 294
488 310
460 248
479 261
525 228
511 293
511 294
471 257
472 222
491 235
464 218
464 219
463 220
477 300
483 231
483 232
484 196
456 277
482 301
482 300
482 299
441 263
441 264
440 265
439 264
438 263
437 263
436 263
435 262
434 261
435 260
436 260
437 261
438 261
497 281
434 260
433 259
437 260
433 262
436 262
439 263
435 264
438 265
441 265
434 262
437 262
435 263
436 264
439 265
433 263
434 264
437 264
503 209
475 227
475 228
474 229
473 228
472 229
494 240
495 205
533 237
532 236
531 236
534 236
487 201
487 202
501 285
506 214
506 215
452 243
452 244
451 245
493 281
476 190
512 294
485 277
485 278
518 225
504 290
505 255
524 268
484 232
497 251
497 252
470 297
476 228
517 229
462 293
536 242
496 206
463 258
481 306
482 271
454 289
454 290
455 291
488 202
528 238
528 239
528 240
528 241
528 242
529 243
527 242
530 242
474 267
507 215
480 198
520 234
453 244
540 212
486 241
505 291
465 218
497 287
477 192
463 294
509 261
510 226
469 188
455 290
529 239
461 184
460 185
461 185
474 303
473 304
520 270
519 271
521 235
466 299
465 300
464 300
463 301
471 196
462 300
472 196
528 246
463 300
462 302
461 302
460 302
459 302
459 301
460 300
460 299
459 298
458 297
457 298
457 299
458 299
463 302
464 303
465 303
466 303
467 303
468 206
465 302
456 298
455 297
456 296
454 298
486 239
486 238
459 277
454 299
460 277
455 299
456 295
455 298
458 298
461 303
461 304
462 304
454 300
455 301
468 218
528 250
465 304
466 305
466 306
467 306
536 227
464 305
464 306
467 305
466 307
466 308
467 308
468 309
468 308
469 308
469 307
469 306
469 305
470 304
469 303
470 306
524 253
524 252
470 305
470 308
471 309
472 309
473 309
464 304
474 309
475 309
476 310
477 310
477 309
459 189
460 189
504 302
498 213
498 212
473 310
473 311
474 311
468 310
468 311
537 226
457 300
457 301
458 301
469 310
471 310
471 311
470 312
469 313
472 311
464 307
474 310
495 235
471 219
467 307
459 303
459 304
456 297
504 272
503 271
460 304
471 313
470 307
462 303
473 312
463 304
455 300
466 309
466 310
525 251
497 236
487 237
488 238
484 226
485 225
499 211
500 211
507 300
467 264
513 231
541 213
486 277
527 278
459 260
458 261
459 261
533 209
460 225
479 238
525 205
498 251
471 234
471 235
470 236
471 237
470 238
469 238
531 285
490 247
490 248
491 212
483 208
483 209
456 254
483 206
502 221
502 222
462 185
463 186
464 186
489 288
448 250
494 217
493 218
494 218
492 218
491 219
454 198
508 301
514 232
500 297
460 261
501 262
547 229
492 293
526 206
493 258
472 235
512 271
458 300
504 267
504 268
483 244
483 291
484 291
523 280
484 209
524 245
469 309
470 274
503 222
516 241
476 205
461 305
460 306
461 306
459 306
458 307
459 308
458 309
457 309
517 204
516 239
517 203
456 308
455 307
456 306
454 308
454 309
455 309
471 242
456 305
453 308
452 308
452 307
453 306
452 305
451 304
450 303
451 303
440 254
512 243
453 305
455 308
517 259
524 263
523 262
522 262
471 287
451 305
454 310
455 311
457 310
457 311
457 312
458 311
459 312
460 313
461 312
462 313
468 251
466 281
462 312
463 313
464 314
465 313
448 245
465 312
525 245
451 249
451 248
461 314
497 216
491 253
460 312
463 312
459 314
464 271
462 314
453 307
457 313
456 307
460 314
463 314
455 310
456 310
458 310
495 218
536 219
468 201
468 202
469 203
515 246
448 265
447 266
448 267
446 267
464 193
491 220
456 272
519 292
514 246
492 225
504 285
447 264
493 223
493 222
490 302
462 233
534 247
533 246
532 245
531 246
465 230
511 268
462 305
449 266
450 267
451 268
502 278
490 303
490 304
490 305
522 253
532 244
464 231
464 232
481 283
482 248
501 298
473 279
473 280
493 294
485 290
505 268
465 195
497 264
497 265
457 191
457 192
456 193
455 193
470 310
517 242
462 306
463 271
509 238
482 284
454 302
455 303
510 203
455 267
528 251
527 252
529 216
474 280
548 229
447 263
520 247
500 222
500 223
501 224
521 212
466 276
466 277
540 225
467 241
513 208
512 209
512 210
513 211
512 212
513 209
511 208
510 208
486 254
532 221
532 222
531 223
478 250
478 251
477 252
479 215
458 192
498 228
444 257
490 224
510 239
436 253
456 231
456 230
456 229
456 228
543 236
488 300
522 213
489 265
508 278
513 244
480 296
480 297
471 239
472 239
514 209
500 274
460 238
519 287
479 251
525 218
511 283
511 284
511 285
510 286
472 212
512 248
491 225
464 208
464 209
463 210
477 290
437 254
523 257
523 258
469 286
503 199
502 199
501 199
456 192
465 246
500 199
499 199
498 200
497 200
475 257
497 199
497 198
472 252
472 251
497 197
496 196
497 196
483 294
469 228
499 198
499 197
502 198
475 217
448 263
489 301
495 195
494 195
493 195
492 194
492 195
491 196
481 260
501 275
493 271
539 238
453 198
512 284
485 267
485 268
458 313
504 280
524 258
497 241
470 287
516 254
476 218
477 219
478 218
462 283
463 248
536 232
509 215
509 216
481 296
482 261
454 279
454 280
455 281
456 281
457 280
528 228
455 244
474 257
520 224
466 253
465 254
464 255
463 255
466 254
464 254
511 291
486 231
478 227
478 228
498 205
484 307
509 251
476 303
510 216
455 280
529 229
496 281
515 294
521 225
507 290
467 254
508 255
499 286
459 250
458 251
460 215
479 228
519 264
465 293
498 241
511 260
471 224
470 225
469 225
468 225
467 225
468 224
472 189
491 202
464 185
477 267
483 198
482 199
483 199
525 278
456 244
475 194
476 195
462 221
463 222
519 206
496 201
541 228
540 229
539 229
538 229
475 195
489 278
526 243
535 245
494 207
508 291
500 287
501 252
492 283
458 238
493 248
482 283
539 215
539 216
538 217
488 207
512 261
472 225
485 244
485 245
458 290
505 220
504 257
464 221
505 222
477 303
524 235
451 251
484 199
469 299
470 264
475 230
475 231
474 231
516 231
461 295
460 296
462 260
536 209
468 191
468 192
469 193
470 193
471 192
481 273
454 256
482 238
528 205
473 269
473 270
492 244
484 245
535 240
474 234
534 285
526 281
472 310
505 258
518 277
517 278
516 278
515 278
514 277
456 300
518 278
516 277
465 185
517 232
503 297
463 261
509 228
495 293
529 206
474 270
447 253
446 254
446 255
477 209
447 254
515 271
520 237
506 302
467 231
507 267
540 215
486 244
527 245
459 227
459 228
458 229
460 192
478 240
477 240
476 240
475 241
474 241
475 240
479 205
498 218
471 201
471 202
444 247
443 247
442 248
443 248
494 212
490 214
490 215
531 252
496 294
468 312
467 313
543 226
488 290
489 255
535 222
508 268
480 286
480 287
479 288
499 299
527 281
460 228
500 264
501 229
519 277
492 260
491 261
490 260
471 284
472 284
525 213
492 261
477 295
478 296
477 297
452 187
465 306
511 273
472 202
512 238
457 302
457 303
458 267
504 234
504 235
503 236
504 237
503 238
533 227
534 226
464 198
463 199
462 198
460 278
462 199
461 197
460 197
453 302
452 301
452 300
452 299
451 298
450 298
449 299
448 298
447 298
446 298
445 299
446 300
444 299
512 286
480 216
477 232
477 231
513 271
503 224
491 207
444 298
504 225
444 300
513 287
512 288
511 288
510 288
509 301
447 299
477 280
449 298
523 247
450 263
524 212
469 276
470 241
461 272
462 273
462 274
461 273
460 274
460 275
502 235
501 236
500 235
459 184
460 233
459 273
458 274
502 234
481 250
522 288
501 265
514 284
473 246
472 247
473 248
456 303
473 247
471 247
470 248
493 261
453 188
539 228
458 303
504 270
505 235
450 299
524 248
523 249
491 300
451 264
497 231
497 232
470 277
443 260
516 244
517 209
536 222
503 274
463 238
509 205
508 206
508 207
509 206
454 269
453 270
537 230
482 251
528 218
474 247
520 214
506 279
466 243
466 244
528 233
529 233
530 232
467 208
486 221
518 290
478 217
484 297
531 229
435 255
436 256
462 223
435 256
476 293
510 206
496 271
542 238
541 239
541 240
542 239
456 198
484 237
484 236
485 235
487 302
515 284
488 267
507 280
467 244
480 263
480 264
479 265
508 245
453 309
499 276
527 258
500 241
460 205
479 218
519 254
465 283
511 250
457 279
477 257
523 224
456 234
469 253
510 291
543 239
489 268
535 235
500 277
501 242
493 238
512 251
485 234
458 280
504 247
505 212
524 225
451 241
469 289
497 208
497 226
497 209
496 210
495 209
476 233
470 254
516 221
462 250
502 286
463 215
481 263
482 228
454 246
453 247
453 248
454 247
455 248
456 248
457 247
473 259
472 260
514 297
473 305
474 224
466 220
466 221
526 271
486 198
472 300
518 267
478 194
464 296
464 297
463 298
462 298
538 245
483 309
482 310
481 310
480 309
479 310
484 274
530 241
503 287
463 251
475 305
475 306
476 270
495 283
455 247
496 248
542 215
487 279
487 280
488 281
521 275
506 292
467 221
507 257
486 234
499 253
527 235
459 217
460 182
478 230
519 231
479 195
498 208
465 260
471 191
531 242
476 306
477 307
478 307
478 306
496 284
468 302
543 216
488 280
529 281
489 245
535 212
535 213
534 214
533 213
508 258
509 255
480 276
480 277
481 278
482 278
483 277
499 289
501 219
519 267
532 286
492 250
492 251
493 215
465 296
511 263
472 192
512 228
485 211
484 212
485 212
483 211
482 212
467 204
458 257
504 224
477 270
523 237
450 253
469 266
470 231
442 249
442 250
441 251
440 250
439 251
440 249
468 254
480 238
461 262
460 263
461 263
462 264
463 265
464 226
464 264
462 227
470 208
517 241
522 278
481 240
482 205
514 274
473 236
473 237
474 201
460 303
493 251
534 252
539 218
538 219
525 283
524 284
524 285
479 287
525 284
526 248
471 312
505 225
472 277
546 226
451 254
491 290
538 222
443 250
445 257
483 286
482 287
482 288
483 287
462 263
502 299
463 228
475 282
503 264
482 241
494 295
528 208
495 260
474 237
520 204
506 269
467 198
526 284
452 298
486 211
527 212
459 194
459 195
478 207
484 287
488 219
530 254
531 219
476 283
495 296
468 279
468 280
496 261
542 228
456 188
515 274
488 257
489 222
507 270
480 253
480 254
481 255
482 255
471 274
472 274
443 255
483 254
508 235
453 299
527 248
499 266
499 267
460 195
500 231
446 260
519 244
492 227
465 273
438 256
438 257
437 258
436 258
435 258
512 205
457 269
456 270
457 270
458 234
504 201
449 265
477 247
523 214
510 281
469 243
535 225
461 239
462 240
461 241
462 242
462 243
461 240
521 290
522 255
481 217
513 286
501 232
459 315
534 229
479 293
439 257
525 260
525 261
526 262
485 224
458 270
471 289
545 238
505 202
450 266
524 215
491 267
470 244
461 275
456 309
502 276
463 205
522 291
481 253
494 272
494 273
495 274
494 275
482 218
473 249
514 287
515 288
516 287
474 214
466 210
466 211
466 212
526 261
472 290
518 257
546 239
491 303
464 286
464 287
464 288
538 235
483 299
484 264
530 231
503 277
475 295
476 260
495 273
496 238
468 256
458 219
457 218
457 217
468 257
467 258
515 251
487 269
487 270
486 271
488 234
506 282
507 247
467 211
434 263
508 212
453 276
499 243
527 225
500 208
519 221
465 250
511 217
511 218
531 232
457 246
477 224
468 292
509 293
456 201
488 270
489 235
480 266
521 267
500 244
467 296
501 209
492 240
493 205
478 305
511 253
512 218
485 201
484 202
484 203
496 253
495 254
496 255
485 202
534 212
525 255
497 254
457 282
498 283
458 247
504 214
477 260
490 279
490 280
490 281
490 282
490 283
450 243
523 227
510 294
469 256
470 221
456 286
462 217
481 230
522 268
482 195
514 264
473 226
474 191
460 293
534 242
466 187
466 188
465 189
471 304
464 188
463 189
470 227
454 185
479 306
525 273
526 238
472 267
518 234
546 216
491 280
497 211
464 263
538 212
483 276
484 241
502 289
530 208
503 254
463 218
454 249
495 250
496 215
487 246
486 247
486 248
487 247
488 248
485 247
484 248
476 243
515 228
466 223
506 259
507 224
467 188
486 201
453 253
499 220
518 270
478 197
464 299
505 300
484 277
530 244
497 296
531 209
476 273
477 274
478 274
478 273
517 274
496 251
463 303
542 218
487 282
488 247
489 212
507 260
520 279
519 280
519 281
520 280
494 290
518 280
517 280
517 281
480 243
508 225
499 256
500 257
501 257
500 221
446 250
519 234
486 286
492 217
465 263
511 230
457 259
458 224
449 255
450 256
450 257
451 258
452 258
453 259
454 260
453 260
454 259
477 237
523 204
510 271
469 233
470 198
529 284
461 229
462 230
548 230
461 230
494 276
462 194
521 280
481 207
522 245
467 309
513 276
473 203
473 204
460 190
498 298
514 241
459 305
460 270
534 219
479 283
525 250
485 214
486 215
487 214
488 215
488 216
488 217
526 215
462 235
498 296
471 279
545 228
490 292
491 257
537 224
458 237
479 260
442 252
483 253
456 299
502 266
501 267
502 268
501 269
500 269
462 210
503 231
463 195
482 208
494 262
493 263
536 217
536 216
462 212
494 263
495 264
494 265
493 265
458 242
458 241
458 240
459 240
492 263
491 264
502 272
455 191
495 227
474 204
515 205
506 236
506 237
506 238
466 200
493 303
502 239
452 265
452 266
526 251
472 280
546 229
518 247
538 225
483 289
524 290
484 254
530 221
475 285
503 267
476 250
516 286
495 263
496 228
482 293
515 241
458 272
487 259
488 260
488 261
489 262
488 224
506 272
507 237
434 253
508 202
548 238
480 220
481 221
482 222
483 222
516 216
480 221
479 222
483 221
453 266
459 197
527 215
499 233
500 198
445 262
519 211
465 240
511 207
458 201
517 287
477 214
509 283
469 210
529 261
461 206
480 256
521 257
522 222
467 286
541 235
513 253
446 263
486 299
492 230
493 230
494 230
495 230
533 231
438 259
439 259
440 259
478 295
512 208
525 227
498 273
544 240
545 241
482 275
544 241
504 204
505 204
506 205
506 204
449 268
448 269
447 270
448 270
446 269
490 269
490 270
490 271
489 272
488 272
479 289
491 234
510 284
470 211
456 276
461 242
462 207
502 243
522 258
489 310
481 220
513 289
514 254
460 283
534 232
479 296
525 263
526 228
471 292
472 292
473 293
473 292
472 257
512 293
518 224
491 270
464 253
537 237
483 266
484 231
502 279
503 244
475 262
476 227
495 240
496 205
468 223
487 236
515 218
488 201
507 214
452 278
453 243
499 210
505 290
465 217
497 286
476 263
477 264
478 263
517 264
477 191
463 293
468 259
509 260
482 306
455 289
488 237
489 202
529 238
474 302
520 269
508 215
480 233
521 234
541 212
486 276
532 243
492 207
478 272
457 249
498 250
458 214
481 291
544 217
544 218
545 219
544 220
545 221
546 221
477 227
449 245
509 296
510 261
469 223
470 188
461 219
462 184
507 295
521 270
522 270
523 271
523 272
523 270
481 197
522 235
467 299
508 300
513 266
514 231
459 295
460 260
533 244
478 308
534 209
479 273
485 204
486 205
487 204
488 205
489 205
460 262
490 204
525 240
526 205
498 286
471 269
472 234
545 218
491 247
464 230
537 214
483 243
456 289
484 208
502 256
463 185
475 239
503 221
494 252
493 253
495 217
474 194
487 213
501 297
506 226
505 227
506 228
505 229
499 236
506 227
466 190
452 255
452 256
493 293
472 270
485 289
518 237
464 266
465 267
466 267
466 266
538 215
505 267
524 280
484 244
530 211
531 211
532 211
475 275
470 309
516 276
468 236
496 218
487 249
488 250
489 250
454 301
488 214
474 279
507 227
480 210
520 246
548 228
453 256
499 223
527 205
540 224
445 252
457 226
458 191
517 277
477 204
463 306
509 273
469 200
528 286
527 287
526 288
487 262
455 302
529 251
461 196
520 282
521 283
522 282
523 282
466 311
467 276
541 225
486 289
514 208
459 272
533 221
460 237
478 285
477 285
479 250
498 263
544 230
543 230
461 280
471 246
490 259
491 224
437 253
470 201
483 220
456 266
502 233
462 197
489 300
448 262
494 229
454 193
440 258
460 273
501 274
534 222
506 203
547 241
548 242
473 283
547 242
546 243
545 243
473 254
449 271
502 259
473 282
471 282
512 283
458 312
537 227
464 243
483 256
484 257
484 258
485 257
523 292
522 293
524 257
484 221
503 234
475 252
470 286
476 217
468 213
469 214
470 215
468 214
467 215
471 214
496 195
536 231
481 295
441 259
487 226
488 227
488 228
489 229
490 229
490 274
491 274
523 229
498 289
492 273
478 254
475 235
515 208
433 255
433 256
432 257
507 206
473 291
506 239
507 204
452 268
499 200
465 207
497 276
516 289
463 283
510 215
482 296
455 279
529 228
474 292
480 223
548 241
466 288
466 289
465 290
540 237
467 253
500 201
501 201
511 246
438 251
502 201
513 220
513 221
512 222
486 266
492 197
493 197
494 198
495 199
480 259
494 197
532 233
532 234
478 262
490 232
479 227
498 240
490 236
490 237
469 213
456 243
461 209
502 210
502 211
467 289
480 308
514 221
459 285
460 285
526 246
461 285
462 286
462 287
460 250
533 234
479 263
525 230
471 259
511 295
511 296
511 297
510 298
472 224
491 237
464 220
477 302
523 269
483 233
484 198
456 279
469 298
475 229
503 211
476 194
495 207
487 203
506 216
507 217
508 218
508 219
462 225
540 210
509 218
452 245
512 296
485 279
484 280
468 274
484 281
485 280
504 292
465 184
524 270
497 253
470 299
476 230
462 295
536 244
468 226
463 260
496 208
481 308
482 273
488 204
474 269
480 200
466 265
499 213
500 213
540 214
486 243
532 210
465 220
478 239
457 216
498 217
530 286
477 194
463 296
469 190
529 241
515 283
461 186
474 282
506 297
466 301
467 266
507 302
541 215
486 279
532 246
527 280
459 262
460 227
533 211
478 275
479 240
465 305
498 253
471 236
472 201
490 249
491 214
483 210
456 256
502 223
475 206
474 207
474 208
475 207
473 206
472 206
471 205
470 205
471 204
448 252
489 290
454 183
455 182
456 182
457 182
494 219
495 220
495 221
496 222
473 209
504 209
455 186
497 221
501 264
547 231
547 232
546 233
545 233
544 233
543 233
493 260
539 227
472 237
518 204
485 256
458 302
464 233
465 234
466 234
466 233
504 269
505 234
484 211
469 311
475 242
470 276
476 207
461 307
461 308
462 309
463 310
508 204
519 272
464 309
493 298
462 272
499 294
536 221
468 203
481 285
441 249
487 216
482 250
473 281
474 246
485 292
486 292
487 293
486 293
487 292
505 270
465 197
451 299
497 266
457 193
462 308
463 273
454 304
482 286
510 205
528 253
455 269
447 265
548 231
466 278
467 243
540 227
513 210
486 256
459 239
527 257
532 223
478 252
479 217
498 230
471 213
444 259
490 226
490 227
436 255
461 199
460 199
456 233
502 200
543 238
488 302
489 267
494 196
535 234
480 298
479 299
479 300
479 286
480 299
514 211
515 212
516 212
471 285
516 211
460 240
500 276
501 241
519 289
492 272
471 249
472 214
457 314
457 315
519 255
458 279
491 227
464 210
437 256
477 292
483 223
523 259
522 260
523 260
469 288
470 253
475 219
503 201
489 303
488 304
488 305
461 284
495 197
481 262
501 277
506 206
547 244
548 245
493 273
485 269
458 315
524 260
470 289
462 285
463 250
536 234
468 216
481 298
509 217
454 281
482 263
455 246
528 230
473 294
474 259
480 190
479 189
475 284
466 255
466 256
465 257
467 220
486 233
478 229
498 207
484 309
531 241
490 203
476 305
510 218
496 283
468 301
515 296
488 279
467 256
513 223
459 252
460 252
464 236
461 252
462 253
500 253
460 217
479 230
465 295
471 226
472 191
457 291
457 292
457 293
456 293
491 204
464 187
477 269
483 200
456 246
475 196
475 197
474 198
489 195
489 194
475 255
466 193
490 194
489 280
535 247
494 209
493 209
507 229
501 254
547 221
493 250
539 217
511 298
485 246
458 292
464 223
505 224
477 305
451 253
469 301
497 220
470 266
476 197
443 249
461 297
462 262
463 227
468 193
536 211
481 275
454 258
482 240
473 271
472 272
474 236
466 232
526 283
486 210
472 312
465 187
518 279
464 308
497 256
457 183
484 286
530 253
463 263
455 259
496 260
447 255
499 265
487 291
466 268
467 233
453 298
486 246
527 247
459 229
532 213
531 213
460 194
478 242
479 207
498 220
471 203
444 249
531 254
490 216
468 314
543 228
488 292
489 257
535 224
480 288
460 230
500 266
501 231
460 184
519 279
518 207
492 262
493 227
465 308
452 189
452 190
452 191
472 204
439 256
457 304
481 245
458 269
464 200
504 236
449 300
450 301
545 234
477 282
450 265
469 278
470 243
442 261
475 209
516 210
461 274
462 239
481 252
522 290
482 217
514 286
547 234
460 315
539 230
453 190
485 259
526 260
505 237
546 238
451 266
491 302
497 233
443 262
483 298
517 211
462 275
463 240
509 207
454 271
482 253
495 272
474 249
466 245
467 210
486 223
518 292
478 219
498 197
484 299
531 231
490 193
435 257
476 295
496 273
468 291
456 200
542 240
515 286
487 304
488 269
489 234
480 265
527 260
459 242
492 239
465 285
471 216
472 216
473 217
473 216
512 217
457 281
458 246
491 194
477 259
483 190
484 191
485 191
486 192
486 193
545 242
487 192
488 192
487 193
469 255
510 293
543 241
489 270
535 237
461 251
494 199
522 267
481 229
513 298
492 275
493 240
479 305
525 272
485 236
458 282
505 214
451 243
491 279
497 210
470 256
461 287
460 287
462 252
468 183
463 217
481 265
482 230
454 248
473 261
472 262
474 226
466 222
467 187
526 273
486 200
472 302
518 269
478 196
464 298
484 276
530 243
531 208
475 307
476 272
495 285
455 249
496 250
468 268
469 269
468 269
542 217
487 281
447 245
488 246
467 223
453 288
499 255
459 219
527 237
478 232
519 233
479 197
465 262
471 193
531 244
490 206
457 258
476 308
477 236
468 304
543 218
488 282
489 247
529 283
535 214
480 278
521 279
500 256
501 221
492 252
493 217
485 213
457 294
458 259
504 226
464 190
477 272
450 255
469 268
470 233
442 251
461 264
460 265
462 229
463 194
522 280
481 242
482 207
514 276
473 238
474 203
460 305
466 199
525 285
485 249
526 250
472 279
546 228
451 256
497 223
464 275
464 276
538 224
443 252
483 288
484 253
502 301
463 230
454 261
494 297
495 262
474 239
515 240
487 258
506 271
466 235
467 200
507 236
486 213
453 265
459 196
518 282
478 209
464 311
484 289
530 256
531 221
476 285
517 286
496 263
468 281
542 230
456 190
487 294
488 259
494 235
486 302
465 275
485 302
489 224
508 237
480 255
520 291
453 301
499 268
527 250
500 233
501 198
519 246
446 262
492 229
493 194
438 258
511 242
512 207
457 271
458 236
504 203
477 249
449 267
523 216
510 283
469 245
470 210
521 292
522 257
481 219
513 288
514 253
473 215
460 282
534 231
479 295
485 226
456 311
525 262
471 291
504 239
545 240
504 216
450 268
491 269
537 236
470 246
442 264
516 213
483 265
503 243
463 207
454 238
494 274
473 195
482 220
473 251
514 289
474 216
515 217
506 248
526 263
452 277
518 259
546 241
491 249
538 237
467 301
483 301
484 266
530 233
487 271
503 279
475 297
476 262
495 275
468 258
496 240
515 253
488 236
489 201
507 249
480 232
508 214
453 278
527 227
499 245
500 210
519 223
492 206
465 252
511 219
511 220
457 248
477 226
449 244
509 295
510 260
469 222
489 237
480 268
521 269
481 196
500 246
467 298
513 265
501 211
492 242
493 207
533 243
479 272
512 220
485 203
498 285
458 249
545 217
450 245
510 296
469 258
470 223
461 254
456 288
462 219
502 255
463 184
481 232
482 197
514 266
474 193
460 295
534 244
466 189
479 308
525 275
526 240
472 269
546 218
518 236
491 282
464 265
538 214
483 278
484 243
530 210
475 274
503 256
476 239
494 287
495 252
496 217
487 248
515 230
488 213
506 261
477 241
507 226
467 190
453 255
459 186
499 222
478 199
445 251
505 302
465 229
497 298
476 275
517 276
477 203
468 271
463 305
542 220
509 272
528 285
488 249
529 250
489 214
480 245
520 281
508 227
499 258
541 224
446 252
486 288
532 255
492 219
465 265
511 232
478 284
457 261
458 226
498 262
544 229
449 257
448 257
477 239
523 206
510 273
469 235
470 200
529 286
461 231
462 196
521 282
522 247
481 209
467 311
454 192
513 278
514 243
473 205
459 307
460 272
534 221
439 249
479 285
525 252
485 216
494 221
526 217
471 281
545 230
499 234
472 246
518 213
490 294
489 295
491 259
442 254
483 255
484 220
456 301
463 197
475 251
503 233
494 264
495 229
474 206
441 258
515 207
466 202
507 203
452 267
472 282
518 249
485 301
464 278
505 279
538 227
484 256
530 223
475 287
516 288
476 252
495 265
496 230
468 248
487 261
482 295
488 226
460 307
434 255
476 254
507 239
474 291
480 222
548 240
453 268
527 217
499 235
500 200
445 264
519 213
492 196
465 242
511 209
510 210
457 238
517 289
477 216
509 285
469 212
461 208
515 222
521 259
522 224
467 288
513 255
541 237
486 301
514 220
459 284
533 233
478 297
479 262
525 229
485 193
498 275
504 206
471 258
544 242
543 243
543 244
491 236
470 213
456 278
502 245
462 209
503 210
494 241
494 242
514 256
473 218
501 286
534 234
525 265
468 227
526 230
471 294
512 295
472 259
518 226
491 272
537 239
504 291
483 268
484 233
524 269
470 298
475 264
503 246
476 229
494 277
495 242
496 207
481 307
515 220
487 238
488 203
506 251
473 303
507 216
480 199
453 245
499 212
505 292
465 219
497 288
457 215
474 251
517 266
477 193
468 261
463 295
509 262
482 308
510 227
469 189
529 240
489 204
474 304
520 271
480 235
521 236
466 300
467 265
513 232
541 214
486 278
492 209
533 210
457 251
458 216
498 252
544 219
449 247
531 286
476 209
510 263
470 190
456 255
461 221
460 222
462 186
521 272
522 237
481 199
454 182
513 268
514 233
459 297
500 298
534 211
479 275
525 242
526 207
471 271
545 220
472 236
490 284
518 203
537 216
483 245
523 281
456 291
484 210
502 258
503 223
463 187
476 206
494 254
493 255
455 183
495 219
441 248
487 215
501 299
466 192
493 295
452 257
485 291
464 268
505 269
465 196
524 282
530 213
470 311
476 242
517 243
462 307
468 238
463 272
496 220
482 285
454 303
528 252
529 217
474 281
480 212
453 258
499 225
540 226
445 254
519 203
486 255
465 232
497 301
457 228
498 229
458 193
517 279
477 206
463 308
509 275
473 231
469 202
455 304
529 253
461 198
478 287
447 300
520 284
522 214
504 271
466 313
467 278
541 227
514 210
486 291
459 274
533 223
460 239
519 288
479 252
525 219
498 265
544 232
471 248
472 213
490 261
491 226
437 255
456 268
503 200
475 218
489 302
448 264
494 231
493 232
494 232
454 195
495 196
440 260
440 261
501 276
547 243
526 220
493 272
539 239
539 240
512 285
472 249
518 216
458 314
464 245
504 281
484 223
524 259
470 288
475 254
476 219
495 232
462 284
496 197
468 215
536 233
441 261
481 297
515 210
487 228
482 262
488 193
528 229
433 257
480 189
452 270
499 202
498 202
485 304
505 282
465 209
497 278
516 291
463 285
510 217
482 298
529 230
474 294
520 261
515 295
548 243
521 226
466 290
540 239
467 255
513 222
486 268
492 199
532 235
459 251
478 264
479 229
498 242
471 225
490 238
459 287
490 239
491 203
461 211
456 245
502 212
502 213
522 227
481 189
489 279
535 246
494 208
480 310
508 292
514 223
473 185
474 186
475 186
500 288
525 232
492 284
471 261
472 226
512 262
491 239
458 291
464 222
477 304
483 235
524 236
484 200
469 300
503 213
476 196
461 296
494 244
481 274
487 205
501 289
506 218
493 285
452 247
512 298
491 197
485 281
504 294
505 259
465 186
524 272
497 255
470 301
516 268
517 233
462 297
536 246
463 262
468 228
509 229
488 206
455 258
473 306
472 307
529 207
474 271
442 263
520 238
480 202
521 203
467 232
540 216
486 245
532 212
478 241
498 219
458 183
477 196
444 248
531 253
473 250
469 192
510 230
496 295
468 313
461 188
467 268
521 239
488 291
522 204
541 217
508 269
513 235
459 264
527 282
460 229
478 277
519 278
479 242
525 209
465 307
544 222
511 274
482 219
471 238
472 203
490 251
491 216
464 199
477 281
483 212
523 248
456 258
502 225
475 208
489 292
448 254
500 301
501 266
547 233
492 297
493 262
453 189
512 275
485 258
518 206
458 304
464 235
505 236
523 284
450 300
524 249
484 213
451 265
470 278
516 245
461 309
460 310
517 210
536 223
468 205
463 239
481 287
487 218
482 252
454 270
528 219
474 248
520 215
485 294
486 222
465 199
518 291
451 301
497 268
457 195
517 246
484 298
463 275
509 242
454 306
510 207
455 271
529 220
474 284
515 285
447 267
520 251
487 303
521 216
466 280
467 245
507 281
513 212
486 258
459 241
527 259
532 225
460 206
479 219
498 232
471 215
444 261
490 228
491 193
436 257
456 235
543 240
502 202
501 203
489 269
535 236
508 282
480 300
514 213
460 242
500 278
501 243
519 291
492 274
493 239
511 287
512 252
458 281
504 248
464 212
477 294
483 225
523 261
524 226
469 290
475 221
470 255
516 222
461 286
462 251
481 264
482 229
487 195
506 208
473 260
514 298
493 275
539 242
485 271
504 284
505 249
497 245
470 291
483 310
516 258
517 223
503 288
536 236
463 252
509 219
454 283
482 265
453 192
528 232
473 296
474 261
520 228
515 262
506 293
466 257
467 222
486 235
459 218
478 231
479 196
498 209
490 205
531 243
476 307
510 220
496 285
468 303
543 217
515 298
489 246
507 294
508 259
513 225
499 290
459 254
500 255
460 219
479 232
519 268
465 297
471 228
511 264
512 229
472 193
491 206
464 189
477 271
523 238
483 202
502 215
469 267
475 198
448 244
489 282
535 249
494 211
481 241
500 291
501 256
547 223
548 223
492 287
493 252
539 219
512 265
485 248
458 294
504 261
505 226
451 255
524 239
497 222
470 268
516 235
443 251
461 299
502 300
463 229
536 213
468 195
481 277
482 242
528 209
473 273
474 238
520 205
526 285
486 212
518 281
478 208
464 310
457 185
484 288
530 255
503 301
476 284
509 232
455 261
495 297
496 262
542 229
447 257
521 206
467 235
507 271
508 236
513 202
453 300
527 249
459 231
460 196
478 244
519 245
479 209
498 222
465 274
511 241
444 251
490 218
477 248
496 298
488 294
489 259
535 226
508 272
480 290
499 303
500 268
501 233
492 264
465 310
493 229
511 277
512 242
439 258
457 306
458 271
504 238
464 202
477 284
505 203
449 302
448 302
523 251
524 216
469 280
470 245
475 211
461 276
462 241
481 254
522 292
514 288
474 215
539 232
485 261
505 239
472 291
518 258
546 240
491 304
497 235
538 236
483 300
443 264
517 213
484 265
475 296
463 242
503 278
509 209
454 273
528 222
455 238
515 252
520 218
506 283
466 247
467 212
486 225
527 226
518 294
519 294
519 295
520 294
478 221
498 199
484 301
490 195
531 233
476 297
435 259
468 293
496 275
542 242
487 306
488 271
489 236
507 284
480 267
527 262
499 280
501 210
492 241
465 287
511 254
471 218
512 219
457 283
458 248
504 215
477 261
450 244
483 192
523 228
510 295
469 257
470 222
475 188
535 239
461 253
522 269
481 231
473 227
480 280
493 242
473 194
534 243
539 209
479 307
485 238
525 274
471 303
505 216
524 229
491 281
497 212
470 258
516 225
502 290
462 254
503 255
463 219
454 250
494 286
482 232
473 263
474 228
506 260
468 306
466 224
467 189
526 275
486 202
459 185
472 304
518 271
478 198
484 278
530 245
531 210
503 291
476 274
495 287
496 252
468 270
542 219
487 283
447 247
506 296
507 261
508 226
480 244
499 257
459 221
527 239
460 186
519 235
446 251
479 199
465 264
511 231
471 195
457 260
449 256
477 238
523 205
510 272
543 220
469 234
529 285
489 249
535 216
521 281
500 258
467 310
513 277
501 223
492 254
493 219
512 232
485 215
457 296
498 297
504 228
490 293
523 241
524 206
469 270
442 253
470 235
516 202
461 266
462 231
502 267
463 196
481 244
482 209
455 192
473 240
514 278
474 205
466 201
525 287
526 252
472 281
491 294
464 277
538 226
443 254
483 290
484 255
530 222
475 286
503 268
463 232
476 251
494 299
496 229
515 242
474 218
487 260
506 273
466 237
467 202
507 238
508 203
452 302
453 267
459 198
527 216
445 263
478 211
464 313
519 212
465 241
476 287
517 288
496 265
468 283
509 284
542 232
529 262
489 226
520 293
508 239
480 257
453 303
499 270
501 200
519 248
486 300
446 264
492 231
493 196
465 277
511 244
438 260
457 273
485 192
498 274
504 205
477 251
449 269
523 218
469 247
510 285
470 212
461 243
462 208
522 259
513 290
514 255
460 284
534 233
439 261
479 297
525 264
485 228
526 229
471 293
505 206
472 258
490 306
491 271
537 238
497 202
442 266
443 267
444 266
444 267
483 267
456 313
502 280
462 244
475 263
463 209
503 245
454 240
495 241
515 219
466 214
506 250
452 279
452 280
472 294
518 261
478 188
464 290
538 239
484 268
530 235
475 299
476 264
495 277
496 242
468 260
515 255
487 273
482 307
489 203
507 251
480 234
508 216
453 280
499 247
527 229
500 212
519 225
492 208
511 221
471 185
457 250
458 215
477 228
449 246
509 297
469 224
510 262
470 189
489 239
461 220
521 271
522 236
481 198
467 300
501 213
513 267
532 280
531 279
530 278
529 278
459 296
533 245
478 309
534 210
479 274
485 205
525 241
498 287
471 270
504 218
450 247
491 248
537 215
461 256
449 259
544 231
456 290
502 257
522 272
481 234
494 253
473 230
514 268
474 195
460 297
534 246
466 191
525 277
526 242
541 226
471 306
472 271
546 220
518 238
491 284
464 267
538 216
483 280
524 281
530 212
475 276
503 258
476 241
494 289
496 219
468 237
515 232
487 250
506 263
467 192
507 228
453 257
499 224
527 206
459 188
445 253
465 231
497 300
457 227
477 205
463 307
468 273
509 274
469 201
528 287
488 251
489 216
529 252
520 283
480 247
521 248
466 312
500 225
467 277
486 290
492 221
533 222
478 286
438 250
457 263
498 264
458 228
523 208
469 237
510 275
470 202
456 267
461 233
521 284
522 249
481 211
454 194
513 280
473 207
514 245
459 309
534 223
525 254
526 219
471 283
472 248
545 232
518 215
490 296
537 228
464 244
483 257
484 222
502 270
475 253
503 235
448 299
494 266
495 231
455 195
441 260
487 227
515 209
466 204
506 240
507 205
452 269
499 201
518 251
485 303
464 280
505 281
465 208
530 225
497 277
516 290
517 255
468 250
496 232
463 284
487 263
482 297
489 193
434 257
474 293
520 260
480 224
499 237
500 202
540 238
445 266
519 215
486 267
492 198
465 244
511 211
457 240
517 291
477 218
509 287
510 252
461 210
521 261
522 226
467 290
513 257
486 303
514 222
459 286
493 199
460 251
533 235
478 299
479 264
485 195
525 231
498 277
471 260
544 244
490 273
491 238
483 234
456 280
502 247
462 211
503 212
494 243
495 208
514 258
501 288
506 217
526 232
452 246
493 284
472 261
512 297
518 228
464 257
504 293
483 270
524 271
484 235
470 300
475 266
476 231
516 267
462 296
495 244
536 245
496 209
481 309
482 274
487 240
506 253
507 218
480 201
499 214
505 294
465 221
497 290
458 182
517 268
477 195
463 297
469 191
528 277
529 242
489 206
474 306
461 187
466 302
467 267
541 216
486 280
492 211
459 263
532 247
533 212
478 276
479 241
498 254
458 218
462 188
544 221
449 249
490 250
491 215
470 192
461 223
456 257
502 224
489 291
448 253
481 201
454 184
494 220
473 197
459 299
460 264
534 213
479 277
471 273
545 222
491 228
472 238
518 205
491 251
537 218
464 234
483 247
523 283
502 260
469 312
464 211
503 225
475 243
476 208
494 256
455 185
468 204
441 250
481 286
487 217
506 230
452 259
485 293
505 271
465 198
451 300
497 267
457 194
470 313
516 280
463 274
468 240
454 305
488 218
528 254
455 270
474 283
548 232
480 214
466 279
540 228
445 256
486 257
532 224
511 201
478 253
457 230
498 231
458 195
444 260
477 208
469 204
455 306
461 200
447 302
488 303
467 280
541 229
514 212
459 276
460 241
533 225
478 289
519 290
479 254
498 267
471 250
544 234
511 286
472 215
490 263
477 293
437 257
483 224
502 237
503 202
475 220
448 266
489 304
454 197
494 233
495 198
440 262
487 194
501 278
506 207
493 274
539 241
512 287
485 270
464 247
484 225
524 261
470 290
473 295
475 256
476 221
536 235
496 199
468 217
481 299
454 282
487 230
482 264
528 231
488 195
474 260
507 208
480 191
499 204
485 306
465 211
497 280
484 310
463 287
510 219
455 283
527 251
529 232
474 296
515 297
466 292
467 257
540 241
513 224
486 270
459 253
532 237
460 218
478 266
479 231
471 227
490 240
491 205
483 201
456 247
502 214
489 281
535 248
494 210
473 187
514 225
460 254
501 255
547 222
511 299
471 263
472 228
458 293
464 224
477 306
523 273
483 237
469 302
475 233
503 215
476 198
535 284
461 298
495 211
536 212
468 194
481 276
487 207
506 220
473 272
452 249
485 283
465 188
524 274
497 257
470 303
457 184
462 299
463 264
536 248
482 277
455 260
528 244
473 308
474 273
480 204
447 256
466 269
467 234
540 218
513 201
532 214
459 230
478 243
479 208
458 185
498 221
444 250
531 255
490 217
469 194
461 190
543 229
488 293
467 270
480 289
514 202
459 266
527 284
533 215
500 267
460 231
479 244
465 309
471 240
472 205
457 305
491 218
464 201
449 301
477 283
483 214
523 250
502 227
469 279
475 210
489 294
448 256
494 223
440 252
501 268
547 235
493 264
539 231
453 191
485 260
458 306
505 238
450 302
523 286
524 251
451 267
497 234
470 280
476 211
461 311
517 212
462 276
536 225
468 207
463 241
509 208
481 289
482 254
454 272
473 285
474 250
466 246
486 224
518 293
465 201
478 220
457 197
498 198
443 299
442 299
441 299
441 298
442 298
484 300
463 277
476 296
510 209
455 273
496 274
542 241
487 305
515 287
447 269
466 282
467 247
513 214
532 227
459 243
527 261
478 256
479 221
465 286
498 234
471 217
444 263
490 230
491 195
436 259
483 191
456 237
502 204
543 242
475 187
488 306
489 271
535 238
494 200
480 302
519 293
492 276
493 241
511 289
472 218
485 237
458 283
464 214
505 215
477 296
523 263
484 192
451 244
469 292
475 223
470 257
476 188
461 288
495 201
468 184
481 266
487 197
482 231
473 262
474 227
493 277
539 244
485 273
526 274
472 303
462 289
463 254
475 308
454 285
528 234
455 250
474 263
447 246
466 259
467 224
486 237
527 238
459 220
478 233
479 198
498 211
471 194
530 280
490 207
531 245
476 309
468 305
543 219
488 283
489 248
535 215
480 279
527 274
460 221
501 222
519 270
492 253
465 299
471 230
472 195
457 295
491 208
458 260
464 191
504 227
477 273
483 204
475 200
470 234
489 284
535 251
494 213
461 265
481 243
522 281
501 258
547 225
473 239
493 254
539 221
485 250
525 286
458 296
505 228
451 257
497 224
470 270
443 253
461 301
517 202
462 266
536 215
468 197
463 231
481 279
482 244
454 262
473 275
474 240
466 236
467 201
526 287
486 214
518 283
478 210
464 312
484 290
531 222
476 286
496 264
468 282
542 231
456 191
515 277
447 259
487 295
467 237
513 204
499 269
459 233
500 234
460 198
445 298
479 211
465 276
471 207
490 220
457 272
477 250
469 246
543 232
488 296
489 261
535 228
480 292
521 293
500 270
501 235
446 299
492 266
493 231
439 260
442 265
485 227
457 308
458 273
464 204
505 205
477 286
450 269
523 253
497 201
469 282
470 247
456 312
461 278
463 208
481 256
482 221
454 239
473 252
514 290
474 217
466 213
526 264
486 191
472 293
546 242
497 237
464 289
538 238
443 266
483 302
484 267
530 234
463 244
475 298
509 211
455 240
495 276
487 272
466 249
467 214
453 279
486 227
432 256
478 223
479 188
465 253
498 201
471 184
484 303
490 197
531 235
476 299
435 261
468 295
496 277
542 244
487 308
488 273
489 238
480 269
501 212
492 243
493 208
465 289
472 185
512 221
457 285
458 250
504 217
477 263
450 246
510 297
469 259
475 190
470 224
461 255
462 220
481 233
522 271
482 198
473 229
493 244
539 211
534 245
479 309
525 276
485 240
526 241
471 305
505 218
546 219
451 247
491 283
497 214
483 279
462 256
463 221
498 299
454 252
482 234
495 253
474 230
466 226
467 191
526 277
486 204
459 187
472 306
478 200
464 302
530 247
475 311
531 212
476 276
495 289
496 254
468 272
542 221
459 223
487 285
506 298
489 215
480 246
527 241
499 259
460 188
500 224
519 237
446 253
492 220
465 266
471 197
511 233
457 262
458 227
449 258
523 207
510 274
469 236
529 287
489 251
535 218
461 232
522 248
481 210
467 312
501 225
513 279
492 256
493 221
452 183
439 250
512 234
525 253
485 217
458 263
450 259
504 230
490 295
491 260
493 198
524 208
470 237
516 204
461 268
456 302
502 269
463 198
481 246
522 284
482 211
455 194
473 242
514 280
460 309
466 203
525 289
526 254
472 283
525 233
498 279
518 250
546 232
491 296
464 279
538 228
483 292
530 224
503 270
475 288
502 249
476 253
494 301
495 266
468 249
496 231
515 244
506 275
434 256
507 240
508 205
452 304
453 269
527 218
459 200
445 265
519 214
465 243
511 210
531 225
457 239
517 290
477 217
468 285
456 194
509 286
542 234
488 263
489 228
508 241
521 260
500 237
501 202
541 238
446 266
492 233
438 262
478 298
512 211
457 275
485 194
498 276
504 207
544 243
477 253
490 272
523 220
510 287
469 249
470 214
461 245
481 223
522 261
513 292
514 257
473 219
460 286
534 235
485 230
525 266
526 231
471 295
545 244
518 227
491 273
464 256
537 240
497 204
483 269
484 234
502 282
475 265
463 211
494 278
454 242
495 243
474 220
487 239
515 221
506 252
466 216
453 246
486 194
518 263
478 190
464 292
505 293
538 241
484 270
530 237
475 301
484 201
476 266
517 267
496 244
468 262
542 211
482 309
487 275
488 240
528 276
474 305
507 253
520 272
480 236
499 249
500 214
519 227
492 210
465 256
511 223
457 252
458 217
449 248
477 230
509 299
510 264
469 226
470 191
529 277
461 222
462 187
521 273
522 238
481 200
467 302
503 260
513 269
473 196
514 234
532 282
493 211
533 247
479 276
525 243
485 207
526 208
471 272
490 285
450 249
491 250
537 217
483 246
456 292
463 188
494 255
482 201
455 184
514 270
473 232
474 197
501 300
534 248
506 229
526 244
471 308
472 273
546 222
518 240
464 269
538 218
483 282
484 247
524 283
530 214
475 278
516 279
495 256
468 239
496 221
515 234
487 252
506 265
507 230
480 213
499 226
459 190
527 208
445 255
519 204
465 233
497 302
457 229
458 194
477 207
463 309
509 276
510 241
455 305
489 218
529 254
447 301
480 249
520 285
521 250
522 215
467 279
446 256
492 223
459 275
533 224
478 288
438 252
479 253
512 201
458 230
498 266
449 261
490 262
510 277
469 239
470 204
456 269
461 235
462 200
502 236
481 213
522 251
473 186
454 196
513 282
514 247
459 311
460 276
534 225
525 256
526 221
472 250
518 217
491 263
464 246
487 229
483 259
484 224
503 237
448 301
476 220
494 268
455 197
495 233
496 198
441 262
515 211
488 194
506 242
433 258
507 207
452 271
499 203
485 305
505 283
465 210
497 279
476 256
516 292
517 257
468 252
463 286
509 253
488 230
455 282
529 231
434 259
474 295
508 208
480 226
520 262
548 244
499 239
466 291
500 204
540 240
445 268
486 269
492 200
511 213
478 265
457 242
498 243
477 220
509 289
510 254
469 216
461 212
521 263
522 228
481 190
467 292
513 259
541 241
508 293
514 224
459 288
460 253
478 301
479 266
485 197
471 262
472 227
490 275
491 240
483 236
456 282
475 232
503 214
494 245
535 283
495 210
474 187
487 206
501 290
506 219
466 183
452 248
493 286
512 299
472 263
518 230
485 282
464 259
504 295
505 260
524 273
475 268
470 302
516 269
495 246
496 211
536 247
468 229
487 242
482 276
528 243
473 307
507 220
474 272
480 203
453 249
499 216
540 217
505 296
465 223
497 292
457 219
458 184
517 270
477 197
463 299
509 266
510 231
528 279
529 244
461 189
474 308
520 275
521 240
482 289
522 205
466 304
467 269
541 218
486 282
459 265
532 249
527 283
533 214
478 278
525 210
498 256
544 223
490 252
491 217
470 194
483 213
456 259
502 226
462 190
489 293
448 255
454 186
494 222
440 251
473 199
460 266
500 302
534 215
492 298
526 211
471 275
512 276
472 240
495 223
458 305
537 220
483 249
523 285
524 250
484 214
469 314
475 245
503 227
476 210
461 310
494 258
481 288
441 252
487 219
501 303
473 284
506 232
493 299
452 261
485 295
505 273
465 200
451 302
524 286
497 269
457 196
443 298
516 282
462 311
463 276
468 242
454 307
455 272
528 256
529 221
474 285
548 234
447 268
521 217
540 230
467 246
513 213
486 259
532 226
478 255
479 220
458 197
498 233
444 262
469 206
510 244
456 236
461 202
502 203
522 218
467 282
480 301
508 283
514 214
459 278
500 279
460 243
479 256
525 223
471 252
472 217
490 265
491 230
464 213
437 259
483 226
469 291
503 204
475 222
448 268
476 187
489 306
495 200
440 264
487 196
501 280
506 209
493 276
539 243
512 289
485 272
476 223
464 249
505 250
497 246
470 292
516 259
517 224
462 288
468 219
476 200
463 253
536 237
509 220
481 301
454 284
482 266
488 197
433 261
474 262
480 193
520 229
499 206
466 258
486 236
465 213
509 200
497 282
498 210
517 260
477 187
530 279
463 289
509 256
510 221
469 183
455 285
529 234
496 286
520 265
521 230
466 294
467 259
513 226
486 272
499 291
459 255
532 239
460 220
478 268
479 233
465 298
498 246
544 213
471 229
531 280
490 242
483 203
456 249
502 216
475 199
489 283
535 250
508 296
500 292
460 256
547 224
492 288
539 220
472 230
512 266
458 295
504 262
477 308
523 275
524 240
484 204
469 304
470 269
516 236
461 300
462 265
495 213
468 196
536 214
482 243
487 209
528 210
473 274
452 251
485 285
526 286
505 263
465 190
497 259
457 186
516 272
517 237
462 301
503 302
463 266
467 236
509 233
482 279
495 298
529 211
474 275
515 276
447 258
520 242
548 224
521 207
466 271
540 220
513 203
486 249
532 216
478 245
479 210
498 223
458 187
471 206
444 252
490 219
461 192
543 231
488 295
489 260
522 208
535 227
508 273
480 291
514 204
527 286
459 268
501 234
519 282
492 265
465 311
511 278
472 207
457 307
464 203
449 303
483 216
523 252
524 217
469 281
475 212
489 296
448 258
461 277
494 225
501 270
547 237
492 301
493 266
453 193
539 233
512 279
485 262
458 308
504 275
505 240
450 304
451 269
470 282
443 265
516 249
517 214
461 313
462 278
463 243
468 209
509 210
482 256
454 274
528 223
473 287
474 252
520 219
466 248
467 213
486 226
432 255
518 295
478 222
457 199
484 302
531 234
490 196
476 298
510 211
455 275
496 276
468 294
542 243
515 289
487 307
521 220
467 249
507 285
508 250
513 216
459 245
499 281
527 263
479 223
519 259
465 288
511 255
444 265
436 261
477 262
483 193
456 239
502 206
475 189
488 308
489 273
494 202
508 286
500 282
501 247
492 278
493 243
539 210
451 246
469 294
512 256
485 239
458 285
504 252
464 216
505 217
477 298
523 265
524 230
484 194
497 213
470 259
516 226
461 290
462 255
468 186
481 268
482 233
454 251
487 199
473 264
466 225
485 275
526 276
486 203
472 305
518 272
464 301
497 249
520 232
517 227
484 279
530 246
503 292
475 310
463 256
509 223
454 287
455 252
487 284
447 248
515 266
466 261
467 226
507 262
527 240
532 206
459 222
460 187
478 235
519 236
530 282
490 209
531 247
476 311
468 307
496 289
543 221
488 285
535 217
507 298
480 281
508 263
460 223
500 259
492 255
493 220
465 301
472 197
512 233
457 297
458 262
504 229
477 275
523 242
450 258
524 207
469 271
475 202
516 203
461 267
462 232
522 283
482 210
473 241
514 279
547 227
460 308
493 256
539 223
453 183
525 288
485 252
526 253
505 230
546 231
451 259
491 295
470 272
462 268
463 233
503 269
454 264
494 300
528 213
473 277
474 242
520 209
506 274
466 238
467 203
452 303
486 216
459 199
518 285
478 212
484 292
531 224
476 288
495 301
480 258
496 266
527 253
468 284
499 271
460 200
542 233
515 279
487 297
488 262
489 227
507 275
513 206
453 304
459 235
500 236
445 300
446 265
479 213
492 232
465 278
471 209
457 274
458 239
449 270
523 219
469 248
543 234
489 263
461 244
535 230
480 294
481 222
501 237
513 291
492 268
465 291
478 310
493 233
452 195
439 262
479 298
485 229
458 275
504 242
505 207
450 271
524 220
497 203
469 284
470 249
456 314
462 245
502 281
481 258
454 241
482 223
514 292
474 219
466 215
472 295
546 244
478 189
464 291
538 240
483 304
484 269
530 236
475 300
503 282
509 213
476 265
455 242
495 278
487 274
488 239
506 287
467 216
508 217
453 281
527 230
478 225
519 226
479 190
465 255
498 203
511 222
471 186
531 237
490 199
476 301
477 229
468 297
509 298
488 275
489 240
529 276
535 207
480 271
499 284
501 214
532 281
492 245
493 210
511 258
512 223
457 287
485 206
458 252
498 288
504 219
464 183
477 265
450 248
523 232
469 261
510 299
470 226
461 257
462 222
481 235
522 273
482 200
514 269
474 196
460 298
533 282
485 242
471 307
518 239
491 285
483 281
484 246
502 294
475 277
463 223
503 259
454 254
495 255
474 232
515 233
487 251
466 228
506 264
467 193
486 206
472 308
527 207
518 275
478 202
484 282
530 249
531 214
476 278
496 256
542 223
456 183
487 287
488 252
489 217
507 265
508 230
480 248
527 243
499 261
500 226
519 239
492 222
465 268
511 235
457 264
477 242
449 260
523 209
510 276
470 203
535 220
461 234
521 285
522 250
481 212
513 281
501 227
473 208
459 310
452 185
439 252
485 219
498 301
504 232
490 297
450 261
491 262
537 229
470 239
442 257
483 258
516 206
456 304
502 271
463 200
448 300
494 267
482 213
455 196
473 244
514 282
474 209
460 311
506 241
466 205
526 256
472 285
518 252
546 234
464 281
538 230
484 259
530 226
503 272
475 290
476 255
495 268
496 233
487 264
488 229
506 277
507 242
434 258
480 225
452 306
453 271
459 202
527 220
499 238
500 203
445 267
519 216
465 245
511 212
531 227
457 241
517 292
509 288
469 215
510 253
489 230
480 261
521 262
467 291
500 239
513 258
501 204
446 268
492 235
533 236
493 200
438 264
478 300
512 213
485 196
498 278
523 222
510 289
469 251
470 216
461 247
502 248
481 225
522 263
482 190
513 294
514 259
473 221
460 288
534 237
479 301
525 268
526 233
471 297
518 229
491 275
537 242
464 258
483 271
502 284
503 249
475 267
476 232
494 280
495 245
515 223
487 241
506 254
466 218
467 183
507 219
499 215
478 192
464 294
505 295
465 222
497 291
530 239
476 268
517 269
468 264
496 246
542 213
509 265
488 242
528 278
489 207
474 307
508 220
520 274
499 251
500 216
446 245
486 281
519 229
532 248
492 212
465 258
511 225
457 254
498 255
449 250
510 266
529 279
461 224
462 189
481 202
522 240
467 304
473 198
514 236
532 284
459 300
533 249
479 278
485 209
526 210
545 223
490 287
491 252
537 219
483 248
456 294
502 261
463 190
503 226
475 244
494 257
495 222
474 199
460 301
501 302
506 231
466 195
452 260
472 275
518 242
538 220
505 272
484 249
530 216
475 280
470 314
516 281
476 245
462 310
495 258
468 241
496 223
487 254
515 236
507 232
548 233
480 215
453 261
527 210
499 228
465 235
511 202
457 231
458 196
517 282
463 311
509 278
510 243
469 205
529 256
461 201
520 287
521 252
522 217
467 281
513 248
541 230
486 294
533 226
438 254
478 290
479 255
525 222
498 268
458 232
504 199
544 235
471 251
490 264
491 229
470 206
461 237
456 271
462 202
502 238
489 305
494 234
440 263
473 211
514 249
459 313
501 279
534 227
525 258
526 223
518 219
491 265
537 232
464 248
483 261
524 262
503 239
476 222
494 270
496 200
481 300
515 213
487 231
488 196
506 244
433 260
507 209
452 273
480 192
499 205
485 307
505 285
516 294
463 288
465 212
488 232
