527 120
527 121
528 120
526 119
525 119
529 120
530 119
526 121
526 118
528 121
527 119
528 118
529 117
527 122
531 120
532 119
533 120
534 119
535 118
536 119
537 118
525 122
524 123
523 122
522 123
521 122
520 123
519 124
518 123
525 117
517 124
525 116
524 120
538 119
529 116
528 115
527 116
530 115
516 125
515 124
515 126
532 121
521 121
520 120
521 119
519 121
527 118
526 120
537 120
536 121
528 117
531 116
517 126
519 123
518 125
520 122
524 122
538 121
529 118
539 120
530 117
516 127
515 128
521 123
514 123
534 117
537 122
536 123
526 122
528 119
517 128
519 125
518 127
520 124
524 115
523 116
524 124
523 125
522 125
538 123
540 120
539 122
540 123
541 122
532 116
516 129
515 130
514 130
526 115
537 124
536 125
535 125
534 124
534 126
533 127
532 128
534 128
535 127
518 120
517 119
518 118
517 117
516 120
515 119
515 121
517 121
519 118
520 117
519 116
520 115
519 114
520 113
519 112
520 111
521 110
522 111
521 112
521 114
523 111
521 116
518 111
517 110
517 112
517 130
518 129
519 130
520 129
521 128
521 130
520 131
517 131
516 132
515 133
517 133
518 132
516 134
515 135
517 135
519 132
518 134
516 136
520 133
522 127
514 132
513 133
512 132
512 134
511 135
513 135
520 127
520 126
522 120
524 117
523 118
516 113
515 112
515 111
515 110
514 109
515 108
516 108
517 108
513 110
512 111
511 112
511 113
510 114
513 112
513 113
514 114
513 115
524 126
524 127
516 122
539 124
516 131
536 118
512 116
513 117
528 114
517 114
517 115
520 110
517 123
528 123
528 124
529 125
520 119
520 128
521 111
513 116
523 120
535 122
524 112
524 121
539 119
516 117
516 126
516 135
517 109
517 118
520 114
519 127
531 129
532 130
511 132
523 115
512 115
535 126
523 124
512 133
524 116
516 112
524 125
516 121
539 123
516 130
529 123
515 134
530 122
534 122
527 125
520 109
527 117
531 115
527 126
519 122
519 131
511 136
523 110
512 110
535 121
524 113
526 127
531 123
531 124
532 125
531 125
523 119
523 128
523 129
524 130
524 131
524 111
516 116
538 122
530 118
515 129
519 108
531 119
519 117
531 128
530 127
519 126
519 135
511 131
512 114
511 117
510 116
514 116
531 121
515 117
534 129
524 129
518 130
523 109
530 124
512 118
527 127
528 126
511 119
537 125
511 137
530 126
532 123
513 119
517 122
528 128
525 132
526 131
524 133
530 128
542 121
543 120
523 134
524 135
512 120
513 121
542 120
527 131
528 132
528 133
523 133
512 119
542 119
527 130
523 114
523 123
534 120
523 132
526 125
516 111
515 115
527 134
527 135
527 136
526 134
522 132
526 129
526 124
526 133
515 114
538 125
515 123
529 132
530 132
530 131
530 121
526 136
528 135
522 134
527 113
526 113
522 118
519 109
520 108
510 137
509 138
508 138
507 138
511 114
508 137
528 130
520 135
544 120
522 115
531 132
522 129
533 129
521 109
520 130
525 125
514 125
532 118
515 132
514 134
525 134
513 114
530 130
507 137
534 121
527 115
535 120
526 117
529 134
519 111
518 113
523 127
537 126
526 126
518 122
512 136
511 116
526 135
518 131
522 113
524 110
522 122
533 122
524 119
515 116
525 118
514 118
516 115
522 131
524 128
515 125
514 127
513 128
525 127
516 124
515 120
530 123
514 136
525 136
516 133
529 127
534 123
536 120
537 119
528 116
517 116
519 113
521 132
518 115
520 112
526 128
517 125
528 125
518 124
520 121
511 118
541 119
518 133
531 118
527 129
515 109
514 111
525 111
531 127
533 124
522 124
515 118
514 120
525 120
519 134
530 116
522 133
514 129
525 129
513 109
543 119
523 113
512 113
529 129
526 112
534 125
518 108
521 125
535 124
537 121
521 134
510 134
509 135
518 117
512 131
523 131
526 130
511 111
513 130
518 126
541 121
518 135
533 117
522 117
524 114
514 113
525 113
516 110
533 126
522 126
514 122
539 121
516 119
508 136
522 135
524 132
514 131
525 131
516 128
529 122
540 122
534 118
521 118
529 131
526 114
517 111
521 127
518 110
532 127
537 123
526 123
513 123
518 119
510 136
520 116
513 132
518 128
522 110
527 124
531 122
519 120
533 119
522 119
527 133
515 113
514 115
525 115
517 132
531 131
519 129
522 128
533 128
525 124
514 124
509 137
511 134
525 133
514 133
529 115
529 124
532 120
521 120
535 119
523 117
512 117
526 116
529 133
521 129
518 112
532 129
535 128
523 126
518 121
523 135
512 135
513 134
522 112
506 137
505 137
522 121
533 121
524 118
517 134
528 134
517 120
514 117
516 114
522 130
514 126
525 126
516 123
514 135
538 120
525 135
510 113
521 113
515 127
529 126
530 125
532 122
515 136
513 118
518 114
532 131
521 131
536 122
513 136
531 117
519 115
522 114
527 128
517 127
514 110
528 127
531 126
533 123
514 119
519 133
520 132
512 112
514 128
525 128
529 119
540 119
521 115
510 115
523 112
529 128
513 111
532 124
521 124
523 121
512 121
535 123
513 120
518 116
510 133
521 133
523 130
512 130
513 129
534 127
536 124
541 120
533 116
522 116
526 132
528 129
514 112
525 112
517 129
516 109
533 125
520 125
525 121
514 121
508 135
516 118
520 134
509 134
525 130
529 130
538 124
515 122
540 121
529 121
530 120
532 117
521 117
524 134
515 131
530 129
518 109
521 126
532 126
513 122
521 135
510 135
527 114
513 131
517 113
528 113
519 110
536 126
522 109
527 123
528 122
519 119
533 118
520 118
527 132
511 115
528 131
525 114
519 128
531 130
525 123
509 136
511 133
529 114
