655 598
654 599
655 599
653 598
652 598
651 599
651 598
650 599
656 597
657 598
656 600
655 601
658 597
649 600
657 601
658 600
659 599
660 598
661 599
662 600
652 599
654 602
653 601
652 602
651 601
650 602
649 603
648 602
647 603
646 604
659 601
650 598
649 597
650 596
651 595
652 596
661 598
660 600
651 597
653 603
655 597
647 602
658 602
657 603
649 599
645 604
659 603
661 600
650 600
660 602
653 596
657 596
658 595
657 594
659 594
660 593
659 592
647 604
658 604
657 605
649 601
659 596
661 593
660 595
661 596
659 605
660 604
661 605
662 604
663 605
664 604
658 606
657 607
656 607
655 606
654 607
655 608
654 609
653 610
655 610
656 609
657 610
658 609
659 608
660 607
659 610
661 607
660 609
658 611
657 612
656 612
655 613
654 614
655 615
656 614
654 616
659 612
660 611
655 617
657 614
656 616
658 613
654 618
653 619
652 619
660 613
661 614
662 613
655 619
656 618
657 619
658 618
659 617
660 616
659 619
660 618
658 620
657 621
656 621
655 622
654 621
654 623
655 624
656 623
654 625
660 620
655 626
653 626
652 626
656 625
658 622
659 622
654 627
660 622
646 605
645 606
644 607
643 607
655 628
647 606
648 607
649 606
650 605
651 604
652 605
650 607
651 606
649 608
651 608
658 615
659 598
651 594
651 603
661 616
653 621
662 599
654 595
662 608
662 609
665 604
654 604
662 617
662 618
654 613
654 622
655 596
658 592
655 605
666 605
666 606
658 601
647 601
646 600
658 610
658 619
659 593
657 623
658 624
661 602
661 611
653 607
642 607
661 620
653 616
653 625
662 603
662 612
643 608
643 609
654 608
662 621
662 622
654 617
654 626
655 600
658 596
647 605
658 605
657 609
657 618
661 597
650 597
650 606
661 606
653 602
661 615
653 611
653 620
662 598
654 594
662 607
654 603
665 603
646 599
654 612
658 591
660 619
657 604
657 613
649 609
657 622
661 592
661 601
650 601
653 597
661 610
650 610
650 611
653 606
642 606
661 619
653 615
653 624
662 602
654 598
665 607
665 608
665 609
666 610
656 626
657 627
646 603
660 605
660 614
657 590
660 623
660 624
661 625
662 626
662 627
661 624
657 599
649 595
657 608
649 604
657 617
657 626
642 610
642 611
643 612
643 613
643 614
642 615
642 616
643 617
643 618
641 614
641 609
664 607
654 593
655 592
655 591
654 590
654 589
653 588
652 587
652 586
651 585
651 584
653 592
652 591
651 590
651 589
646 598
647 597
647 596
646 595
646 594
647 593
647 592
647 591
646 590
646 589
647 588
647 587
646 586
647 586
645 602
641 613
640 612
639 611
639 610
638 609
638 608
639 607
640 607
639 606
637 607
636 606
635 605
636 605
635 604
635 603
634 602
634 606
634 607
635 608
635 609
636 610
661 591
662 590
662 589
662 588
663 587
663 586
662 585
662 584
661 583
661 587
650 591
650 592
649 590
653 587
663 628
653 605
642 605
643 604
643 603
642 602
642 601
643 600
644 600
643 599
643 598
642 597
641 600
641 604
640 603
639 602
639 601
642 596
643 595
643 594
642 593
642 592
643 593
641 595
640 594
639 593
640 593
639 592
639 591
638 590
634 601
633 600
635 600
636 601
636 600
635 599
634 598
634 597
635 598
636 597
636 596
635 595
636 595
662 583
663 582
664 602
634 610
634 611
634 612
635 613
635 614
636 615
636 614
634 615
634 616
634 617
635 618
635 619
636 619
635 617
637 616
638 617
639 616
639 615
638 614
638 618
638 613
667 607
644 614
633 614
660 586
659 585
659 584
658 583
658 582
658 586
658 587
658 588
659 589
657 585
656 584
655 583
655 582
654 584
654 585
655 586
655 587
653 583
645 597
668 608
668 609
669 610
669 611
670 612
669 609
670 608
670 607
669 606
637 602
645 615
646 614
647 615
646 613
645 616
646 617
646 618
646 619
647 620
648 621
649 622
650 621
651 622
650 620
649 623
650 624
650 625
650 619
649 618
650 617
651 617
650 616
650 615
649 614
649 613
650 614
651 613
645 620
648 616
649 617
649 626
648 626
647 625
647 624
649 627
649 628
650 629
648 625
637 611
657 589
648 620
648 629
647 629
646 628
646 627
648 630
645 629
644 628
643 627
638 594
638 595
639 596
639 597
639 598
640 598
638 599
649 594
638 603
638 604
641 599
638 612
649 612
648 611
647 611
647 610
646 609
646 608
641 608
671 609
672 610
672 611
650 586
650 587
649 585
661 586
641 617
641 618
641 619
653 582
661 595
663 614
652 614
642 591
643 590
644 591
643 589
642 588
642 587
641 590
640 589
639 588
640 588
653 591
663 623
652 623
664 588
665 588
666 587
666 586
665 585
665 584
666 583
667 584
666 582
666 581
665 580
656 593
664 606
656 602
664 615
665 614
666 615
665 613
666 614
665 612
664 616
665 617
665 618
666 619
664 611
667 616
668 617
668 618
669 619
644 609
667 611
633 609
632 608
631 607
631 606
630 608
630 609
631 610
631 611
632 612
631 612
630 613
630 614
631 615
631 616
632 617
629 612
629 607
656 611
664 624
665 623
666 624
665 622
664 621
664 625
665 626
665 627
664 620
667 625
667 626
668 627
668 628
669 628
644 618
633 618
667 620
667 621
668 622
668 623
669 624
669 625
670 626
671 627
672 626
673 627
673 626
671 628
674 628
656 620
668 585
644 627
656 629
656 630
645 592
660 590
648 588
645 601
637 597
648 597
660 599
668 612
668 613
668 614
669 615
669 614
645 610
645 611
648 606
660 608
637 606
645 619
657 584
637 615
648 615
660 617
657 593
629 611
648 624
649 589
638 589
637 588
657 602
659 621
649 598
638 598
641 594
649 607
651 626
641 603
652 600
671 613
663 609
652 609
653 586
640 616
663 618
652 618
664 583
652 627
652 628
653 629
653 630
663 627
674 627
656 588
644 595
664 610
667 606
644 604
656 606
664 619
655 629
667 615
644 613
633 613
656 615
667 624
656 624
645 587
660 585
645 596
648 592
660 594
666 628
645 605
637 601
648 601
660 603
645 614
648 610
637 610
657 588
659 607
648 619
629 615
628 615
629 616
659 616
670 616
670 617
671 618
649 593
638 593
637 592
636 591
651 612
670 625
659 625
659 626
660 627
660 628
661 629
641 589
651 621
641 598
652 595
671 608
672 607
673 608
674 609
663 604
652 604
640 602
671 617
672 616
673 617
673 618
672 615
673 614
674 618
663 613
640 611
652 613
671 626
632 607
652 622
663 622
664 587
632 616
667 583
656 583
644 590
656 592
664 605
644 599
656 601
667 610
644 608
633 608
656 610
644 617
633 617
668 584
655 614
644 626
645 591
655 623
648 587
666 623
660 589
645 600
647 619
637 596
648 596
647 628
658 628
658 629
659 630
648 605
637 605
657 583
659 602
659 611
636 609
670 611
651 607
659 620
636 618
651 616
628 614
663 581
659 629
651 625
652 590
663 590
640 597
671 612
640 606
652 608
663 608
652 617
663 617
674 617
640 615
664 582
632 611
674 626
675 625
676 626
676 627
676 628
656 587
656 596
644 594
677 628
643 626
656 605
667 605
633 603
632 603
631 602
633 604
632 602
644 603
633 612
644 612
666 609
655 609
645 586
660 584
655 618
666 618
647 614
658 614
637 591
648 591
666 627
655 627
647 623
658 623
659 588
648 600
639 619
659 597
651 593
670 606
659 606
636 604
651 602
659 615
636 613
670 615
678 628
679 628
680 629
679 627
679 626
651 611
659 624
651 620
652 585
663 585
651 629
640 592
652 594
671 607
652 603
663 603
640 601
652 612
663 612
640 610
632 606
640 619
664 586
632 615
662 616
656 582
667 582
668 581
669 582
669 581
670 580
671 581
671 582
670 579
669 578
672 583
673 584
673 585
673 586
674 587
675 588
674 586
669 577
670 576
671 577
673 583
674 582
674 581
673 580
673 579
674 578
675 579
674 577
672 578
676 580
668 576
676 589
677 588
678 589
678 588
677 587
677 586
676 590
677 591
676 585
679 590
680 591
681 590
682 591
681 589
681 588
680 587
680 586
679 585
678 584
677 583
676 582
678 583
677 582
672 582
669 576
675 583
676 584
668 580
667 579
666 578
665 578
679 589
672 577
672 586
682 590
675 578
683 591
684 590
684 589
675 587
676 579
677 578
678 579
678 580
677 577
677 576
678 575
677 574
678 574
676 576
675 575
679 576
680 575
681 576
682 577
682 576
681 575
681 574
682 573
683 574
682 572
684 575
684 576
685 577
685 578
686 579
686 580
685 581
684 580
684 579
687 580
680 577
680 578
681 579
681 580
682 581
682 582
662 587
684 574
685 573
686 574
685 572
685 571
684 571
683 578
676 575
687 575
688 574
689 575
689 576
690 577
690 576
689 574
688 573
691 578
688 577
688 578
689 579
689 580
688 572
689 571
690 572
690 571
689 570
691 573
692 574
693 573
694 574
693 572
692 571
692 575
692 570
691 569
693 569
694 569
693 568
695 575
696 575
697 575
697 574
696 573
696 572
696 571
697 571
698 572
697 570
699 573
700 574
701 573
702 574
701 572
702 571
700 575
703 571
704 572
704 573
704 574
704 571
705 570
703 574
687 571
699 572
691 577
692 569
706 571
707 572
708 571
709 572
709 571
707 573
695 570
679 580
707 571
688 576
691 572
680 581
680 582
680 583
661 622
694 573
683 573
698 571
683 582
686 578
695 574
710 572
687 579
679 575
676 588
679 584
699 571
702 573
671 576
672 575
673 575
671 585
670 585
670 584
694 568
683 577
686 573
698 575
675 582
667 578
675 591
674 590
676 574
687 574
668 579
679 579
701 576
690 575
705 573
682 580
671 580
674 576
682 589
674 585
683 572
694 572
683 581
686 577
675 577
675 586
673 616
644 589
656 591
662 625
665 621
644 598
654 630
655 595
646 626
679 574
666 604
655 604
701 571
647 600
666 613
678 578
647 609
693 576
666 622
648 586
639 605
678 587
647 618
659 583
670 583
639 614
658 627
647 627
636 590
651 588
690 570
636 599
690 579
636 608
670 610
682 575
636 617
670 619
671 584
651 615
628 613
674 580
651 624
663 589
674 589
652 589
640 596
683 576
650 628
661 628
640 605
686 572
640 614
675 581
664 581
686 581
632 610
667 577
673 611
662 611
662 620
667 586
643 616
665 616
644 593
635 612
646 612
677 627
665 625
655 590
646 621
646 630
647 595
666 608
701 575
693 571
666 617
639 600
678 582
647 613
670 578
666 626
639 609
678 591
647 622
659 587
639 618
651 583
647 631
636 594
680 628
681 627
681 626
682 628
682 629
683 629
684 628
685 629
684 627
686 630
687 630
688 630
689 631
690 630
690 629
691 630
692 631
692 632
688 629
637 593
687 628
691 629
688 628
691 633
690 632
693 633
694 632
695 632
696 633
697 632
698 633
699 634
699 635
699 633
698 632
694 633
686 629
690 631
682 627
683 628
693 632
697 634
689 630
682 626
685 628
693 631
696 632
697 633
689 629
692 630
685 627
699 632
690 574
702 576
651 592
636 603
705 572
636 612
671 579
682 579
651 610
674 575
682 588
663 584
674 584
652 584
669 618
669 627
681 629
692 629
640 591
661 623
650 623
694 571
640 600
642 619
662 597
653 628
632 605
662 606
697 573
708 573
643 602
689 569
662 615
673 615
643 611
665 611
654 611
689 578
662 624
646 607
654 591
667 619
635 607
662 586
656 619
646 587
665 620
654 620
666 585
655 585
661 621
635 616
646 616
654 629
655 594
627 612
646 625
658 590
647 590
655 603
647 599
658 599
666 612
655 612
639 595
678 577
647 608
658 608
693 575
639 604
678 586
647 617
658 617
670 582
639 613
659 591
636 589
635 588
634 588
651 587
690 569
659 600
636 598
651 596
690 578
691 632
636 607
672 628
682 574
651 605
628 612
634 604
674 579
669 613
661 609
650 609
685 576
661 618
650 618
692 633
653 614
642 614
631 614
677 581
661 627
684 629
650 627
653 623
643 588
654 588
677 590
662 601
634 619
654 597
643 597
662 610
673 610
646 593
643 606
665 606
654 606
689 573
662 619
635 602
646 602
665 615
643 615
654 615
666 580
662 628
673 628
646 611
635 611
665 624
654 624
655 589
646 620
658 585
646 629
658 594
647 594
655 607
666 607
701 574
639 590
668 626
658 603
693 570
639 599
678 581
658 612
647 612
670 577
660 631
639 608
659 586
657 616
688 631
636 593
672 614
651 591
680 627
657 625
649 621
650 595
669 608
661 604
650 604
669 617
634 605
642 600
653 600
650 613
661 613
685 580
673 578
669 626
653 609
642 609
631 609
650 622
673 587
642 618
653 618
665 583
654 583
677 585
634 614
662 596
653 627
642 627
643 592
654 592
662 605
697 572
646 588
708 572
654 601
643 601
662 614
646 597
635 597
650 626
643 610
665 610
654 610
689 577
646 606
635 606
654 619
665 619
643 619
655 584
666 584
646 615
635 615
655 593
676 625
647 589
658 589
668 621
658 598
647 598
639 594
645 628
678 576
660 626
700 573
711 573
712 573
712 572
713 573
639 603
670 581
657 611
681 578
636 588
672 609
638 607
657 620
669 585
681 587
682 586
638 616
672 618
649 616
657 629
691 631
630 612
641 612
649 625
672 627
650 590
661 590
669 612
653 595
642 595
650 608
661 608
685 575
631 604
630 604
629 605
653 604
642 604
661 617
634 600
673 582
662 582
653 613
631 613
642 613
677 580
661 626
634 609
653 622
643 587
677 589
654 587
665 587
634 618
654 596
643 596
673 609
646 592
686 628
664 628
675 628
643 605
654 605
665 605
689 572
646 601
635 601
666 579
646 610
635 610
655 588
668 607
658 584
695 633
627 615
668 616
658 593
687 629
660 612
639 589
668 625
680 590
660 621
637 619
657 597
648 628
657 606
692 573
703 573
649 602
638 602
657 615
669 580
681 582
673 577
649 611
638 611
684 578
657 624
680 626
681 591
630 607
641 607
649 620
650 585
661 585
641 616
630 616
649 629
661 594
650 594
669 607
653 590
642 590
650 603
661 603
696 570
669 616
653 599
642 599
661 612
650 612
685 579
631 608
653 608
642 608
677 575
631 617
642 617
653 617
677 584
665 582
654 582
634 613
662 595
664 614
643 591
683 627
664 623
654 600
646 596
635 596
698 634
656 628
667 628
688 571
688 580
645 609
668 611
680 576
691 576
645 618
668 620
680 585
637 614
648 614
672 581
645 627
657 592
660 625
648 623
711 572
649 588
638 588
700 572
692 568
648 632
638 597
641 593
692 577
681 577
681 586
672 608
638 606
684 573
641 602
669 584
672 617
649 615
638 615
657 628
641 611
630 611
649 624
650 589
661 589
653 585
690 634
653 594
642 594
696 574
663 626
685 574
631 603
642 603
634 599
673 581
653 612
642 612
677 579
665 577
634 608
664 609
654 586
665 586
664 618
676 583
694 631
667 614
675 627
664 627
646 591
667 623
679 588
645 595
688 575
699 575
668 606
691 571
637 600
668 615
645 613
680 580
648 609
637 609
672 576
668 624
657 587
680 589
637 618
648 618
672 585
629 614
648 627
660 629
649 592
638 592
641 588
692 572
681 572
638 601
681 581
669 579
641 597
638 610
649 610
684 577
630 606
641 606
649 619
638 619
661 584
650 584
641 615
630 615
671 616
650 593
653 589
642 589
671 625
683 590
652 621
663 621
642 598
673 576
695 573
634 603
665 581
664 613
687 578
676 578
683 626
667 609
633 607
664 622
676 587
633 616
667 618
644 616
679 583
668 583
656 627
667 627
645 590
679 592
660 588
688 570
645 599
648 595
688 579
660 597
637 595
645 608
668 610
691 575
648 604
637 604
660 606
645 617
668 619
680 584
657 582
648 613
660 615
637 613
672 580
648 599
645 626
657 591
648 622
649 587
700 571
657 600
649 596
638 596
641 592
693 630
692 576
670 628
659 628
649 605
638 605
684 572
714 573
715 573
716 573
669 583
668 578
641 601
684 581
641 610
630 610
671 611
661 588
650 588
652 607
663 607
698 574
653 584
690 633
663 616
674 616
652 616
653 593
663 625
652 625
675 590
656 586
695 568
656 595
664 608
687 573
633 602
644 602
656 604
664 617
675 617
633 611
656 613
667 613
644 611
679 578
664 626
675 626
676 591
716 572
656 622
667 622
679 587
717 571
718 571
719 570
720 570
721 569
722 568
723 568
723 569
721 571
721 572
721 573
651 586
639 612
722 570
724 567
725 567
726 566
727 567
727 568
726 569
640 608
726 568
720 569
659 590
726 570
726 571
725 571
724 572
723 573
693 574
728 567
729 567
730 566
730 565
730 564
729 563
675 585
728 563
727 563
727 562
728 561
678 626
647 630
686 575
660 601
647 607
730 563
726 561
725 560
660 591
656 598
682 587
729 566
728 565
675 576
720 572
644 605
730 567
719 573
718 573
722 572
724 569
726 563
726 572
726 573
728 569
727 571
729 568
725 573
716 570
726 565
728 562
727 564
729 561
730 561
718 570
730 562
660 583
645 594
660 592
637 590
689 628
648 590
648 593
699 574
668 605
645 603
691 570
637 599
726 567
728 564
645 612
727 566
680 579
648 608
637 608
660 610
680 588
657 586
718 572
637 617
648 617
672 584
629 613
657 595
659 614
670 614
638 591
649 591
678 627
659 623
641 587
638 600
723 571
651 619
725 568
641 596
651 628
652 593
641 605
683 571
706 573
717 573
722 569
663 602
671 615
683 580
690 628
663 611
640 609
652 611
726 560
686 576
683 589
663 620
652 620
640 618
664 585
728 566
632 614
729 565
667 581
652 629
656 590
640 604
644 588
695 572
720 571
664 603
644 597
656 599
664 612
687 577
676 577
633 606
656 608
667 608
644 606
676 586
725 570
656 617
633 615
667 617
644 615
679 582
668 582
645 589
679 591
647 626
719 572
655 621
637 603
660 587
666 621
645 607
645 598
648 594
637 594
660 596
655 630
726 562
691 574
727 561
680 574
658 626
648 603
724 571
727 570
637 612
648 612
672 579
659 609
670 609
649 586
670 618
636 616
659 618
671 583
651 614
641 591
659 627
670 627
651 623
674 588
652 588
663 588
725 572
714 572
652 597
640 595
671 610
683 575
694 575
663 606
652 606
698 573
686 571
640 613
663 615
674 615
652 615
675 580
664 580
632 609
667 576
652 624
663 624
675 589
724 573
632 618
656 585
667 585
656 594
644 592
687 572
677 626
656 603
633 601
644 601
676 581
687 581
667 612
633 610
644 610
668 577
679 577
644 619
716 571
679 586
717 570
666 616
655 616
645 593
637 589
655 625
648 589
666 625
678 590
658 621
647 621
721 570
648 598
637 598
639 617
727 565
729 562
659 595
690 573
702 575
715 572
659 604
636 602
705 571
651 600
659 613
636 611
670 613
671 578
682 578
651 609
651 618
723 570
674 583
652 583
663 583
651 627
640 590
681 628
652 592
694 570
706 572
717 572
719 569
652 601
640 599
671 614
683 579
674 610
652 610
663 610
726 559
683 588
632 604
640 617
663 619
722 571
675 584
664 584
724 568
632 613
729 564
667 580
644 587
662 623
695 571
656 589
728 568
644 596
665 628
687 576
654 628
633 605
720 573
723 572
725 569
655 602
679 581
666 611
655 611
645 588
658 607
719 571
666 620
655 620
678 585
647 616
658 616
658 625
722 573
724 570
727 569
668 646
667 646
666 647
665 647
664 647
663 647
663 648
662 646
663 645
665 648
669 645
668 644
668 647
664 644
665 645
666 644
670 644
671 643
672 642
673 643
674 642
669 648
670 647
671 646
672 645
673 646
674 645
664 643
663 642
662 643
661 644
675 643
667 648
671 648
673 645
662 645
672 647
674 644
663 644
670 649
669 650
661 646
675 645
664 645
671 641
670 640
669 639
668 638
667 639
666 640
665 639
671 639
665 641
669 641
667 641
672 640
671 650
662 647
673 647
672 649
674 646
663 646
665 643
669 643
668 645
670 642
664 638
663 637
662 638
661 637
660 636
661 639
670 651
669 652
668 652
667 643
673 640
662 640
663 639
674 639
671 652
672 651
673 652
674 651
675 650
675 652
674 653
673 654
672 654
674 655
676 649
677 650
678 651
679 652
680 651
678 653
681 652
680 653
679 654
678 655
680 655
674 648
676 642
677 641
678 642
677 643
678 644
664 641
676 651
661 641
660 643
659 642
658 643
657 642
656 641
656 643
657 644
659 644
679 656
678 657
678 658
677 657
676 656
676 655
676 654
670 653
670 654
669 654
668 654
655 640
654 641
653 642
652 642
654 643
666 649
665 650
664 650
663 651
667 650
664 652
665 652
671 645
658 645
672 644
674 641
663 641
665 638
672 653
663 650
674 650
676 644
678 641
669 638
679 640
680 640
681 641
682 641
678 639
677 639
681 640
668 640
676 653
678 650
669 647
677 652
668 649
670 646
659 646
661 643
678 659
660 645
655 642
666 642
680 641
675 654
666 651
672 646
663 643
652 643
674 643
676 646
676 647
678 643
669 640
679 642
668 642
670 639
661 636
660 638
659 639
659 640
678 652
677 654
679 651
668 651
670 648
661 645
660 647
681 654
682 655
683 656
684 657
675 647
655 644
657 641
671 640
658 640
672 639
675 656
666 653
666 654
680 652
667 652
672 648
676 639
673 649
676 648
669 642
659 641
670 641
676 657
661 638
678 654
660 640
665 654
664 654
663 655
664 656
677 656
668 653
679 653
670 650
653 643
664 640
675 640
681 656
666 637
675 649
664 649
666 646
657 643
667 645
658 642
672 641
663 638
666 655
667 654
672 650
673 642
662 642
676 641
677 640
671 654
682 654
668 637
673 651
676 650
677 649
670 643
659 643
661 640
660 642
677 658
665 656
679 655
670 652
664 642
675 642
666 639
667 638
664 651
675 651
666 648
657 645
667 647
658 644
672 643
671 647
662 644
673 644
676 643
678 640
677 642
665 640
654 640
668 639
682 656
673 653
676 652
674 652
665 649
677 651
668 648
670 645
659 645
660 644
679 657
669 649
675 644
666 641
655 641
667 640
656 640
664 653
675 653
666 650
667 649
662 637
671 649
676 645
654 642
665 642
677 644
668 641
679 641
673 655
670 638
660 637
674 654
663 654
677 653
665 651
668 650
660 646
664 637
669 651
681 653
661 647
675 646
664 646
666 643
655 643
657 640
667 642
656 642
658 639
675 655
664 655
666 652
667 651
671 642
673 639
662 639
680 654
671 651
662 648
673 648
674 647
665 644
668 643
660 639
674 656
663 656
665 653
677 655
669 644
664 639
675 639
678 656
669 653
681 655
675 648
664 648
666 645
667 644
656 644
658 641
675 657
667 653
671 644
673 641
662 641
676 640
674 640
663 640
665 637
680 656
671 653
673 650
672 652
663 649
674 649
665 646
660 641
665 655
669 646
661 642
675 641
666 638
683 654
667 637
734 683
733 683
734 682
732 682
735 682
736 683
733 682
736 682
737 682
731 683
730 682
734 684
738 683
739 682
740 683
738 684
740 682
735 684
736 684
739 683
737 684
729 683
728 683
732 684
735 683
730 683
733 684
731 682
737 683
732 683
738 682
715 684
714 683
715 682
716 683
717 682
718 682
717 681
716 682
717 683
719 683
719 684
715 683
718 683
713 683
