1059 350
1059 351
1060 351
1061 350
1062 351
1063 352
1063 353
1063 350
1062 354
1061 353
1060 354
1059 349
1060 348
1061 347
1062 348
1063 347
1059 355
1058 354
1057 355
1059 352
1064 348
1065 347
1064 351
1066 348
1067 347
1068 346
1066 349
1067 350
1068 349
1069 347
1060 353
1062 350
1061 352
1065 350
1064 354
1063 349
1067 349
1066 351
1059 354
1058 351
1065 349
1069 349
1060 346
1059 345
1060 344
1059 343
1060 342
1061 341
1062 341
1061 343
1063 340
1064 339
1064 341
1065 340
1062 343
1061 345
1063 342
1060 355
1058 355
1061 354
1063 351
1067 351
1068 350
1057 350
1070 347
1059 347
1065 342
1059 356
1065 351
1066 352
1069 351
1070 352
1071 351
1072 350
1073 351
1074 352
1071 353
1072 352
1070 354
1069 354
1068 355
1067 356
1066 357
1065 356
1069 356
1067 358
1068 357
1073 353
1065 358
1074 354
1066 359
1064 355
1063 356
1062 357
1063 358
1069 358
1071 355
1072 354
1067 360
1068 359
1070 356
1071 348
1072 347
1063 344
1066 361
1069 360
1070 361
1071 360
1072 359
1073 360
1074 359
1074 361
1071 362
1072 361
1070 363
1069 363
1068 364
1067 365
1066 364
1065 365
1066 366
1069 365
1067 367
1068 366
1066 368
1072 363
1067 369
1068 368
1070 365
1064 364
1063 365
1062 364
1061 363
1060 362
1059 361
1060 360
1061 359
1058 362
1061 361
1062 361
1059 363
1058 364
1057 364
1056 365
1055 364
1055 366
1057 366
1056 367
1055 368
1063 360
1064 361
1064 362
1057 368
1058 369
1059 370
1056 351
1055 350
1059 365
1055 352
1054 353
1056 369
1068 352
1057 352
1058 348
1057 348
1057 361
1056 360
1068 361
1068 370
1069 353
1072 349
1061 349
1072 358
1061 358
1053 354
1053 355
1054 355
1060 371
1061 372
1065 346
1064 350
1064 359
1075 359
1056 355
1056 364
1057 347
1068 347
1076 360
1076 361
1068 356
1057 356
1057 357
1057 365
1068 365
1069 348
1061 344
1072 353
1071 357
1060 357
1060 366
1071 366
1063 362
1064 345
1075 354
1056 350
1064 363
1056 359
1056 368
1076 355
1076 356
1068 351
1057 351
1057 360
1068 360
1067 364
1059 369
1060 352
1071 352
1060 361
1071 361
1063 357
1060 370
1063 366
1064 340
1064 349
1075 358
1064 358
1056 354
1064 367
1064 368
1064 369
1056 363
1057 346
1056 345
1067 359
1067 368
1070 364
1059 364
1060 347
1071 347
1063 343
1071 356
1060 356
1071 365
1060 365
1063 361
1063 370
1063 371
1064 372
1064 373
1064 344
1064 353
1075 353
1076 352
1076 351
1075 350
1075 349
1056 349
1075 362
1075 363
1075 364
1076 365
1056 358
1067 345
1067 354
1070 350
1067 363
1059 359
1070 359
1059 368
1052 356
1052 357
1053 358
1053 359
1051 355
1075 348
1076 347
1056 344
1056 353
1055 357
1052 360
1051 360
1052 361
1052 362
1053 363
1053 364
1052 365
1052 366
1051 364
1051 359
1050 358
1049 357
1049 356
1049 355
1048 355
1048 354
1077 362
1074 347
1074 365
1074 366
1078 363
1078 364
1079 365
1079 366
1055 361
1058 357
1066 370
1066 371
1067 372
1067 373
1058 366
1067 344
1068 343
1068 342
1068 341
1067 340
1067 353
1070 349
1067 362
1048 358
1048 359
1049 360
1049 361
1050 362
1047 357
1059 358
1070 358
1051 354
1050 353
1049 352
1049 351
1048 350
1048 349
1059 367
1051 363
1071 350
1063 346
1065 374
1066 375
1067 376
1068 375
1077 348
1062 359
1077 357
1077 366
1054 364
1074 351
1078 349
1078 350
1079 351
1079 352
1080 353
1080 354
1081 355
1079 355
1079 356
1079 357
1080 358
1078 355
1082 356
1082 357
1083 358
1083 359
1084 360
1083 357
1078 354
1082 360
1082 361
1082 362
1083 363
1083 362
1085 361
1066 347
1086 362
1087 361
1088 362
1087 360
1086 359
1086 363
1086 364
1087 365
1086 358
1085 357
1089 363
1089 364
1090 365
1090 366
1074 360
1058 343
1055 356
1078 358
1078 359
1079 360
1079 361
1080 362
1080 363
1081 364
1082 365
1082 366
1066 356
1058 352
1066 365
1055 365
1058 361
1066 374
1067 339
1068 338
1068 337
1066 338
1058 370
1067 348
1059 344
1067 357
1059 353
1048 353
1047 352
1046 351
1070 353
1070 362
1051 358
1081 359
1073 355
1074 356
1073 364
1084 364
1063 341
1065 360
1065 369
1062 345
1085 356
1084 355
1083 354
1083 353
1082 352
1082 351
1081 350
1080 349
1080 348
1079 347
1077 352
1054 350
1053 350
1053 349
1052 348
1052 347
1053 346
1054 346
1052 351
1052 352
1051 350
1050 349
1050 348
1055 347
1051 349
1062 363
1085 365
1085 366
1054 359
1077 361
1062 372
1066 342
1074 355
1078 353
1055 351
1074 364
1058 347
1066 360
1055 360
1058 356
1047 356
1046 355
1045 354
1044 353
1045 353
1044 352
1066 369
1058 365
1088 366
1067 343
1069 362
1070 348
1059 348
1061 367
1061 368
1062 368
1051 353
1081 354
1073 350
1081 363
1084 359
1050 357
1073 359
1065 355
1065 364
1065 373
1062 349
1077 347
1085 360
1062 358
1043 354
1042 354
1042 353
1041 355
1041 356
1041 357
1042 358
1040 355
1040 354
1043 355
1044 356
1044 357
1045 358
1045 359
1046 360
1047 361
1047 362
1048 363
1040 358
1039 357
1038 357
1038 356
1043 359
1077 356
1054 354
1062 367
1054 363
1077 365
1046 359
1074 350
1055 346
1078 348
1066 346
1066 355
1055 355
1068 374
1047 351
1047 360
1058 360
1088 361
1039 356
1069 357
1080 357
1069 366
1080 366
1091 366
1072 362
1061 362
1061 371
1053 367
1081 349
1082 348
1083 349
1083 348
1082 347
1084 350
1084 351
1085 352
1086 353
1087 352
1088 353
1087 351
1087 350
1086 350
1086 354
1087 355
1087 356
1088 357
1088 358
1089 359
1090 360
1090 361
1091 362
1091 363
1086 349
1089 354
1090 355
1091 354
1092 355
1091 353
1090 352
1090 356
1090 357
1091 358
1090 351
1089 350
1092 364
1093 356
1094 355
1095 356
1095 355
1094 354
1094 353
1093 352
1096 357
1097 358
1098 357
1099 358
1099 357
1098 356
1097 359
1098 360
1098 361
1098 362
1099 362
1097 363
1097 364
1098 365
1098 366
1100 359
1093 365
1094 364
1095 365
1095 364
1094 363
1093 366
1096 366
1089 349
1088 348
1089 347
1087 347
1090 347
1091 348
1091 349
1092 350
1097 362
1096 361
1095 360
1094 359
1094 358
1089 358
1100 363
1092 359
1093 351
1094 350
1095 351
1095 350
1094 349
1094 348
1095 347
1093 347
1096 352
1097 353
1098 352
1099 353
1098 351
1097 354
1100 354
1096 347
1093 360
1093 361
1096 356
1096 365
1086 348
1085 347
1097 348
1098 348
1099 348
1098 347
1097 349
1089 353
1099 349
1100 350
1099 366
1100 349
1100 358
1092 354
1092 363
1093 355
1096 351
1085 351
1096 360
1089 348
1088 352
1099 352
1099 361
1091 357
1100 353
1092 349
1100 362
1081 358
1092 358
1065 341
1050 352
1073 354
1084 354
1050 361
1084 363
1073 363
1065 359
1042 357
1093 350
1065 368
1062 344
1062 353
1096 355
1085 355
1054 349
1077 351
1062 362
1043 358
1077 360
1054 358
1095 359
1046 354
1054 367
1076 364
1087 364
1066 341
1066 350
1057 369
1068 369
1058 346
1088 347
1099 347
1088 356
1099 356
1069 352
1080 352
1091 352
1088 365
1099 365
1072 348
1061 348
1069 361
1091 361
1080 361
1061 357
1072 357
1053 353
1061 366
1049 364
1100 348
1072 366
1053 362
1100 357
1092 353
1081 353
1084 349
1073 349
1081 362
1092 362
1065 345
1084 358
1050 356
1073 358
1065 354
1050 365
1065 363
1065 372
1043 353
1095 354
1076 350
1095 363
1046 358
1076 359
1087 359
1079 364
1068 373
1088 351
1099 351
1080 347
1091 347
1099 360
1088 360
1080 356
1091 356
1049 350
1080 365
1091 365
1053 348
1049 359
1053 357
1061 370
1100 352
1053 366
1092 348
1081 348
1050 351
1068 371
1084 353
1050 360
1042 356
1098 355
1083 366
1098 364
1064 371
1054 348
1078 365
1095 349
1095 358
1046 353
1076 354
1087 354
1079 350
1087 363
1076 363
1079 359
1057 359
1045 357
1088 355
1099 355
1080 351
1091 351
1099 364
1091 360
1080 360
1072 356
1049 354
1061 356
1053 352
1072 365
1061 365
1049 363
1053 361
1094 362
1060 369
1073 348
1084 348
1065 344
1050 355
1083 352
1098 350
1042 360
1083 361
1098 359
1064 357
1075 357
1075 366
1064 366
1056 362
1058 350
1095 353
1076 349
1087 349
1095 362
1057 345
1068 345
1087 358
1076 358
1079 354
1045 352
1057 354
1068 354
1045 361
1045 362
1044 361
1068 363
1057 363
1079 363
1037 357
1068 372
1088 350
1099 350
1061 342
1080 355
1069 355
1091 355
1072 351
1049 349
1061 351
1053 347
1072 360
1049 358
1053 356
1094 357
1071 364
1060 364
1094 366
1065 339
1063 369
1083 347
1064 343
1083 356
1075 352
1064 352
1098 354
1083 365
1056 348
1041 359
1075 361
1098 363
1056 357
1064 370
1095 348
1056 366
1095 357
1068 340
1087 353
1076 353
1057 349
1079 349
1076 362
1087 362
1068 358
1057 358
1045 356
1079 358
1068 367
1090 364
1067 371
1061 346
1049 353
1053 351
1094 352
1060 350
1060 359
1071 359
1094 361
1052 355
1063 355
1060 368
1063 364
1052 364
1044 360
1063 373
1083 351
1050 350
1075 347
1064 347
1098 349
1083 360
1041 354
1064 356
1098 358
1075 356
1056 352
1064 365
1075 365
1056 361
1064 374
1095 352
1087 348
1076 348
1068 344
1057 344
1068 353
1057 353
1045 351
1079 353
1090 350
1045 360
1037 356
1090 359
1082 355
1067 366
1082 364
1059 362
1048 362
1067 375
1060 345
1094 347
1094 356
1071 354
1052 350
1071 363
1094 365
1060 363
1052 359
1063 359
1044 355
1063 368
1064 342
1083 355
1075 351
1098 353
1083 364
1056 347
1075 360
1041 358
1064 360
1056 356
1086 357
1097 357
1097 366
1086 366
1078 362
1089 362
1068 339
1068 348
1079 348
1045 355
1067 352
1090 354
1082 350
1067 361
1090 363
1048 357
1082 359
1059 357
1070 357
1067 370
1070 366
1059 366
1051 362
1060 349
1071 349
1094 351
1063 345
1060 358
1086 361
1097 361
1078 357
1089 357
1078 366
1089 366
1066 373
1067 338
1090 349
1090 358
1086 352
1082 354
1048 352
1051 348
1048 361
1082 363
1067 374
1051 357
1040 357
1052 349
1052 358
1093 359
1044 354
1063 367
1096 364
1085 364
1062 371
1056 346
1086 347
1097 347
1086 356
1097 356
1089 352
1078 352
1074 363
1086 365
1097 365
1078 361
1089 361
1055 359
1047 355
1067 342
1090 353
1082 349
1090 362
1082 358
1048 356
1051 352
1100 366
1051 361
1052 353
1093 354
1085 350
1096 350
1093 363
1044 358
1085 359
1096 359
1077 355
1062 366
1054 362
1077 364
1097 351
1086 351
1074 349
1078 347
1066 345
1055 345
1086 360
1097 360
1074 358
1078 356
1066 354
1055 354
1089 356
1047 350
1089 365
1066 363
1055 363
1047 359
1058 359
1066 372
1039 355
1067 337
1058 368
1090 348
1067 346
1059 342
1067 355
1082 353
1070 351
1048 351
1070 360
1048 360
1059 360
1100 361
1040 356
1051 356
1081 357
1092 357
1051 365
1092 366
1081 366
1060 343
1084 362
1073 362
1063 348
1065 367
1093 349
1093 358
1096 354
1062 352
1085 354
1077 350
1085 363
1096 363
1054 357
1077 359
1043 357
1062 370
1054 366
1046 362
1066 340
1086 355
1097 355
1074 353
1055 349
1078 351
1089 351
1074 362
1058 345
1055 358
1089 360
1066 358
1078 360
1047 354
1066 367
1055 367
1047 363
1058 363
1088 364
1067 341
1059 346
1100 347
1070 355
1100 356
1051 351
1081 352
1092 352
1100 365
1081 361
1092 361
1084 357
1073 357
1065 353
1050 364
1084 366
1073 366
1065 362
1093 353
1065 371
1096 349
1062 347
1085 349
1093 362
1096 358
1062 356
1085 358
1077 354
1054 352
1062 365
1054 361
1077 363
1046 357
1097 350
1074 348
1066 344
1074 357
1089 355
1066 353
1055 353
1058 349
1066 362
1055 362
1047 358
1058 358
1088 359
1099 359
1058 367
1080 364
1091 364
1069 364
1061 360
1061 369
1100 351
1053 365
1081 347
1092 347
1100 360
1081 356
1092 356
1084 352
1073 352
1092 365
1081 365
1065 348
1084 361
1073 361
1050 359
1042 355
1065 357
1065 366
1093 348
1062 342
1093 357
1096 353
1085 353
1054 347
1077 349
1085 362
1096 362
1062 360
1077 358
1043 356
1054 356
1062 369
1046 352
1054 365
1095 366
1046 361
1066 339
1055 348
1057 367
1058 344
1068 376
1058 353
1047 353
1099 354
1088 354
1069 350
1080 350
1091 350
1088 363
1099 363
1039 358
1069 359
1080 359
1091 359
1072 355
1061 355
1072 364
1061 364
1049 362
1053 360
1100 355
1092 351
1081 351
1100 364
1073 347
1084 347
1081 360
1092 360
1065 343
1084 356
1050 354
1073 356
1065 352
1050 363
1084 365
1073 365
1065 361
1042 359
1065 370
1062 346
1085 348
1096 348
1071 358
1094 360
1062 355
1052 354
1063 354
1054 351
1077 353
1060 367
1052 363
1063 363
1093 364
1054 360
1043 360
1095 361
1044 359
1046 356
1087 357
1076 357
1063 372
1083 350
1076 366
1087 366
1064 346
1066 343
1068 362
1057 362
1088 349
1097 352
1079 362
1075 355
