417 320
417 319
418 319
416 318
419 319
417 318
416 321
417 321
419 318
415 320
414 319
416 319
413 320
412 319
411 320
410 321
409 320
415 317
414 316
416 316
417 315
416 314
413 317
415 314
418 316
419 315
416 322
415 323
415 324
414 322
413 323
413 324
413 325
412 325
412 322
411 323
410 324
409 323
418 322
420 319
411 325
412 324
408 320
413 316
412 315
413 314
412 313
411 316
410 315
409 314
409 316
410 317
414 315
410 326
414 324
418 315
411 318
421 320
422 319
420 321
412 317
411 327
412 326
419 322
422 321
423 322
424 323
423 324
424 325
410 319
413 318
414 317
410 328
414 326
416 323
418 317
420 314
420 323
421 322
423 319
424 318
423 317
422 317
424 316
423 315
424 314
425 313
426 312
426 314
412 328
425 322
426 321
426 323
408 315
407 316
422 314
419 324
418 324
422 323
424 320
406 317
407 318
405 316
420 316
411 313
421 315
426 311
427 310
426 309
420 325
420 326
421 325
419 327
418 326
417 327
416 328
415 329
416 330
414 328
418 328
418 329
419 329
421 324
423 321
412 321
404 317
425 315
426 316
427 317
426 318
427 319
427 312
428 313
425 324
427 321
419 317
408 317
410 314
422 316
413 313
424 313
423 312
424 311
423 310
422 310
424 309
423 308
422 308
424 307
425 306
424 305
426 305
426 307
422 307
421 306
421 305
421 304
420 303
422 303
422 305
420 307
423 303
424 302
425 301
424 300
425 299
426 298
427 299
423 301
420 317
426 300
426 302
426 303
428 299
427 303
428 302
406 315
405 314
429 301
430 300
424 304
417 329
419 326
410 323
422 325
409 325
408 326
408 327
414 321
423 305
415 322
418 321
406 319
405 320
426 304
420 318
411 315
421 317
412 314
423 314
415 331
414 332
413 332
412 331
414 331
414 333
415 334
414 335
414 336
415 336
416 337
416 338
417 339
418 340
424 321
419 340
417 336
418 336
418 335
417 334
418 333
417 332
418 331
419 331
425 304
419 333
415 338
412 330
419 335
407 314
413 334
418 330
407 327
406 328
405 328
406 329
425 308
423 323
412 323
427 305
428 306
416 339
404 319
425 317
427 314
422 309
424 306
417 322
408 319
422 318
410 316
409 318
414 314
417 331
419 328
408 328
408 329
410 325
409 327
417 340
414 323
420 302
415 315
429 314
429 315
430 316
431 315
418 314
428 300
413 327
423 307
418 323
420 320
414 338
413 338
413 339
421 319
423 316
415 333
412 316
427 298
428 297
428 296
429 296
430 297
430 298
431 296
432 296
418 332
416 332
407 329
423 325
425 310
425 319
422 302
427 316
424 299
428 315
411 329
410 330
417 324
419 321
410 318
415 318
417 333
429 298
419 330
410 327
409 329
421 303
423 300
406 314
429 316
430 315
413 329
423 309
415 326
418 325
416 325
421 321
412 318
415 335
423 318
425 303
427 300
414 337
416 334
415 321
425 312
427 309
411 322
425 321
425 307
422 304
427 318
426 320
428 317
417 317
419 314
411 331
408 314
417 326
419 323
410 320
412 339
411 339
409 322
417 335
419 332
429 300
430 299
424 322
413 322
423 302
415 319
418 318
406 316
405 318
418 339
407 315
421 314
413 331
423 311
415 328
414 330
405 327
416 327
421 323
425 305
415 337
427 302
414 339
416 336
428 301
425 314
427 311
426 313
411 324
422 306
423 304
425 323
427 320
426 322
419 316
408 316
412 332
409 315
417 328
419 325
409 324
417 337
424 315
413 315
421 307
424 324
406 318
416 320
407 317
413 333
421 316
415 330
423 313
406 327
416 329
407 326
415 339
427 304
426 306
411 317
425 316
427 313
426 315
428 312
411 326
425 325
427 322
408 318
409 317
417 330
416 335
409 326
424 308
422 320
424 317
429 313
413 326
423 306
414 325
407 319
413 335
421 318
415 332
425 300
414 334
416 331
426 299
407 328
425 309
427 306
426 308
416 340
420 322
419 302
411 319
425 318
427 315
418 334
426 317
428 314
417 314
411 328
412 327
417 323
419 320
409 319
424 301
429 297
422 313
409 328
424 310
422 322
421 302
413 319
424 319
415 316
414 318
405 315
416 315
430 314
410 329
413 328
415 325
414 327
416 324
407 321
425 302
426 301
416 333
420 315
428 298
425 311
427 308
418 327
426 310
420 324
411 321
425 320
412 320
423 320
426 319
417 316
428 316
411 330
412 329
417 325
409 321
424 303
429 299
422 315
409 330
424 312
422 324
410 322
413 321
414 320
416 317
419 334
405 317
410 331
413 330
415 327
414 329
416 326
427 301
418 320
411 314
448 330
447 331
448 332
449 331
448 329
449 328
450 329
447 330
450 331
451 332
450 330
450 333
452 333
453 332
454 331
451 331
452 330
454 330
453 334
453 335
454 334
454 333
451 334
453 331
450 332
452 332
452 335
455 331
447 333
455 334
456 333
449 330
448 328
454 332
452 334
449 332
450 334
452 331
454 335
449 327
449 333
448 331
455 333
451 330
447 329
451 333
453 330
447 332
449 329
453 333
448 333
430 335
431 335
432 334
432 333
430 334
432 335
430 333
433 334
434 335
434 336
431 334
435 337
434 334
433 333
434 333
429 333
428 333
427 334
428 335
433 332
427 335
431 333
433 335
460 324
460 325
461 325
459 323
459 324
458 325
458 324
459 326
459 325
458 323
