595 658
594 657
593 657
592 656
591 657
595 657
596 656
592 658
591 656
592 655
594 658
591 659
597 657
590 660
590 661
591 662
592 661
589 659
590 657
589 656
588 657
593 656
594 655
595 654
595 653
596 658
593 659
595 656
596 655
597 654
598 655
599 654
600 653
593 654
593 662
595 659
587 658
586 657
600 655
601 655
601 654
602 653
591 655
592 660
591 658
592 657
594 654
592 663
594 660
597 653
591 661
597 656
599 653
589 658
588 656
599 656
598 654
588 659
590 656
593 655
590 659
593 658
595 655
596 654
593 661
596 657
601 653
600 654
591 660
592 659
594 656
592 662
594 659
599 655
598 653
597 655
588 658
598 656
589 657
602 654
590 658
589 660
596 653
593 660
587 657
