452 302
453 303
451 303
450 303
449 303
452 303
448 303
447 304
449 304
446 305
448 302
447 301
446 302
451 301
452 300
449 301
448 305
451 304
453 301
454 300
455 299
456 300
457 299
453 304
454 303
455 302
456 303
457 302
445 306
458 303
456 304
452 305
455 304
446 301
445 300
446 299
447 298
444 301
457 301
447 300
449 306
456 305
451 300
453 306
454 305
445 302
444 303
443 303
452 307
451 307
450 308
451 309
450 310
455 306
447 302
456 307
457 308
451 302
453 299
452 298
451 298
453 297
454 296
453 295
455 295
455 297
454 298
451 311
452 312
453 313
454 312
455 311
456 312
452 314
455 313
456 314
453 315
454 314
452 316
451 316
450 315
450 317
451 318
450 319
453 308
454 307
445 304
449 320
448 319
447 318
448 317
447 316
446 315
454 316
458 298
459 299
458 307
459 306
458 305
460 305
450 312
449 313
448 312
447 311
448 310
447 309
446 308
447 307
445 309
444 310
454 310
445 311
452 309
452 318
460 298
456 309
460 307
443 300
446 317
445 318
444 317
445 316
443 316
442 315
441 314
442 313
441 312
443 312
440 315
439 315
443 314
441 316
440 317
439 317
441 318
442 318
442 317
448 314
451 313
454 309
443 309
442 308
441 307
442 306
441 305
443 305
440 308
439 308
443 307
441 309
440 310
439 310
440 319
439 320
438 320
443 318
455 301
456 313
437 319
447 297
446 310
457 310
446 319
438 315
449 315
458 302
450 298
461 298
458 311
458 312
461 307
439 307
450 307
442 303
450 316
439 316
442 312
462 299
462 300
463 301
451 299
454 295
451 308
462 308
462 309
443 304
454 304
454 313
453 317
454 318
446 296
457 305
446 314
457 314
438 310
449 310
438 319
449 319
458 297
458 306
450 302
458 315
458 316
450 311
439 311
439 312
442 307
442 316
443 299
442 298
454 299
453 312
445 308
445 317
446 300
457 300
446 309
457 309
449 305
446 318
438 314
449 314
458 301
450 297
449 296
461 297
461 306
450 306
439 306
438 305
442 302
442 311
441 315
454 294
455 293
455 292
454 291
454 290
453 298
453 307
445 303
453 316
445 312
446 295
457 304
443 319
446 304
449 300
457 313
446 313
449 309
438 309
449 318
438 318
458 296
457 295
461 301
461 302
461 303
462 304
450 301
442 297
443 296
444 296
443 295
442 294
442 293
452 310
441 310
441 319
452 319
453 293
453 302
445 298
453 311
445 307
453 320
449 295
438 304
439 303
439 302
438 301
438 300
437 317
442 292
443 291
444 292
443 290
442 289
442 288
441 296
445 293
445 320
457 294
458 293
459 294
458 292
457 291
457 290
446 294
447 293
447 292
446 291
446 290
447 289
448 289
447 288
445 289
449 290
450 289
451 290
451 291
450 288
449 291
450 292
450 293
451 294
451 295
450 287
451 286
451 285
450 284
450 283
449 282
449 286
449 281
448 280
447 279
447 278
446 277
446 276
447 275
448 275
447 274
447 273
446 272
449 299
438 299
439 298
439 297
438 296
438 295
460 296
437 303
441 291
452 291
464 302
464 303
465 304
465 305
466 306
465 303
466 302
466 301
465 300
465 299
464 298
463 297
463 296
462 295
462 294
461 293
461 292
462 291
463 292
462 290
461 289
461 288
462 289
461 287
462 286
463 287
462 285
461 284
461 283
461 282
462 281
463 282
463 283
462 280
461 279
461 278
462 277
463 278
462 276
463 277
462 275
463 274
463 273
462 272
462 271
461 270
461 274
460 273
459 272
459 271
458 273
458 274
457 272
461 269
462 270
461 273
464 275
464 284
465 285
465 286
466 287
466 288
467 289
465 289
465 290
464 289
464 293
465 294
466 293
467 294
466 292
465 295
468 295
468 296
469 297
469 298
470 299
469 296
470 295
470 294
469 293
469 292
468 291
471 296
472 297
472 298
473 299
473 300
474 301
475 302
475 303
476 304
476 305
477 306
477 307
477 305
476 308
475 308
476 309
476 310
477 311
477 310
475 307
474 306
475 311
475 312
476 313
476 314
476 315
477 316
477 315
475 316
474 315
475 317
476 318
476 319
477 320
478 317
479 318
480 317
481 317
480 316
479 319
480 320
480 321
480 322
481 322
479 323
479 324
475 320
475 321
475 322
476 323
476 324
477 325
477 324
475 325
475 326
453 292
445 288
444 287
443 286
443 285
442 284
442 283
443 282
444 283
444 282
443 281
443 280
442 279
445 284
446 285
447 284
447 283
446 286
442 278
443 277
444 278
444 277
443 276
445 279
474 324
473 323
473 322
472 322
472 321
472 320
471 319
470 318
470 317
469 316
468 315
469 315
468 314
471 323
470 322
469 321
468 320
469 320
468 319
471 324
472 325
472 326
468 318
467 317
468 290
445 297
468 299
468 300
468 301
469 302
469 303
470 304
470 303
469 301
468 304
468 305
469 306
469 307
470 308
471 305
472 306
472 307
473 308
473 309
473 310
472 311
472 312
473 313
471 310
470 310
469 311
469 312
470 313
468 310
469 310
468 309
471 314
471 315
472 316
472 317
473 318
472 315
446 271
447 270
448 271
448 270
447 269
449 272
449 273
450 274
451 275
451 276
451 277
450 278
450 279
451 280
451 281
449 277
450 273
451 272
463 288
451 271
450 270
451 269
452 268
451 267
450 269
445 270
444 269
443 268
444 268
443 267
457 271
456 270
455 270
455 269
455 268
454 267
454 271
454 272
455 273
455 274
456 275
455 276
454 277
455 278
455 279
456 279
454 276
454 280
454 281
454 282
455 283
456 284
453 279
457 276
457 277
458 278
458 279
459 280
459 281
458 282
458 283
458 284
459 285
457 281
457 285
457 286
458 287
458 288
458 277
459 276
453 283
453 284
454 285
454 286
455 287
455 288
465 284
466 283
466 282
465 281
465 280
466 279
467 280
466 278
468 281
468 282
469 283
470 282
471 282
470 281
470 280
469 279
470 284
470 285
470 286
471 287
469 287
469 288
470 289
470 290
468 287
469 282
468 286
467 285
472 288
473 289
473 290
473 291
474 292
474 293
473 294
473 295
474 296
474 297
472 293
475 298
456 274
476 299
476 300
477 301
477 302
475 293
476 294
477 293
478 294
477 292
476 291
477 290
478 289
477 288
477 287
477 291
476 286
477 285
478 285
476 295
476 296
477 297
477 296
477 286
476 290
475 289
476 285
451 314
475 284
474 283
474 282
473 281
474 280
475 280
473 280
476 281
477 280
478 280
479 281
473 305
446 270
473 304
472 303
477 282
477 283
472 302
472 279
467 303
478 303
457 280
446 280
446 281
478 312
479 312
480 312
481 311
482 310
481 313
476 289
480 311
479 310
483 311
484 310
457 289
461 277
485 311
449 285
444 319
478 311
481 323
469 322
484 309
483 312
456 293
442 300
439 295
440 294
460 300
469 304
464 294
462 310
462 311
461 312
462 313
479 313
471 309
437 316
436 315
475 279
452 295
464 306
476 280
463 310
474 319
453 296
445 292
467 316
466 315
459 312
460 277
478 325
479 290
471 286
456 306
440 298
460 313
452 272
472 287
473 286
474 287
464 283
475 292
441 299
452 308
453 273
445 269
455 319
455 320
447 315
467 293
459 289
459 290
478 302
444 309
456 283
448 279
460 290
479 303
480 303
481 303
471 299
437 306
436 306
435 305
434 306
433 305
436 305
448 315
440 311
481 312
452 285
463 300
482 313
455 296
474 309
466 305
445 282
478 279
444 286
467 306
459 302
478 315
479 280
436 318
435 318
435 317
434 316
433 315
477 319
456 296
448 292
464 273
470 316
462 312
441 289
440 288
439 287
438 286
454 308
473 321
474 286
463 313
455 309
474 322
447 305
466 318
467 283
459 279
478 292
444 299
456 273
448 269
460 280
437 296
436 295
435 295
470 293
440 301
481 302
473 298
452 275
485 309
463 290
482 303
483 303
484 304
455 286
474 299
447 282
466 295
444 276
435 307
480 315
459 292
436 308
477 309
469 305
448 282
439 319
451 293
470 306
443 289
462 302
481 315
473 311
476 322
447 295
432 315
431 314
432 313
431 312
430 315
432 312
478 282
444 289
439 296
458 309
477 322
450 305
451 270
469 318
442 301
470 283
461 314
462 279
454 275
473 288
451 306
443 302
462 315
463 280
454 311
474 289
447 272
466 285
446 312
438 308
458 286
449 317
477 299
450 282
482 301
482 300
469 295
461 291
439 309
450 318
451 283
470 296
442 314
443 279
462 292
454 288
473 301
476 312
468 308
447 285
434 315
480 282
480 283
465 302
457 298
480 318
439 286
458 299
450 295
469 308
442 291
461 304
462 269
481 282
472 319
443 292
463 270
475 324
453 305
465 279
463 306
463 315
435 296
464 316
435 297
464 315
476 325
468 321
465 315
438 298
456 281
435 314
457 311
436 297
440 285
439 284
441 286
458 276
449 307
477 289
438 287
464 313
465 313
465 312
450 272
469 285
461 281
466 311
439 299
472 296
481 304
480 305
480 306
451 273
442 304
483 305
483 306
443 269
462 282
454 278
452 317
484 306
476 302
468 298
434 305
453 318
445 314
446 279
482 305
432 304
431 304
430 305
465 292
457 288
449 284
438 311
458 289
450 285
442 281
461 294
472 309
464 305
475 314
431 303
431 302
432 302
476 279
433 317
433 318
445 291
468 311
434 318
446 292
478 324
432 318
438 288
477 279
449 297
437 289
461 271
460 312
471 321
472 286
436 288
435 287
464 282
475 291
454 268
441 298
453 272
476 292
468 288
472 285
435 309
472 284
434 295
433 295
433 294
434 293
446 269
465 282
457 278
449 274
460 289
479 302
471 298
450 275
437 305
456 318
457 319
458 320
458 319
457 321
458 322
459 322
460 322
452 284
472 299
464 295
483 308
475 304
441 311
482 312
433 307
452 320
453 285
445 281
467 305
446 282
459 301
478 314
479 279
449 287
436 317
456 295
448 291
460 302
479 315
471 311
458 321
432 295
431 294
430 295
430 294
464 272
437 318
429 314
475 281
441 288
452 297
476 282
463 312
429 294
455 308
474 321
428 293
428 292
428 291
429 292
430 292
431 292
431 291
432 290
432 292
466 317
445 294
478 291
444 298
467 318
459 314
460 279
479 292
480 293
481 292
482 291
481 290
482 290
471 288
437 295
456 308
429 291
448 304
440 300
452 274
472 289
485 308
464 285
451 315
475 294
441 301
454 320
482 302
474 298
453 275
445 271
455 321
447 317
467 295
486 308
487 309
488 309
489 308
488 307
490 309
491 310
489 307
491 309
490 311
459 291
478 304
444 311
436 307
456 285
448 281
460 292
471 301
437 308
429 304
428 304
428 303
428 302
428 301
429 302
427 301
426 302
426 301
429 301
470 305
440 313
481 314
441 278
440 278
440 277
452 287
463 302
482 315
483 316
484 316
455 298
474 311
447 294
466 307
466 308
432 314
478 281
444 288
435 319
467 308
459 304
460 269
459 269
479 282
436 320
437 285
436 285
435 285
435 284
436 283
434 283
433 282
437 283
432 282
431 282
430 282
431 281
432 280
431 279
432 279
434 282
433 284
433 285
434 285
436 284
477 321
456 298
469 317
429 281
429 280
428 279
429 279
428 281
448 294
440 290
451 305
443 301
462 314
463 279
482 292
483 293
484 294
484 293
483 295
483 296
484 296
485 297
485 296
486 296
487 296
488 297
489 297
487 298
487 299
488 299
490 298
491 297
490 299
491 299
492 300
493 301
494 302
495 303
493 300
492 302
495 302
496 301
495 300
496 300
496 303
497 303
498 303
498 302
494 304
486 295
493 302
485 298
485 299
474 288
466 284
432 291
486 298
489 309
425 301
424 300
424 299
423 298
422 299
421 299
421 298
424 298
425 297
424 296
425 296
425 299
426 299
427 299
427 298
423 300
422 298
425 298
421 300
481 281
481 280
482 280
482 282
483 283
484 284
485 284
486 284
486 283
484 283
483 285
486 285
487 286
488 287
485 286
485 287
488 286
489 285
488 284
490 286
491 287
489 287
491 286
487 288
487 289
488 289
490 288
490 289
491 289
492 290
493 290
494 291
495 290
496 291
494 292
496 290
495 292
489 286
492 291
492 292
493 292
485 288
474 278
431 316
430 317
432 281
435 286
496 302
488 298
465 314
436 287
489 299
461 316
481 294
480 295
431 293
484 305
487 310
487 311
432 294
488 311
480 307
457 323
430 306
430 307
427 300
483 317
483 318
420 297
419 297
419 296
419 295
420 295
418 295
417 295
416 295
416 294
417 293
418 293
415 294
414 295
414 294
417 294
416 296
416 297
417 297
431 306
484 318
485 319
485 320
486 318
487 319
488 320
488 319
489 318
488 317
490 319
491 320
489 317
489 320
491 319
487 321
490 321
489 319
485 321
488 321
491 321
496 292
497 293
497 294
498 293
499 293
500 294
500 293
501 292
502 293
503 294
501 294
503 293
499 295
499 296
500 296
502 295
502 296
503 296
504 297
505 297
498 292
501 293
504 298
504 299
505 299
506 299
507 299
508 298
507 297
508 297
497 295
508 299
509 300
510 301
511 300
512 301
512 300
511 302
511 303
512 303
513 303
514 304
515 303
510 300
513 305
513 306
514 306
509 302
509 303
510 303
512 302
515 302
515 301
500 295
511 304
501 296
512 305
514 305
503 295
506 300
506 301
515 305
516 306
516 305
517 304
517 306
518 307
519 306
488 288
434 317
507 301
480 284
480 285
499 297
477 278
477 277
489 289
439 288
481 284
431 283
430 284
430 285
464 317
464 318
484 295
495 304
487 300
487 301
468 323
488 301
465 317
430 296
430 297
427 290
426 289
427 289
427 288
426 291
426 292
425 288
425 287
424 286
425 286
424 288
423 288
422 288
421 288
421 287
422 286
423 289
423 290
424 290
491 311
492 312
492 313
493 313
494 312
495 313
495 312
496 311
496 313
494 314
494 315
495 315
493 312
496 312
492 314
492 315
493 315
495 314
496 315
497 316
497 315
498 315
499 316
500 316
501 317
502 316
503 317
503 316
502 318
501 316
499 317
499 318
500 318
498 314
498 313
483 307
494 316
420 287
419 287
419 286
419 285
419 284
420 283
419 282
418 283
417 283
416 282
415 282
414 282
417 282
416 284
416 285
417 285
420 285
415 281
418 282
414 283
414 284
417 284
418 285
420 284
413 281
413 280
412 279
413 279
412 281
411 278
410 278
409 279
408 278
407 278
407 277
408 276
407 275
408 275
410 277
411 276
409 280
409 281
410 280
416 286
408 277
484 308
434 307
426 303
426 304
510 302
415 293
414 292
415 292
413 292
412 292
412 291
413 290
412 289
411 289
410 288
409 289
413 289
415 291
408 288
407 288
407 287
408 286
411 288
410 290
409 291
413 291
406 287
405 286
406 285
404 287
404 288
405 288
406 284
406 283
403 287
402 287
402 286
402 285
402 284
401 283
400 282
403 285
401 282
400 284
400 285
401 285
403 284
399 281
399 280
399 279
398 281
397 282
405 287
398 283
397 284
401 284
412 293
404 289
404 290
405 290
407 289
407 290
513 307
439 278
438 278
438 277
479 314
491 288
483 284
502 297
502 298
408 290
494 293
494 294
400 286
464 307
484 285
503 298
495 294
487 290
434 284
438 290
479 291
458 268
457 268
430 286
498 304
499 305
500 304
499 306
501 304
500 306
497 305
497 306
498 305
500 305
501 306
502 306
503 306
499 307
499 308
500 308
502 307
502 308
503 308
504 309
505 310
506 309
507 310
507 309
508 308
507 307
508 307
508 310
506 311
505 309
508 309
504 311
507 311
508 312
490 300
490 301
427 280
426 279
426 281
425 278
424 278
423 278
423 277
422 276
421 276
421 275
420 275
419 275
419 274
418 273
417 273
416 272
417 272
416 274
418 272
421 277
421 278
422 278
424 277
417 274
420 274
423 279
423 280
424 280
426 280
460 314
419 276
491 301
483 297
422 287
441 300
433 296
433 297
453 274
497 317
497 318
411 277
434 297
426 293
486 307
486 306
486 305
449 276
415 283
407 279
407 280
460 291
479 304
498 317
471 300
418 294
437 307
456 320
429 303
448 316
408 280
440 312
441 277
452 286
472 301
464 297
505 298
410 289
475 306
516 307
516 308
422 300
441 313
482 314
414 296
414 297
474 310
453 287
445 283
411 290
517 308
403 286
509 304
467 307
486 320
459 303
478 316
498 294
490 290
490 291
436 319
396 283
395 283
395 282
437 284
456 297
448 293
440 289
460 304
501 305
471 313
491 291
504 310
464 274
437 320
429 316
475 283
422 277
441 290
433 286
433 287
452 299
505 311
497 307
497 308
463 314
468 280
455 310
474 323
434 287
447 306
466 319
466 320
467 284
486 297
478 293
457 270
444 300
436 296
415 273
414 272
414 274
414 273
467 320
459 316
500 317
460 281
479 294
471 290
418 284
437 297
456 310
429 293
448 306
421 289
421 290
440 302
501 318
493 314
452 276
485 310
464 287
451 317
410 279
443 313
422 290
463 291
482 304
474 300
453 277
466 296
466 297
445 273
444 274
432 303
411 280
435 308
447 319
467 297
486 310
459 293
478 306
425 300
444 313
417 296
436 309
409 292
409 293
456 287
428 305
428 306
448 283
489 321
440 279
440 280
460 294
501 295
406 286
493 291
398 282
512 304
418 297
504 300
504 301
429 306
470 307
462 303
481 316
441 280
482 281
473 312
452 289
399 283
505 301
431 315
410 292
402 288
463 304
482 317
455 300
474 313
447 296
466 309
486 287
459 270
432 316
478 283
444 290
436 286
428 282
428 283
489 298
508 311
460 271
500 307
479 284
492 303
492 304
471 280
458 310
418 274
477 323
437 287
469 319
429 283
448 296
461 315
421 279
440 292
481 293
501 308
493 304
485 300
470 320
462 316
422 280
463 281
482 294
455 277
473 325
474 290
466 286
432 293
424 289
444 267
435 298
435 299
496 314
488 310
467 287
459 283
478 296
425 290
417 286
457 322
436 299
409 282
409 283
477 300
428 295
456 277
448 273
489 311
492 316
418 287
458 323
451 284
470 297
462 293
481 306
454 289
473 302
420 296
431 305
410 282
423 301
423 302
484 317
463 294
455 290
474 303
447 286
515 304
466 299
507 300
413 293
432 306
405 289
424 302
397 285
397 286
444 280
416 298
416 299
489 288
480 319
508 301
500 297
492 293
492 294
511 306
417 299
430 318
458 300
477 313
450 296
469 309
461 305
481 283
501 298
473 279
406 289
493 294
398 285
451 297
443 293
462 306
503 307
463 271
482 284
454 302
455 267
473 315
506 312
506 313
431 318
432 283
424 279
416 275
416 276
435 288
468 322
496 304
447 299
488 300
507 313
480 296
480 297
499 309
459 273
446 303
465 316
425 280
457 312
417 276
436 289
449 308
469 286
489 301
500 310
439 300
458 313
450 309
451 274
470 287
442 305
443 270
443 271
462 283
481 296
454 279
473 292
420 286
412 282
412 283
431 295
423 291
423 292
443 306
484 307
476 303
495 316
455 280
447 276
487 312
487 313
413 283
453 319
432 296
445 315
424 292
465 293
444 270
496 317
488 313
480 309
446 316
438 312
439 277
458 290
430 308
430 309
477 303
409 285
450 286
469 299
442 282
461 295
408 289
427 302
514 307
419 298
419 299
439 313
472 310
451 287
443 283
483 319
483 320
503 297
475 315
454 292
495 293
401 286
420 299
506 302
506 303
431 308
404 291
484 320
476 316
496 294
468 312
488 290
434 319
507 303
480 286
480 287
405 292
446 293
465 306
438 289
449 298
461 272
427 279
439 290
471 322
450 299
491 300
442 295
461 308
462 273
502 309
502 310
454 269
494 305
494 306
473 282
420 276
472 323
431 285
423 281
464 319
484 297
503 310
476 293
495 306
468 289
487 302
434 296
453 309
413 273
412 273
412 272
445 305
465 283
457 279
449 275
446 306
438 302
457 315
456 316
498 316
430 298
458 280
449 311
490 312
490 313
450 276
469 289
461 285
456 319
408 279
427 292
419 288
472 300
491 313
464 296
483 309
475 305
433 308
433 309
453 286
476 306
517 307
468 302
434 309
426 305
446 283
486 319
465 296
438 279
438 280
457 292
449 288
510 304
396 282
415 295
407 291
407 292
460 303
439 280
479 316
430 311
429 312
471 312
491 290
442 285
483 286
483 287
429 315
502 299
475 282
408 292
494 295
494 296
472 313
464 309
484 287
475 318
476 283
495 296
468 279
434 286
426 282
426 283
445 295
457 269
415 272
467 319
459 315
479 293
498 306
458 270
471 289
490 302
490 303
461 275
427 282
460 316
471 325
472 290
491 303
464 286
483 299
475 295
422 289
441 302
414 285
414 286
433 298
433 299
432 300
452 311
453 276
445 272
411 279
497 319
497 320
468 292
434 299
426 295
467 296
446 273
486 309
478 305
457 282
444 312
449 278
415 285
456 286
407 281
513 299
460 293
479 306
471 302
418 296
437 309
456 322
429 305
448 318
421 301
421 302
420 303
440 314
441 279
452 288
399 282
464 299
505 300
410 291
497 296
497 297
422 302
463 303
482 316
487 282
414 298
433 311
474 312
453 289
445 285
486 286
411 292
403 288
509 306
395 284
395 285
394 286
467 309
459 305
460 270
478 318
479 283
498 296
471 279
490 292
396 285
437 286
456 299
429 282
448 295
440 291
460 306
501 307
493 303
472 280
464 276
504 312
504 313
503 314
483 289
429 318
470 319
475 285
422 279
441 292
414 275
414 276
413 277
482 293
433 288
473 324
452 301
505 313
497 309
463 316
455 312
474 325
447 308
466 321
426 285
427 286
428 285
467 286
486 299
459 282
478 295
425 289
444 302
449 268
436 298
415 275
456 276
428 294
448 272
489 310
459 318
460 283
479 296
471 292
418 286
437 299
429 295
448 308
421 291
421 292
420 293
440 304
481 305
493 316
452 278
485 312
485 313
484 314
451 319
410 281
443 315
422 292
463 293
482 306
414 288
415 289
416 288
455 289
474 302
466 298
445 275
432 305
411 282
424 301
444 279
435 310
435 311
509 296
508 295
509 294
509 293
509 292
509 291
509 290
510 290
511 290
512 291
512 290
511 292
512 292
513 293
514 294
514 293
515 293
516 293
517 294
517 293
513 295
513 296
514 296
516 295
516 296
517 296
518 297
519 296
519 295
519 294
518 298
518 299
515 292
514 291
515 291
515 290
508 289
507 289
506 289
506 288
507 287
506 286
505 287
504 287
504 286
507 286
508 285
508 287
503 286
502 285
503 284
502 283
501 284
500 284
499 283
500 283
503 283
499 285
505 286
498 282
497 283
501 283
504 288
504 289
505 289
507 288
500 285
519 298
520 299
520 298
521 297
522 298
523 299
522 297
521 299
524 299
525 300
526 301
526 300
527 300
528 300
529 300
525 302
525 303
526 303
527 299
526 298
527 298
527 297
526 302
521 298
522 299
514 295
503 285
506 290
506 291
496 282
495 282
494 282
493 282
492 282
507 291
517 295
520 300
520 301
510 292
521 301
513 297
502 287
494 283
494 284
495 284
523 300
523 301
505 288
524 301
497 284
497 285
516 297
516 298
517 298
498 284
508 288
527 301
528 302
519 297
511 293
511 294
501 285
512 294
504 290
505 291
518 300
518 301
515 294
507 290
499 286
499 287
508 291
500 287
492 283
510 291
521 300
502 286
522 301
514 297
503 287
495 283
506 292
496 284
524 300
517 297
520 302
520 303
519 304
498 283
510 294
521 303
494 285
516 294
528 296
513 289
512 293
523 302
523 303
505 290
524 303
497 286
497 287
496 288
516 299
467 299
508 300
459 295
478 308
425 302
498 286
511 305
444 315
417 298
436 311
477 312
409 294
409 295
408 296
456 289
428 307
448 285
440 281
440 282
501 297
406 288
493 293
512 306
398 284
485 289
485 290
484 291
418 299
504 302
504 303
503 304
451 296
470 309
421 304
420 305
419 305
420 306
418 306
417 306
416 305
417 305
416 307
419 307
415 304
414 305
418 305
416 306
417 307
420 307
421 308
422 308
423 308
424 308
425 308
413 304
412 304
412 303
412 302
412 301
413 300
413 302
411 301
410 301
409 302
409 301
410 300
411 299
410 298
411 298
413 301
409 303
409 304
415 303
415 302
408 300
408 299
408 298
407 300
414 306
414 307
411 300
415 306
418 307
410 302
413 303
416 308
416 309
417 309
409 305
419 308
419 309
412 305
412 306
413 306
415 305
407 301
407 302
408 302
414 308
411 302
415 308
417 308
418 309
410 304
462 305
481 318
441 282
482 283
454 301
433 278
473 314
474 279
420 308
399 285
431 317
505 303
410 294
497 299
498 300
499 299
507 312
486 289
413 305
425 279
417 275
428 284
489 300
508 313
500 309
492 305
492 306
491 307
418 276
429 285
421 281
461 317
461 318
481 295
501 310
493 306
504 315
516 289
515 288
516 287
514 287
513 287
513 286
513 285
513 284
513 283
514 283
512 282
515 282
516 283
516 284
517 284
518 284
519 284
519 283
517 283
516 285
519 285
520 286
521 287
518 286
518 287
519 286
521 286
522 285
522 287
523 287
524 287
520 288
520 289
521 289
523 288
523 289
524 289
525 290
526 291
526 290
525 292
527 289
526 288
527 288
528 290
529 291
530 291
531 292
532 293
533 294
530 293
530 294
527 287
531 294
533 293
534 292
534 294
529 290
532 295
532 296
533 296
528 292
529 293
531 293
530 295
530 296
531 296
522 286
533 295
525 291
534 296
526 292
518 288
518 289
529 292
521 288
532 297
532 298
522 289
514 285
524 288
517 285
528 294
520 290
521 291
531 295
523 290
523 291
524 291
534 295
530 297
527 291
519 287
511 283
511 284
512 284
522 288
514 284
533 297
525 293
525 294
526 294
518 290
515 284
528 293
529 294
521 290
522 291
524 290
516 286
517 287
520 292
510 284
509 283
528 286
527 285
528 284
526 284
525 284
525 283
525 282
525 281
525 280
525 279
526 278
527 277
526 280
524 279
523 279
523 278
523 277
524 277
522 277
526 279
527 279
528 280
529 280
530 281
531 282
532 283
531 281
530 283
530 284
531 284
531 283
530 285
526 282
528 281
528 282
529 282
521 278
522 279
524 278
527 278
531 285
523 280
526 281
527 281
529 281
522 278
528 283
520 279
520 280
519 281
518 280
517 281
529 284
521 280
524 280
520 282
527 290
531 297
512 283
523 292
524 293
462 318
482 296
414 278
415 279
416 278
413 282
424 291
416 287
435 300
435 301
496 316
488 312
480 308
508 290
500 286
519 299
425 292
511 295
511 296
417 288
436 301
409 284
428 297
489 313
501 287
492 318
406 278
405 278
404 278
404 277
405 277
404 279
405 279
403 278
402 278
493 283
512 296
504 292
481 308
420 298
412 294
412 295
411 296
431 307
423 303
423 304
497 289
498 290
499 289
484 319
530 286
530 287
529 288
496 293
515 306
507 302
413 295
499 298
527 280
432 308
405 291
424 304
397 287
397 288
416 300
531 287
532 287
435 313
489 290
508 303
500 299
492 295
439 289
409 297
408 301
481 285
493 296
534 297
398 287
485 292
486 293
487 292
526 293
431 284
503 309
482 286
495 305
515 283
506 314
506 315
413 272
432 285
424 281
416 277
530 299
435 290
496 306
488 302
507 315
480 298
480 299
479 300
499 311
527 293
519 289
465 318
425 282
511 285
417 278
409 274
428 287
489 303
522 300
427 291
492 308
491 312
481 298
494 317
494 318
420 288
412 284
412 285
411 286
431 297
404 280
404 281
403 282
518 302
423 293
495 318
496 283
487 314
487 315
486 316
515 296
434 308
507 292
413 285
499 288
405 281
424 294
416 290
488 315
500 289
492 285
439 279
430 310
408 291
427 304
400 287
400 288
399 289
419 300
526 283
518 279
464 308
483 321
484 286
503 299
495 295
401 288
487 291
420 301
506 304
412 297
530 289
496 296
488 292
507 305
480 288
499 301
519 279
465 308
438 291
438 292
437 293
458 269
430 287
430 288
429 289
415 307
407 303
407 304
406 305
522 290
427 281
514 286
460 315
419 277
419 278
439 292
525 295
525 296
524 297
491 302
483 298
502 311
408 304
494 307
494 308
420 278
412 274
526 296
431 287
518 292
484 299
503 312
495 308
487 304
515 286
434 298
426 294
510 293
415 284
521 302
513 298
479 305
430 300
498 318
490 314
490 315
456 321
502 288
502 289
408 281
522 303
427 294
514 299
491 315
503 289
422 301
495 285
487 281
487 280
487 279
488 280
486 279
485 278
485 277
485 280
484 281
484 277
483 277
482 278
485 279
488 279
489 280
490 280
433 310
453 288
404 283
411 291
509 305
488 282
529 283
434 311
480 278
480 277
521 279
426 307
486 321
532 288
532 289
438 281
498 295
396 284
510 306
415 297
407 293
522 280
533 289
525 285
491 292
418 308
483 288
429 317
494 297
518 282
464 311
505 312
484 289
410 303
517 286
487 294
528 295
434 288
520 291
426 284
411 304
449 267
510 283
415 274
529 296
521 292
467 321
513 288
459 317
460 282
479 295
430 290
498 308
471 291
450 268
490 304
437 298
456 311
448 307
514 289
440 303
460 318
452 277
472 292
464 288
483 301
524 302
475 297
422 291
441 304
414 287
433 300
452 313
453 278
445 274
411 281
517 299
403 277
509 295
520 304
447 320
426 297
467 298
486 311
446 275
478 307
498 285
444 314
449 280
490 281
490 282
510 296
436 310
415 287
456 288
407 283
448 284
513 301
460 295
479 308
471 304
491 282
418 298
437 311
483 278
502 291
429 307
448 320
421 303
440 316
441 281
452 290
399 284
505 302
410 293
497 298
402 289
402 290
422 304
463 305
414 300
482 318
528 285
433 313
434 278
435 278
436 278
474 314
520 281
466 310
445 287
486 288
432 317
478 284
411 294
403 290
444 291
395 286
529 286
521 282
467 311
459 307
532 291
460 272
478 320
479 285
498 298
471 281
418 275
437 288
456 301
429 284
448 297
421 280
440 293
501 309
493 305
452 267
472 282
485 301
485 302
464 278
504 314
524 292
475 287
470 321
516 288
462 317
422 281
441 294
414 277
482 295
473 326
433 290
474 291
453 268
505 315
497 311
517 289
463 318
509 285
455 314
528 298
447 310
520 294
467 288
486 301
459 284
527 302
478 297
425 291
444 304
417 287
436 300
456 278
428 296
489 312
448 274
460 285
501 286
406 277
492 317
471 294
512 295
418 288
504 291
437 301
429 297
470 298
421 293
440 306
481 307
473 303
452 280
493 318
485 314
505 292
410 283
497 288
516 301
443 317
402 279
401 280
402 280
463 295
414 290
482 308
455 291
474 304
447 287
466 300
413 294
486 278
432 307
424 303
403 280
444 281
531 286
435 312
436 277
467 301
508 302
459 297
500 298
425 304
417 300
490 284
436 313
477 314
437 278
409 296
523 281
523 282
456 291
448 287
535 292
440 283
501 299
406 290
493 295
398 286
485 291
504 304
524 282
470 311
443 294
462 307
463 272
481 320
482 285
433 280
473 316
474 281
399 287
432 284
497 301
530 298
463 308
435 289
496 305
520 284
466 313
507 314
467 278
413 307
486 291
499 310
527 292
459 274
478 287
519 288
425 281
444 294
417 277
531 299
436 290
428 286
456 268
489 302
508 315
460 275
500 311
492 307
439 301
512 285
458 314
418 278
523 294
522 295
469 323
429 287
470 288
421 283
461 319
461 320
462 284
481 297
473 293
452 270
493 308
485 304
431 296
410 273
516 291
462 320
463 285
482 298
495 317
455 281
474 294
447 277
515 295
466 290
413 284
432 297
405 280
424 293
444 271
416 289
435 302
434 303
496 318
488 314
489 279
508 292
480 310
459 287
500 288
519 301
492 284
425 294
511 297
510 298
511 298
438 313
417 290
458 291
477 304
409 286
428 299
469 300
448 277
489 315
461 296
427 303
501 289
492 320
406 280
493 285
439 314
512 298
485 281
504 294
451 288
470 301
442 319
443 284
462 297
481 310
454 293
473 306
401 287
420 300
412 296
431 309
423 305
423 306
484 321
530 288
435 279
435 280
476 317
455 294
496 295
468 313
515 308
447 290
488 291
507 304
413 297
499 300
527 282
478 277
424 306
465 307
416 302
444 284
457 303
531 289
436 280
477 281
489 292
508 305
480 323
394 283
393 283
393 284
500 301
492 297
439 291
458 304
477 317
523 284
450 300
469 313
442 296
461 309
460 310
462 274
481 287
408 303
454 270
473 283
420 277
485 294
526 295
472 324
431 286
518 291
423 282
423 283
464 320
464 321
443 297
484 298
503 311
463 275
454 306
455 271
495 307
474 284
487 303
515 285
506 316
505 317
466 280
413 274
453 310
432 287
424 283
416 279
435 292
496 308
488 304
480 300
499 313
527 295
519 291
446 307
465 320
438 303
457 316
417 280
430 299
458 281
409 276
449 312
477 294
450 277
469 290
461 286
522 302
427 293
514 298
419 289
419 290
439 304
504 284
450 313
451 278
491 314
442 309
470 291
483 310
443 274
462 287
503 288
454 283
494 319
494 320
473 296
420 290
506 293
506 294
412 286
431 299
404 282
518 304
423 295
422 296
484 311
476 307
495 320
496 285
468 303
515 298
487 316
447 280
488 281
507 294
434 310
413 287
426 306
499 290
405 283
445 319
446 284
465 297
416 292
457 293
449 289
510 305
489 282
415 296
480 313
500 291
446 320
492 287
493 288
494 287
533 288
438 316
439 281
479 317
458 294
430 312
450 290
442 286
461 299
502 300
502 301
408 293
481 277
427 306
400 289
419 302
418 303
534 289
535 289
535 290
536 289
537 289
538 289
539 290
540 289
541 289
542 290
543 289
542 291
544 290
545 291
543 291
545 290
546 291
544 292
544 293
545 293
543 290
546 290
542 292
545 292
546 293
547 294
547 293
548 293
549 294
549 295
548 292
548 291
544 294
547 295
547 296
539 291
539 292
548 295
540 291
543 292
546 292
545 294
537 290
537 291
538 291
548 294
540 290
541 291
539 293
539 294
538 295
540 293
542 293
542 294
541 295
543 294
546 294
538 290
541 290
544 295
544 296
545 296
537 292
548 296
540 292
541 293
543 293
539 295
542 295
545 295
546 296
538 292
541 292
526 285
472 314
518 281
537 294
536 294
536 295
464 310
443 287
484 288
503 301
475 319
476 284
495 297
401 290
487 293
506 306
505 307
393 286
412 299
453 300
445 296
411 303
476 320
435 282
468 316
496 298
488 294
489 295
490 294
529 295
480 290
499 303
446 297
465 310
438 293
457 306
458 271
498 307
430 289
477 284
449 302
450 267
469 280
461 276
407 305
522 292
427 283
514 288
460 317
419 279
419 280
439 294
525 297
471 326
472 291
491 304
451 268
442 299
483 300
502 313
501 314
475 296
454 273
494 309
493 310
441 303
420 280
412 276
431 289
518 294
423 285
484 301
476 297
495 310
468 293
487 306
434 300
507 284
506 284
506 283
426 296
446 274
465 287
457 283
449 279
510 295
415 286
521 304
407 282
513 300
438 306
479 307
430 302
471 303
450 280
490 316
491 281
437 310
442 276
456 323
502 290
408 283
494 286
427 296
514 301
400 279
419 292
472 304
491 317
464 300
483 313
484 278
475 309
503 291
422 303
495 287
487 283
414 299
433 312
506 296
453 290
404 285
445 286
411 293
403 289
468 306
509 307
529 285
434 313
480 280
521 281
426 309
427 309
428 309
540 294
467 310
446 287
532 290
478 319
438 283
457 296
430 279
498 297
449 292
490 293
396 286
415 299
407 295
522 282
533 291
479 320
525 287
471 316
472 281
491 294
464 277
483 290
502 303
475 286
494 299
441 293
433 289
453 267
505 314
410 305
497 310
476 287
517 288
468 283
463 317
509 284
528 297
434 290
474 326
520 293
426 286
445 299
486 300
465 277
411 306
457 273
449 269
510 285
529 298
415 276
521 294
513 290
459 319
460 284
479 297
498 310
471 293
490 306
437 300
429 296
448 309
440 305
460 320
452 279
493 317
472 294
464 290
475 299
516 300
422 293
441 306
414 289
482 307
433 302
452 315
453 280
445 276
411 283
403 279
517 301
509 297
467 300
528 277
515 307
413 296
486 280
432 309
424 305
416 301
531 288
436 279
489 291
493 284
508 304
394 282
500 300
479 277
492 296
490 310
486 281
425 306
417 302
437 280
409 298
523 283
535 294
481 286
501 301
406 292
528 278
493 297
398 288
485 293
504 306
524 284
482 287
479 287
429 300
432 286
424 282
530 300
429 299
512 288
435 291
496 307
488 303
418 277
497 313
499 312
527 294
519 290
411 273
425 283
465 319
511 286
417 279
470 300
436 292
409 275
428 288
489 304
500 313
492 309
512 287
418 280
523 293
504 283
523 296
421 285
461 321
498 291
421 282
481 299
420 289
485 306
422 306
505 295
505 284
463 307
431 298
518 303
437 281
410 275
505 294
423 294
495 319
546 295
515 297
507 293
413 286
432 299
405 282
424 295
416 291
444 273
435 304
496 320
488 316
489 281
508 294
500 290
519 303
492 286
511 299
417 292
493 321
409 288
440 286
482 311
501 291
427 305
455 307
406 282
419 301
493 287
485 283
504 296
524 298
537 293
503 300
482 277
401 289
420 302
485 303
393 285
506 305
412 298
431 311
423 307
538 294
489 314
530 290
448 286
435 281
496 297
488 293
507 306
480 289
413 299
499 302
527 284
459 277
519 280
465 309
416 304
531 291
436 282
489 294
394 285
516 281
406 279
448 267
500 303
492 299
439 293
523 286
461 311
502 312
408 305
481 289
473 285
420 279
466 312
412 275
526 297
431 288
518 293
423 284
484 300
503 313
495 309
487 305
515 287
507 283
413 276
432 289
424 285
416 281
502 284
435 294
496 310
488 306
480 302
508 284
499 315
519 293
511 289
504 307
457 318
498 319
430 301
409 278
408 282
522 304
427 295
514 300
419 291
491 316
503 290
494 321
495 286
401 279
420 292
506 295
412 288
431 301
518 306
404 284
423 297
484 313
530 280
531 279
549 293
496 287
487 318
515 300
488 283
507 296
434 312
480 279
499 292
426 308
405 285
438 282
489 284
415 298
407 294
522 281
541 294
492 289
533 290
439 283
525 286
430 314
491 293
502 302
481 279
410 276
408 295
494 298
427 308
419 304
534 291
526 287
518 283
464 312
484 290
503 303
495 299
487 295
506 308
434 289
411 305
488 296
529 297
480 292
521 293
467 322
430 291
498 309
490 305
522 294
427 285
514 290
419 281
460 319
525 299
491 306
483 302
502 315
494 311
420 282
433 301
506 285
412 278
518 296
423 287
484 303
517 300
487 308
434 302
520 305
426 298
499 282
486 312
510 288
510 297
415 288
407 284
513 302
479 309
430 304
490 318
491 283
437 312
483 279
429 308
502 292
408 285
494 288
400 281
514 303
419 294
526 277
483 315
484 280
495 289
422 305
536 290
487 285
414 301
482 319
433 314
506 298
434 279
411 295
403 291
529 278
395 287
529 287
521 283
467 312
446 289
459 308
532 292
478 321
438 285
479 286
493 307
430 281
498 299
449 294
490 295
516 303
396 288
415 301
456 302
522 284
448 298
460 309
479 322
525 289
471 318
472 283
491 296
464 279
483 292
502 305
475 288
494 301
422 282
441 295
433 291
452 304
453 269
505 316
497 312
411 272
517 290
468 285
463 319
509 286
528 299
455 315
434 292
520 295
426 288
445 301
486 302
478 298
457 275
449 271
444 305
510 287
415 278
521 296
513 292
459 321
460 286
479 299
498 312
471 295
490 308
418 289
437 302
456 315
429 298
448 311
421 294
440 307
452 281
493 319
485 315
464 292
505 293
410 284
475 301
516 302
422 295
441 308
482 309
414 291
433 304
474 305
453 282
445 278
411 285
403 281
517 303
509 299
467 302
486 315
459 298
532 282
498 289
425 305
444 318
417 301
490 285
436 314
437 279
428 310
456 292
448 288
535 293
440 284
460 299
501 300
406 291
471 308
418 302
504 305
437 315
483 282
524 283
429 311
470 312
475 278
421 307
440 320
441 285
481 321
433 281
473 317
452 294
399 288
505 306
410 297
497 302
536 293
463 309
482 322
414 304
528 289
455 305
474 318
520 285
466 314
467 279
413 308
486 292
459 275
392 285
391 284
478 288
444 295
436 291
456 269
467 315
513 282
459 311
460 276
500 312
479 289
471 285
512 286
418 279
437 292
523 295
469 324
429 288
448 301
421 284
440 297
501 313
406 304
493 309
452 271
485 305
505 283
524 296
451 312
410 274
470 325
516 292
443 308
422 285
462 321
463 286
482 299
454 317
414 281
455 282
474 295
466 291
445 268
446 267
432 298
411 275
444 272
435 303
509 289
455 318
496 319
447 314
467 292
508 293
459 288
478 301
519 302
425 295
444 308
417 291
436 304
409 287
456 282
428 300
448 278
489 316
501 290
406 281
492 321
493 286
512 299
485 282
418 292
504 295
451 289
442 320
470 302
421 297
462 298
473 307
539 289
485 318
431 310
505 296
410 287
497 292
538 293
402 283
463 299
528 279
474 308
447 291
466 304
486 282
413 298
527 283
432 311
478 278
424 307
416 303
444 285
531 290
435 316
436 281
489 293
394 284
508 306
500 302
492 298
417 304
477 318
437 282
409 300
523 285
469 314
470 279
461 310
535 296
421 274
440 287
481 288
501 303
473 284
493 299
485 295
504 308
524 286
470 315
516 282
443 298
463 276
482 289
455 272
473 320
474 285
447 268
466 281
413 275
432 288
424 284
416 280
435 293
496 309
488 305
467 282
480 301
508 283
499 314
527 296
459 278
519 292
465 321
425 285
511 288
457 317
417 281
436 294
477 295
409 277
456 272
428 290
394 288
469 291
489 306
448 268
500 315
492 311
439 305
512 289
458 318
504 285
450 314
523 298
451 279
442 310
470 292
443 275
462 288
481 301
454 284
473 297
420 291
412 287
431 300
518 305
423 296
497 282
443 311
484 312
530 279
463 289
549 292
455 285
495 321
496 286
515 299
447 281
487 317
466 294
507 295
413 288
499 291
432 301
405 284
424 297
465 298
416 293
444 275
531 280
435 306
542 289
488 318
489 283
480 314
508 296
500 292
519 305
492 288
511 301
438 317
439 282
430 313
458 295
409 290
477 308
450 291
442 287
461 300
408 294
481 278
427 307
419 303
493 289
534 290
439 318
398 280
485 285
526 286
451 292
537 295
443 288
462 301
503 302
482 279
454 297
495 298
420 304
506 307
412 300
447 267
431 313
530 292
476 321
435 283
468 317
496 299
488 295
507 308
480 291
527 286
459 268
499 304
519 282
446 298
465 311
438 294
457 307
458 272
511 287
428 280
469 281
489 296
394 287
522 293
427 284
492 301
525 298
458 308
450 304
491 305
461 313
462 278
502 314
481 291
494 310
454 274
473 287
420 281
412 277
526 299
431 290
518 295
423 286
484 302
503 315
476 298
455 275
495 311
530 278
468 294
515 289
447 271
487 307
507 285
434 301
453 314
413 278
445 310
424 287
465 288
416 283
457 284
488 308
480 304
508 286
521 305
446 311
438 307
511 291
457 320
458 285
430 303
477 298
449 316
490 317
450 281
469 294
442 277
461 290
408 284
427 297
514 302
400 280
419 293
472 305
491 318
451 282
464 301
483 314
443 278
484 279
402 281
475 310
503 292
454 287
495 288
401 281
441 317
487 284
420 294
506 297
412 290
453 291
404 286
518 308
423 299
484 315
530 282
476 311
468 307
496 289
487 320
488 285
434 314
507 298
480 281
499 294
540 295
446 288
465 301
397 283
438 284
457 297
430 280
449 293
396 287
415 300
522 283
533 292
460 308
479 321
439 285
525 288
430 316
471 317
450 294
491 295
442 290
483 291
502 304
408 297
494 300
419 306
534 293
526 289
472 318
431 280
518 285
464 314
484 292
475 323
503 305
476 288
495 301
468 284
487 297
506 310
434 291
426 287
465 278
416 273
457 274
449 270
510 286
529 299
415 277
480 294
521 295
513 291
459 320
438 297
479 298
498 311
430 293
458 275
450 271
490 307
469 284
461 280
522 296
408 274
427 287
514 292
460 321
419 283
525 301
472 295
491 308
464 291
483 304
502 317
475 300
494 313
422 294
433 303
506 287
412 280
453 281
445 277
411 284
476 301
517 302
468 297
509 298
434 304
426 300
499 284
445 313
446 278
486 314
532 281
465 291
478 310
457 287
498 288
449 283
510 299
415 290
407 286
513 304
479 311
525 278
544 291
471 307
490 320
418 301
491 285
442 280
437 314
483 281
429 310
502 294
408 287
494 290
421 306
400 283
441 284
452 293
472 308
464 304
505 305
484 282
410 296
475 313
476 278
422 307
495 291
536 292
441 320
482 321
414 303
487 287
528 288
433 316
474 317
434 281
453 294
445 290
392 284
411 297
529 289
521 285
467 314
459 310
532 294
478 323
479 288
498 301
430 283
471 284
490 297
437 291
407 299
448 300
440 296
514 282
460 311
419 273
501 312
406 303
471 320
491 298
464 281
504 317
483 294
524 295
470 324
475 290
494 303
422 284
441 297
414 280
433 293
452 306
453 271
445 267
497 314
411 274
517 292
463 321
509 288
455 317
528 301
434 294
447 313
520 297
426 290
467 291
446 268
486 304
478 300
486 313
459 296
478 309
444 307
436 303
498 287
510 289
425 303
415 280
444 316
490 283
407 276
436 312
437 277
428 308
456 290
531 298
513 294
543 295
459 323
407 285
460 288
535 291
479 301
460 297
471 297
479 278
418 291
425 307
525 277
437 304
471 306
456 317
491 284
418 300
448 313
437 313
483 280
421 296
524 281
429 309
440 309
421 305
494 289
547 292
440 318
452 283
481 319
441 283
485 317
433 279
452 292
410 286
497 300
399 286
497 291
474 307
443 320
505 304
516 304
402 282
422 297
410 295
463 298
414 293
402 291
433 306
536 291
482 320
414 302
455 303
466 303
528 287
434 280
474 316
445 280
520 283
432 310
411 287
486 290
517 305
403 283
478 286
509 301
435 315
529 279
444 293
395 288
467 304
456 267
486 317
521 284
459 300
478 313
467 313
508 314
459 309
460 274
444 320
478 322
417 303
490 287
436 316
409 299
471 283
490 296
456 294
437 290
448 290
535 295
429 286
460 301
448 299
501 302
406 293
440 295
493 298
398 289
501 311
418 304
452 269
464 271
524 285
429 313
470 314
504 316
464 280
524 294
451 310
470 323
441 287
482 288
516 290
473 319
462 319
433 283
422 283
463 284
452 296
454 315
414 279
482 297
433 292
453 270
505 308
466 289
410 299
497 304
517 282
463 311
467 281
517 291
528 291
463 320
474 320
447 303
509 287
520 287
455 316
466 316
486 294
520 296
447 312
478 290
467 290
486 303
459 286
425 284
444 297
478 299
519 300
436 293
425 293
444 306
456 271
417 289
428 289
436 302
489 305
428 298
456 280
459 313
418 281
460 278
448 276
500 314
492 310
460 287
501 288
492 319
458 317
437 294
523 297
512 297
429 290
418 290
504 293
461 322
421 286
440 299
481 300
421 295
501 315
462 296
452 273
481 309
493 311
485 307
547 291
452 282
493 320
505 285
485 316
443 310
410 285
497 290
454 319
455 284
