959 249
959 248
960 248
961 248
962 249
961 250
959 247
959 250
958 248
958 251
957 249
956 248
955 249
954 248
953 249
957 252
956 251
955 252
954 251
953 252
952 251
963 248
964 249
965 248
965 247
964 246
965 245
965 244
965 243
964 243
961 247
963 244
962 245
952 253
951 254
950 253
949 254
954 250
958 250
964 245
950 255
956 250
957 251
960 250
962 247
961 249
963 246
949 256
948 256
952 255
954 252
965 249
958 252
959 251
964 247
950 257
957 253
960 252
961 251
962 252
963 251
964 252
963 253
962 254
961 254
963 255
952 248
951 247
950 246
951 245
950 244
952 244
952 246
951 243
950 248
963 242
949 249
948 249
949 258
948 258
947 259
946 258
948 260
965 242
965 251
958 254
948 253
959 253
950 250
950 259
966 249
967 248
968 247
967 246
969 246
969 248
970 249
971 248
972 247
973 246
973 248
971 246
971 250
971 251
971 252
971 245
970 244
969 244
971 243
970 242
969 242
971 241
970 240
971 239
972 238
973 237
972 240
974 237
973 239
972 242
973 241
975 238
973 243
974 244
975 243
975 245
976 242
977 241
977 243
978 244
979 243
980 242
981 241
982 240
981 243
983 240
982 242
979 245
980 244
978 246
977 246
976 247
977 248
976 249
981 245
983 242
982 244
975 247
977 250
976 251
969 239
977 252
961 244
957 255
949 251
961 253
949 260
981 240
980 239
958 247
957 246
973 245
950 243
949 242
958 256
958 257
950 252
972 249
973 250
964 254
984 241
976 237
976 246
953 244
954 245
965 246
968 242
953 253
965 255
965 256
945 258
977 238
977 239
977 247
969 243
980 243
957 250
949 246
946 259
949 255
950 247
972 244
983 244
972 253
975 249
956 254
984 245
984 246
985 247
965 241
976 241
976 250
953 248
965 250
968 246
977 242
969 238
968 237
980 238
957 245
961 243
949 241
957 254
949 250
949 259
972 239
944 257
983 239
972 248
975 244
964 244
964 253
956 249
984 240
953 243
976 245
968 241
965 254
945 257
949 245
979 246
980 247
980 248
971 242
960 242
960 251
963 247
952 247
963 256
952 256
953 257
953 258
954 259
972 243
983 243
975 239
972 252
975 248
964 248
956 244
956 253
965 240
964 239
976 240
953 247
968 245
953 256
967 249
968 250
968 251
969 252
969 253
959 254
948 254
949 240
950 239
951 240
950 238
949 237
949 236
950 235
951 236
950 234
951 235
950 233
949 232
979 241
971 237
960 246
952 242
960 255
960 256
944 256
983 238
983 247
983 248
984 249
984 250
984 251
983 252
983 253
984 254
984 255
982 247
975 252
975 253
976 254
976 255
976 256
953 242
954 241
954 240
953 239
953 238
968 240
967 244
957 256
956 257
956 258
956 259
957 260
958 261
957 259
978 253
982 251
981 250
960 241
961 240
962 240
961 239
961 238
960 237
979 254
980 253
981 254
980 252
979 251
979 255
979 250
952 237
964 238
965 237
963 237
956 243
974 251
966 256
955 256
978 239
967 239
948 235
982 237
978 248
948 244
982 246
982 255
982 256
979 240
979 249
960 245
959 244
958 243
958 242
957 241
956 240
957 240
958 239
958 238
957 237
957 236
956 235
957 235
958 234
958 233
957 232
957 231
956 230
956 239
956 234
955 233
954 232
954 231
953 233
953 234
952 232
951 231
952 241
963 241
960 254
971 254
971 255
971 256
963 250
952 250
944 255
985 256
956 229
956 238
986 248
986 249
987 250
987 251
988 252
974 246
966 242
955 242
966 251
955 251
989 253
989 254
990 255
990 256
955 260
955 261
956 262
956 263
957 264
957 265
958 266
947 256
946 255
946 254
945 253
944 252
945 252
946 251
946 250
945 249
945 248
944 247
945 247
946 246
946 245
945 244
945 243
944 242
943 241
942 240
942 239
943 240
942 238
941 241
944 251
943 250
942 249
942 248
941 250
941 251
942 252
942 253
941 254
941 255
940 254
939 253
939 252
938 251
938 250
937 249
937 248
938 247
939 248
938 246
939 247
938 245
939 244
939 243
938 242
938 241
937 240
937 244
957 243
938 240
939 239
937 243
937 252
937 253
940 245
941 246
941 245
942 244
943 245
942 243
936 252
940 240
940 249
944 246
941 240
947 247
936 247
935 246
934 247
933 247
934 248
934 249
935 250
933 246
933 250
932 249
931 249
931 248
930 247
930 246
929 248
928 247
927 247
927 246
933 245
934 244
934 243
967 243
978 243
982 241
959 239
948 239
947 238
946 237
946 236
946 235
945 238
945 239
946 240
946 241
944 238
944 237
943 236
978 252
967 252
967 253
948 248
982 250
940 244
948 257
940 253
960 240
971 240
952 236
952 245
963 245
944 241
985 242
970 253
944 250
951 249
985 251
951 258
954 254
943 254
986 243
986 244
987 245
987 246
988 247
988 248
989 249
990 250
990 251
974 241
955 237
954 236
966 237
974 250
986 252
986 253
987 254
987 255
987 256
966 246
989 248
955 246
932 244
931 244
936 242
935 241
947 242
966 255
955 255
947 251
936 251
955 264
954 263
953 263
953 262
952 261
953 261
952 260
967 238
978 238
948 234
978 247
967 247
948 243
959 243
982 245
940 239
959 252
948 252
940 248
928 246
981 249
973 254
973 255
974 255
952 231
965 252
958 265
950 261
963 240
970 239
944 236
929 247
970 248
962 244
985 246
951 244
985 255
951 253
962 253
954 249
943 249
951 262
935 245
954 258
955 232
974 245
986 247
966 241
955 241
974 254
947 237
932 248
966 250
955 250
989 252
936 246
947 246
955 259
947 255
988 256
977 256
978 242
967 242
948 238
959 238
940 243
981 244
973 240
981 253
973 249
958 260
950 256
970 243
985 241
962 239
951 239
970 252
954 235
962 248
951 248
985 250
954 244
943 244
951 257
943 253
954 253
935 249
954 262
974 240
955 236
974 249
955 245
932 243
966 245
947 241
936 241
966 254
955 254
936 250
947 250
977 251
988 251
969 247
980 256
948 233
961 252
957 263
940 238
958 237
981 239
981 248
958 246
950 242
939 242
973 244
958 255
939 251
950 251
973 253
958 264
931 247
942 247
950 260
970 238
942 256
951 234
970 247
954 230
985 245
962 243
970 256
969 256
968 256
968 255
943 239
954 239
951 252
943 248
951 261
935 244
943 257
954 257
955 231
966 240
955 240
947 236
977 237
932 247
936 245
947 245
988 246
988 255
977 255
980 251
946 249
969 251
957 258
961 256
958 232
958 241
950 237
981 252
939 246
958 259
942 242
942 251
962 238
951 238
980 250
985 240
986 239
985 238
987 240
988 239
988 238
987 237
987 241
988 242
988 243
989 244
990 245
990 246
989 239
990 240
990 241
990 242
985 237
986 238
989 243
989 238
990 237
988 237
954 234
954 243
949 244
943 243
984 244
943 252
984 253
935 248
987 249
968 254
988 241
969 237
980 237
988 250
946 244
980 246
957 244
961 242
969 255
980 255
946 253
938 249
957 262
930 245
958 236
981 238
950 232
981 247
958 245
939 241
950 241
942 237
939 250
973 252
942 246
931 246
942 255
970 237
983 256
972 256
951 233
954 229
962 242
943 238
954 238
984 239
954 247
984 248
935 243
976 244
987 244
953 251
987 253
976 253
965 253
968 249
953 260
945 256
957 230
958 229
958 228
957 227
958 227
977 245
988 245
946 239
969 241
980 241
957 239
977 254
988 254
949 235
961 237
957 248
969 250
946 248
961 246
938 244
957 257
946 257
961 255
938 253
949 253
957 266
958 231
958 240
973 238
950 236
958 249
950 245
939 245
942 241
950 254
942 250
972 251
983 251
964 256
975 256
954 233
956 252
956 261
984 243
987 239
965 239
976 239
953 237
984 252
987 248
953 246
976 248
968 244
934 242
945 242
953 255
945 251
968 253
934 251
937 247
977 240
988 240
957 234
946 234
988 249
969 245
980 245
946 243
938 239
961 241
949 239
980 254
946 252
938 248
949 248
957 261
930 244
949 257
958 235
939 240
950 240
952 259
972 237
983 237
931 245
942 245
983 246
972 246
964 242
975 242
983 255
972 255
975 251
941 249
964 251
956 247
984 238
956 256
953 232
956 265
984 247
976 243
987 243
953 241
984 256
968 239
945 237
953 250
976 252
987 252
934 246
945 246
968 248
953 259
937 242
945 255
937 251
990 254
957 229
969 240
957 238
980 240
946 238
949 234
957 247
946 247
961 245
949 243
938 243
979 244
949 252
938 252
979 253
930 248
958 230
971 249
960 249
963 254
952 254
972 241
983 241
975 237
964 237
972 250
983 250
956 233
975 246
941 244
956 242
964 255
975 255
941 253
933 249
984 242
956 260
976 238
987 238
965 238
953 236
953 245
987 247
945 241
968 243
953 254
968 252
934 250
945 250
937 246
990 249
967 256
978 256
957 233
982 254
957 242
946 242
949 238
979 239
949 247
979 248
971 244
960 244
952 240
945 245
934 245
937 241
955 238
990 244
941 248
945 254
937 250
978 251
967 251
990 253
957 228
982 249
956 246
948 247
959 256
949 233
933 244
947 234
940 252
960 239
979 252
952 235
944 240
980 249
966 247
944 249
941 239
952 262
983 249
955 229
956 232
941 243
955 247
956 241
974 242
986 242
941 252
975 254
933 248
986 251
989 247
953 235
989 256
955 263
945 240
966 238
978 237
990 239
967 237
937 245
990 248
948 242
959 242
978 255
967 255
948 251
982 253
968 238
940 247
979 238
979 247
960 243
979 256
952 239
963 239
929 246
944 244
952 257
944 253
985 254
984 237
964 240
975 240
941 238
956 236
986 237
941 247
933 243
956 245
932 245
986 246
987 242
989 242
986 255
974 253
953 230
989 251
955 258
945 235
947 254
990 243
978 241
967 241
948 237
982 239
959 237
967 250
990 252
978 250
982 248
948 246
959 246
940 242
948 255
959 255
940 251
979 242
971 238
960 238
952 234
971 247
960 247
952 243
963 243
944 239
952 252
963 252
970 251
944 248
985 249
951 256
962 256
956 231
941 242
954 261
974 239
986 241
955 235
989 237
974 248
986 250
989 246
955 244
966 244
947 240
955 253
989 255
966 253
936 249
947 249
955 262
947 258
990 238
978 245
990 247
967 245
982 243
959 241
948 241
978 254
967 254
948 250
982 252
940 246
948 259
979 237
940 255
981 256
958 263
963 238
952 238
929 245
970 246
944 243
951 242
985 244
970 255
951 251
985 253
962 251
943 247
951 260
943 256
954 256
935 252
955 230
974 243
986 245
989 241
955 239
966 239
974 252
986 254
947 235
932 246
989 250
955 248
966 248
947 244
936 244
956 264
955 257
947 253
978 240
967 240
982 238
948 236
978 249
959 245
985 252
948 245
951 259
940 241
981 242
940 250
981 251
973 247
958 258
973 256
939 254
952 233
970 241
962 237
951 237
985 239
970 250
951 246
985 248
962 246
943 242
954 242
951 255
962 255
943 251
935 247
954 260
986 240
974 238
955 234
974 247
955 243
966 243
989 245
974 256
947 239
966 252
932 250
947 248
936 248
977 249
947 257
969 254
948 240
959 240
981 237
958 244
981 246
973 242
981 255
958 253
950 249
939 249
973 251
958 262
950 258
942 254
951 232
970 245
954 237
985 243
951 241
962 241
970 254
943 237
960 253
971 253
951 250
962 250
963 249
952 249
943 246
954 246
944 245
935 242
952 258
954 255
943 255
944 254
935 251
954 264
983 245
972 245
956 228
964 241
975 241
989 240
972 254
983 254
956 237
964 250
975 250
947 243
936 243
977 244
988 244
956 255
947 252
986 256
977 253
988 253
953 231
969 249
953 240
946 256
945 236
