745 322
744 323
745 323
746 322
744 322
743 321
742 320
742 319
743 318
743 324
742 325
742 322
744 319
744 325
747 321
748 320
741 320
749 321
750 320
751 319
752 320
753 319
741 323
740 321
739 320
754 320
751 318
750 317
749 318
743 323
744 324
747 323
749 320
748 322
750 319
739 319
741 325
754 319
745 325
746 324
751 320
738 320
737 319
737 321
743 325
744 317
745 316
746 315
745 314
747 314
748 313
747 312
743 316
742 315
741 314
740 315
743 314
741 316
740 317
739 317
747 316
749 313
748 315
750 312
749 311
750 310
749 309
750 308
751 309
752 308
751 311
753 308
744 326
747 325
749 322
748 324
736 322
735 322
750 321
739 321
741 318
754 321
753 322
752 322
745 318
746 317
751 313
745 327
746 326
737 323
738 322
748 308
747 307
747 309
747 318
749 315
748 317
750 314
739 314
744 328
747 327
736 324
735 324
748 326
749 327
750 326
751 325
751 327
750 328
749 329
748 329
747 330
746 329
746 331
742 313
743 312
745 332
744 331
743 330
743 332
744 333
747 332
748 331
745 334
746 333
742 329
744 335
747 334
748 333
750 330
752 324
753 324
745 336
751 307
746 335
742 331
741 332
740 331
739 330
738 329
737 328
738 327
737 326
739 326
736 329
735 329
739 328
737 330
736 331
735 331
737 332
738 331
750 323
739 323
744 337
743 338
746 310
754 323
746 319
738 315
735 328
734 327
746 328
738 324
746 337
746 338
747 339
738 333
738 334
739 335
747 311
750 307
747 320
750 316
739 316
739 325
750 325
751 308
743 313
742 317
742 326
734 322
734 331
754 309
754 318
753 317
746 314
735 323
746 323
738 319
735 332
735 333
746 332
738 328
747 306
746 305
747 315
750 311
749 324
749 333
741 329
742 312
742 321
753 321
742 330
734 326
742 339
742 340
741 338
746 309
754 322
746 318
738 314
735 327
746 327
738 323
738 332
745 331
750 306
749 319
741 315
749 328
741 324
741 333
753 307
753 316
742 316
753 325
753 326
754 327
754 328
734 321
742 334
742 335
742 336
734 330
754 308
746 304
747 303
747 302
747 301
746 300
746 313
738 318
745 326
745 335
737 331
749 305
749 314
749 323
741 319
749 332
741 328
741 337
742 311
741 310
753 320
734 325
746 299
747 298
747 297
746 296
746 295
747 296
746 308
748 327
744 338
738 313
739 312
739 311
738 310
738 309
739 308
740 308
739 307
739 306
738 305
738 304
739 303
740 303
739 302
738 301
738 300
745 312
745 321
737 317
745 330
745 339
745 340
737 335
737 336
738 337
738 338
739 339
753 306
754 305
755 306
754 304
754 303
753 302
752 301
751 300
751 299
750 298
750 297
750 301
750 302
750 303
751 304
749 300
753 315
754 314
754 313
753 312
753 311
734 320
735 319
735 318
734 317
734 316
735 315
736 315
735 314
735 313
734 312
734 311
735 310
735 309
734 308
734 307
746 294
747 293
747 292
746 291
746 290
733 324
738 299
739 298
740 299
740 298
739 297
738 296
738 295
745 307
748 340
748 341
749 342
749 343
750 344
749 341
737 303
737 312
737 339
737 340
736 338
735 338
735 337
734 336
734 335
734 339
734 340
734 341
735 342
733 338
736 343
737 344
738 343
739 344
738 342
737 345
740 345
741 346
742 345
742 344
741 343
741 347
741 348
741 342
733 342
733 343
734 344
734 345
735 346
735 347
736 348
737 349
737 350
736 347
749 304
741 300
741 309
741 327
743 346
742 301
743 300
743 299
742 298
742 302
742 303
743 304
743 305
742 297
743 296
744 296
743 295
741 296
742 306
742 307
741 305
753 301
754 300
755 301
754 299
753 298
753 297
752 296
751 295
751 294
750 293
750 292
751 291
752 292
751 290
750 289
750 288
751 289
753 293
754 294
754 295
750 287
751 286
752 287
751 285
750 284
750 283
753 288
754 289
755 288
756 289
755 287
754 286
754 290
754 291
755 292
754 285
753 284
752 283
752 282
751 281
751 280
750 279
757 290
757 291
758 292
758 293
759 294
759 295
758 296
758 297
758 298
759 299
757 295
757 299
757 300
758 301
758 302
759 303
759 304
750 278
751 277
752 278
751 276
751 275
752 274
752 273
751 272
751 271
750 270
750 274
750 269
753 279
757 294
760 296
761 297
750 273
760 305
761 306
761 307
762 308
750 276
762 309
761 310
761 311
761 312
762 313
760 310
750 282
749 286
748 285
747 284
747 283
747 282
746 281
746 285
745 284
746 286
747 287
747 288
753 274
753 283
761 296
762 295
763 296
762 294
761 293
761 292
762 291
763 292
762 290
762 289
761 288
764 293
765 294
766 293
766 292
765 295
766 296
766 297
766 291
765 290
764 289
765 289
766 288
767 289
766 287
765 286
753 292
761 305
762 304
754 275
755 274
756 275
755 273
754 272
754 276
754 271
755 329
734 306
735 305
736 306
735 304
735 303
734 303
734 302
740 340
754 284
740 349
746 280
747 279
748 280
747 278
746 277
746 276
745 275
733 310
746 289
757 289
758 288
759 289
759 290
733 319
733 328
756 330
757 329
758 330
757 328
757 327
756 331
757 332
757 333
758 334
756 326
749 268
748 267
748 266
747 265
747 264
747 268
747 269
746 267
745 293
760 291
733 337
732 336
731 335
730 334
730 333
730 332
731 331
732 330
731 330
730 329
730 328
729 327
729 331
728 330
727 329
728 329
727 328
726 330
726 331
725 329
729 326
728 325
727 324
744 301
727 323
744 293
726 322
727 321
727 320
728 320
727 319
727 318
726 317
726 316
727 315
728 316
728 315
727 314
726 321
729 317
729 335
728 334
727 334
727 333
729 336
730 337
730 338
726 335
726 336
725 337
727 337
727 338
725 334
724 333
726 313
725 338
726 312
726 339
726 340
726 341
725 342
727 342
727 343
725 343
726 344
726 345
725 346
725 347
748 332
725 348
724 349
723 350
723 349
722 348
722 347
721 346
726 349
726 350
728 339
729 340
729 341
730 342
730 327
725 333
744 346
745 311
736 342
737 307
749 281
726 334
733 325
732 326
731 326
744 310
743 309
739 322
730 343
731 344
764 297
759 331
729 339
741 313
728 343
761 291
753 287
752 328
756 298
748 294
724 345
723 344
722 343
745 288
736 319
756 334
755 333
748 330
760 304
726 311
725 310
737 320
729 316
749 294
752 305
743 336
763 314
755 310
740 330
744 300
756 311
757 310
758 311
748 307
733 327
725 323
724 322
723 321
722 320
744 336
745 301
736 332
737 297
736 296
735 295
749 271
739 343
731 339
731 340
764 287
751 317
763 291
728 333
753 277
740 307
752 318
755 323
756 288
748 284
767 297
740 343
732 339
733 304
732 304
732 303
724 335
744 313
745 278
744 278
736 309
760 294
727 346
727 347
747 324
758 333
759 298
750 329
749 284
762 303
759 334
760 334
761 334
751 330
752 295
743 326
763 304
755 300
728 346
729 346
730 347
740 320
756 301
748 297
746 336
725 313
724 313
724 312
723 311
722 310
745 291
744 291
743 291
744 290
758 310
747 337
739 333
731 329
759 311
750 342
752 272
743 303
728 323
740 297
755 313
742 343
721 320
720 320
719 319
720 319
754 317
744 303
745 268
744 268
744 267
735 340
727 336
738 345
739 310
759 288
751 284
762 293
731 342
752 285
763 294
755 290
761 333
740 310
753 329
753 330
723 343
748 287
735 317
754 330
727 313
747 291
757 335
758 300
750 296
727 349
759 301
750 332
751 297
743 293
762 306
728 313
723 320
742 333
734 329
754 307
746 303
757 312
757 313
735 330
727 326
746 339
747 304
738 335
739 300
758 313
750 309
751 274
719 321
752 275
743 306
730 336
741 345
742 310
765 293
723 333
722 333
722 332
723 331
742 346
734 342
735 307
746 316
747 281
738 312
766 294
757 325
758 290
750 286
739 313
726 343
751 287
762 296
729 348
729 349
749 326
741 322
730 349
722 345
723 310
742 323
734 319
754 297
746 293
757 302
735 320
748 339
727 316
747 294
738 325
758 303
750 299
745 333
737 329
730 326
749 339
722 322
722 323
741 335
742 300
761 313
760 314
734 296
734 297
753 309
754 274
746 270
746 271
723 323
734 332
735 297
754 310
746 306
747 271
738 302
733 336
744 345
745 344
744 343
736 341
726 333
745 346
764 296
737 342
729 338
749 316
741 312
761 290
753 286
730 339
734 309
754 287
746 283
765 296
757 292
756 333
760 303
725 345
726 310
729 315
730 314
749 293
726 346
730 316
731 317
732 316
722 312
742 290
741 290
761 303
753 299
723 313
756 310
733 326
725 322
745 300
748 342
726 323
718 319
717 319
729 328
749 306
741 302
753 276
752 317
755 322
756 321
757 322
758 321
759 322
757 323
759 321
758 323
754 277
740 342
732 338
724 334
744 312
756 323
748 319
768 297
769 298
770 297
771 296
770 295
771 295
771 298
772 298
773 299
774 300
774 301
775 301
773 298
772 300
772 301
773 301
775 300
760 293
733 339
725 335
745 313
736 344
737 309
749 283
759 333
751 329
728 345
753 289
740 319
752 330
755 335
756 300
748 296
721 342
720 342
719 342
719 341
718 340
717 339
716 339
715 339
715 338
716 337
715 336
714 337
713 336
716 336
718 339
714 336
717 341
717 342
718 342
720 341
721 340
713 338
712 338
713 339
733 316
724 347
725 312
745 290
736 321
714 339
760 306
747 336
737 322
750 341
751 340
752 341
753 340
754 341
754 340
753 342
752 340
729 318
749 296
751 342
752 307
755 312
721 319
740 332
746 263
732 328
724 324
724 325
744 302
745 267
736 298
736 299
756 313
748 309
733 329
725 325
745 303
736 334
737 299
749 273
748 274
739 345
731 341
759 323
760 324
761 324
761 323
752 284
771 297
743 315
763 293
755 289
728 335
774 302
774 303
740 309
732 305
731 306
731 307
732 306
730 306
729 306
729 305
730 304
729 303
728 303
727 304
727 303
730 303
744 279
744 280
743 281
742 280
741 280
741 279
742 278
741 277
740 277
739 278
738 277
737 277
736 276
737 275
736 274
735 275
734 274
737 274
739 277
742 277
735 274
738 279
738 280
739 280
734 276
755 325
756 290
775 303
776 304
776 303
777 302
778 301
777 304
778 300
778 299
748 286
721 332
720 332
719 332
719 331
720 330
719 329
718 330
717 329
720 329
721 330
718 329
721 329
717 331
718 332
720 331
732 341
733 306
724 337
744 315
745 280
736 311
737 276
727 348
747 326
758 335
759 300
750 331
751 296
716 338
762 305
728 312
728 311
728 310
719 343
719 344
751 332
752 297
743 328
763 306
764 307
765 306
755 302
728 348
720 344
721 309
721 308
720 307
721 307
719 308
719 309
718 307
720 309
717 308
717 309
718 309
740 322
712 340
732 318
731 319
724 314
744 292
748 299
754 342
755 343
756 344
757 345
757 346
758 346
756 343
755 345
755 346
756 346
758 345
759 344
758 343
759 343
758 312
759 313
720 321
744 269
743 270
743 271
744 270
742 270
741 269
741 268
741 267
742 268
742 267
777 303
733 296
732 296
731 297
731 296
732 295
731 294
732 294
730 294
729 294
729 293
732 293
733 294
730 293
733 293
729 295
757 324
745 270
758 325
731 308
731 309
778 303
779 304
780 304
781 305
782 305
782 304
782 306
783 307
784 308
781 307
781 308
784 307
785 306
784 305
786 307
787 308
785 305
785 308
787 307
783 309
786 309
786 310
787 310
788 311
788 310
789 309
790 308
789 311
789 310
790 310
791 311
792 311
785 307
788 312
788 313
789 313
781 309
770 299
769 300
743 282
743 283
716 328
716 327
715 326
716 326
715 328
714 326
713 326
712 326
711 325
710 326
710 325
712 327
712 328
713 328
728 302
727 301
728 301
726 301
725 301
724 300
725 300
728 300
724 302
723 300
722 300
726 300
725 302
719 333
740 276
740 275
740 274
730 348
709 325
708 325
708 324
708 323
708 322
709 321
708 320
707 320
706 320
709 323
707 319
707 322
706 323
705 323
705 322
706 322
709 322
705 324
761 335
762 336
763 337
760 336
760 337
761 336
763 336
762 338
762 339
763 339
764 340
765 339
765 338
765 337
766 337
766 339
767 340
768 341
768 340
767 342
764 341
764 342
721 299
720 299
719 299
719 298
720 297
719 296
718 297
717 297
717 296
720 296
721 295
721 297
718 296
721 296
717 298
717 299
718 299
720 298
753 331
753 332
732 308
733 273
732 273
731 274
730 273
729 273
729 272
729 271
729 270
730 271
728 270
727 271
727 270
730 270
732 272
732 271
733 271
765 305
765 304
766 304
744 282
736 278
723 345
754 332
765 341
726 270
725 269
725 268
724 267
723 268
722 267
725 267
726 266
725 265
726 265
726 268
727 268
728 268
728 267
724 269
723 267
726 267
722 269
766 306
767 307
768 308
769 308
770 308
770 307
771 308
768 307
771 307
767 309
770 309
769 310
769 311
770 310
771 310
772 311
772 310
773 309
773 311
774 312
775 311
774 313
775 313
776 314
777 315
777 314
776 316
778 313
777 312
778 312
779 314
780 315
778 311
780 314
779 316
780 317
781 318
781 317
782 317
783 317
784 318
784 317
785 316
785 318
783 319
783 320
784 320
786 319
787 318
786 320
787 320
788 321
789 322
789 321
788 323
790 320
791 321
792 322
792 321
791 323
791 324
792 324
793 324
794 325
795 324
796 325
796 324
797 325
795 326
795 327
796 327
794 324
793 326
793 327
782 316
794 327
785 317
796 326
797 327
798 328
799 327
789 323
781 319
781 320
799 326
799 325
773 310
792 323
784 319
776 315
795 328
795 329
785 320
777 316
796 329
769 312
769 313
715 340
719 310
719 311
749 338
749 337
720 311
740 289
739 288
740 287
738 289
738 290
739 290
740 286
740 285
737 289
736 289
736 288
736 287
736 286
735 285
734 284
737 287
733 284
732 283
733 282
732 281
731 284
733 281
735 284
734 286
734 287
735 287
737 286
730 283
729 283
729 282
730 281
733 283
739 289
732 285
731 286
723 322
735 296
757 314
757 315
758 315
731 298
731 299
745 345
791 312
791 313
743 272
743 273
716 318
715 318
715 317
715 316
715 315
716 314
714 314
716 316
713 315
712 316
712 315
713 316
711 315
710 316
710 315
714 316
712 317
712 318
713 318
728 292
727 291
728 290
727 293
726 290
726 289
726 288
725 290
724 290
724 289
723 288
722 287
721 287
720 287
719 286
718 285
718 284
717 286
718 287
720 286
721 285
720 284
721 284
719 288
722 289
722 290
723 290
725 289
718 286
721 286
724 291
724 292
725 292
717 288
720 288
740 266
739 265
740 265
740 264
739 267
738 267
739 268
738 269
737 266
736 266
736 265
736 264
737 264
735 264
734 264
734 263
735 262
773 300
792 313
793 314
793 315
794 315
795 314
796 315
796 314
797 313
797 312
797 315
795 316
795 317
796 317
794 314
797 314
793 316
796 316
797 317
798 318
798 317
799 317
800 318
800 317
801 318
800 319
800 320
801 320
802 321
803 320
804 319
803 318
804 318
803 319
804 320
805 321
806 322
807 323
808 322
807 324
808 321
808 324
809 324
810 325
810 324
811 324
806 321
809 326
809 327
810 327
805 323
808 323
811 323
811 322
811 321
807 325
810 326
802 322
802 323
799 316
799 315
799 314
811 326
784 309
803 322
776 305
776 306
795 318
722 334
722 335
721 289
761 325
762 326
762 327
763 327
764 327
765 327
765 326
766 325
766 327
760 326
763 326
766 326
762 328
765 328
764 329
764 330
765 329
766 329
767 330
767 329
768 328
768 330
769 331
770 330
771 330
772 331
773 332
774 333
775 334
773 331
772 333
772 334
773 334
775 333
774 335
775 336
776 337
776 336
777 337
736 297
777 336
778 336
779 337
779 336
780 335
780 337
770 332
769 333
773 333
776 338
776 339
776 340
777 339
725 288
768 329
779 338
779 339
780 339
772 335
764 331
764 332
733 263
732 263
731 264
731 263
732 262
731 261
732 261
730 261
729 261
729 260
730 259
729 258
728 258
727 258
730 258
732 260
733 259
732 258
733 261
730 260
733 260
726 257
725 257
724 257
723 257
722 257
722 256
729 262
724 258
724 259
725 259
711 324
711 323
711 322
785 310
798 329
798 330
777 306
723 335
727 305
727 306
787 319
739 279
731 275
731 276
704 321
704 320
703 319
702 318
701 317
702 317
701 319
704 319
700 316
699 316
699 315
700 314
703 321
702 319
700 315
703 320
716 295
716 294
715 293
714 292
713 291
714 291
713 293
712 293
713 294
714 294
716 293
712 295
715 295
711 292
710 293
714 293
712 294
713 295
768 342
769 343
769 344
770 342
771 341
772 341
773 342
770 340
772 343
771 340
771 343
773 343
728 269
760 338
760 339
719 300
719 301
780 316
799 329
800 330
801 330
802 331
803 331
803 330
804 329
803 328
804 328
804 331
804 330
772 312
772 313
718 341
791 325
764 308
764 309
783 321
783 322
729 350
730 315
709 292
708 292
708 291
708 290
708 289
709 288
709 290
707 289
706 288
705 287
704 287
703 286
702 285
701 284
706 287
707 287
702 284
705 289
705 290
706 290
701 286
702 287
704 286
707 286
700 283
699 283
698 284
697 283
696 283
696 282
697 281
699 282
700 281
703 288
706 289
698 285
698 286
699 285
709 289
702 286
705 291
705 292
706 292
695 282
694 282
693 283
693 282
694 281
693 280
694 280
692 280
691 280
691 279
694 279
695 278
694 277
695 277
695 280
692 279
695 279
691 281
697 282
701 288
720 301
761 302
761 301
761 300
693 284
721 266
720 266
719 266
719 265
720 264
719 263
718 262
717 263
717 264
718 264
721 264
716 263
715 263
715 262
716 261
715 260
714 259
713 258
714 258
713 260
712 260
713 261
714 261
716 260
712 262
718 263
711 259
710 258
711 257
710 260
714 260
717 265
717 266
718 266
720 265
713 262
773 313
732 275
784 322
690 278
689 277
690 276
689 279
688 276
687 276
687 275
687 274
688 274
686 277
686 278
687 278
723 312
735 286
765 308
738 291
738 292
711 337
710 336
711 335
710 338
709 335
708 335
708 334
708 333
709 333
707 332
706 333
705 332
704 332
703 332
703 331
704 330
703 329
702 330
701 330
701 329
704 329
706 332
702 329
705 334
705 335
706 335
701 331
704 331
707 331
707 330
707 329
700 328
700 327
699 326
700 326
699 328
698 329
697 328
696 328
696 327
696 326
697 326
695 325
694 325
693 326
693 325
692 325
691 325
691 324
692 323
691 322
692 322
694 324
695 323
694 322
695 322
693 327
693 328
690 321
689 320
690 320
690 319
689 322
689 323
688 319
687 319
686 320
686 321
685 319
684 319
684 318
685 317
687 321
683 318
682 318
682 317
682 316
682 315
681 314
680 313
683 316
681 313
680 315
679 315
680 316
681 316
683 315
679 317
680 318
689 324
678 314
677 313
678 313
678 312
677 315
677 316
676 312
675 312
674 312
673 311
672 312
672 311
674 313
674 314
675 314
671 311
670 311
699 327
681 315
692 324
757 304
684 320
684 321
703 333
756 345
673 310
673 309
673 308
760 315
760 316
739 292
685 321
677 317
716 308
715 308
715 307
715 306
715 305
716 304
715 303
714 304
713 304
712 303
713 303
716 303
712 305
712 306
713 306
716 306
711 302
710 303
714 303
713 305
714 306
716 305
709 302
709 301
708 300
709 300
708 302
707 299
706 300
705 300
705 299
704 299
703 299
703 298
704 297
703 296
702 295
701 294
700 294
699 293
702 294
701 296
701 297
702 297
704 296
700 293
699 295
698 296
698 297
702 296
705 301
705 302
706 302
698 298
708 301
701 298
701 299
712 307
702 299
704 298
697 295
696 295
696 294
696 293
697 293
695 292
694 292
693 293
693 292
692 292
691 292
691 291
692 290
691 289
690 289
689 290
689 289
692 289
694 291
694 290
694 289
695 290
693 294
693 295
690 288
689 287
690 287
688 287
687 287
686 286
687 286
690 286
686 288
685 286
684 286
688 286
686 287
687 288
683 285
694 294
689 291
728 282
727 281
728 280
727 283
726 280
725 280
724 280
724 279
725 278
724 277
723 278
722 277
725 277
726 278
723 277
726 277
722 279
722 280
723 280
725 279
728 279
728 278
721 276
721 275
720 274
721 274
720 276
719 276
718 276
717 276
717 275
717 274
718 274
716 273
715 273
715 272
716 271
715 270
714 269
713 270
712 270
713 271
711 270
710 271
710 270
714 271
712 272
712 273
713 273
711 269
714 270
710 272
713 272
724 281
714 273
725 282
727 282
716 272
719 277
719 278
709 269
709 268
708 267
709 267
708 269
707 266
706 265
707 264
706 267
705 267
704 266
703 266
703 265
704 264
703 263
702 262
701 261
700 261
699 261
698 261
697 261
696 260
699 260
701 263
701 264
702 264
704 263
697 260
700 260
699 262
698 263
698 264
700 263
702 263
705 268
705 269
706 269
698 265
695 259
701 265
701 266
720 278
712 274
722 324
722 325
723 289
702 266
761 315
762 316
763 316
764 317
765 317
765 316
766 315
765 314
766 314
766 317
767 317
768 318
768 317
767 319
767 320
768 320
769 321
769 320
770 320
770 319
771 318
771 320
772 321
773 322
774 323
773 321
772 323
775 323
776 324
777 325
777 324
778 324
779 324
780 325
780 324
776 326
776 327
777 327
779 326
779 327
780 327
778 323
777 326
769 322
769 323
766 316
770 322
780 326
772 322
773 323
776 328
765 318
764 319
768 319
779 328
779 329
780 329
781 330
781 329
782 329
783 330
783 329
784 328
785 329
786 330
787 331
785 328
784 330
787 330
786 332
785 330
783 331
783 332
784 332
786 331
787 332
788 333
788 334
789 334
789 333
788 335
734 298
734 299
735 263
746 272
746 273
806 323
711 314
710 313
711 313
709 313
708 313
708 312
709 311
708 310
709 310
711 312
707 309
706 310
706 311
705 312
706 312
709 312
708 314
798 319
798 320
723 325
809 328
756 322
775 335
735 299
767 331
767 332
747 273
787 309
739 269
779 305
779 306
731 265
731 266
704 311
703 311
703 310
703 309
703 308
704 307
702 307
701 307
701 306
704 309
700 306
699 306
698 307
698 306
697 306
696 305
697 304
696 303
697 303
699 305
700 304
699 303
700 303
698 308
698 309
695 302
695 301
694 300
695 300
694 302
693 303
692 302
691 302
691 301
692 300
701 308
701 309
693 304
693 305
702 309
694 304
704 308
697 305
690 301
689 300
689 299
690 299
689 302
688 299
687 299
686 299
685 300
686 298
687 297
686 296
685 295
685 294
684 296
685 297
687 296
688 297
685 296
688 296
684 298
687 298
690 298
690 297
690 296
683 295
683 294
682 293
683 293
682 295
681 293
680 293
679 293
679 292
678 292
677 293
677 292
679 294
679 295
680 295
682 294
686 300
676 292
675 292
675 291
689 301
678 291
674 293
700 305
692 301
685 298
677 294
677 295
696 307
716 285
715 285
715 284
715 283
716 283
714 283
713 283
712 283
712 282
713 281
714 280
714 281
711 282
710 281
710 280
711 280
710 283
709 280
708 280
708 279
709 278
708 277
709 276
707 277
706 278
705 277
706 277
709 277
705 279
711 279
704 276
703 276
703 275
704 274
702 274
701 274
710 282
707 276
707 275
707 274
700 273
699 273
698 274
698 273
697 273
696 273
696 272
697 271
696 270
697 270
699 272
699 271
699 270
700 269
700 271
700 270
713 282
706 279
698 275
698 276
695 269
699 275
709 279
701 275
701 276
712 284
712 285
702 276
713 285
697 272
708 281
768 332
728 259
727 260
727 261
727 262
780 306
799 319
772 302
718 331
764 298
764 299
710 327
710 328
730 305
722 301
722 302
742 279
721 256
720 256
719 256
707 321
794 326
699 317
698 318
698 319
698 320
699 318
698 321
698 322
697 318
696 318
696 317
696 316
696 315
697 314
696 313
695 313
694 313
693 313
694 312
697 313
697 316
692 312
691 312
695 312
694 314
693 315
693 316
697 315
693 317
690 311
689 310
690 309
689 312
688 309
687 309
686 309
686 308
685 307
684 306
683 306
682 306
682 305
683 304
682 303
681 304
680 303
683 303
685 306
681 303
684 308
684 309
685 309
687 308
688 307
680 305
679 305
683 305
686 310
686 311
687 311
689 311
682 307
685 308
678 304
677 303
678 302
677 305
676 302
675 302
674 302
674 301
675 300
674 299
675 299
676 300
673 298
675 301
678 301
678 300
674 303
674 304
675 304
677 304
688 308
678 294
691 313
691 314
711 291
711 290
752 329
771 342
723 302
763 338
755 334
775 312
735 276
681 305
721 341
727 272
727 273
700 318
786 321
786 322
692 314
738 281
711 327
684 310
684 311
704 288
696 284
696 285
756 335
716 262
768 309
787 322
714 338
719 267
719 268
779 318
706 334
685 311
698 330
698 331
717 343
717 344
718 308
697 285
709 259
708 259
749 295
695 324
741 291
741 292
687 320
720 268
707 298
707 297
718 344
759 345
751 341
730 318
771 319
790 332
791 331
792 332
789 331
790 331
791 333
791 334
792 334
790 330
792 333
791 335
791 336
792 336
793 337
793 336
794 335
794 337
794 336
722 314
723 279
742 292
782 328
782 327
782 326
688 321
774 324
774 325
734 288
707 334
680 317
699 330
672 313
672 314
700 295
691 326
692 291
752 342
711 304
710 305
684 287
684 288
703 300
704 265
696 261
715 274
715 275
756 312
775 325
681 318
767 321
714 315
725 324
685 288
704 301
745 302
717 320
717 321
750 268
736 333
737 298
697 262
716 275
748 344
749 272
768 322
673 313
801 319
726 325
718 321
764 288
737 334
710 317
778 335
778 334
778 333
729 330
730 295
770 331
749 308
790 309
722 291
722 292
722 293
741 304
742 269
688 298
734 265
734 266
707 311
680 294
794 316
753 278
699 307
700 272
691 303
691 304
711 281
752 319
771 332
703 277
703 278
723 292
763 328
755 324
774 337
775 302
735 266
681 295
721 331
767 298
767 299
766 300
740 344
700 308
746 275
713 327
786 311
732 340
692 304
733 305
684 300
724 336
704 278
744 314
745 279
696 274
736 310
756 325
797 326
748 321
768 299
714 328
760 295
800 331
800 332
719 257
733 341
706 324
766 338
726 302
745 315
717 333
718 298
736 346
737 311
710 294
710 295
729 307
730 272
676 301
749 285
722 268
695 314
741 281
741 282
687 310
801 332
688 275
679 306
679 307
793 328
707 288
699 284
759 335
751 331
711 258
743 327
771 309
790 322
762 340
762 341
762 342
763 305
723 269
742 282
782 318
709 334
688 311
728 347
774 314
774 315
720 343
794 329
680 307
699 320
712 339
700 285
692 281
732 317
752 332
711 294
763 341
756 302
715 264
775 315
702 331
748 298
721 344
713 340
714 305
733 318
705 336
705 337
706 301
725 314
726 279
744 327
717 310
717 311
745 292
718 275
736 323
737 288
683 317
729 284
729 285
675 313
789 335
694 326
781 331
781 332
695 291
686 322
686 323
706 337
707 338
708 337
747 338
707 265
726 315
739 334
718 311
759 312
750 343
778 325
729 320
730 285
770 321
676 314
762 317
762 318
722 281
695 327
687 323
728 324
688 288
679 319
707 301
699 297
700 262
691 293
751 344
752 309
711 271
743 340
771 322
703 267
703 268
763 318
782 331
755 314
702 308
748 275
748 276
721 321
740 334
713 317
714 282
705 313
705 314
705 315
733 295
724 326
725 291
704 268
744 304
717 287
745 269
736 300
736 301
777 338
737 265
769 334
769 335
797 316
748 311
789 312
735 341
808 325
694 303
714 318
800 321
800 322
800 323
706 314
725 327
738 346
738 347
726 292
766 328
698 310
758 324
718 288
737 301
710 284
710 285
778 302
770 298
730 262
749 275
676 291
722 258
722 259
695 304
741 271
801 322
687 300
679 296
679 297
707 278
739 347
699 274
731 343
759 325
778 338
751 321
752 286
770 334
743 317
771 299
790 312
763 295
723 259
782 308
709 324
755 291
728 337
701 320
701 321
774 304
720 333
680 297
681 297
682 297
721 298
700 275
740 311
712 329
712 330
711 331
710 330
709 331
732 307
733 272
724 303
725 304
724 304
744 281
785 319
690 310
736 277
755 327
756 292
796 328
702 321
788 324
789 325
788 325
748 288
721 334
767 301
766 302
713 330
754 331
714 295
733 308
706 291
724 339
765 340
698 287
698 288
726 269
766 305
717 300
757 336
757 337
745 282
718 265
736 313
737 278
710 261
710 262
683 307
797 329
729 274
729 275
675 303
694 316
695 281
781 321
686 312
727 350
687 277
745 266
747 328
766 341
698 323
697 324
739 324
758 337
759 302
731 320
731 321
778 315
750 333
751 298
730 275
770 311
697 327
743 294
676 304
716 340
762 307
708 336
728 314
688 278
719 345
719 346
720 310
699 287
740 288
732 284
751 334
752 299
711 261
792 335
784 331
763 308
709 337
755 304
702 298
748 265
720 346
721 311
693 329
713 307
753 343
753 344
714 272
732 320
733 285
705 303
704 304
705 304
706 268
725 281
744 294
785 332
717 277
717 278
690 323
777 328
736 290
682 319
769 324
769 325
674 315
674 316
694 293
754 344
727 327
686 289
686 290
746 340
706 304
747 305
738 336
766 318
726 282
739 301
718 278
758 314
675 316
749 265
750 266
716 317
695 294
687 290
728 291
747 341
719 322
719 323
718 324
717 323
716 324
707 268
739 337
699 264
780 338
731 333
759 315
752 276
792 312
743 307
811 325
803 321
709 314
728 327
701 310
701 311
702 275
720 323
721 288
693 306
693 307
740 301
712 319
713 320
714 320
715 320
713 284
732 297
773 335
733 262
705 280
705 281
724 293
724 294
725 258
744 271
785 309
804 322
690 300
777 305
736 267
736 268
723 334
796 318
682 296
769 301
769 302
742 347
702 311
788 314
787 315
788 315
748 278
734 343
694 270
694 271
693 272
692 271
735 308
714 285
705 316
704 317
706 281
765 330
725 294
698 277
698 278
726 259
766 295
757 326
745 272
758 291
737 268
683 297
715 329
715 330
789 315
675 293
735 344
694 306
695 271
727 340
738 349
758 327
731 310
731 311
799 328
759 292
778 305
751 288
770 301
697 317
743 284
743 285
716 330
762 297
689 313
689 314
708 326
709 291
728 304
701 287
720 300
721 265
740 278
712 296
712 297
732 274
773 312
752 289
764 343
764 344
678 303
792 325
724 270
723 271
724 271
722 271
721 272
784 321
730 350
690 277
776 317
776 318
755 294
722 346
795 330
742 324
702 288
761 337
721 301
712 332
711 333
753 333
753 334
713 297
714 262
754 298
733 275
705 293
765 307
725 271
744 284
711 336
785 322
757 303
717 267
690 313
777 318
723 347
769 314
674 305
735 321
694 283
754 334
727 317
686 279
686 280
746 330
747 295
766 308
692 306
738 326
739 291
758 304
718 268
685 320
731 287
731 288
704 333
750 300
696 329
696 330
697 294
716 307
708 303
708 304
687 280
728 281
719 312
720 313
719 313
720 277
780 328
772 324
772 325
751 301
791 337
764 320
764 321
697 330
743 297
783 333
783 334
708 339
707 340
749 340
709 304
755 271
741 336
701 300
700 301
702 265
761 314
693 296
693 297
694 298
721 278
740 291
753 310
713 274
773 325
732 287
705 270
705 271
678 316
724 283
670 312
784 334
690 290
723 324
742 337
734 333
735 298
754 311
714 275
727 294
727 295
726 296
726 297
726 298
706 271
746 307
747 272
765 320
738 303
757 316
704 310
750 277
683 287
682 287
681 288
696 306
715 319
802 324
802 325
716 284
727 330
768 331
747 308
719 289
718 290
719 290
717 290
716 291
760 327
760 328
779 340
739 304
780 305
731 300
799 318
750 313
751 278
791 314
791 315
737 343
697 307
743 274
783 310
783 311
716 320
762 287
689 303
689 304
709 281
749 317
728 294
701 277
701 278
719 325
720 290
693 273
693 274
740 268
712 286
712 287
773 302
732 264
678 293
764 333
765 334
765 335
792 315
724 260
724 261
723 262
722 261
721 262
784 311
730 340
803 324
776 307
776 308
722 336
722 337
723 301
741 349
742 314
702 278
761 327
734 310
713 287
753 323
754 288
700 317
746 284
765 297
692 313
725 261
711 326
798 331
798 332
757 293
777 308
778 309
779 308
703 322
703 323
723 337
715 296
715 297
694 273
735 311
767 343
767 344
727 307
746 320
787 321
747 285
738 316
766 298
739 281
779 317
685 310
758 294
731 277
731 278
704 323
677 306
676 307
677 307
750 290
745 324
696 319
697 284
716 297
689 280
689 281
708 293
708 294
709 258
768 344
728 271
760 340
719 302
718 303
720 267
780 318
712 263
712 264
726 347
799 331
772 314
772 315
718 343
764 310
764 311
783 323
710 339
710 340
709 341
730 317
749 330
709 294
722 313
741 326
742 291
761 304
721 268
688 320
707 333
753 300
713 264
699 329
732 277
773 315
678 306
711 303
690 280
722 349
723 314
742 327
734 323
735 288
775 324
754 301
681 317
727 284
727 285
700 330
746 297
786 333
786 334
765 310
692 326
738 293
711 339
684 322
684 323
685 287
704 300
750 267
696 296
696 297
715 309
716 274
748 343
708 270
708 271
768 321
673 312
787 334
760 317
760 318
719 279
719 280
739 294
779 330
685 323
726 324
745 337
751 268
718 320
737 333
697 297
729 329
709 271
749 307
728 284
741 303
701 267
720 280
707 310
805 324
805 325
730 330
771 331
722 326
723 291
741 339
742 304
761 317
774 336
734 300
735 265
753 313
681 294
700 307
746 274
765 287
806 325
692 303
738 270
739 271
738 271
737 272
736 272
735 272
711 316
798 321
798 322
684 299
703 312
703 313
704 277
769 294
768 295
756 324
715 286
715 287
735 301
775 337
767 333
767 334
727 297
728 298
729 297
768 298
787 311
747 275
714 327
733 340
738 306
779 307
725 336
731 267
704 313
717 332
677 296
750 280
736 345
697 274
737 310
716 287
802 327
801 328
768 334
728 261
760 330
761 331
762 331
762 330
801 331
720 257
780 308
726 337
718 333
764 300
737 346
710 329
729 342
730 307
770 343
790 321
722 303
722 304
701 280
742 281
761 294
693 276
692 277
688 310
734 277
734 278
707 323
680 306
794 328
753 290
699 319
700 284
691 315
691 316
711 293
752 331
703 289
703 290
723 304
763 340
755 336
755 337
734 313
733 314
735 278
775 314
681 307
721 343
727 274
767 310
767 311
766 312
700 320
786 323
786 324
746 287
692 316
733 317
757 296
684 312
724 348
704 290
696 286
756 337
716 264
708 260
708 261
768 311
787 324
714 340
719 269
760 307
706 336
725 349
726 314
698 332
698 333
717 345
718 310
697 287
710 306
710 307
729 319
730 284
709 261
676 313
749 297
695 326
741 293
741 294
687 322
679 318
707 300
699 296
764 313
710 342
711 343
709 343
712 342
751 343
730 320
743 339
771 321
790 334
723 281
763 317
742 294
782 330
688 323
774 326
774 327
774 328
753 303
680 319
699 332
740 333
700 297
672 315
672 316
672 317
746 264
692 293
732 329
711 306
752 344
798 311
684 289
684 290
683 291
703 302
704 267
809 320
715 276
756 314
775 327
748 310
767 323
714 317
733 330
706 309
706 313
725 326
685 290
726 291
744 339
745 304
717 322
736 335
696 299
697 264
737 300
729 296
708 273
749 274
695 303
741 270
760 320
761 321
762 320
801 321
793 317
793 318
792 319
791 318
790 318
791 317
726 327
739 346
718 323
759 324
764 290
778 337
729 332
770 333
730 297
749 310
762 329
790 311
723 258
741 306
742 271
782 307
728 336
688 300
734 267
734 268
733 269
707 313
753 280
680 296
794 318
699 309
700 274
805 327
691 305
690 306
690 307
752 321
711 283
771 334
703 279
703 280
763 330
755 326
756 291
775 304
735 268
702 320
721 333
767 300
727 264
728 265
729 265
729 264
740 346
713 329
732 342
733 307
738 273
705 325
705 326
704 327
703 327
702 327
684 302
724 338
725 303
704 280
744 316
745 281
736 312
696 276
756 327
797 328
748 323
789 324
768 301
694 315
714 330
760 297
800 333
779 310
706 326
725 339
726 304
766 340
745 317
717 335
718 300
758 336
737 313
778 314
710 296
710 297
709 298
729 309
730 274
749 287
676 303
722 270
695 316
741 283
687 312
688 277
793 330
707 290
679 308
679 309
678 310
677 309
676 310
699 286
759 337
691 282
691 283
690 284
689 283
688 284
751 333
752 298
688 313
711 260
771 311
743 329
790 324
722 306
763 307
709 336
782 320
755 303
728 349
774 316
701 332
701 333
700 334
734 280
720 345
680 309
681 309
682 309
721 310
700 287
712 341
740 323
691 318
732 319
692 283
752 334
724 315
724 316
785 331
690 322
755 339
756 304
702 333
775 317
788 336
788 337
787 338
748 300
767 313
713 342
754 343
714 307
733 320
705 338
705 339
704 340
703 341
703 342
702 340
701 339
704 342
700 339
699 339
698 339
699 338
700 337
699 336
700 336
702 339
701 341
701 342
704 341
697 338
697 337
696 336
697 336
696 338
695 335
694 335
694 334
695 333
700 338
695 334
699 340
698 341
698 342
702 341
695 337
696 339
696 340
697 340
700 340
695 336
699 342
695 339
706 303
725 316
698 299
698 300
697 301
726 281
744 329
745 294
717 312
718 277
736 325
737 290
710 273
710 274
683 319
729 286
729 287
728 288
675 315
789 337
694 328
695 293
781 333
686 324
686 325
687 289
747 340
707 267
698 335
812 320
739 336
699 263
718 313
759 314
731 332
710 309
711 310
712 309
750 345
750 346
778 327
751 310
697 339
770 323
730 287
676 316
722 283
762 319
687 325
728 326
688 290
707 303
753 270
720 322
699 299
740 300
700 264
691 295
751 346
752 346
753 346
752 311
711 273
743 342
771 324
703 269
702 270
763 320
804 321
755 316
774 329
702 310
748 277
721 323
807 326
807 327
807 328
806 329
767 290
740 336
713 319
714 284
732 332
733 297
706 280
724 328
723 329
725 293
726 258
744 306
745 271
717 289
777 340
736 302
737 267
683 296
797 318
769 336
769 337
768 338
729 263
789 314
808 327
694 305
735 343
695 270
781 310
781 311
780 312
727 339
686 301
686 302
686 303
685 304
706 316
707 317
708 316
747 317
738 348
766 330
726 294
698 312
717 325
758 326
759 291
710 286
778 304
750 322
729 299
770 300
730 264
749 277
716 329
676 293
722 260
695 306
741 273
687 302
719 334
719 335
720 336
707 280
679 298
793 320
794 320
795 320
739 349
699 276
759 327
731 345
732 346
733 347
732 348
732 349
733 349
734 350
735 350
732 350
733 350
691 272
691 273
690 274
751 323
752 288
770 336
743 319
771 301
762 332
723 261
763 297
782 310
709 326
755 293
701 322
701 323
700 324
720 335
693 318
693 319
692 320
721 300
712 331
740 313
713 296
732 309
692 273
733 274
724 305
725 306
725 307
724 308
723 308
724 306
725 270
744 283
785 321
690 312
736 279
736 280
777 317
723 346
796 330
682 308
756 294
702 323
748 290
788 326
788 327
787 328
713 332
714 332
715 332
754 333
714 297
705 328
706 293
765 342
766 307
726 271
698 289
698 290
697 291
717 302
757 338
757 339
758 340
718 267
737 280
710 263
710 264
709 265
683 309
729 276
715 341
715 342
675 305
789 327
790 328
791 328
791 327
694 318
695 283
781 323
687 279
766 343
758 339
731 322
731 323
730 324
778 317
750 335
770 313
697 329
716 342
689 325
689 326
688 327
688 328
687 329
688 330
688 329
687 331
688 332
689 332
690 332
691 332
692 333
703 340
690 331
688 331
690 333
722 273
708 338
709 303
688 280
719 347
718 348
679 311
720 312
721 277
712 308
740 290
691 285
732 286
773 324
711 263
678 315
792 337
724 282
784 333
776 329
776 330
775 331
709 339
756 271
757 271
701 335
702 300
721 313
712 344
711 345
753 345
713 309
714 274
732 322
733 287
705 305
706 270
725 283
765 319
698 266
698 267
697 268
785 334
671 312
717 279
717 280
716 281
690 325
777 330
683 286
769 326
674 317
694 295
695 260
754 346
686 291
686 292
800 313
800 312
800 311
800 310
800 309
800 308
801 308
801 310
802 311
802 310
803 310
803 309
803 308
804 310
805 311
806 311
807 311
808 312
808 311
807 313
807 312
808 313
809 314
810 315
810 314
811 314
812 314
813 313
813 315
813 314
809 316
812 316
812 317
813 317
814 318
814 317
815 317
815 316
815 315
815 314
816 315
816 317
817 318
814 319
814 320
815 321
811 313
810 312
811 312
811 311
811 310
815 319
810 316
802 312
802 313
814 322
803 312
813 316
805 312
805 313
806 313
816 316
801 309
812 318
804 309
815 318
807 314
807 315
816 319
808 315
814 321
811 315
803 311
804 312
806 312
809 317
809 318
810 318
802 314
802 315
799 308
798 308
797 307
798 307
796 306
795 306
798 309
794 306
793 306
795 307
795 308
796 308
792 305
813 318
805 314
805 315
804 316
806 315
816 318
808 314
801 311
793 307
793 308
792 309
794 308
804 311
796 307
815 320
807 316
806 317
807 318
806 319
807 317
797 308
808 317
746 342
698 302
766 320
758 316
718 280
710 276
711 277
712 276
696 341
675 318
674 319
673 319
702 260
703 260
703 259
716 319
708 315
741 263
740 262
741 261
740 260
739 259
738 259
737 258
738 258
738 260
738 261
738 262
739 261
742 261
743 262
744 262
687 292
728 293
707 270
719 324
720 289
699 266
780 340
740 267
772 336
772 337
771 338
792 314
697 342
784 310
803 323
763 287
709 316
795 319
701 312
675 319
676 320
677 319
778 322
779 321
778 321
779 320
702 277
720 325
721 290
761 326
693 308
693 309
692 310
800 328
712 321
713 286
732 299
773 337
733 264
705 282
705 283
704 284
724 295
725 260
785 311
744 273
690 302
804 324
736 269
735 270
736 270
777 307
796 320
723 336
682 298
681 299
681 300
681 301
682 299
769 303
769 304
768 305
674 294
674 295
671 317
670 316
669 316
669 315
668 314
667 313
666 313
665 313
664 314
665 315
664 313
666 315
669 317
667 312
668 312
667 314
788 316
807 329
694 272
714 287
706 283
707 284
708 283
765 332
698 279
726 261
717 292
718 293
718 294
719 292
718 257
717 257
716 258
717 256
737 270
704 322
683 299
769 339
729 266
675 295
715 331
716 296
695 273
781 313
782 313
782 314
783 313
686 304
768 343
799 330
731 312
791 326
697 319
770 303
743 286
743 287
742 288
716 332
689 315
689 316
688 317
687 317
695 320
762 299
708 328
709 293
728 306
701 289
701 290
700 291
719 337
720 302
721 267
693 285
693 286
692 287
740 280
712 298
712 299
711 300
713 263
773 314
732 276
792 327
678 305
724 272
724 273
725 274
784 323
776 319
775 320
775 321
776 320
690 279
701 325
702 290
761 339
693 321
713 299
714 300
713 301
715 299
753 335
753 336
752 337
752 338
714 264
733 277
705 295
700 329
765 309
725 273
711 338
757 305
758 306
757 306
717 269
777 320
703 334
703 335
769 316
770 316
810 317
674 307
694 285
686 281
685 282
684 283
685 284
686 284
787 333
766 310
739 293
757 341
756 341
685 322
731 289
731 290
730 291
724 323
799 307
704 335
677 318
710 266
711 267
712 266
696 331
697 296
743 263
743 264
742 265
716 309
689 292
689 293
708 305
708 306
707 307
709 270
728 283
719 314
720 315
721 316
721 317
722 316
717 284
720 279
780 330
712 275
772 326
772 327
771 328
764 322
764 323
763 324
721 305
720 305
701 291
697 332
811 317
783 335
784 336
785 336
786 336
689 328
690 329
691 329
691 328
803 313
709 306
795 309
795 310
794 311
795 312
794 312
701 302
702 267
693 298
761 316
721 280
712 311
713 311
714 311
726 286
725 285
713 276
732 289
733 290
733 291
675 310
734 290
773 327
699 341
705 272
678 318
724 285
723 285
806 324
670 314
744 263
690 292
776 332
736 259
735 260
723 326
682 288
796 310
769 293
788 306
787 305
714 257
714 256
713 255
697 312
788 304
713 254
715 256
789 304
790 305
790 306
735 300
727 296
700 342
706 273
747 274
765 322
698 269
739 270
685 299
704 312
696 308
696 309
695 310
715 321
714 322
713 323
714 324
683 301
716 286
802 326
708 282
768 333
728 260
719 291
760 329
780 307
799 320
731 302
772 303
772 304
771 305
791 316
697 309
743 276
783 312
689 305
708 318
709 283
728 296
701 279
720 292
721 257
693 275
740 270
712 288
713 289
772 339
704 275
732 266
773 304
792 317
764 335
678 295
724 262
784 313
785 313
786 313
690 330
776 309
722 338
723 303
702 280
761 329
735 277
681 306
700 319
705 285
765 299
692 315
725 263
738 282
738 283
737 284
711 328
717 259
718 260
719 259
798 333
798 334
797 335
800 316
703 324
703 325
770 318
704 289
769 306
674 297
715 298
756 336
694 275
727 309
768 310
787 323
739 283
779 319
685 312
731 279
704 325
677 308
696 321
697 286
716 299
689 282
708 295
709 260
728 273
814 313
815 312
815 311
814 311
719 304
718 305
760 342
720 269
780 320
712 265
772 316
718 345
791 329
764 312
783 325
710 341
730 319
790 333
722 315
701 292
742 293
693 288
721 270
688 322
734 289
707 335
713 266
714 266
717 272
718 271
715 266
699 331
710 268
700 296
705 262
706 261
705 260
705 259
706 259
706 260
691 327
724 275
723 275
806 314
752 343
711 305
757 272
757 273
758 274
798 310
690 282
703 301
723 316
809 319
735 290
775 326
681 319
727 286
767 322
700 332
786 335
692 328
739 260
684 324
683 325
683 326
683 327
791 309
685 289
758 273
759 272
704 302
810 320
696 298
697 263
715 311
802 316
716 276
748 345
747 346
708 272
768 323
787 336
673 314
719 281
718 282
760 319
779 332
799 310
731 292
726 326
677 321
678 322
678 323
679 324
680 325
681 324
681 323
682 322
765 315
679 321
682 321
718 322
791 306
697 299
710 318
710 319
743 266
689 295
730 296
709 273
695 338
701 269
720 282
707 312
712 278
713 278
794 317
699 308
764 325
805 326
771 333
776 299
775 298
775 297
722 328
723 293
763 329
774 338
774 339
774 340
735 267
681 296
727 263
700 309
786 312
692 305
806 327
738 272
711 318
684 301
798 323
703 314
702 315
704 279
696 275
715 288
775 339
767 335
727 299
768 300
787 313
714 329
719 258
779 309
706 325
739 273
685 302
726 303
731 269
717 334
696 311
697 276
716 289
729 308
708 285
728 263
695 315
760 332
719 294
801 333
720 259
780 310
793 329
772 306
773 307
774 307
774 306
718 335
759 336
710 331
783 315
729 344
730 309
790 323
722 305
723 270
782 319
742 283
693 278
688 312
734 279
707 325
794 330
680 308
699 321
700 286
691 317
692 282
711 295
752 333
703 291
703 292
763 342
723 306
755 338
756 303
715 265
775 316
702 332
735 280
721 345
767 312
727 276
713 341
786 325
785 326
692 318
738 285
724 350
684 314
685 314
753 305
686 314
725 315
704 292
696 288
810 310
715 301
756 339
716 266
748 335
708 262
789 336
768 313
694 327
714 342
760 309
719 271
779 322
706 338
698 334
812 319
745 329
717 347
716 347
715 346
714 345
714 344
713 346
715 344
724 288
718 312
737 325
778 326
710 308
689 285
729 321
730 286
749 299
676 315
722 282
695 328
741 295
701 259
687 324
688 289
679 320
707 302
794 307
813 320
699 298
691 294
805 316
751 345
752 310
711 272
743 341
771 323
722 318
790 336
723 283
763 319
695 308
704 318
782 332
742 296
755 315
688 325
734 292
735 293
736 293
736 292
680 321
721 322
754 270
700 299
740 335
746 266
691 330
732 331
692 295
711 308
798 313
724 327
684 291
757 275
703 304
704 269
744 305
809 322
669 311
756 316
775 329
748 312
767 325
808 326
714 319
733 332
706 315
725 328
685 292
774 305
726 293
731 259
698 311
744 341
745 306
717 324
718 289
736 337
697 266
737 302
729 298
730 263
749 276
695 305
741 272
801 323
687 301
793 319
707 279
739 348
718 325
764 292
759 326
710 321
778 339
751 322
770 335
730 299
771 300
722 295
790 313
723 260
741 308
742 273
782 309
728 338
688 302
734 269
707 315
680 298
753 282
720 334
699 311
740 312
700 276
691 307
805 329
692 272
752 323
741 275
711 285
762 298
771 336
703 281
702 282
763 332
755 328
756 293
715 255
774 341
702 322
775 306
748 289
721 335
767 302
727 266
740 348
713 331
786 315
714 296
732 344
733 309
705 327
724 340
723 341
684 304
725 305
744 318
745 283
717 301
736 314
696 278
737 279
683 308
716 256
797 330
748 325
789 326
694 317
768 303
781 322
760 299
719 261
686 313
706 328
747 329
766 342
726 306
698 324
717 337
718 302
758 338
737 315
750 334
778 316
710 298
729 311
730 276
770 312
749 289
716 341
676 305
722 272
695 318
741 285
687 314
688 279
793 332
794 332
725 275
795 332
796 332
703 271
702 272
736 295
707 292
679 310
699 288
759 339
691 284
751 335
752 300
711 262
743 331
771 313
790 326
763 309
723 273
782 322
709 338
755 305
701 334
758 307
757 308
756 308
774 318
773 319
680 311
681 311
682 311
720 347
721 312
693 330
693 331
740 325
712 343
713 308
692 285
732 321
733 286
724 317
724 318
725 319
703 294
785 333
744 295
704 259
690 324
777 329
736 291
756 306
715 268
682 320
702 335
748 302
788 338
767 315
808 316
713 344
754 345
714 309
733 322
705 340
746 341
706 305
725 318
766 319
726 283
698 301
745 296
717 314
718 279
736 327
737 292
710 275
683 321
729 288
675 317
707 269
749 266
694 330
781 335
695 295
741 262
686 326
685 327
765 324
801 313
687 291
747 342
793 309
739 338
812 322
698 280
699 265
759 316
731 334
778 329
710 311
751 312
752 277
770 325
697 341
743 308
676 318
722 285
762 321
742 263
709 315
728 328
688 292
734 259
679 323
720 324
699 301
712 320
740 302
700 266
691 297
773 336
732 298
711 275
752 313
743 344
744 272
763 322
776 341
804 323
755 318
756 318
757 319
758 319
692 288
757 318
796 319
702 312
742 348
748 279
721 325
767 292
713 321
714 286
732 334
705 317
733 299
706 282
724 330
765 331
725 295
726 260
744 308
717 291
745 273
718 256
736 304
737 269
769 338
683 298
797 320
675 294
789 316
808 329
735 345
694 307
781 312
695 272
727 341
800 325
706 318
747 319
698 314
738 350
766 332
739 315
718 292
758 328
759 293
750 324
710 288
778 306
730 266
770 302
716 331
676 295
722 262
708 327
687 304
728 305
679 300
793 322
794 322
795 322
796 322
707 282
719 336
699 278
740 279
731 347
759 329
691 274
752 290
792 326
771 303
762 334
763 299
709 328
755 295
795 331
728 341
774 308
701 324
702 289
720 337
761 338
721 302
693 320
712 333
713 334
714 334
715 334
713 298
714 263
732 311
733 276
705 294
724 307
725 272
785 323
744 285
717 268
690 314
777 319
736 281
736 282
704 294
723 348
682 310
769 315
702 325
674 306
788 328
748 292
694 284
754 335
714 299
705 330
706 295
765 344
765 321
725 308
766 309
726 273
698 291
717 304
757 340
724 320
758 305
718 269
704 334
698 268
737 282
710 265
683 311
729 278
789 329
715 343
675 307
694 320
695 285
781 325
686 316
687 281
707 259
758 341
759 306
731 324
750 337
791 338
751 302
697 331
770 315
811 316
743 298
716 344
762 311
689 327
708 340
709 305
755 272
728 318
701 301
719 349
720 314
721 279
712 310
740 292
713 275
732 288
773 326
678 317
724 284
703 261
670 313
784 335
776 331
804 313
690 291
736 258
796 309
756 273
701 337
702 337
703 337
702 302
742 338
748 269
788 305
721 315
693 333
734 334
754 312
714 276
733 289
700 341
705 307
706 272
766 286
671 314
717 281
745 263
757 317
690 327
777 332
736 294
737 259
682 323
797 310
683 288
769 328
789 306
735 335
694 297
800 315
686 293
687 294
727 331
746 344
766 322
738 340
739 305
758 318
731 301
710 278
751 279
697 308
743 275
716 321
762 288
667 316
708 317
709 282
728 295
719 326
718 327
679 290
680 290
681 291
720 291
699 268
740 269
731 337
772 338
773 303
732 265
764 334
792 316
752 280
743 311
784 312
730 341
803 325
763 289
709 318
755 285
795 321
701 314
702 279
720 327
761 328
693 310
721 292
712 323
713 288
773 339
732 301
733 266
705 284
725 262
765 298
744 275
717 258
690 304
693 290
777 309
736 271
723 338
682 300
769 305
788 318
674 296
734 347
735 312
694 274
754 325
727 308
706 285
746 321
747 286
766 299
738 317
698 281
726 263
739 282
757 330
718 259
758 295
704 324
750 291
729 268
696 320
675 297
715 333
716 298
695 275
727 344
728 272
814 312
719 303
760 341
739 318
780 319
759 296
731 314
726 348
799 332
750 327
751 292
697 321
783 324
743 288
716 334
781 303
780 302
781 301
780 300
781 302
762 301
689 317
708 330
749 331
709 295
728 308
719 339
720 304
721 269
693 287
712 300
740 282
713 265
732 278
773 316
705 261
678 307
792 329
724 274
784 325
690 281
776 321
795 334
723 315
702 292
742 328
693 323
761 341
734 324
735 289
753 337
754 302
700 331
705 297
706 262
746 298
692 327
765 311
738 294
711 340
717 271
757 307
758 272
703 336
769 318
810 319
674 309
715 310
694 287
701 336
735 325
686 283
746 334
747 299
787 335
738 330
739 295
779 331
707 308
685 324
758 308
799 309
759 273
731 291
704 337
677 320
745 338
750 304
721 327
791 305
751 269
745 264
767 294
696 333
697 298
743 265
716 311
689 294
708 307
709 272
728 285
701 268
719 316
718 317
701 305
720 281
780 332
712 277
772 328
764 324
792 306
752 270
811 319
783 337
782 337
782 338
782 339
689 330
730 331
803 315
776 298
749 344
722 327
795 311
755 275
701 304
741 340
742 305
702 269
761 318
693 300
721 282
734 301
753 314
705 274
678 320
724 287
765 288
806 326
734 346
744 265
711 317
690 294
777 299
736 261
723 328
682 290
769 295
742 341
788 308
734 337
735 302
775 338
754 315
727 298
746 311
747 276
787 312
738 307
766 289
698 271
739 272
757 320
685 301
731 268
704 314
750 281
677 297
677 298
696 310
697 275
715 323
802 328
716 288
708 284
768 335
728 262
760 331
719 293
720 258
780 309
731 304
799 322
726 338
772 305
718 334
751 282
764 301
764 302
697 311
737 347
783 314
743 278
729 343
689 307
730 308
709 285
741 317
701 281
720 294
721 259
761 295
693 277
712 290
740 272
707 324
753 291
773 306
732 268
678 297
764 337
724 264
723 265
784 315
730 344
776 311
722 340
723 305
742 318
734 314
735 279
753 327
754 292
681 308
727 275
700 321
746 288
765 301
692 317
738 284
711 330
757 297
684 313
717 261
703 326
704 291
696 287
756 338
715 300
716 265
748 334
727 311
768 312
787 325
747 289
714 341
719 270
760 308
739 285
725 350
731 281
745 328
750 294
717 346
677 310
696 323
737 324
697 288
750 271
716 301
689 284
708 297
709 262
749 298
728 275
814 315
719 306
760 344
761 344
762 344
720 271
780 322
712 267
772 318
813 319
718 347
764 314
783 327
710 343
730 321
749 334
790 335
722 317
723 282
741 330
742 295
702 259
761 308
688 324
734 291
707 337
753 304
713 268
680 320
699 333
705 264
700 298
746 265
692 294
806 316
711 307
752 345
757 274
798 312
703 303
723 318
809 321
756 315
715 277
715 278
775 328
735 292
681 321
767 324
727 288
786 337
785 338
746 301
747 266
692 330
738 297
733 331
739 262
684 326
685 291
703 339
731 258
744 340
745 305
696 300
810 322
736 336
697 265
715 313
802 318
716 278
708 274
768 325
673 316
760 321
719 283
779 334
665 312
726 328
799 312
772 295
745 341
791 308
764 291
737 337
710 320
783 304
784 303
783 302
785 303
743 268
729 333
689 297
730 298
709 275
722 294
695 340
701 271
741 307
742 272
688 301
712 280
707 314
753 281
794 319
699 310
773 296
805 328
691 306
711 284
776 301
771 335
722 330
763 331
723 295
742 308
734 304
775 305
735 269
754 282
681 298
727 265
700 311
731 325
740 347
746 278
786 314
765 291
732 343
692 307
738 274
711 320
757 287
798 325
684 303
703 316
704 281
696 277
715 290
756 328
775 341
767 337
768 302
714 331
719 260
760 298
733 344
706 327
779 311
739 275
725 340
726 305
731 271
717 336
677 300
718 301
736 349
697 278
737 314
689 274
729 310
708 287
749 288
695 317
741 284
687 313
720 261
712 257
793 331
707 291
772 308
718 337
764 304
759 338
710 333
730 311
771 312
722 307
790 325
762 343
723 272
742 285
782 321
761 298
728 350
688 314
774 317
734 281
707 327
753 294
680 310
699 323
700 288
740 324
691 319
692 284
752 335
711 297
703 293
817 315
818 316
819 315
820 314
821 313
819 313
819 312
820 312
821 314
818 312
819 314
817 313
820 313
819 316
817 312
818 313
763 344
809 311
755 340
715 267
756 305
702 334
735 282
775 318
748 301
721 347
734 294
727 278
767 314
713 343
786 327
714 308
733 321
738 287
684 316
685 281
725 317
744 330
717 313
745 295
736 326
696 290
737 291
802 308
683 320
716 268
748 337
789 338
708 264
768 315
694 329
781 334
760 311
719 273
801 312
706 340
698 336
726 318
812 321
718 314
737 327
710 310
778 328
729 323
770 324
730 288
676 317
749 301
722 284
695 330
668 313
741 297
742 262
687 326
688 291
734 258
679 322
707 304
753 271
794 309
813 322
699 300
700 265
805 318
691 296
752 312
711 274
771 325
743 343
703 270
790 338
763 321
782 334
755 317
774 330
735 259
680 323
721 324
767 291
740 337
786 304
746 268
692 297
732 333
738 264
733 298
798 315
724 329
684 293
703 306
744 307
704 271
736 303
669 313
715 280
797 319
748 314
767 327
808 328
768 292
714 321
760 288
800 324
733 334
706 317
779 301
725 330
726 295
698 313
766 331
717 326
745 308
718 291
736 339
737 304
710 287
729 300
730 265
749 278
676 294
695 307
741 274
687 303
801 325
793 321
707 281
679 299
739 350
699 277
759 328
731 346
764 294
710 323
771 302
751 324
770 337
730 301
743 320
762 333
722 297
723 298
724 297
790 315
763 298
741 287
742 275
782 311
709 327
728 340
688 304
734 271
680 300
699 313
740 314
700 278
691 309
732 310
692 274
752 325
711 287
703 283
763 334
755 330
715 257
796 331
756 295
775 308
702 324
748 291
721 337
767 304
786 317
713 333
714 298
705 329
733 311
706 294
724 342
765 343
726 272
744 320
717 303
745 285
736 316
696 280
737 281
683 310
797 332
729 277
675 306
789 328
694 319
695 284
781 324
760 301
686 315
706 330
747 331
726 308
698 326
766 344
812 311
739 327
718 304
759 305
750 336
710 300
778 318
729 313
730 278
770 314
716 343
749 291
762 310
722 274
687 316
728 317
688 281
679 312
707 294
793 334
719 348
813 312
699 290
759 341
691 286
751 337
752 302
792 338
711 264
743 333
771 315
763 311
782 324
709 340
755 307
756 272
774 320
702 301
748 268
720 349
721 314
693 332
740 327
672 309
712 345
713 310
732 323
705 306
733 288
724 319
725 284
704 261
785 335
744 297
671 313
690 326
777 331
769 327
797 309
748 304
674 318
789 305
694 296
808 318
735 334
800 314
705 342
706 342
707 342
707 343
706 307
746 343
725 320
698 303
738 339
766 321
726 285
717 316
745 298
718 281
758 317
737 294
710 277
683 323
729 290
694 332
781 337
695 297
667 315
741 264
686 328
687 293
801 315
747 344
793 311
707 271
812 324
739 340
699 267
731 336
759 318
778 331
751 314
752 279
770 327
743 310
762 323
763 288
668 316
709 317
782 301
688 294
734 261
774 297
701 313
720 326
721 291
740 304
712 322
700 268
691 299
773 338
732 300
733 265
752 315
724 296
703 273
785 312
744 274
690 303
804 325
755 320
796 321
702 314
788 317
748 281
754 324
714 288
705 319
733 301
706 284
724 332
725 297
765 333
726 262
717 293
718 258
737 271
683 300
797 322
769 340
729 267
789 318
675 296
694 309
781 314
695 274
800 327
686 305
766 334
698 316
731 313
710 290
778 308
697 320
770 304
730 268
716 333
676 297
762 300
722 264
708 329
687 306
728 307
719 338
679 302
720 303
699 280
740 281
731 349
691 276
792 328
784 324
763 301
709 330
755 297
795 333
774 310
701 326
702 291
720 339
721 304
761 340
693 322
712 335
713 300
714 265
732 313
733 278
705 296
724 309
785 325
744 287
717 270
690 316
777 321
736 283
796 334
682 312
769 317
788 330
674 308
816 312
694 286
754 337
714 301
686 282
706 297
726 275
766 311
698 293
757 342
717 306
704 336
710 267
683 313
729 280
696 332
675 309
715 345
716 310
781 327
695 287
686 318
687 283
707 261
719 315
780 331
759 308
750 339
752 269
770 317
697 333
783 336
811 318
716 346
689 329
803 314
708 342
709 307
701 303
702 268
720 316
721 281
693 299
740 294
712 312
713 277
773 328
732 290
705 273
678 319
724 286
670 315
784 337
744 264
690 293
804 315
776 333
736 260
723 327
796 311
682 289
765 323
702 304
748 271
788 307
807 320
713 313
714 278
705 309
706 274
725 287
698 270
671 316
717 283
745 265
777 334
737 261
682 325
769 330
683 290
789 308
715 322
694 299
781 304
686 295
746 346
766 324
758 320
731 303
799 321
697 310
770 294
743 277
716 323
689 306
708 319
709 284
728 297
719 328
720 293
721 258
712 289
740 271
772 340
773 305
732 267
678 296
764 336
792 318
724 263
784 314
803 327
776 310
709 320
722 339
795 323
701 316
702 281
721 294
761 330
693 312
712 325
713 290
714 255
773 341
705 286
733 268
724 299
725 264
765 300
744 277
785 315
711 329
717 260
736 273
777 311
723 340
682 302
769 307
788 320
674 298
734 349
694 276
727 310
765 336
698 283
766 301
739 284
685 313
718 261
731 280
704 326
696 322
715 335
716 300
708 296
814 314
728 274
760 343
719 305
720 270
780 321
731 316
772 317
791 330
718 346
697 323
743 290
783 326
689 319
708 332
709 297
701 293
720 306
693 289
721 271
740 284
707 336
712 302
713 267
732 280
773 318
705 263
678 309
792 331
724 276
784 327
776 323
690 283
795 336
723 317
761 343
807 310
806 309
735 291
753 339
714 268
681 320
727 287
700 333
706 264
765 313
692 329
698 260
711 342
684 325
757 309
717 273
703 338
704 303
810 321
674 311
715 312
802 317
716 277
748 346
686 285
768 324
673 315
787 337
719 282
779 333
685 326
799 311
731 293
704 339
677 322
791 307
696 335
697 300
743 267
783 303
716 313
689 296
708 309
709 274
728 287
701 270
719 318
720 283
666 312
780 334
740 261
712 279
772 330
764 326
792 308
783 339
784 304
803 317
776 300
749 346
795 313
722 329
723 294
702 271
761 320
693 302
713 280
754 281
700 310
705 276
733 258
806 328
711 319
798 324
777 301
703 315
736 263
723 330
682 292
769 297
715 289
775 340
727 300
767 336
787 314
739 274
685 303
731 270
704 316
677 299
696 312
697 277
715 325
802 330
716 290
689 273
708 286
768 337
728 264
760 333
719 295
720 260
780 311
712 256
799 324
772 307
718 336
791 320
764 303
743 280
783 316
710 332
729 345
689 309
730 310
709 287
701 283
742 284
693 279
721 261
707 326
712 292
794 331
713 257
732 270
699 322
773 308
678 299
764 339
724 266
711 296
730 346
776 313
690 273
817 314
722 342
763 343
723 307
809 310
735 281
681 310
727 277
700 323
786 326
765 303
692 319
738 286
711 332
684 315
703 328
704 293
818 315
696 289
810 311
756 340
715 302
716 267
748 336
708 263
768 314
787 327
714 343
719 272
739 287
779 323
706 339
685 316
731 283
677 312
696 325
697 290
729 322
689 286
708 299
709 264
695 329
728 277
701 260
720 273
712 269
772 320
813 321
764 316
805 317
730 323
749 336
722 319
790 337
723 284
702 261
782 333
688 326
734 293
707 339
735 258
680 322
699 335
700 300
672 318
705 266
691 331
806 318
692 296
738 263
711 309
798 314
684 292
703 305
704 270
809 323
669 312
715 279
756 317
735 294
775 330
727 290
767 326
768 291
787 304
692 332
733 333
779 300
739 264
684 328
685 293
731 260
744 342
704 306
696 302
697 267
802 320
716 280
708 276
768 327
673 318
719 285
760 323
801 324
665 314
780 301
772 297
745 343
791 310
718 326
783 306
778 340
710 322
730 300
790 314
722 296
701 273
742 274
688 303
734 270
707 316
680 299
794 321
699 312
700 277
805 330
691 308
711 286
771 337
703 282
763 333
723 297
774 342
775 307
735 271
721 336
767 303
727 267
700 313
786 316
732 345
692 309
738 276
724 341
684 305
798 327
703 318
704 283
696 279
715 292
706 329
797 331
716 257
698 325
767 339
768 304
714 333
787 317
760 300
719 262
733 346
779 313
726 307
731 273
677 302
717 338
745 320
697 280
737 316
710 299
689 276
729 312
730 277
749 290
676 306
695 319
741 286
720 263
687 315
712 259
707 293
793 333
699 289
813 311
764 306
759 340
710 335
751 336
730 313
771 314
790 327
722 309
763 310
723 274
782 323
742 287
688 316
734 283
774 319
753 296
680 312
794 334
720 348
679 291
699 325
740 326
672 308
700 290
691 321
692 286
711 299
703 295
817 317
704 260
809 313
755 342
715 269
756 307
702 336
748 303
721 349
727 280
767 316
713 345
786 329
714 310
705 341
733 323
706 306
685 283
726 284
744 332
745 297
717 315
736 328
696 292
737 293
716 270
683 322
729 289
708 266
749 267
694 331
695 296
781 336
714 346
686 327
719 275
760 313
801 314
747 343
793 310
698 338
726 320
812 323
718 316
759 317
710 312
778 330
729 325
770 326
730 290
749 303
676 319
722 286
762 322
695 332
668 315
741 299
742 264
687 328
688 293
734 260
707 306
753 273
699 302
700 267
805 320
691 298
752 314
711 276
743 345
771 327
703 272
723 287
763 323
782 336
755 319
774 332
735 261
702 313
681 290
721 326
767 293
740 339
786 306
713 322
732 335
692 299
738 266
705 318
733 300
724 331
684 295
725 296
744 309
704 273
745 274
696 269
736 305
715 282
756 320
797 321
748 316
789 317
694 308
768 294
714 323
760 290
800 326
706 319
779 303
725 332
698 315
766 333
745 310
717 328
758 329
737 306
778 307
710 289
729 302
730 267
676 296
749 280
722 263
695 309
741 276
801 327
687 305
793 323
707 283
679 301
699 279
759 330
731 348
691 275
751 326
752 291
770 339
743 322
771 304
790 317
762 335
722 299
723 264
763 300
709 329
755 296
728 342
688 306
774 309
734 273
720 338
680 302
721 303
712 334
740 316
700 280
691 311
692 276
732 312
752 327
711 289
703 285
785 324
744 286
690 315
755 332
796 333
756 297
715 259
702 326
775 310
788 329
748 293
816 311
721 339
767 306
713 335
754 336
733 313
705 331
706 296
724 344
725 309
698 292
726 274
745 287
717 305
718 270
736 318
737 283
797 334
683 312
729 279
789 330
675 308
694 321
781 326
695 286
686 317
687 282
747 333
707 260
698 328
812 313
739 329
718 306
758 342
759 307
750 338
778 320
710 302
751 303
730 280
716 345
676 309
722 276
762 312
741 289
708 341
687 318
728 319
688 283
679 314
707 296
699 292
740 293
805 310
691 288
751 339
752 304
711 266
743 335
771 317
703 262
763 313
804 314
709 342
755 309
756 274
774 322
701 338
702 303
748 270
693 334
807 319
740 329
713 312
714 277
732 325
705 308
684 285
724 321
725 286
744 299
785 337
671 315
717 282
690 328
777 333
696 259
737 260
682 324
683 289
769 329
797 311
748 306
674 320
789 307
735 336
808 320
714 313
686 294
727 332
746 345
747 310
738 341
766 323
698 305
726 287
717 318
718 283
664 312
737 296
750 315
710 279
729 292
749 270
716 322
781 339
695 299
741 266
686 330
687 295
801 317
707 273
719 327
793 313
739 342
699 269
731 338
759 320
751 316
752 281
770 329
762 325
790 307
763 290
803 326
709 319
782 303
755 286
728 332
774 299
701 315
720 328
680 292
721 293
693 311
740 306
712 324
732 302
773 340
756 287
733 267
717 327
724 298
785 314
744 276
690 305
804 327
777 310
796 323
723 339
682 301
702 316
788 319
748 283
734 348
767 296
713 325
754 326
714 290
705 321
733 303
706 286
725 299
726 264
698 282
757 331
745 277
717 295
736 308
737 273
683 302
769 342
706 263
797 324
729 269
789 320
675 298
735 349
694 311
695 276
781 316
686 307
727 345
800 329
766 336
758 332
731 315
759 297
799 333
778 310
725 276
710 292
751 293
770 306
697 322
743 289
676 299
716 335
762 302
689 318
722 266
708 331
709 296
728 309
688 273
719 340
679 304
712 301
740 283
691 278
773 317
732 279
752 294
678 308
792 330
784 326
763 303
776 322
709 332
755 299
795 335
701 328
702 293
815 313
721 306
693 324
761 342
712 337
753 338
713 302
714 267
732 315
733 280
705 298
724 311
765 312
698 259
785 327
744 289
711 341
690 318
736 285
777 323
682 314
769 319
674 310
816 314
788 332
694 288
808 310
735 326
754 339
727 322
706 299
747 300
698 295
766 313
739 296
757 344
685 325
758 309
718 273
704 338
750 305
710 269
751 270
696 334
715 347
675 311
716 312
695 289
708 308
687 285
728 286
719 317
707 263
739 332
699 259
780 333
731 328
759 310
772 329
751 306
792 307
752 271
697 335
783 338
743 302
811 320
689 331
762 315
803 316
709 309
749 345
755 276
728 322
741 341
720 318
693 301
721 283
761 319
712 314
740 296
713 279
773 330
732 292
705 275
678 321
670 317
769 296
682 291
744 266
785 304
804 317
707 328
690 295
776 335
736 262
777 300
796 313
702 306
742 342
788 309
748 273
807 322
734 338
754 316
705 311
706 276
746 312
747 277
765 325
698 272
738 308
766 290
717 285
757 321
737 263
704 315
683 292
769 332
729 259
715 324
802 329
694 301
735 339
781 306
686 297
727 335
768 336
747 313
738 344
739 309
758 322
731 305
799 323
750 318
751 283
791 319
737 348
770 296
743 279
716 325
762 292
689 308
708 321
709 286
728 299
701 282
719 330
720 295
721 260
712 291
740 273
713 256
772 342
732 269
678 298
792 320
764 338
724 265
784 316
730 345
803 329
690 272
776 312
722 341
795 325
701 318
702 283
761 332
693 314
734 315
753 328
713 292
754 293
733 270
705 288
700 322
724 301
765 302
725 266
757 298
717 262
690 308
736 275
777 313
818 314
723 342
682 304
769 309
788 322
674 300
735 316
694 278
754 329
727 312
746 325
747 290
787 326
738 321
766 303
739 286
757 334
685 315
758 299
731 282
704 328
677 311
698 262
750 295
710 259
696 324
697 289
715 337
716 302
708 298
709 263
728 276
814 316
760 345
719 307
720 272
780 323
712 268
731 318
772 319
791 332
764 315
697 325
710 344
783 328
743 292
689 321
730 322
709 299
749 335
701 295
741 331
720 308
693 291
761 309
721 273
712 304
713 269
699 334
732 282
773 320
705 265
678 311
724 278
784 329
690 285
776 325
723 319
742 332
734 328
753 341
681 322
754 306
727 289
700 335
786 338
746 302
706 266
747 267
692 331
738 298
739 263
711 344
684 327
757 311
704 305
750 272
810 323
696 301
715 314
802 319
716 279
708 275
727 325
768 326
673 317
760 322
719 284
739 299
779 335
685 328
726 329
799 313
731 295
772 296
745 342
751 273
696 337
697 302
737 338
743 269
783 305
716 315
729 334
689 298
708 311
749 312
695 341
728 289
701 272
719 320
720 285
666 314
780 336
712 281
740 263
772 332
732 259
773 297
792 310
764 328
784 306
730 335
776 302
722 331
795 315
723 296
741 344
742 309
702 273
761 322
734 305
753 318
754 283
705 278
700 312
746 279
765 292
692 308
738 275
711 321
798 326
757 288
703 317
704 282
723 332
769 299
756 329
715 291
735 306
727 302
767 338
747 280
787 316
738 311
733 345
779 312
739 276
685 305
758 289
725 341
731 272
745 319
677 301
750 285
696 314
736 350
697 279
715 327
716 292
802 332
689 275
708 288
768 339
728 266
719 297
760 335
720 262
780 313
712 258
726 342
772 309
718 338
791 322
764 305
783 318
710 334
729 347
730 312
749 325
722 308
741 321
701 285
742 286
688 315
761 299
693 281
721 263
734 282
794 333
753 295
713 259
699 324
700 289
691 320
724 268
752 336
711 298
690 275
817 316
722 344
723 309
809 312
755 341
734 318
735 283
775 319
754 296
721 348
681 312
727 279
700 325
786 328
746 292
692 321
738 288
711 334
757 301
684 317
703 330
704 295
696 291
810 313
756 342
715 304
716 269
802 309
748 338
708 265
768 316
673 307
787 329
760 312
719 274
779 325
706 341
685 318
731 285
698 337
696 304
726 319
677 314
718 315
697 292
729 324
689 288
730 289
749 302
709 266
695 331
741 298
701 262
687 327
720 275
712 271
707 305
753 272
794 310
813 323
764 318
805 319
745 309
730 325
771 326
722 321
723 286
741 334
742 299
782 335
734 295
774 331
707 341
680 324
746 269
754 273
681 289
699 337
700 302
740 338
786 305
691 333
806 320
692 298
738 265
711 311
684 294
798 316
703 307
704 272
809 325
696 268
669 314
756 319
715 281
775 332
681 325
727 292
767 328
768 293
747 270
787 306
760 289
733 335
779 302
739 266
725 331
731 262
744 344
750 275
677 291
736 340
697 269
737 305
716 282
729 301
708 278
749 279
760 325
719 287
801 326
780 303
726 332
772 299
718 328
764 295
737 341
783 308
710 324
729 337
730 302
770 338
722 298
790 316
723 263
741 311
742 276
782 312
761 289
693 271
688 305
734 272
707 318
753 285
794 323
680 301
699 314
700 279
691 310
692 275
752 326
711 288
771 339
703 284
723 299
763 335
755 331
756 296
715 258
735 273
775 309
681 302
721 338
727 269
767 305
786 318
746 282
732 347
692 311
733 312
738 278
724 343
684 307
704 285
744 321
745 286
696 281
736 317
715 294
756 332
716 259
797 333
748 328
767 341
768 306
673 297
714 335
719 264
760 302
733 348
779 315
706 331
725 344
726 309
698 327
812 312
717 340
737 318
710 301
778 319
729 314
689 278
730 279
676 308
749 292
722 275
695 321
741 288
688 282
712 261
707 295
679 313
793 335
699 291
759 342
805 309
691 287
710 337
751 338
752 303
711 265
743 334
771 316
790 329
722 311
763 312
723 276
742 289
782 325
755 308
688 318
774 321
734 285
680 314
672 310
700 292
740 328
691 323
732 324
806 310
752 339
711 301
684 284
703 297
704 262
744 298
809 315
755 344
756 309
715 271
775 322
702 338
748 305
767 318
808 319
714 312
706 308
725 321
685 285
698 304
744 334
745 299
717 317
736 330
737 295
697 259
683 324
729 291
708 268
675 320
749 269
694 333
781 338
695 298
741 265
686 329
801 316
747 345
707 272
793 312
698 340
739 341
812 325
718 318
759 319
710 314
778 332
751 315
730 292
770 328
676 321
762 324
722 288
741 301
782 302
742 266
687 330
688 295
728 331
774 298
734 262
794 313
753 275
680 291
699 304
740 305
691 300
805 322
752 316
711 278
771 329
743 347
703 274
763 325
804 326
755 321
774 334
775 299
748 282
721 328
681 292
767 295
727 259
740 341
713 324
786 308
714 289
732 337
733 302
705 320
738 268
684 297
725 298
744 311
745 276
717 294
736 307
696 271
769 341
797 323
748 318
789 319
768 296
694 310
735 348
781 315
714 325
760 292
686 306
706 321
747 322
726 299
698 317
766 335
717 330
758 331
718 295
737 308
710 291
729 304
730 269
770 305
676 298
749 282
722 265
695 311
741 278
801 329
687 307
679 303
707 285
793 325
699 281
759 332
731 350
691 277
751 328
752 293
770 341
771 306
790 319
762 337
723 266
763 302
782 315
755 298
728 344
734 275
774 311
701 327
680 304
720 340
700 282
740 318
712 336
732 314
692 278
733 279
724 310
703 287
744 288
690 317
736 284
777 322
796 335
715 261
682 313
756 299
702 328
788 331
816 313
748 295
767 308
713 337
714 302
754 338
705 333
733 315
706 298
724 346
725 311
726 276
698 294
717 307
757 343
745 289
718 272
736 320
737 285
683 314
729 281
789 332
694 323
695 288
781 328
686 319
687 284
747 335
707 262
739 331
812 315
758 344
759 309
731 327
710 304
750 340
751 305
697 334
730 282
743 301
676 311
722 278
762 314
708 343
709 308
728 321
688 285
679 316
720 317
691 290
699 294
712 313
740 295
700 259
773 329
732 291
711 268
752 306
743 337
784 338
703 264
763 315
776 334
709 344
755 311
796 312
701 340
702 305
748 272
721 318
807 321
713 314
714 279
732 327
733 292
705 310
737 262
777 335
706 275
682 326
