374 304
373 304
374 303
375 303
376 302
377 301
378 302
377 300
376 299
375 300
378 299
377 303
373 302
372 301
372 304
374 301
373 305
379 300
380 299
379 303
380 302
371 302
381 300
382 299
383 298
371 305
370 304
369 305
368 304
384 299
375 305
377 302
376 304
378 301
383 297
382 301
374 306
373 307
379 302
381 299
375 298
376 297
375 296
375 307
377 304
376 306
367 303
366 302
365 301
366 300
367 299
368 300
367 301
365 303
368 302
366 304
378 303
369 300
373 300
374 299
373 298
385 299
386 298
387 297
386 296
387 295
386 294
388 294
389 293
389 295
388 296
390 293
391 292
390 291
391 290
389 297
387 299
388 298
390 295
374 308
373 309
365 305
392 289
393 290
394 291
379 304
371 300
389 290
388 289
387 288
386 287
387 286
388 285
389 286
388 287
386 289
389 288
387 290
390 286
391 285
390 284
391 283
390 282
389 281
388 280
387 279
389 279
387 281
386 282
385 283
386 291
385 292
384 292
386 300
377 297
378 296
377 295
378 294
377 293
378 292
377 291
379 291
380 290
380 292
381 293
379 293
381 290
382 294
383 295
379 295
381 292
384 294
376 290
375 289
375 291
375 309
367 305
378 305
387 283
390 279
387 292
390 288
379 297
390 297
391 280
370 306
371 307
382 289
383 290
382 298
385 294
394 290
386 286
375 295
374 294
386 295
378 291
375 304
378 300
367 300
387 278
386 277
387 287
390 283
390 292
370 301
381 301
382 293
385 289
374 289
382 302
382 303
374 298
385 298
374 307
386 281
385 280
375 290
386 290
386 299
378 295
389 292
390 278
393 289
370 305
382 288
381 287
385 284
382 297
381 296
385 293
374 293
374 302
386 276
385 275
386 285
378 290
389 287
377 294
389 296
366 303
369 299
381 291
370 300
385 279
384 278
383 277
383 276
382 275
382 274
382 292
374 288
375 287
375 286
375 285
374 284
385 288
385 297
374 297
373 301
386 280
388 299
373 310
374 311
374 312
374 313
375 314
365 306
389 282
377 289
389 291
377 298
366 298
389 300
389 301
390 302
377 307
377 308
378 309
378 310
366 307
366 308
367 309
367 310
369 303
393 288
381 286
380 285
379 284
379 283
378 282
378 281
381 295
381 304
381 305
381 306
382 307
382 308
382 306
381 309
381 310
382 311
382 312
382 278
382 279
381 277
380 276
379 275
379 274
378 273
378 276
378 277
379 278
379 279
385 274
382 287
383 286
374 283
375 282
376 283
375 281
374 280
374 279
373 296
372 295
373 314
373 315
374 316
374 317
375 318
377 275
376 274
389 277
377 284
369 298
368 297
367 296
367 295
366 294
366 293
367 292
368 293
367 291
367 290
366 289
369 294
370 295
370 296
377 311
377 312
377 313
378 314
376 311
366 311
366 312
366 313
367 314
365 310
369 307
369 308
370 309
370 310
382 273
385 278
374 278
375 277
375 276
374 275
374 274
373 282
372 281
371 280
371 279
370 281
370 282
371 283
371 284
369 280
368 279
367 278
367 277
368 278
367 276
368 275
368 274
367 273
367 272
367 271
368 270
368 269
366 275
376 315
376 316
377 317
377 316
366 270
373 318
373 319
373 320
374 321
374 322
375 323
373 323
373 324
372 323
372 318
376 324
376 325
377 326
377 327
377 325
365 314
365 315
366 316
366 317
364 313
363 313
363 312
362 311
362 310
362 314
362 315
363 316
363 317
362 309
363 308
363 307
362 306
362 305
361 313
364 318
365 319
365 320
366 321
366 322
361 308
366 279
369 275
365 323
365 324
365 325
366 326
366 327
367 328
366 325
367 324
365 328
365 329
366 330
366 331
366 332
365 333
365 334
366 335
366 336
364 332
363 331
362 330
362 329
362 328
361 327
361 331
361 332
362 333
362 334
363 335
364 327
363 326
362 325
362 324
364 336
364 337
365 338
365 339
366 340
365 337
361 326
360 325
359 324
364 322
363 322
363 321
362 320
362 319
361 335
361 336
360 334
359 333
359 332
358 332
358 331
357 330
357 329
357 333
357 334
358 335
358 336
358 337
357 338
357 339
358 340
358 341
364 331
364 340
363 340
362 339
362 338
361 340
361 341
360 339
377 288
378 287
379 288
378 286
366 288
367 287
368 288
367 286
369 289
370 290
371 289
372 290
371 288
370 287
370 291
370 286
373 291
365 287
366 297
365 296
357 328
358 327
358 326
357 325
357 324
356 323
355 322
355 321
354 320
354 319
355 318
356 318
355 317
353 318
354 323
354 324
354 325
355 326
355 327
354 328
354 329
353 327
353 322
357 319
358 318
359 319
358 317
357 320
358 321
358 322
358 316
359 315
359 314
358 313
358 312
357 311
368 307
357 315
357 310
356 309
355 309
355 308
355 307
354 306
355 305
355 304
356 304
355 303
355 302
354 301
354 310
353 310
354 305
369 293
377 306
368 325
369 326
370 325
370 324
369 327
370 328
370 329
370 323
369 322
369 321
370 320
371 321
370 319
369 318
368 319
367 319
369 317
370 318
369 330
369 331
369 332
370 333
368 330
369 316
370 315
370 314
371 313
371 312
369 313
369 312
369 302
356 332
355 331
369 311
381 276
370 276
371 275
372 276
372 277
371 274
370 277
356 317
371 330
380 308
370 285
369 284
368 284
368 283
367 282
367 281
381 285
382 284
383 284
382 283
381 282
380 281
381 281
383 304
392 282
393 282
394 282
394 281
393 280
394 280
393 279
393 283
393 284
393 285
394 286
394 285
393 278
394 277
395 278
394 276
395 275
395 274
393 275
394 275
393 274
392 273
391 274
390 275
391 276
390 274
390 273
389 273
396 275
397 276
397 277
397 278
398 279
399 280
400 279
398 278
401 280
402 280
356 310
370 273
401 279
402 278
356 328
401 278
368 312
400 277
370 272
371 271
372 272
371 270
390 298
391 299
372 271
389 272
400 281
399 282
398 283
397 282
378 324
378 323
377 322
377 321
397 281
400 282
359 325
401 283
368 289
401 284
402 285
401 286
400 287
399 286
398 287
398 288
397 287
397 286
399 285
379 294
401 288
401 289
402 290
360 320
372 331
384 305
376 301
396 279
361 321
353 317
373 295
364 326
389 276
388 275
367 337
400 285
366 292
365 291
379 311
399 289
369 297
356 327
368 338
369 337
380 312
372 308
392 286
384 282
376 278
395 291
360 333
373 272
364 303
363 302
362 301
376 314
396 292
397 292
398 292
388 288
365 304
366 269
377 278
369 274
368 315
379 324
380 289
371 320
372 285
372 286
391 298
383 294
356 340
372 321
392 299
393 299
394 299
384 295
376 291
361 311
360 311
360 310
353 307
352 307
352 306
351 305
350 304
373 285
364 316
367 327
368 292
359 323
379 301
399 279
371 297
371 298
391 275
402 284
368 328
371 333
372 298
392 276
383 307
403 285
395 281
360 323
352 319
363 334
355 330
388 278
375 308
367 304
387 282
378 313
398 291
390 287
367 340
368 305
359 336
379 314
380 279
399 292
371 310
372 275
391 288
356 330
384 285
376 281
363 311
374 320
394 298
365 271
364 271
364 270
363 269
375 321
367 317
368 282
359 313
378 326
371 287
390 300
356 307
372 288
370 327
349 304
348 304
348 303
349 302
347 302
346 301
349 301
362 323
352 309
385 306
386 305
387 306
385 307
387 305
363 324
355 320
367 294
386 307
398 281
390 277
368 295
359 326
366 334
358 330
391 278
383 274
402 287
369 339
381 313
381 314
362 336
363 301
382 314
374 310
375 275
394 288
386 284
378 280
355 333
375 311
367 307
368 272
387 285
378 316
379 281
371 277
390 290
377 320
351 304
370 317
362 313
382 291
374 287
385 296
363 314
355 310
374 323
375 288
367 284
386 297
378 293
401 282
366 324
358 320
369 329
370 294
381 303
397 284
370 330
362 326
382 304
374 300
394 278
386 274
387 273
386 272
387 272
354 327
365 336
366 301
357 332
377 310
369 306
393 291
366 337
358 333
370 307
362 303
382 281
364 272
374 277
385 286
352 316
351 315
350 316
350 317
351 317
363 304
376 323
355 300
375 278
367 274
373 317
378 283
365 313
389 298
347 301
366 314
358 310
377 323
350 306
350 307
369 319
370 284
372 330
351 307
397 274
362 316
374 290
361 320
364 325
389 275
364 290
363 289
363 291
362 291
354 317
400 284
373 330
374 331
365 326
366 291
357 322
369 296
401 285
368 337
393 281
358 323
370 297
360 332
394 300
395 301
396 302
393 301
393 302
394 301
396 301
385 276
376 313
396 291
361 333
353 329
352 329
351 328
350 327
351 327
350 329
364 338
377 277
369 273
354 330
357 335
369 309
370 274
356 339
362 270
362 271
381 283
380 324
372 320
392 298
363 271
395 303
395 304
361 310
353 306
373 284
364 315
365 280
364 281
364 280
363 279
362 278
365 281
361 278
360 278
359 278
358 278
357 277
360 277
361 276
360 275
361 275
362 280
362 281
363 281
376 326
396 304
397 305
397 304
398 304
388 300
354 307
346 303
345 303
365 316
366 281
357 312
358 277
377 290
369 286
368 327
380 301
371 332
372 297
392 275
383 306
403 284
395 280
360 322
352 318
364 292
364 293
384 307
376 303
396 281
388 277
361 323
353 319
373 297
364 328
365 293
389 278
367 339
359 335
379 313
399 291
391 287
356 329
381 273
368 340
380 314
372 310
392 288
384 284
376 280
349 326
348 326
348 325
349 324
347 324
346 324
345 323
344 323
343 324
343 323
346 323
347 322
345 325
345 326
346 326
395 293
360 335
361 300
360 300
359 301
358 300
357 300
357 299
358 298
360 299
361 298
373 274
364 305
365 270
388 290
375 320
387 294
366 271
378 325
398 303
399 302
398 301
377 280
390 299
369 276
368 317
379 326
380 291
371 322
399 304
400 305
401 305
372 287
391 300
383 296
349 303
360 312
361 277
352 308
364 282
364 283
384 297
376 293
353 309
373 287
386 306
365 283
357 279
367 329
368 294
387 307
388 308
389 309
390 310
390 311
391 311
389 308
388 310
391 310
392 309
391 308
392 308
392 311
393 312
393 311
394 311
394 310
394 309
394 308
371 299
399 281
390 312
391 277
383 273
356 319
402 286
380 304
372 300
392 278
383 309
384 274
403 287
404 288
404 287
405 286
406 285
405 288
406 284
406 283
349 316
348 316
348 315
348 314
348 313
347 312
346 311
349 314
347 311
346 313
345 313
346 314
347 314
349 313
345 315
395 283
382 313
361 290
360 290
359 291
359 290
358 290
357 290
357 289
358 288
357 287
358 287
360 289
360 288
360 287
361 288
361 287
352 321
364 295
363 336
355 332
375 310
367 306
387 284
359 302
359 303
378 315
379 280
398 293
397 294
397 295
398 294
344 322
343 321
344 321
342 321
341 320
344 320
342 320
341 322
340 322
390 289
359 338
379 316
399 294
400 295
400 294
401 293
402 294
403 295
401 295
402 296
402 297
403 297
404 298
405 298
406 297
405 296
407 298
408 299
406 295
408 298
407 300
360 302
397 306
397 307
365 273
398 306
348 305
360 279
359 280
359 281
393 313
393 314
405 287
351 316
361 280
385 308
385 309
394 313
395 314
395 313
396 312
396 314
397 315
398 314
399 314
400 315
401 316
402 317
403 318
404 318
405 319
405 318
406 318
401 315
404 320
404 321
400 317
401 318
403 317
406 317
402 319
405 320
406 320
407 320
398 316
397 317
401 317
386 309
387 274
359 292
359 293
406 287
407 288
407 287
408 286
408 288
409 289
410 288
411 289
412 289
413 290
413 289
412 291
412 292
413 292
414 292
415 292
415 291
411 288
410 290
409 291
413 291
344 312
343 311
344 311
344 310
343 313
342 310
341 310
340 310
340 309
339 309
338 310
338 309
340 311
340 312
341 312
356 286
355 285
356 285
354 285
353 284
352 284
356 284
355 287
355 288
351 284
350 284
354 284
352 285
352 286
353 286
401 294
347 323
404 299
404 300
337 309
336 309
336 308
336 307
336 306
337 305
336 304
335 304
334 304
337 304
337 307
335 303
337 306
349 283
348 283
348 282
348 281
348 280
349 279
347 279
346 278
349 281
347 278
346 280
345 281
345 280
346 281
347 281
349 280
345 282
345 283
346 283
381 315
381 316
360 292
405 300
351 329
397 296
343 325
343 326
363 303
382 316
383 317
384 317
385 317
386 318
386 317
387 318
388 318
389 319
389 318
385 319
388 320
387 317
386 319
355 299
355 298
355 297
356 297
354 297
353 297
352 297
352 296
351 295
350 294
351 294
350 296
353 296
354 295
353 294
354 294
356 296
356 295
356 294
349 293
348 293
348 292
348 291
349 291
347 291
346 291
345 290
344 290
343 291
343 290
345 292
345 293
346 293
352 298
342 290
341 290
340 289
341 288
340 287
341 287
342 288
339 286
338 287
342 287
341 289
344 289
344 288
344 287
400 306
400 307
337 286
336 286
336 285
336 284
337 284
335 283
334 284
333 284
333 283
332 283
331 283
331 282
332 281
331 280
330 279
329 278
328 278
327 277
330 278
329 280
329 281
330 281
332 280
328 277
334 283
327 279
326 280
330 280
333 285
333 286
334 286
356 299
329 282
340 291
401 307
402 307
403 307
404 308
405 309
405 308
406 308
407 308
408 309
408 308
404 310
405 311
407 310
407 311
408 311
409 311
410 311
410 310
411 309
411 311
406 307
405 310
408 310
393 303
404 312
351 306
397 273
397 272
398 271
396 271
395 271
395 270
395 269
396 269
398 270
398 269
399 271
400 272
401 273
402 274
403 273
403 272
401 272
400 274
403 274
404 275
405 276
405 275
406 275
407 275
408 276
408 275
404 277
404 278
405 278
407 277
407 278
408 278
409 279
410 278
410 277
411 276
411 278
412 279
413 280
413 279
412 281
409 280
409 281
406 274
405 273
406 273
406 272
410 280
413 281
414 282
415 282
416 282
417 283
417 282
418 283
419 282
420 283
416 284
416 285
417 285
419 284
419 285
420 285
415 281
418 282
417 284
418 285
420 284
405 277
330 283
416 286
363 280
396 313
359 282
373 329
373 328
373 327
398 273
344 302
343 301
344 300
343 303
342 300
341 300
340 300
340 299
341 298
340 297
339 297
338 297
341 297
342 298
337 297
336 296
337 295
336 294
337 294
339 296
335 293
334 294
333 294
334 295
333 296
332 293
331 293
331 292
332 291
330 291
329 291
329 290
330 289
328 290
327 290
326 291
326 290
327 289
328 288
327 287
328 287
330 290
341 299
333 295
334 296
326 292
326 293
344 299
344 298
337 296
329 292
329 293
340 301
340 302
330 293
341 302
343 302
332 292
325 289
325 288
324 287
325 287
324 289
323 286
322 285
323 285
323 284
322 287
321 284
320 284
319 283
318 282
317 283
317 284
318 284
319 285
319 286
320 286
318 283
317 285
336 298
356 276
355 275
356 274
355 277
354 274
353 274
352 274
352 273
353 272
351 272
350 271
354 272
349 271
348 271
348 270
347 269
346 269
345 268
346 268
345 270
351 271
344 267
343 268
350 273
350 274
351 274
353 273
346 270
347 271
349 270
352 275
352 276
342 267
341 267
340 267
340 266
341 265
340 264
339 264
338 265
338 264
342 265
337 264
336 264
336 263
338 266
338 267
339 266
341 266
353 276
337 263
348 272
389 310
340 268
340 269
400 319
347 313
412 293
318 286
404 289
404 290
350 318
350 319
362 292
362 293
341 269
339 308
339 307
339 306
405 290
351 319
363 293
355 289
344 279
343 278
344 278
344 277
343 280
343 281
342 277
342 276
341 275
342 275
341 277
340 277
339 276
338 277
338 276
340 278
340 279
341 279
408 300
409 301
409 302
410 301
410 300
411 299
410 298
411 298
411 301
412 302
412 301
413 300
413 302
413 301
409 303
409 304
412 303
412 304
413 304
414 305
415 304
416 305
415 303
415 302
400 296
400 297
346 325
358 299
337 276
336 276
336 275
336 274
336 273
337 272
336 271
335 271
334 272
333 271
332 271
331 270
330 269
329 268
334 271
330 268
333 273
333 274
334 274
337 274
329 270
332 270
335 270
328 267
327 267
326 268
325 267
324 267
324 266
325 265
324 264
325 264
327 266
328 265
331 272
334 273
326 269
326 270
335 273
327 269
337 273
330 270
333 275
334 276
325 266
401 297
347 326
351 296
343 292
343 293
411 310
363 270
339 321
338 320
339 319
338 322
337 319
336 319
336 318
336 317
336 316
337 317
335 316
334 317
333 316
332 316
331 316
331 315
332 314
331 313
330 314
329 314
329 313
332 313
334 316
330 313
333 318
333 319
334 319
329 315
339 318
339 317
332 315
338 321
335 315
335 314
335 313
328 312
327 312
326 313
325 312
324 312
324 311
324 310
324 309
325 308
325 310
323 309
322 310
322 309
325 309
327 311
327 310
328 310
331 317
332 282
396 303
321 309
320 309
319 308
320 307
319 306
318 305
317 304
318 304
317 306
317 307
318 307
320 306
321 305
320 304
321 304
321 307
316 303
315 303
314 304
314 305
313 303
312 303
312 302
313 301
315 305
318 306
311 302
321 306
313 302
317 308
320 308
312 304
312 305
407 312
408 277
313 305
400 273
419 286
419 287
325 279
324 279
324 278
324 277
325 277
323 276
322 275
323 274
322 277
321 274
320 274
319 274
320 273
323 273
319 275
319 276
320 276
322 276
321 273
344 292
408 313
409 314
409 313
401 274
347 303
420 287
421 288
421 287
422 286
422 288
423 288
424 288
425 287
424 286
425 286
425 288
426 289
427 289
427 288
423 289
423 290
424 290
404 279
350 308
351 273
343 269
343 270
362 282
362 283
328 289
320 285
339 298
338 299
338 300
331 294
331 295
372 332
351 309
392 310
384 306
363 283
403 319
395 315
395 316
396 280
415 293
416 294
417 293
416 295
418 293
417 295
414 294
414 295
415 294
417 294
418 295
419 295
420 295
416 296
416 297
417 297
419 296
419 297
420 297
321 286
361 322
407 289
407 290
332 295
344 269
336 265
396 316
408 290
400 286
346 315
347 280
338 311
338 312
358 289
350 285
350 286
335 305
334 306
333 307
333 306
334 307
333 308
332 305
331 305
331 304
331 303
330 302
329 301
330 301
329 303
332 303
328 300
327 300
327 299
328 298
329 302
330 303
328 299
368 339
327 301
326 302
326 303
327 302
325 302
324 301
324 300
324 299
325 298
324 297
323 297
322 298
322 297
325 297
325 300
323 296
322 299
322 300
325 299
321 296
321 295
320 294
321 294
320 296
319 296
318 296
317 296
317 295
317 294
318 294
328 266
414 306
414 307
347 316
319 297
319 298
339 275
339 274
339 273
380 313
351 286
383 318
383 319
411 300
343 282
403 296
349 325
328 302
320 298
339 311
352 330
352 331
332 272
324 268
324 269
384 319
396 293
342 322
415 306
334 318
353 331
354 296
326 314
326 315
345 327
345 328
346 292
325 269
357 301
357 302
377 279
323 308
323 307
323 306
315 304
335 282
335 281
335 280
422 287
346 328
347 293
379 325
358 302
399 303
410 312
411 277
356 341
316 305
402 308
402 309
362 272
335 318
327 314
328 279
319 310
320 275
339 288
338 289
372 322
331 284
392 300
384 296
403 309
376 292
395 305
396 270
415 283
414 284
342 299
361 312
321 276
407 279
407 280
353 308
354 273
373 286
345 304
345 305
364 317
365 282
357 278
376 328
418 294
388 302
408 280
354 309
400 276
346 305
347 270
365 318
366 283
406 319
338 301
357 314
358 279
398 315
377 292
350 275
350 276
369 288
410 289
316 282
316 281
315 280
316 280
335 295
327 291
368 329
414 296
414 297
319 287
319 288
380 303
339 265
399 316
372 299
391 312
351 276
392 277
411 290
383 308
384 273
403 286
349 315
395 282
341 311
360 324
320 288
361 289
352 320
353 285
364 294
384 309
376 305
396 283
342 312
388 279
361 325
334 308
353 321
354 286
326 304
326 305
373 299
346 282
364 330
365 295
406 296
338 278
338 279
357 291
323 298
335 272
327 268
368 306
359 337
387 319
347 283
379 315
380 280
371 311
399 293
391 289
337 318
410 302
383 285
356 331
316 295
402 298
402 299
348 327
348 328
349 292
328 269
340 323
340 324
360 301
380 316
339 278
372 312
392 290
384 286
403 299
330 315
376 282
349 328
322 311
322 312
341 324
342 289
360 337
333 320
361 302
334 285
353 298
326 281
326 282
345 294
345 295
373 276
364 307
365 272
418 284
323 275
409 315
314 306
314 307
334 321
375 322
421 289
421 290
367 318
346 295
387 296
378 327
406 309
366 273
379 292
398 305
399 270
390 301
369 278
410 279
315 307
356 308
402 275
402 276
335 285
422 290
327 281
319 277
380 293
371 324
399 306
372 289
391 302
411 280
330 292
403 276
349 305
395 272
322 288
322 289
341 301
342 266
360 314
333 297
333 298
361 279
352 310
353 275
345 271
345 272
364 284
364 285
397 318
397 319
376 295
417 296
396 273
363 325
409 292
409 293
342 302
334 298
375 299
326 294
354 276
394 312
386 308
346 272
365 285
338 268
338 269
406 286
378 304
398 282
418 297
323 288
367 331
368 296
387 309
359 327
379 305
398 318
371 301
399 283
318 295
391 279
410 292
337 308
383 275
356 321
402 288
329 304
329 305
348 317
349 282
340 313
340 314
341 278
360 291
352 287
352 288
368 316
372 302
413 303
392 280
405 299
384 276
330 305
362 337
395 285
322 301
341 314
382 315
342 279
361 292
334 275
353 288
326 271
326 272
394 289
345 284
385 320
385 321
364 297
363 338
409 305
355 334
375 312
367 308
368 273
386 321
359 304
359 305
378 317
406 299
379 282
398 295
325 311
371 278
344 324
336 320
336 321
337 285
356 298
348 294
348 295
327 271
368 309
340 290
359 340
401 306
380 283
371 314
372 279
318 308
404 311
337 321
383 288
424 289
330 282
349 295
322 278
322 279
341 291
360 304
333 287
333 288
361 269
360 269
359 270
364 274
405 312
310 303
425 290
397 308
397 309
417 286
363 315
409 282
409 283
355 311
355 312
374 324
334 288
394 302
367 285
406 276
398 272
418 287
344 301
323 278
336 297
356 275
367 321
368 286
359 317
400 318
420 296
399 273
371 291
318 285
337 298
410 282
356 311
329 294
329 295
349 272
340 303
341 268
360 281
401 319
393 315
393 316
352 277
413 293
405 289
351 318
397 285
330 295
370 331
343 314
343 315
416 298
416 299
362 327
363 292
382 305
342 269
353 278
394 279
385 310
385 311
386 275
332 304
417 299
363 328
355 324
375 302
367 298
386 311
387 276
359 294
359 295
378 307
406 289
325 301
398 285
344 314
317 297
317 298
390 281
336 310
337 275
356 288
329 271
329 272
348 284
340 280
340 281
401 296
347 325
393 292
393 293
366 338
412 305
412 306
358 334
318 298
404 301
404 302
383 278
350 330
350 331
370 308
330 272
349 285
362 304
381 317
381 318
341 281
382 282
333 277
328 311
413 306
339 320
385 287
405 302
351 331
343 327
362 340
363 305
382 318
355 301
374 314
375 279
321 308
394 292
367 275
313 304
386 288
359 271
359 272
332 317
378 284
324 313
324 314
325 278
344 291
336 287
336 288
389 299
368 276
408 312
400 308
400 309
379 285
420 286
325 314
366 315
371 281
412 282
412 283
318 275
317 275
358 311
337 288
377 324
423 291
423 292
329 284
369 320
381 294
360 271
401 309
413 283
405 279
424 292
351 308
397 275
370 321
343 304
343 305
362 317
363 282
382 295
355 278
355 279
374 291
321 285
394 269
393 269
393 268
393 270
393 271
385 300
332 294
324 290
324 291
344 268
409 285
396 315
375 292
388 311
388 312
367 288
408 289
354 318
378 297
373 331
419 298
419 299
325 291
365 327
344 304
357 323
390 271
337 265
356 278
389 312
340 270
347 315
366 328
358 324
404 291
350 320
350 321
351 285
369 333
370 298
362 294
362 295
381 307
328 301
320 297
339 310
385 277
331 306
331 307
405 292
351 321
397 288
396 289
384 318
363 295
415 305
361 334
321 298
407 301
407 302
386 278
353 330
332 307
378 274
373 308
324 303
364 339
325 268
344 281
336 277
389 289
408 302
354 331
400 298
346 327
347 292
365 340
338 323
338 324
366 305
357 336
358 301
377 314
350 297
350 298
369 310
370 275
316 304
335 317
381 284
401 299
327 313
347 328
319 309
339 287
351 298
370 311
343 294
362 307
403 308
363 272
382 285
328 314
374 281
320 310
321 275
339 323
312 306
312 307
385 290
332 284
324 280
324 281
376 327
396 305
388 301
407 314
408 279
313 307
359 274
358 275
354 308
400 275
373 321
419 288
346 304
365 317
325 281
366 282
357 313
369 287
389 302
335 294
401 276
347 305
393 272
366 318
358 314
399 315
350 310
351 275
369 323
370 288
343 271
343 272
362 284
402 320
402 321
381 297
328 291
320 287
339 300
331 296
392 312
384 308
403 321
395 317
396 282
415 295
342 311
361 324
321 288
407 291
407 292
353 320
332 297
345 316
345 317
364 329
365 294
344 271
396 318
408 292
354 321
400 288
346 317
347 282
365 330
338 313
338 314
366 295
357 326
358 291
350 287
350 288
335 307
381 274
327 303
328 268
319 299
319 300
339 277
380 315
372 311
331 273
331 274
351 288
383 320
383 321
411 302
362 297
403 298
349 327
395 294
395 295
328 304
341 323
374 271
360 336
320 300
361 301
352 332
352 333
332 274
373 275
364 306
324 270
384 321
376 317
396 295
342 324
388 291
361 337
334 320
353 333
354 298
326 316
326 317
373 311
345 329
346 294
365 307
366 272
338 290
338 291
357 303
377 281
323 310
369 277
315 306
335 284
422 289
368 318
327 280
414 285
414 286
347 295
358 304
371 323
399 305
404 271
350 300
391 301
370 278
411 279
316 307
402 310
402 311
362 274
403 275
327 316
328 281
360 313
320 277
339 290
372 324
392 302
384 298
403 311
376 294
395 307
396 272
342 301
415 285
361 314
334 297
407 281
354 275
373 288
345 306
345 307
344 308
343 307
342 308
346 271
364 319
365 284
357 280
357 281
356 282
355 281
354 282
418 296
323 287
354 311
400 278
367 330
346 307
387 308
347 272
366 285
338 303
357 316
398 317
358 281
390 313
390 314
350 277
369 290
410 291
356 320
335 297
368 331
327 293
414 298
319 289
380 305
339 267
399 318
391 314
392 279
411 292
343 274
344 275
345 274
383 310
384 275
403 288
330 304
349 317
395 284
341 313
342 278
360 326
361 291
333 309
333 310
332 311
352 322
353 287
364 296
376 307
396 285
363 337
342 314
388 281
334 310
353 323
354 288
326 306
345 319
386 320
346 284
365 297
406 298
338 280
338 281
337 282
357 293
323 300
315 296
335 274
327 270
368 308
387 321
359 339
379 317
380 282
399 295
372 278
391 291
410 304
337 320
383 287
356 333
402 300
329 316
329 317
328 318
348 329
349 294
328 271
340 325
340 326
339 327
338 328
337 328
337 327
336 329
339 329
338 330
339 330
337 329
339 331
340 332
340 333
341 333
338 332
338 333
341 332
342 331
341 330
342 330
342 333
343 334
344 333
345 334
346 334
347 335
348 336
347 334
345 335
345 336
346 336
349 336
350 337
351 338
352 339
353 340
351 337
350 339
350 340
351 340
353 339
354 338
353 337
354 337
354 340
352 341
344 332
340 334
341 335
351 339
343 335
343 336
344 335
354 339
347 336
350 341
342 332
353 341
345 337
345 338
346 338
338 334
335 328
334 327
335 326
333 328
333 329
334 329
335 325
335 324
332 328
331 328
331 327
331 326
331 325
332 324
331 323
330 324
329 324
329 323
332 326
328 323
327 323
326 323
327 322
328 321
327 320
328 320
330 323
329 325
329 326
330 326
332 325
325 322
325 321
324 320
325 320
324 322
323 319
322 320
328 322
321 319
320 319
319 319
319 318
320 317
319 316
318 315
317 316
317 317
318 317
320 316
321 315
322 314
321 317
316 316
315 315
316 314
315 313
314 315
313 314
312 313
313 313
316 313
312 315
318 316
311 312
310 312
310 311
310 310
311 310
309 310
308 310
307 309
306 309
305 310
305 309
308 309
309 308
307 311
307 312
308 312
317 318
317 319
306 308
306 307
306 306
318 319
309 309
320 318
312 314
313 315
305 311
305 312
334 328
323 318
323 317
316 315
308 311
327 324
326 325
319 320
319 321
309 312
320 321
348 337
348 338
330 325
349 338
322 321
322 322
341 334
333 330
333 331
311 311
342 335
314 316
314 317
334 331
323 321
315 317
307 313
308 314
344 334
336 330
336 331
318 318
337 331
329 327
340 336
310 313
310 314
330 328
311 314
351 341
343 337
343 338
321 318
332 327
324 323
324 324
325 324
344 337
317 320
306 310
354 341
346 337
335 327
347 338
309 311
328 324
320 320
339 333
312 316
312 317
331 329
321 321
313 317
305 313
349 337
342 334
334 330
326 326
326 327
345 339
345 340
323 320
315 316
346 340
316 317
335 330
308 313
327 326
319 322
309 314
338 326
337 330
348 339
348 340
340 335
329 328
330 327
349 340
322 323
322 324
321 325
341 336
333 332
333 333
332 334
311 313
314 318
314 319
334 333
335 334
336 334
324 321
336 333
323 323
315 319
307 315
360 303
426 285
427 286
428 285
352 299
352 300
372 314
392 292
364 273
384 288
425 289
330 317
376 284
349 330
322 313
395 297
341 326
342 291
333 322
361 304
407 271
334 287
353 300
326 283
326 284
325 285
373 278
345 296
364 309
365 274
311 303
418 286
323 277
314 308
375 324
421 291
421 292
420 293
326 319
367 320
368 285
359 316
387 298
406 311
338 293
339 294
340 293
398 307
325 323
358 271
357 271
356 272
357 270
371 290
399 272
344 336
390 303
390 304
390 305
389 306
336 332
410 281
315 309
402 277
307 305
308 305
422 292
348 306
348 307
368 321
327 283
414 288
415 289
416 288
360 280
380 295
371 326
372 291
318 320
391 304
392 269
391 269
390 269
337 333
383 300
411 282
329 329
330 294
403 278
349 307
322 290
322 291
321 292
341 303
342 268
360 316
361 281
333 299
333 300
332 301
353 277
345 273
364 286
310 315
397 320
397 321
417 298
322 326
323 327
321 327
320 327
324 326
363 327
409 294
409 295
408 296
355 323
388 271
334 300
335 301
336 300
375 301
394 314
326 296
354 278
367 297
346 274
386 310
387 275
338 270
378 306
406 288
311 316
357 283
398 284
344 313
418 299
390 280
323 290
356 287
335 264
334 263
333 263
333 264
333 265
334 265
332 264
331 264
331 263
334 264
367 333
368 298
387 311
359 329
379 307
371 303
318 297
391 281
337 310
410 294
329 306
329 307
328 308
330 271
349 284
340 315
341 280
360 293
333 276
352 289
352 290
413 305
405 301
351 330
397 297
397 298
330 307
322 303
342 281
382 317
428 284
428 283
428 282
428 281
429 280
428 279
429 279
427 278
426 279
429 281
430 282
431 282
431 281
432 280
431 279
432 279
432 282
433 282
434 283
434 282
432 281
425 278
424 278
423 278
423 277
424 276
423 275
422 276
421 276
421 275
425 276
420 275
419 275
419 274
420 273
419 272
418 271
417 272
416 272
417 273
418 273
420 272
416 274
422 275
415 271
414 272
418 272
421 277
421 278
422 278
424 277
417 274
420 274
431 283
430 284
430 285
423 279
423 280
413 271
412 271
412 270
424 280
426 280
426 281
430 286
427 280
419 276
422 277
414 273
414 274
415 273
425 277
418 274
429 283
421 279
422 280
411 270
410 269
409 269
409 270
409 271
413 270
432 283
424 279
416 275
416 276
415 277
414 276
413 277
425 280
417 276
409 272
409 273
427 279
420 276
412 272
411 273
411 274
412 273
431 285
423 281
413 273
416 278
415 279
426 282
426 283
415 272
408 269
407 269
427 282
430 278
429 282
422 279
414 275
411 269
415 275
433 278
432 277
433 276
434 275
433 274
433 273
433 272
434 273
432 271
432 270
431 269
432 269
431 271
430 272
429 271
428 271
428 270
428 269
429 269
427 268
426 269
426 268
431 270
425 268
424 268
430 273
430 274
427 267
431 273
423 269
434 274
426 270
426 271
427 270
429 270
428 272
428 273
429 273
431 272
432 273
424 269
430 275
430 276
427 269
431 275
433 275
434 276
426 272
426 273
425 274
429 272
422 269
425 279
417 275
333 312
334 277
353 290
326 273
326 274
325 275
345 286
385 322
429 284
418 276
323 267
322 268
409 307
355 336
429 285
421 281
359 306
359 307
358 308
378 319
406 301
398 297
325 313
344 326
317 309
317 310
316 311
336 322
337 287
410 271
356 300
329 283
348 296
348 297
414 278
340 292
401 308
360 270
347 337
393 304
393 305
413 282
318 310
404 313
404 314
403 315
424 291
329 319
330 284
416 287
349 297
322 280
322 281
321 282
340 328
341 293
361 271
333 289
339 332
405 314
397 310
343 339
417 288
409 284
355 313
355 314
354 315
374 326
394 304
321 320
326 286
313 316
359 283
359 284
358 285
332 329
406 278
324 325
398 274
325 290
344 303
390 270
336 299
356 277
348 273
348 274
389 311
400 320
400 321
399 322
420 298
325 326
399 275
371 293
412 294
412 295
411 296
391 271
336 335
335 336
334 337
335 337
335 338
336 339
336 340
337 340
338 340
339 340
339 339
337 339
339 341
340 342
341 343
338 342
338 343
339 342
341 342
342 341
341 340
342 343
343 344
344 343
340 344
340 345
341 345
341 344
342 345
344 344
337 341
339 343
342 344
340 338
341 338
432 272
337 300
329 296
349 274
435 277
435 278
340 305
341 305
341 270
360 283
401 321
333 266
333 267
332 268
306 312
393 317
352 279
413 295
405 291
351 320
425 269
416 300
343 316
343 317
342 318
322 293
323 294
324 293
436 278
363 294
342 271
355 290
355 291
354 292
428 274
427 275
427 276
334 267
335 268
336 267
321 297
345 276
385 312
332 306
324 302
344 280
409 297
429 275
421 271
420 270
408 301
359 296
325 303
344 316
317 299
317 300
316 301
431 284
336 312
337 277
356 290
411 281
329 273
329 274
328 275
348 286
340 282
340 283
339 284
401 298
347 327
393 294
393 295
392 296
412 307
413 272
318 300
432 285
404 303
404 304
403 305
350 332
350 333
349 334
351 297
424 281
330 274
416 277
341 283
381 319
328 313
333 279
339 322
331 318
331 319
405 304
406 305
407 305
407 304
351 333
397 300
425 282
343 329
417 278
409 274
428 287
321 310
394 294
407 313
313 306
359 273
332 319
324 315
325 280
344 293
317 276
317 277
316 278
336 289
336 290
335 291
408 314
400 310
400 311
399 312
398 312
401 275
346 339
420 288
347 304
338 335
338 336
337 337
412 284
411 285
411 286
412 285
317 312
318 277
404 280
404 281
403 282
337 290
423 293
350 309
329 286
340 295
335 329
327 325
401 311
360 273
347 340
393 307
339 299
413 285
404 316
405 281
424 294
351 310
343 306
416 290
403 320
363 284
309 313
355 280
328 326
320 322
394 271
321 287
339 335
312 318
312 319
311 320
332 296
324 292
344 270
336 266
396 317
388 313
388 314
387 315
408 291
313 319
359 286
346 316
419 300
325 293
431 274
336 302
337 267
423 270
423 271
356 280
389 314
340 272
335 306
347 317
412 297
432 275
404 293
350 322
351 287
424 271
343 283
343 284
342 285
362 296
328 303
333 269
320 299
339 312
331 308
331 309
330 310
330 311
332 273
397 290
343 319
384 320
430 287
363 297
355 293
396 294
342 323
321 300
407 303
353 332
427 281
332 309
419 277
419 278
324 305
325 270
344 283
336 279
408 304
354 333
400 300
346 329
420 278
347 294
338 325
412 274
358 303
404 270
404 269
405 269
350 299
329 276
316 306
362 273
335 319
327 315
328 280
319 311
319 312
393 297
339 289
405 271
331 285
331 286
351 300
392 301
363 274
403 310
349 339
395 306
328 316
415 284
320 312
321 277
312 308
332 286
324 282
376 329
396 307
342 336
388 303
407 316
334 332
408 281
326 328
326 329
345 341
346 306
325 283
366 284
338 302
317 279
358 280
323 322
389 304
315 318
335 296
307 314
327 292
347 307
338 338
404 283
399 317
350 312
351 277
391 313
411 291
343 273
316 319
362 286
402 322
308 315
327 328
328 293
320 289
339 302
331 298
332 263
392 314
384 310
430 277
395 319
394 319
396 284
415 297
342 313
321 290
334 309
407 293
354 287
427 271
345 318
324 295
357 292
336 269
323 299
388 316
400 290
346 319
347 284
387 320
338 315
358 293
350 289
410 303
316 296
335 309
327 305
328 270
319 301
319 302
380 317
339 279
426 284
372 313
331 275
331 276
351 290
392 291
343 286
411 304
383 322
384 287
330 316
403 300
349 329
395 296
341 325
415 274
360 338
320 302
361 303
333 321
407 270
352 334
352 335
353 299
332 276
373 277
324 272
364 308
376 319
396 297
342 326
388 293
334 322
407 306
408 271
353 335
354 300
326 318
373 313
345 331
346 296
365 309
406 310
338 292
366 274
357 305
358 270
377 283
323 312
369 279
315 308
335 286
422 291
368 320
327 282
414 287
347 297
319 278
319 279
380 294
371 325
399 307
350 302
391 303
337 332
383 299
316 309
402 312
401 313
362 276
403 277
348 341
348 342
349 306
395 273
340 337
328 283
319 314
360 315
320 279
339 292
352 311
352 312
372 326
331 288
392 304
384 300
330 329
403 313
376 296
395 309
322 325
396 274
415 287
342 303
361 316
333 334
407 283
334 299
353 312
354 277
326 295
345 308
373 290
346 273
364 321
365 286
311 315
357 282
418 298
323 289
314 320
313 321
314 321
389 271
335 263
367 332
346 309
359 328
387 310
347 274
433 277
338 305
379 306
358 283
398 319
399 284
390 315
390 316
350 279
410 293
315 321
356 322
402 289
335 299
348 318
348 319
368 333
327 295
414 300
434 278
380 307
339 269
426 274
399 320
372 303
331 265
330 266
391 316
392 281
411 294
383 312
384 277
403 290
330 306
376 273
376 272
349 319
322 302
395 286
341 315
342 280
360 328
361 293
333 311
352 324
351 325
353 289
345 285
364 298
363 299
376 309
418 275
363 339
323 266
409 306
342 316
314 297
314 298
388 283
355 335
334 312
375 313
421 280
354 290
326 308
345 321
346 286
386 322
406 300
338 282
378 318
357 295
398 296
377 273
344 325
323 302
410 270
315 298
335 276
422 281
368 310
327 272
414 277
359 341
379 319
380 284
371 315
399 297
372 280
391 293
318 309
337 322
410 306
383 289
411 271
356 335
329 318
348 331
347 332
349 296
340 327
341 292
360 305
361 270
352 301
352 302
372 316
364 275
364 276
405 313
384 290
310 304
310 305
425 291
330 319
376 286
417 287
322 315
341 328
342 293
333 324
374 325
334 289
407 273
353 302
394 303
326 285
345 298
373 280
364 311
365 276
406 277
311 305
357 272
418 288
323 279
314 310
313 311
375 326
421 293
367 322
368 287
359 318
387 300
406 313
379 296
398 309
325 325
399 274
371 292
344 338
317 321
317 322
316 323
315 323
316 324
315 325
314 325
313 324
312 323
313 323
312 325
311 322
310 322
309 321
308 320
309 320
307 321
307 322
308 322
313 325
306 321
316 325
308 321
309 322
307 323
307 324
308 324
310 323
310 324
311 324
306 320
306 319
306 318
306 317
308 323
309 324
311 323
307 325
310 325
306 322
305 323
305 324
309 323
305 325
308 325
311 325
307 317
391 270
337 299
410 283
316 276
356 312
402 279
307 307
348 308
348 309
349 273
368 323
340 304
414 290
319 281
401 320
360 282
380 297
306 311
352 278
371 328
372 293
413 294
318 322
392 271
337 335
383 302
403 280
330 296
370 332
349 309
395 276
322 292
340 340
436 277
342 270
360 318
361 283
333 301
334 266
352 314
353 279
339 344
345 275
364 288
310 317
309 318
397 322
417 300
363 329
409 296
437 278
355 325
429 274
421 270
394 316
326 298
346 276
386 312
387 277
378 308
406 290
338 272
379 273
398 286
344 315
336 311
356 289
335 266
422 271
348 285
367 335
359 331
433 280
379 309
380 274
399 287
366 339
372 270
318 299
432 284
337 312
383 279
356 325
329 308
402 292
330 273
348 321
349 286
322 269
322 270
340 317
341 282
360 295
333 278
306 324
352 291
351 292
413 307
405 303
351 332
397 299
425 281
376 276
343 328
417 277
322 305
363 306
382 319
342 283
428 286
333 314
374 315
334 279
375 280
394 293
326 275
345 288
332 318
378 285
418 278
323 269
409 309
355 338
314 300
429 287
375 316
421 283
367 312
368 277
359 308
378 321
379 286
325 315
398 299
371 282
344 328
317 311
318 276
336 324
337 289
410 273
356 302
329 285
348 298
347 299
340 294
360 272
401 310
347 339
393 306
372 283
413 284
318 312
404 315
405 280
424 293
329 321
370 322
330 286
416 289
362 318
322 282
341 295
382 296
333 291
328 325
361 273
374 292
394 270
339 334
385 301
385 302
331 330
331 331
405 316
364 278
310 307
397 312
343 341
417 290
363 319
409 286
355 315
374 328
375 293
321 322
394 306
367 289
313 318
386 302
359 285
332 331
378 298
406 280
305 314
324 327
325 292
398 276
344 305
390 272
336 301
337 266
356 279
389 313
348 275
348 276
368 290
340 271
400 322
401 287
325 328
371 295
366 329
412 296
317 324
318 325
319 324
358 325
391 273
432 274
404 292
337 302
424 270
369 334
369 335
329 298
370 299
330 263
329 263
349 276
435 279
435 280
436 281
437 281
438 280
438 281
340 307
341 272
381 308
360 285
333 268
306 314
393 319
392 319
413 297
405 293
351 322
425 271
397 289
416 302
343 318
362 331
363 296
436 280
382 309
309 325
428 276
355 292
374 305
334 269
321 299
394 283
326 265
386 279
332 308
378 275
324 304
344 282
336 278
421 273
367 302
408 303
387 280
354 332
359 298
400 299
379 276
420 277
325 305
366 306
371 272
357 337
390 285
317 301
336 314
377 315
337 279
423 282
423 283
424 284
356 292
329 275
340 284
401 300
347 329
393 296
413 274
358 338
404 305
405 270
350 334
351 299
424 283
370 312
330 276
416 279
343 295
343 296
362 308
322 272
363 273
382 286
328 315
333 281
374 282
320 311
339 324
385 291
331 320
331 321
332 285
351 335
397 302
343 331
417 280
363 309
409 276
396 306
375 283
321 312
423 295
422 296
367 279
407 315
386 292
313 308
359 275
332 321
378 288
373 322
406 270
419 289
419 290
324 317
325 282
344 295
317 278
336 291
389 303
400 312
401 277
346 341
347 306
420 290
393 273
366 319
338 337
412 286
318 279
358 315
404 282
377 328
350 311
369 324
329 288
370 289
316 318
362 285
335 331
381 298
327 327
328 292
347 342
319 323
352 271
393 309
339 301
413 287
405 283
331 297
351 312
397 279
392 313
416 292
343 308
362 321
403 322
363 286
309 315
355 282
428 266
429 267
395 318
328 328
374 295
415 296
320 324
321 289
394 273
339 337
385 304
312 320
331 333
332 298
324 294
344 272
336 268
396 319
388 315
389 280
408 293
354 322
359 288
400 289
346 318
325 295
365 331
366 296
357 327
358 292
431 276
377 305
337 269
423 272
423 273
329 265
369 301
348 278
389 316
340 274
335 308
381 275
327 304
401 290
347 319
393 286
412 299
358 328
404 295
350 324
424 273
351 289
370 302
411 303
343 285
362 298
435 282
381 311
382 276
328 305
374 272
320 301
339 314
385 281
331 310
332 275
324 271
384 322
376 318
355 295
396 296
342 325
375 273
388 292
321 302
361 338
367 269
408 270
313 298
353 334
427 283
354 299
378 278
345 330
373 312
419 279
419 280
324 307
365 308
325 272
344 285
357 304
336 281
377 282
323 311
408 306
354 335
400 302
401 303
402 302
346 331
347 296
420 280
366 309
338 327
412 276
357 340
358 305
404 272
377 318
423 285
350 301
369 314
370 279
316 308
362 275
335 321
381 288
327 317
328 282
319 313
320 278
339 291
372 325
331 287
351 302
392 303
397 269
343 298
403 312
363 276
309 305
349 341
395 308
355 272
341 337
374 285
415 286
320 314
361 315
321 279
407 282
312 310
353 311
332 288
373 289
324 284
364 320
396 309
342 338
388 305
389 270
407 318
334 334
408 283
354 312
373 325
345 343
419 292
346 308
347 273
365 321
366 286
338 304
317 281
357 317
358 282
350 278
323 324
369 291
315 320
335 298
307 316
368 332
327 294
414 299
347 309
393 276
319 290
319 291
318 292
434 277
380 306
339 268
404 285
399 319
350 314
391 315
351 279
370 292
343 275
383 311
411 293
316 321
362 288
403 289
308 317
349 318
328 295
319 326
360 327
320 291
339 304
352 323
331 300
332 265
392 316
384 312
430 279
376 308
396 286
342 315
415 299
388 282
361 328
334 311
407 295
353 324
326 307
354 289
427 273
345 320
346 285
364 333
365 298
357 294
323 301
389 283
315 297
335 275
400 292
346 321
347 286
366 299
338 317
379 318
358 295
399 296
350 291
369 304
410 305
316 298
356 334
402 301
335 311
381 278
348 330
327 307
328 272
319 303
380 319
339 281
426 286
331 277
372 315
392 293
343 288
411 306
384 289
403 302
330 318
376 285
349 331
395 298
341 327
415 276
342 292
360 340
361 305
333 323
407 272
352 336
312 300
353 301
332 278
373 279
345 297
364 310
324 274
365 275
311 304
376 321
396 299
342 328
388 295
314 309
334 324
375 325
408 273
354 302
326 320
345 333
346 298
365 311
406 312
366 276
338 294
357 307
398 308
358 272
377 285
323 314
369 281
315 310
335 288
307 306
422 293
327 284
368 322
414 289
319 280
380 296
371 327
399 309
372 292
391 305
318 321
392 270
337 334
383 301
411 283
329 330
329 331
402 314
403 279
308 307
349 308
328 285
340 339
341 304
360 317
320 281
361 282
352 313
372 328
331 290
392 306
364 287
310 316
384 302
430 269
330 331
376 298
395 311
322 327
396 276
342 305
388 272
333 336
361 318
407 285
334 301
353 314
354 279
326 297
394 315
373 292
345 310
346 275
364 323
365 288
338 271
311 317
357 284
418 300
323 291
314 322
335 265
422 270
367 334
368 299
387 312
359 330
347 276
433 279
338 307
379 308
380 273
398 321
371 304
350 281
351 282
352 281
390 317
391 282
337 311
410 295
356 324
402 291
307 319
348 320
327 297
368 335
414 302
340 316
319 293
360 294
434 280
339 271
306 323
380 309
426 276
331 267
372 305
391 318
392 283
383 314
384 315
385 314
384 279
330 308
403 292
376 275
349 321
395 288
322 304
341 317
342 282
360 330
361 295
333 313
334 278
352 326
353 291
345 287
364 300
418 277
409 308
323 268
355 337
314 299
429 286
334 314
375 315
421 282
326 310
367 311
346 288
347 289
348 288
387 289
378 320
338 284
406 302
357 297
398 298
344 327
390 294
323 304
336 323
369 271
410 272
315 300
356 301
335 278
422 283
327 274
414 279
379 321
380 322
381 321
380 286
399 299
371 317
372 282
391 295
318 311
337 324
410 308
383 291
356 337
402 304
329 320
330 285
403 269
348 333
349 298
340 329
341 294
360 307
333 290
361 272
352 303
364 277
405 315
310 306
397 311
330 321
343 340
376 288
417 289
322 317
363 318
342 295
333 326
334 291
374 327
353 304
326 287
394 305
345 300
386 301
332 330
365 278
406 279
311 307
357 274
398 275
418 290
323 281
314 312
315 277
375 328
421 295
387 302
359 320
433 269
406 315
379 298
325 327
398 311
399 276
371 294
344 340
390 307
317 323
391 272
336 336
410 285
337 301
356 314
329 297
402 281
348 310
349 275
340 306
341 271
401 322
360 284
306 313
393 318
352 280
413 296
318 324
425 270
330 298
416 301
349 311
322 294
436 279
341 307
342 272
428 275
361 285
333 303
334 268
353 281
326 264
345 277
385 313
310 319
417 302
418 303
409 298
437 280
429 276
421 272
326 300
394 318
386 314
359 297
406 292
338 274
325 304
344 317
336 313
337 278
356 291
348 287
422 273
327 264
412 308
318 301
337 314
383 281
424 282
329 310
330 275
348 323
349 288
322 271
340 319
341 284
381 320
360 297
333 280
352 293
405 305
351 334
425 283
397 301
343 330
417 279
322 307
409 275
382 321
428 288
334 281
394 295
326 277
321 311
332 320
406 269
324 316
344 294
418 280
323 271
355 340
314 302
421 285
408 315
359 310
420 289
325 317
344 330
317 313
318 278
336 326
337 291
410 275
423 294
402 271
401 270
329 287
348 300
340 296
360 274
401 312
347 341
393 308
352 270
413 286
318 314
404 317
405 282
351 311
330 288
416 291
322 284
363 285
328 327
333 293
353 271
354 270
355 270
320 323
394 272
339 336
385 303
331 332
310 309
397 314
343 343
417 292
409 288
374 330
321 324
386 304
313 320
359 287
332 333
406 282
325 294
344 307
336 303
337 268
356 281
329 264
348 277
389 315
340 273
347 318
412 298
317 326
432 276
404 294
350 323
424 272
369 336
329 300
330 265
349 278
435 281
341 274
333 270
306 316
352 283
413 299
339 313
405 295
351 324
397 291
425 273
343 320
416 304
363 298
436 282
428 278
355 294
375 272
326 267
321 301
385 316
332 310
324 306
325 271
344 284
336 280
408 305
354 334
359 300
400 301
346 330
420 279
325 307
412 275
317 303
337 281
423 284
329 277
348 290
340 286
335 320
401 302
347 331
393 298
413 276
404 307
405 272
350 336
351 301
424 285
416 281
343 297
322 274
363 275
381 323
309 304
355 271
328 317
320 313
321 278
339 326
312 309
331 322
332 287
324 283
343 333
376 330
409 278
396 308
342 337
388 304
321 314
407 317
408 282
313 310
359 277
332 323
345 342
419 291
324 319
325 284
344 297
317 280
336 293
356 271
389 305
400 314
346 343
347 308
420 292
338 339
412 288
318 281
404 284
350 313
351 278
316 320
362 287
335 333
308 316
327 329
328 294
319 325
320 290
339 303
405 285
331 299
351 314
392 315
343 310
384 311
363 288
309 317
395 320
355 284
428 268
415 298
320 326
321 291
407 294
312 322
427 272
332 300
324 296
344 274
336 270
396 321
388 317
408 295
400 291
346 320
347 285
338 316
317 293
431 278
358 294
337 271
350 290
423 274
329 267
316 297
335 310
340 276
401 292
327 306
347 321
339 280
380 318
404 297
350 326
351 291
424 275
343 287
416 271
411 305
362 300
403 301
328 307
320 303
339 316
331 312
332 277
324 273
376 320
396 298
342 327
407 307
334 323
408 272
313 300
353 336
427 285
345 332
419 281
346 297
325 274
357 306
336 283
323 313
335 287
400 304
346 333
420 282
347 298
338 329
412 278
358 307
399 308
404 274
423 287
350 303
316 310
362 277
402 313
335 323
308 306
327 319
328 284
319 315
320 280
339 293
372 327
331 289
397 271
392 305
343 300
384 301
430 268
363 278
403 314
330 330
309 307
355 274
395 310
341 339
342 304
415 288
361 317
321 281
333 335
407 284
312 312
353 313
332 290
345 309
324 286
396 311
342 340
388 307
334 336
408 285
354 314
346 310
419 294
347 275
338 306
398 320
358 284
350 280
323 326
315 322
335 300
307 318
327 296
368 334
414 301
319 292
434 279
339 270
426 275
399 321
331 266
391 317
351 281
411 295
343 277
383 313
362 290
403 291
308 319
349 320
395 287
328 297
341 316
360 329
320 293
361 294
385 273
352 325
331 302
332 267
392 318
364 299
384 314
430 281
376 310
396 288
342 317
415 301
388 284
361 330
334 313
407 297
353 326
326 309
354 291
345 322
346 287
419 271
364 335
365 300
338 283
357 296
377 274
323 303
369 270
389 285
315 299
335 277
422 282
368 311
327 273
347 288
338 319
379 320
358 297
371 316
399 298
350 293
391 294
370 271
410 307
337 323
411 272
316 300
356 336
402 303
381 280
348 332
327 309
328 274
319 305
360 306
380 321
339 283
426 288
372 317
331 279
392 295
411 308
384 291
403 304
330 320
376 287
349 333
322 316
395 300
341 329
386 303
342 294
415 278
361 307
333 325
334 290
407 274
352 338
353 303
373 281
345 299
364 312
324 276
365 277
311 306
357 273
418 289
323 280
388 297
314 311
334 326
375 327
421 294
354 304
326 322
400 271
367 323
346 300
387 301
366 278
406 314
338 296
357 309
358 274
398 310
377 287
344 339
350 270
390 306
323 316
369 283
410 284
315 312
356 313
316 277
307 308
335 290
422 295
368 324
327 286
414 291
319 282
380 298
399 311
371 329
372 294
391 307
318 323
392 272
337 336
383 303
343 267
402 316
330 297
403 281
349 310
395 277
340 341
341 306
360 319
320 283
333 302
361 284
352 315
353 280
364 289
310 318
384 304
430 271
376 300
417 301
363 330
396 278
437 279
342 307
388 274
334 303
353 316
394 317
326 299
354 281
373 294
345 312
386 313
346 277
365 290
338 273
406 291
311 319
357 286
418 302
323 293
314 324
335 267
422 272
367 336
368 301
387 314
433 281
379 310
380 275
371 306
399 288
350 283
390 319
391 284
410 297
337 313
383 280
356 326
329 309
402 293
348 322
349 287
414 304
328 264
340 318
319 295
360 296
306 325
380 311
426 278
352 292
331 269
372 307
392 285
383 316
384 281
403 294
376 277
349 323
395 290
322 306
341 319
342 284
382 320
333 315
361 297
334 280
352 328
353 293
326 276
345 289
373 271
364 302
418 279
409 310
323 270
355 339
314 301
429 288
375 317
421 284
326 312
367 313
346 290
387 291
359 309
378 322
338 286
406 304
379 287
398 300
325 316
344 329
390 296
336 325
410 274
315 302
356 303
402 270
422 285
348 299
368 314
327 276
414 281
379 323
380 288
371 319
399 301
372 284
391 297
318 313
337 326
411 275
383 293
402 306
329 322
330 287
403 271
348 335
349 300
322 283
340 331
341 296
360 309
361 274
333 292
352 305
353 270
405 317
364 279
310 308
397 313
343 342
417 291
322 319
363 320
409 287
342 297
355 316
374 329
334 293
375 294
326 289
394 307
354 271
321 323
345 302
332 332
406 281
311 309
324 328
357 276
398 277
418 292
344 306
323 283
314 314
315 279
375 330
367 326
368 291
387 304
359 322
433 271
398 313
399 278
371 296
344 342
390 309
317 325
336 338
410 287
337 303
356 316
402 283
329 299
330 264
348 312
349 277
340 308
341 273
360 286
306 315
352 282
413 298
318 326
405 294
351 323
425 272
330 300
416 303
362 332
322 296
341 309
382 310
342 274
428 277
333 305
334 270
353 283
394 284
326 266
345 279
385 315
310 321
417 304
363 333
409 300
355 329
429 278
421 274
386 316
359 299
406 294
378 312
379 277
325 306
398 290
371 273
344 319
317 302
336 315
337 280
318 280
356 293
348 289
340 285
414 271
401 301
380 278
347 330
371 309
372 274
413 275
358 339
318 303
404 306
337 316
350 335
383 283
329 312
330 277
370 313
416 280
349 290
322 273
340 321
341 286
381 322
333 282
352 295
339 325
405 307
364 269
351 336
397 303
425 285
343 332
417 281
363 310
409 277
382 323
355 306
374 319
375 284
394 297
326 279
321 313
367 280
386 293
313 309
359 276
332 322
378 289
406 271
324 318
344 296
336 292
356 270
367 316
368 281
359 312
400 313
346 342
379 290
420 291
325 319
366 320
371 286
412 287
317 315
336 328
337 293
423 296
356 306
402 273
329 289
369 325
348 302
340 298
335 332
360 276
401 314
393 310
352 272
413 288
404 319
405 284
351 313
397 280
370 326
416 293
343 309
362 322
322 286
363 287
309 316
382 300
428 267
355 283
328 329
374 296
320 325
394 274
339 338
385 305
345 269
312 321
332 299
397 316
344 273
363 323
409 290
355 319
429 268
396 320
375 297
321 326
367 293
408 294
313 322
387 271
359 289
398 280
325 296
365 332
344 309
390 276
431 277
336 305
337 270
356 283
329 266
348 279
389 317
340 275
401 291
347 320
393 287
366 333
412 300
358 329
318 293
404 296
432 278
350 325
424 274
369 338
370 303
330 267
362 299
381 312
341 276
382 277
328 306
333 272
374 273
339 315
385 282
405 297
331 311
351 326
397 293
425 275
343 322
417 271
362 335
363 300
428 280
355 296
374 309
375 274
361 339
394 287
321 303
367 270
385 318
313 299
386 283
427 284
332 312
378 279
324 308
325 273
344 286
336 282
389 294
408 307
368 271
354 336
400 303
346 332
420 281
366 310
371 276
412 277
357 341
317 305
358 306
404 273
377 319
337 283
423 286
329 279
369 315
370 280
335 322
340 288
381 289
401 304
327 318
347 333
393 300
413 278
404 309
405 274
350 338
351 303
424 287
397 270
370 316
416 283
343 299
362 312
363 277
382 290
309 306
355 273
328 319
374 286
320 315
321 280
339 328
385 295
312 311
331 324
332 289
324 285
396 310
342 339
388 306
321 316
367 283
407 319
334 335
408 284
313 312
359 279
354 313
400 280
305 308
373 326
419 293
365 322
325 286
366 287
357 318
317 282
336 295
377 296
356 273
323 325
369 292
389 307
348 269
340 265
400 316
401 281
420 294
347 310
393 277
366 323
338 341
412 290
358 319
404 286
350 315
351 280
369 328
370 293
343 276
316 322
362 289
335 335
381 302
308 318
328 296
320 292
339 305
385 272
331 301
332 266
397 283
392 317
343 312
384 313
430 280
363 290
309 319
355 286
396 287
415 300
361 329
321 293
407 296
312 324
386 273
353 325
427 274
332 302
373 303
364 334
324 298
365 299
344 276
336 272
388 319
389 284
408 297
354 326
400 293
346 322
420 271
347 287
365 335
338 318
357 331
358 296
431 280
377 309
304 325
423 276
350 292
329 269
370 270
316 299
335 312
381 279
327 308
328 273
319 304
380 320
339 282
426 287
331 278
350 328
351 293
392 294
411 307
416 273
343 289
362 302
403 303
349 332
382 280
395 299
328 309
374 276
320 305
360 341
361 306
352 337
385 285
312 301
331 314
332 279
324 275
376 322
396 300
342 329
407 309
334 325
408 274
353 338
326 321
354 303
359 269
427 287
400 270
373 316
346 299
419 283
325 276
365 312
338 295
366 277
357 308
358 273
377 286
323 315
369 282
315 311
335 289
422 294
401 271
327 285
346 335
347 300
338 331
412 280
358 309
404 276
399 310
350 305
351 270
391 306
370 283
343 266
411 284
316 312
402 315
362 279
308 308
327 321
328 286
319 317
320 282
339 295
372 329
331 291
392 307
384 303
430 270
403 316
355 276
395 312
396 277
341 341
342 306
415 290
388 273
361 319
333 337
321 283
407 286
334 302
353 315
354 280
373 293
345 311
324 288
364 324
365 289
311 318
357 285
418 301
323 292
342 342
314 323
388 309
389 274
334 338
408 287
354 316
400 283
346 312
347 277
387 313
366 290
338 308
357 321
358 286
398 322
377 299
350 282
390 318
369 295
410 296
315 324
335 302
307 320
327 298
368 336
414 303
319 294
434 281
339 272
380 310
426 277
331 268
372 306
391 319
351 283
392 284
343 279
383 315
411 297
384 280
330 309
403 293
349 322
395 289
341 318
360 331
320 295
361 296
352 327
353 292
332 269
364 301
324 265
384 316
430 283
376 312
396 290
342 319
388 286
407 299
334 315
353 328
326 311
354 293
427 277
373 306
345 324
419 273
346 289
365 302
338 285
406 303
357 298
377 276
323 305
369 272
315 301
335 279
422 284
368 313
327 275
414 280
347 290
379 322
380 287
371 318
399 300
350 295
391 296
410 309
337 325
383 292
316 302
356 338
362 269
402 305
403 270
348 334
349 299
340 330
328 276
319 307
360 308
380 323
339 285
426 290
352 304
372 319
331 281
392 297
384 293
403 306
330 322
376 289
349 335
322 318
395 302
341 331
415 280
342 296
361 309
333 327
407 276
334 292
352 340
353 305
326 288
373 283
345 301
364 314
365 279
311 308
357 275
418 291
323 282
314 313
315 278
375 329
421 296
326 324
367 325
346 302
387 303
359 321
433 270
366 280
406 316
338 298
379 299
358 276
399 277
344 341
350 272
390 308
336 337
369 285
410 286
315 314
316 279
356 315
402 282
307 310
335 292
348 311
368 326
327 288
414 293
319 284
380 300
426 267
371 331
399 313
372 296
391 309
392 274
337 338
383 305
411 287
402 318
330 299
403 283
349 312
322 295
395 279
340 343
341 308
342 273
360 321
361 286
333 304
352 317
353 282
345 278
364 291
310 320
417 303
363 332
409 299
342 309
388 276
355 328
429 277
334 305
375 306
354 283
326 301
345 314
346 279
386 315
365 292
378 311
406 293
338 275
311 321
357 288
398 289
344 318
418 304
323 295
335 269
422 274
367 338
368 303
327 265
414 270
387 316
359 334
433 283
379 312
380 277
399 290
371 308
372 273
391 286
318 302
410 299
337 315
383 282
402 295
329 311
348 324
349 289
340 320
341 285
360 298
352 294
372 309
331 271
392 287
405 306
384 283
425 284
330 312
376 279
395 292
322 308
341 321
342 286
382 322
361 299
333 317
334 282
374 318
353 295
326 278
394 296
373 273
345 291
364 304
365 269
418 281
409 312
323 272
355 341
314 303
375 319
421 286
367 315
368 280
387 293
359 311
406 306
338 288
379 289
398 302
325 318
371 285
344 331
317 314
336 327
337 292
410 276
356 305
402 272
348 301
327 278
414 283
