672 344
671 345
673 345
673 346
672 347
671 344
672 343
671 347
673 344
672 346
674 343
673 347
674 346
670 345
669 346
668 345
667 344
666 345
665 346
670 348
675 345
676 346
677 345
678 346
679 345
680 344
681 345
681 346
680 347
682 344
679 348
678 349
675 344
676 343
677 342
680 349
672 345
674 342
676 345
678 342
677 344
679 341
678 340
679 339
680 338
680 340
679 350
678 351
677 351
676 352
675 351
675 353
676 354
677 353
670 347
675 346
664 346
666 343
680 342
675 355
673 348
674 349
676 347
678 344
677 346
668 343
679 343
676 356
677 355
679 352
670 349
683 343
675 348
675 357
673 341
674 340
675 339
676 338
677 337
676 336
672 340
676 340
678 337
677 339
679 336
678 335
679 334
678 333
679 332
678 331
680 331
681 330
680 333
682 330
680 335
677 330
676 329
675 328
676 327
674 328
676 331
673 350
672 350
671 351
672 352
673 353
672 354
673 355
671 353
670 354
669 353
668 352
667 351
666 350
667 349
666 348
668 348
665 351
664 351
668 350
666 352
665 353
664 353
663 353
662 353
666 354
666 355
667 356
666 357
665 358
668 357
666 359
667 358
665 360
664 360
668 359
669 360
666 361
680 329
679 328
665 362
666 363
678 328
681 339
681 348
684 344
669 355
670 356
677 332
673 343
685 345
685 346
677 341
673 352
662 352
665 348
677 350
665 357
666 349
678 332
680 351
672 356
673 357
681 334
682 335
681 343
669 350
681 352
681 353
669 359
673 329
674 330
674 331
677 327
677 336
665 343
673 356
677 354
665 352
665 361
676 358
677 359
677 360
666 344
680 346
672 351
681 329
681 338
669 345
681 347
684 343
669 354
677 331
673 342
677 340
673 351
662 351
661 350
665 347
665 356
676 353
668 358
680 332
680 341
680 350
672 355
681 333
681 342
669 349
684 347
684 348
685 349
685 350
669 358
661 354
661 355
662 356
662 357
660 354
673 328
677 326
677 335
665 342
666 341
666 340
665 339
665 338
676 339
676 348
668 344
679 344
676 357
668 353
679 353
660 349
680 327
680 336
680 345
672 341
680 354
680 355
681 356
681 357
681 358
680 359
680 360
681 361
681 362
679 358
680 363
679 363
680 364
680 365
681 366
681 367
680 368
680 369
680 370
681 371
681 370
679 367
679 362
679 371
679 372
680 373
680 374
681 375
681 328
681 337
669 344
684 342
685 341
685 340
684 339
684 338
682 372
661 349
662 348
663 349
662 347
661 346
661 345
683 346
673 332
673 333
673 334
674 335
672 332
686 351
665 337
666 336
666 335
665 334
665 333
666 332
666 331
666 330
665 329
665 328
666 327
667 328
666 326
665 325
665 324
664 323
663 322
663 321
662 320
662 319
666 325
662 323
662 324
661 322
683 373
684 372
685 373
684 371
683 374
684 375
684 376
686 374
687 375
688 374
688 373
687 372
687 376
687 371
676 334
687 352
687 353
688 354
688 355
676 361
676 362
675 360
660 344
679 357
687 370
688 369
688 368
687 367
687 366
688 365
688 364
688 363
687 362
686 365
685 364
684 363
684 362
685 363
684 361
683 360
683 364
683 365
684 366
684 367
685 368
686 369
687 361
688 360
689 361
688 359
687 358
687 357
688 358
686 360
685 359
684 358
684 357
684 356
685 355
685 354
684 353
684 352
683 355
660 353
679 366
672 327
690 362
691 363
692 362
692 361
691 360
691 364
691 365
692 366
692 367
691 359
692 358
692 357
692 356
691 355
691 368
691 369
692 370
692 371
691 354
692 353
692 352
691 351
691 350
692 351
690 367
691 349
692 348
692 347
691 346
691 345
682 358
682 367
661 344
662 343
662 342
661 341
661 340
662 339
663 340
662 338
662 337
661 336
660 335
661 335
662 334
663 335
662 333
661 332
661 331
662 332
663 331
682 376
683 341
662 318
663 317
663 316
662 315
662 314
661 313
661 317
664 337
686 346
683 359
665 323
666 322
666 321
665 320
665 319
664 355
686 355
683 368
683 369
686 364
667 360
686 373
687 347
688 346
689 347
688 345
687 348
688 349
688 350
688 344
689 343
689 342
688 341
688 340
687 339
687 343
687 338
660 330
659 329
659 328
658 327
658 326
687 356
660 339
659 338
658 337
658 336
658 335
657 334
657 338
657 339
658 340
658 341
659 342
660 348
659 347
658 346
658 345
657 347
657 348
658 349
658 350
668 361
668 362
668 363
669 364
669 363
679 361
680 326
679 325
678 324
677 323
678 323
677 322
677 321
676 320
688 339
689 338
690 339
691 340
692 339
693 340
692 338
691 341
692 342
692 343
692 337
691 336
694 341
695 342
696 341
697 342
696 340
695 343
696 344
696 345
696 346
697 347
695 347
695 348
696 349
696 350
697 351
698 352
698 353
699 354
699 355
700 356
700 357
699 358
699 359
699 360
700 361
698 358
697 358
696 358
696 359
695 357
695 356
696 355
697 356
696 354
694 355
694 354
698 348
698 349
699 350
700 351
700 352
699 349
700 348
700 347
700 346
699 345
698 345
698 344
699 344
700 343
701 344
700 342
699 341
699 340
698 339
697 338
696 338
697 337
696 336
696 335
695 334
686 361
695 338
698 357
695 333
695 332
696 332
697 333
698 333
696 331
695 330
697 332
696 330
697 329
697 328
696 327
696 326
696 325
697 324
697 323
696 322
695 322
696 321
697 320
698 320
697 319
697 318
696 317
695 318
694 318
693 317
693 316
692 315
696 316
697 315
698 316
697 314
696 313
695 312
694 313
693 313
693 312
696 312
698 321
671 326
671 325
670 324
669 324
670 323
669 322
699 322
700 322
701 321
700 323
700 324
701 325
700 326
701 326
699 327
700 328
700 329
701 330
700 331
699 331
700 332
700 333
700 334
701 335
695 329
699 317
699 326
699 335
699 336
700 337
700 327
699 339
667 339
668 339
669 339
691 335
657 342
656 342
661 312
663 358
682 371
683 336
662 313
675 332
686 341
665 318
664 359
676 333
667 364
695 346
694 345
668 329
687 342
679 338
699 316
701 362
702 327
693 358
672 335
671 339
690 352
682 348
661 325
660 325
702 363
703 362
704 363
674 344
694 322
698 329
664 336
683 349
694 358
695 323
667 341
686 354
689 365
668 342
660 338
678 355
670 351
693 371
671 352
690 365
663 348
682 361
674 357
694 335
698 342
685 372
664 349
697 346
676 323
675 323
674 322
675 322
667 354
666 358
701 352
693 348
659 355
658 355
659 356
678 368
677 369
677 368
670 364
690 342
663 325
663 326
682 338
674 334
694 312
698 319
663 361
664 326
704 362
683 339
675 335
695 313
667 331
686 344
697 359
689 355
660 328
701 329
678 345
702 330
703 329
704 330
693 361
692 365
671 342
670 342
670 341
663 338
682 351
674 347
685 362
677 358
656 335
697 336
658 344
678 322
689 368
701 342
693 338
688 372
659 345
678 358
663 315
664 314
665 315
666 316
664 313
682 328
674 324
681 369
684 374
685 339
664 316
696 348
697 313
667 321
662 355
685 375
697 349
689 345
693 315
658 357
700 359
692 355
684 351
703 364
704 329
685 352
704 365
705 365
706 366
677 348
697 326
666 338
658 334
659 333
658 332
657 332
656 332
659 332
688 362
680 358
659 335
700 336
691 367
669 348
681 359
692 368
684 364
677 325
662 345
673 354
665 350
666 315
677 361
655 342
654 342
653 341
652 340
652 339
651 341
652 342
654 341
655 340
654 339
655 339
687 374
666 351
679 370
658 347
699 348
678 325
670 321
688 375
680 371
681 336
700 349
692 345
684 341
696 315
669 361
661 357
660 358
662 322
673 331
665 327
706 365
685 342
677 338
697 316
662 358
695 355
665 363
666 328
688 352
707 365
708 365
709 366
680 348
699 361
698 362
691 357
703 331
703 332
669 338
661 334
681 349
684 354
704 332
705 332
706 333
696 328
662 335
665 340
676 355
668 351
687 364
679 360
680 325
681 324
699 338
691 334
692 333
691 332
690 332
689 333
689 332
657 341
680 361
681 326
672 357
700 339
701 339
702 340
703 341
704 340
703 342
704 342
691 370
692 335
669 351
661 347
662 312
653 343
673 321
672 322
665 317
698 351
677 328
664 358
683 371
676 332
695 345
667 363
686 376
687 341
666 318
667 319
667 318
668 319
679 337
699 315
700 314
676 368
675 368
674 367
675 367
676 366
675 365
676 365
668 364
688 342
679 373
699 351
700 316
701 317
702 318
703 319
704 320
702 317
701 319
704 319
672 334
691 347
692 312
691 312
657 354
656 355
703 321
669 328
670 329
671 330
671 329
670 331
661 324
702 362
705 367
705 368
706 332
696 318
683 348
662 325
694 357
686 353
665 330
706 368
695 358
668 341
687 354
660 337
707 332
708 333
709 333
699 328
657 331
702 339
693 370
690 364
682 360
661 337
694 334
698 341
664 348
683 361
676 322
694 370
667 353
695 335
668 318
686 366
679 327
668 354
660 350
688 332
687 332
686 331
685 330
684 329
685 329
684 331
687 331
688 330
687 329
688 329
701 351
702 350
680 328
672 324
691 337
678 367
657 344
656 345
656 344
690 341
669 318
670 319
671 319
702 352
703 352
704 352
661 314
660 315
698 318
671 364
672 365
673 365
673 364
663 360
664 325
682 373
683 338
674 369
675 334
694 347
667 330
686 343
698 354
664 361
676 335
668 331
708 367
708 368
687 344
660 327
679 340
699 318
691 314
709 368
710 369
711 368
701 364
702 329
693 360
705 334
705 335
671 341
690 354
663 337
682 350
694 324
693 325
693 326
694 325
692 325
691 325
691 324
692 323
691 322
692 322
706 335
698 331
664 338
683 351
656 334
675 347
667 343
695 325
686 356
689 367
660 340
701 341
693 337
659 344
678 357
670 353
690 331
682 327
683 326
702 342
652 341
671 354
663 350
664 315
682 363
683 328
674 359
675 324
694 337
667 320
686 333
685 374
677 370
677 371
656 347
697 348
676 325
689 344
668 321
660 317
679 330
666 360
658 356
678 334
702 319
693 350
659 357
678 370
671 331
711 367
711 366
690 344
663 327
663 328
682 340
674 336
694 314
685 351
664 328
704 364
696 360
696 361
675 337
667 333
708 334
708 335
697 361
689 357
709 335
710 336
711 335
701 331
693 327
693 328
659 334
678 347
670 343
690 321
689 320
690 320
690 319
689 322
689 323
688 319
687 319
686 320
686 321
685 319
684 319
684 318
685 317
687 321
704 341
683 318
682 318
682 317
682 316
682 315
681 314
680 313
683 316
681 313
680 315
679 315
680 316
681 316
683 315
679 317
680 318
689 334
689 335
655 341
670 320
651 343
671 321
690 334
703 353
703 354
704 354
705 355
706 356
706 355
705 357
673 366
672 367
710 370
710 371
655 354
654 354
653 354
653 353
654 352
653 351
652 352
651 352
651 351
654 351
655 350
655 352
652 351
655 351
651 353
651 354
652 354
654 353
707 364
707 363
707 362
659 324
659 323
658 322
659 322
658 324
657 321
656 322
690 311
689 310
690 309
689 312
688 309
687 309
686 309
686 308
685 307
684 306
683 306
682 306
682 305
683 304
682 303
681 304
680 303
683 303
685 306
681 303
684 308
684 309
685 309
687 308
688 307
680 305
679 305
683 305
686 310
686 311
687 311
689 311
682 307
711 370
712 371
713 371
714 370
713 369
715 371
715 372
716 372
717 372
718 373
719 374
718 372
714 369
717 374
717 375
718 375
720 374
721 373
716 371
718 374
703 366
704 331
689 324
655 331
655 330
654 329
655 329
654 331
653 331
652 331
651 331
651 330
651 329
652 329
650 328
649 328
649 327
650 326
649 325
650 325
678 314
677 313
678 313
678 312
677 315
677 316
676 312
675 312
674 312
673 311
672 312
672 311
674 313
674 314
675 314
700 338
692 334
671 311
670 311
670 310
670 309
670 308
671 307
670 306
669 306
668 306
671 306
671 309
669 305
671 308
703 343
703 344
685 331
704 344
705 345
705 344
706 343
707 342
706 345
654 343
666 317
676 367
655 344
707 354
706 353
707 353
708 355
708 356
709 356
707 352
709 355
708 357
708 358
709 358
710 359
710 358
711 358
712 358
713 359
714 359
715 359
716 360
716 359
715 361
712 360
712 361
713 361
715 360
716 361
717 362
718 363
719 364
719 365
720 365
718 362
717 364
720 364
721 363
720 362
721 362
721 365
722 366
722 365
723 366
724 367
725 366
724 368
726 366
725 368
723 365
719 366
722 367
722 368
711 357
711 356
711 355
723 368
725 367
726 368
727 369
727 370
728 368
729 369
730 370
730 369
729 371
730 372
731 372
732 372
732 371
733 370
732 369
733 369
733 372
734 373
734 374
727 371
730 371
733 371
718 364
710 360
710 361
700 315
657 353
657 352
703 320
711 360
685 308
704 321
705 322
705 323
706 323
706 322
707 322
708 323
708 322
709 321
708 320
707 320
706 320
709 323
707 319
709 322
705 324
708 324
708 325
709 325
710 326
710 325
711 325
712 326
713 326
714 326
715 326
716 327
716 326
715 328
712 327
712 328
713 328
716 328
717 329
718 330
719 329
720 330
720 329
721 330
719 331
719 332
720 332
718 329
721 329
717 331
718 332
720 331
721 332
722 333
722 332
723 331
723 333
724 334
725 333
726 334
727 334
728 334
728 333
724 335
726 333
725 335
728 335
729 336
730 337
727 336
727 337
730 336
729 338
729 339
730 339
731 340
731 339
732 339
732 338
733 337
732 336
733 336
731 341
731 342
732 341
727 338
719 333
730 338
722 334
722 335
711 324
711 323
711 322
723 335
650 350
650 349
649 348
650 348
649 350
648 350
647 350
646 350
646 349
646 348
647 348
645 347
644 347
644 346
645 345
644 344
643 343
642 344
641 344
642 345
640 344
639 345
639 344
643 345
641 346
641 347
642 347
640 343
639 342
640 342
640 341
643 344
639 346
642 346
661 359
660 360
653 355
714 371
706 367
698 363
698 364
643 347
654 356
655 321
654 321
653 321
653 320
654 319
655 319
652 321
654 320
707 331
707 330
707 329
678 304
677 303
678 302
677 305
676 302
675 302
674 302
674 301
675 300
674 299
673 299
672 299
675 299
676 300
671 299
670 298
675 301
678 301
678 300
674 303
674 304
675 304
677 304
670 300
707 367
681 315
699 363
692 324
711 337
712 338
713 339
710 338
713 338
714 337
715 336
716 337
713 336
716 336
715 338
715 339
716 339
717 339
718 340
719 341
719 342
720 342
718 339
714 336
717 341
717 342
718 342
720 341
721 340
721 342
722 343
723 344
724 345
725 346
723 343
722 345
725 345
726 344
725 343
726 343
726 346
727 347
727 346
728 346
729 346
730 347
729 348
729 349
730 349
728 345
724 347
714 339
727 348
727 349
716 338
719 343
719 344
728 348
720 344
712 340
730 348
723 345
715 340
726 345
718 341
729 350
729 351
730 351
731 352
731 351
732 351
684 320
684 321
703 333
650 327
669 340
653 332
653 333
673 310
673 309
673 308
685 321
677 317
694 369
694 368
694 367
695 366
695 368
695 367
654 333
695 370
696 371
697 371
698 372
699 371
700 370
699 369
700 369
700 372
701 372
702 373
703 374
703 375
704 375
702 372
701 374
704 374
700 371
699 373
698 374
702 374
688 331
707 344
708 345
709 346
710 346
711 346
711 345
709 345
708 347
711 347
712 348
713 349
710 348
710 349
713 348
714 347
713 346
715 348
715 349
716 349
714 349
716 348
712 350
712 351
713 351
715 350
715 351
716 351
717 352
718 352
719 353
720 352
721 353
722 353
723 354
724 355
725 356
723 353
719 354
722 355
722 356
723 356
725 355
726 354
726 356
721 352
724 357
724 358
725 358
720 354
723 355
726 355
722 357
723 358
714 348
725 357
717 353
717 354
726 358
727 359
727 358
728 358
729 359
730 359
729 360
729 361
730 361
731 362
732 361
733 360
732 359
733 359
733 361
718 354
710 350
672 323
657 343
669 317
669 316
669 315
721 364
713 360
732 373
733 338
724 369
724 370
725 334
650 340
649 340
648 340
648 339
647 340
646 340
646 339
649 339
650 338
673 323
723 364
714 361
706 357
725 370
726 335
718 331
710 327
710 328
729 340
656 356
656 357
675 369
667 365
667 366
668 330
688 308
707 321
645 346
691 313
657 320
657 319
676 370
648 351
648 352
668 366
709 367
721 341
681 305
700 318
712 372
672 336
692 314
732 350
732 349
732 348
733 347
733 349
734 350
735 351
736 352
737 353
735 350
734 352
737 352
736 354
735 352
737 354
738 355
738 356
739 356
739 355
740 355
741 356
741 355
742 354
742 356
742 355
738 357
740 354
739 353
740 353
740 352
711 327
684 310
684 311
657 356
649 352
669 330
641 348
661 326
702 364
653 322
653 323
714 338
673 300
672 301
672 302
705 369
733 351
706 334
685 311
725 347
698 330
717 343
717 344
683 350
654 323
694 359
695 324
687 320
718 344
728 357
728 356
728 355
688 321
707 334
680 317
699 330
672 313
672 314
691 326
657 333
649 329
649 330
669 307
668 308
667 309
667 308
668 309
667 310
666 307
666 306
665 305
666 305
665 307
664 305
663 305
665 306
702 341
693 372
693 373
681 318
721 354
713 350
732 363
731 364
705 346
705 347
724 359
650 330
690 366
682 362
683 327
674 358
694 336
735 374
714 351
673 313
686 332
706 347
698 343
664 350
683 363
656 346
675 359
676 324
667 355
695 337
668 320
686 368
687 333
660 316
679 329
648 341
648 342
709 357
728 370
660 352
701 353
701 354
680 330
720 366
721 331
693 349
672 326
712 362
712 363
713 327
732 340
678 369
724 336
724 337
670 365
670 366
649 342
690 343
669 320
682 339
661 316
702 354
713 363
714 328
706 324
652 353
725 337
671 366
717 333
663 362
664 327
682 375
683 340
656 323
656 324
675 336
676 301
694 349
667 332
695 314
686 345
687 310
679 306
679 307
739 357
644 348
644 349
731 353
731 354
697 360
676 337
716 373
689 356
708 369
708 370
668 333
709 334
660 329
688 311
728 347
679 342
680 307
720 343
699 320
712 339
672 303
645 349
691 316
657 323
709 370
702 331
693 362
721 344
713 340
732 353
705 336
705 337
652 330
671 343
690 356
663 339
682 352
683 317
674 348
675 313
694 326
686 322
686 323
727 360
727 361
706 337
664 340
656 336
696 372
696 373
675 349
676 314
716 350
695 327
667 345
708 346
668 310
687 323
719 355
719 356
679 319
697 373
689 369
709 347
728 360
701 343
720 356
693 339
712 352
659 346
678 359
651 342
670 355
671 320
690 333
682 329
723 367
702 344
674 325
674 326
652 343
671 356
663 352
704 353
664 317
683 330
674 361
673 362
715 362
715 363
675 326
694 339
667 322
685 376
731 343
731 344
677 372
677 373
697 350
716 363
689 346
668 323
708 359
709 324
728 337
655 353
701 320
720 333
647 349
666 362
712 329
712 330
658 358
658 359
678 336
670 332
670 333
690 310
701 356
702 321
721 334
693 352
734 353
734 354
713 330
659 359
700 360
651 355
671 333
711 369
690 346
703 365
663 329
682 342
683 307
674 338
675 303
735 354
694 316
640 345
686 312
727 350
727 351
698 323
685 353
664 330
704 366
677 349
696 362
696 363
697 327
676 304
716 340
667 335
708 336
708 337
719 345
719 346
666 339
697 363
689 359
730 360
709 337
701 333
720 346
693 329
659 336
699 372
651 332
651 333
671 310
690 323
663 306
663 307
723 357
682 319
674 315
674 316
681 360
700 373
692 369
652 333
684 365
663 342
664 307
704 343
696 339
675 316
715 352
715 353
662 346
685 366
726 367
677 362
697 340
716 353
689 336
729 372
655 343
647 339
658 348
678 326
670 322
722 369
722 370
723 334
688 376
693 342
680 372
659 349
700 350
672 368
672 369
692 346
711 359
671 323
703 355
703 356
663 319
682 332
723 370
669 362
715 329
715 330
661 358
681 373
685 343
704 356
696 352
697 317
716 330
643 346
689 313
689 314
662 359
708 326
654 355
655 320
673 368
646 351
646 352
665 364
666 329
658 325
678 303
710 372
710 373
670 299
689 349
730 350
722 346
722 347
655 356
701 323
647 352
693 319
692 320
688 353
707 366
699 362
659 326
678 339
691 358
711 336
671 300
690 313
723 347
674 305
681 350
700 363
692 359
711 372
684 355
685 320
704 333
696 329
662 336
654 332
665 341
685 356
698 375
726 357
677 352
718 353
697 330
729 362
729 363
695 369
655 333
687 365
666 342
707 343
658 338
678 316
670 312
730 363
722 359
688 366
680 362
681 327
699 375
700 340
672 358
672 359
691 371
692 336
711 349
684 332
684 333
703 345
650 339
669 352
661 348
681 363
653 344
653 345
714 360
673 322
733 373
684 368
685 333
725 369
704 346
717 365
717 366
677 329
696 342
683 372
662 349
654 345
673 358
646 341
665 354
666 319
726 370
718 366
710 362
730 340
676 369
722 336
722 337
668 365
647 342
660 361
660 362
688 343
707 356
679 374
680 339
699 352
659 316
700 317
691 348
692 313
711 326
657 355
703 322
703 323
649 351
723 337
669 329
680 375
681 340
700 353
713 372
692 349
733 350
684 345
685 310
704 323
677 306
677 307
650 352
736 355
736 356
696 319
669 365
642 348
661 361
662 326
653 357
654 322
673 335
665 331
706 369
726 347
698 365
698 366
718 343
737 356
710 339
710 340
643 349
729 352
695 359
655 323
687 355
688 320
707 333
679 351
658 328
657 329
699 329
678 306
688 356
680 352
681 317
699 365
700 330
672 348
691 361
692 326
732 362
711 339
684 322
684 323
650 329
669 342
661 338
653 334
653 335
673 312
714 350
706 346
665 308
665 309
685 323
725 359
677 319
717 355
717 356
683 362
675 358
694 371
654 335
695 336
686 367
665 344
666 309
726 360
718 356
676 359
695 372
668 355
687 368
728 369
660 351
688 333
707 346
679 364
699 342
672 325
691 338
657 345
649 341
669 319
661 315
702 353
721 366
672 361
671 362
713 362
714 327
705 358
705 359
724 371
684 335
725 336
671 365
717 332
650 342
682 374
661 351
662 316
674 370
674 371
694 348
714 363
673 325
706 359
665 321
725 372
698 355
726 337
718 333
664 362
710 329
710 330
683 375
656 358
656 359
675 371
695 349
667 367
668 332
687 345
688 310
707 323
680 306
699 319
645 348
691 315
657 322
648 353
648 354
668 368
669 369
670 368
709 369
701 365
701 366
721 343
681 307
672 338
740 356
700 320
732 352
692 316
638 345
637 345
637 344
684 312
724 348
724 349
657 358
649 354
690 355
669 332
661 328
702 366
653 324
673 302
714 340
733 353
706 336
725 349
698 332
717 345
664 339
683 352
676 313
694 361
695 326
686 357
687 322
679 318
698 368
697 369
731 365
731 366
697 372
676 349
688 323
728 359
660 341
679 354
680 319
720 355
699 332
672 315
672 316
657 335
649 331
669 309
702 343
693 374
721 356
713 352
732 365
705 348
705 349
704 350
671 355
690 368
663 351
682 364
683 329
674 360
662 306
661 306
660 305
660 307
660 306
661 305
675 325
694 338
727 372
686 334
686 335
706 349
707 350
708 349
664 352
656 348
729 332
675 361
676 326
716 362
695 339
667 357
668 322
686 370
687 335
660 318
660 319
659 320
728 336
679 331
719 367
719 368
645 338
644 337
644 338
648 343
709 359
728 372
701 355
702 320
720 368
693 351
721 333
672 328
712 364
713 329
659 358
732 342
705 325
705 326
704 327
678 371
684 302
724 338
724 339
670 367
671 332
690 345
641 340
682 341
661 318
702 356
674 337
735 353
694 315
714 330
705 361
706 326
652 355
725 339
698 322
671 368
717 335
664 329
683 342
656 325
656 326
655 327
675 338
676 303
694 351
667 334
695 316
686 347
687 312
679 308
679 309
678 310
677 309
676 310
644 350
731 355
731 356
730 357
697 362
689 358
708 371
668 335
669 336
670 335
709 336
728 349
688 313
660 331
701 332
720 345
680 309
672 305
712 341
712 342
711 343
710 342
709 343
691 318
678 348
657 325
670 344
690 322
669 299
701 368
702 333
721 346
693 364
713 342
705 338
652 332
690 358
663 341
664 306
682 354
683 319
674 350
675 315
694 328
667 311
667 312
666 313
686 324
686 325
727 362
727 363
726 364
698 335
685 365
664 342
656 338
696 374
696 375
695 376
697 339
676 316
716 352
667 347
708 348
668 312
687 325
660 308
679 321
719 357
719 358
731 368
697 375
689 371
709 349
701 345
720 358
693 341
712 354
659 348
678 361
651 344
651 345
650 346
670 357
671 322
690 335
663 318
682 331
723 369
674 327
681 372
727 339
727 340
726 341
652 345
698 312
717 325
716 324
717 323
717 322
717 321
717 320
717 319
718 319
719 319
720 320
720 319
721 320
722 320
723 321
724 322
725 323
723 320
719 321
722 322
722 323
723 323
725 322
726 321
726 323
727 324
728 323
721 319
724 324
724 325
725 325
728 325
729 326
730 327
727 326
730 326
729 328
720 321
723 322
716 318
715 318
715 317
715 316
715 315
716 314
714 314
716 316
713 315
712 316
712 315
713 316
711 315
710 316
710 315
714 316
712 317
712 318
713 318
726 322
729 327
730 328
731 329
731 330
732 328
733 327
734 327
735 328
736 329
737 330
732 326
734 329
734 330
735 330
737 329
733 326
736 331
736 332
737 332
738 333
739 333
740 332
741 333
742 334
742 333
741 335
733 329
735 329
738 334
738 335
739 335
731 331
742 335
743 336
744 336
744 335
745 334
744 333
745 333
745 336
734 331
734 332
735 332
745 335
737 331
722 324
722 325
711 314
710 313
711 313
709 313
708 313
708 312
709 311
708 310
709 310
711 312
707 309
706 310
706 311
705 312
706 312
709 312
708 314
723 325
704 311
703 311
703 310
703 309
703 308
704 307
702 307
701 307
701 306
704 309
700 306
699 306
698 307
698 306
697 306
696 305
697 304
696 303
697 303
699 305
700 304
699 303
700 303
698 308
698 309
695 302
695 301
694 302
693 303
692 302
691 302
701 308
701 309
693 304
693 305
702 309
694 304
704 308
697 305
690 301
689 300
689 302
688 299
687 299
686 299
686 298
685 297
686 296
685 296
684 298
687 298
686 300
689 301
700 305
685 298
696 307
740 331
740 330
714 315
733 328
725 324
736 333
736 334
726 325
718 321
737 334
710 317
707 311
699 307
691 303
691 304
700 308
692 304
739 334
728 324
702 308
721 321
740 334
713 317
732 330
705 313
705 314
724 326
694 303
714 318
706 314
725 327
698 310
695 304
687 300
735 331
727 327
727 328
738 336
738 337
716 317
719 322
719 323
739 337
709 314
728 327
701 310
701 311
720 323
693 306
693 307
712 319
702 311
694 306
741 336
741 337
723 324
742 337
734 333
704 310
696 306
715 319
715 320
697 307
716 320
689 303
689 304
726 324
718 320
737 333
729 329
729 330
707 310
730 330
722 326
700 307
692 303
711 316
684 299
684 300
703 312
703 313
685 300
704 313
740 333
732 329
714 317
733 330
706 313
725 326
736 335
695 303
726 327
718 323
688 300
707 313
699 309
691 305
692 306
739 336
731 332
731 333
730 334
710 309
711 310
712 309
728 326
720 322
702 310
721 323
740 336
713 319
732 332
705 315
705 316
704 317
724 328
694 305
714 320
686 301
686 302
706 316
707 317
708 316
663 354
664 319
704 355
683 332
696 351
715 364
715 365
716 329
695 306
667 324
686 337
687 302
673 367
719 334
719 335
731 345
677 374
697 352
716 365
689 348
708 361
709 326
728 339
655 355
660 321
701 322
720 335
647 351
693 318
666 364
712 331
712 332
711 333
639 347
639 348
658 360
658 361
657 362
659 325
678 338
670 334
690 312
723 346
682 308
682 309
702 323
693 354
734 355
734 356
733 357
713 332
659 361
705 328
700 362
652 322
671 335
711 371
703 367
703 368
683 309
715 341
715 342
675 305
735 356
640 347
727 352
704 368
696 364
656 328
716 342
689 325
689 326
688 327
708 338
708 339
707 340
655 332
679 311
719 347
712 308
712 307
712 306
712 305
713 306
713 305
711 304
710 303
711 302
710 305
709 302
709 301
708 300
709 300
708 302
707 299
706 300
705 300
705 299
704 299
703 299
703 298
704 297
702 297
701 297
705 301
705 302
706 302
708 301
701 298
701 299
702 299
704 298
707 298
703 300
704 301
706 301
707 301
702 298
713 307
705 303
705 304
706 304
708 303
708 304
709 304
701 300
711 303
704 300
710 306
710 307
707 300
711 306
703 302
714 307
706 303
707 303
709 303
678 315
743 332
742 331
743 330
743 329
743 328
743 327
742 327
741 327
744 329
730 362
709 339
722 358
742 336
702 300
712 344
713 309
699 374
705 305
651 334
651 335
711 348
671 312
690 325
663 308
663 309
662 310
723 359
674 317
735 333
727 329
727 330
726 331
725 330
700 375
652 335
698 302
697 301
698 300
698 299
699 299
685 332
704 345
664 309
715 354
675 318
716 319
667 314
708 315
654 344
719 324
719 325
731 335
726 369
677 364
718 365
708 351
709 316
728 329
655 345
701 312
720 325
647 341
693 308
693 309
692 310
707 355
712 321
690 302
722 371
723 336
672 370
672 371
671 372
651 347
711 361
703 357
703 358
704 322
683 299
682 299
682 298
650 351
715 331
715 332
661 360
653 356
727 342
728 343
729 342
714 372
738 351
737 350
738 349
738 348
738 347
738 346
738 345
737 346
736 346
736 345
739 349
740 350
735 346
734 345
734 344
704 358
737 355
643 348
716 332
689 315
689 316
688 317
662 361
708 328
654 357
655 322
673 370
646 353
646 354
645 355
678 305
670 301
670 302
669 303
668 302
730 352
722 348
722 349
721 350
647 354
693 321
707 368
699 364
651 324
670 337
711 338
671 302
703 334
703 335
723 349
669 341
674 307
734 358
700 365
746 332
745 331
746 330
746 329
747 330
748 330
748 331
748 332
733 362
738 328
737 327
685 322
704 335
677 318
708 305
708 306
707 307
654 334
666 308
726 359
718 355
710 351
710 352
709 353
689 328
690 329
691 328
729 364
728 365
728 366
729 365
730 329
709 306
695 371
655 335
701 302
741 338
707 345
712 311
659 305
658 305
678 318
670 314
730 365
722 361
723 326
734 335
672 360
711 351
684 334
685 299
703 347
704 312
650 341
696 308
696 309
695 310
715 321
653 346
653 347
673 324
714 362
706 358
725 371
685 335
726 336
717 367
717 368
716 369
697 309
737 345
643 338
729 341
689 305
675 370
708 318
654 347
646 343
726 372
658 317
718 368
730 342
676 371
722 338
668 367
741 351
660 363
660 364
661 365
662 366
659 365
662 365
661 367
660 368
661 368
659 368
658 368
658 367
662 368
659 367
662 367
658 369
661 369
660 370
660 371
661 370
662 370
663 371
663 370
664 369
665 370
665 371
666 371
664 371
665 372
665 373
666 373
667 374
668 374
669 373
668 372
669 372
670 374
671 375
672 375
673 375
673 374
669 371
671 374
673 376
664 370
667 375
660 372
660 373
657 366
656 365
657 364
656 367
655 364
655 363
654 362
655 362
653 363
653 364
652 362
651 361
654 364
650 361
649 361
648 360
647 359
646 358
647 358
646 360
647 361
649 360
650 359
649 358
650 358
645 357
644 357
648 362
651 363
651 364
652 364
654 363
647 360
650 360
653 365
653 366
643 357
642 357
641 357
641 356
642 355
643 355
640 356
639 355
639 354
640 354
639 357
638 354
637 354
637 353
638 352
637 351
636 351
635 352
634 351
635 351
638 351
634 353
640 353
633 350
632 350
632 349
633 348
631 348
630 348
629 349
629 350
630 350
639 356
636 350
635 349
636 349
636 348
642 356
635 353
654 366
646 362
628 349
627 348
627 347
628 347
627 350
626 347
625 347
627 349
638 353
630 349
649 362
641 358
641 359
631 350
650 363
642 359
652 363
663 372
663 373
644 358
644 359
664 373
645 359
637 355
629 351
629 352
630 352
666 372
659 369
651 365
651 366
640 355
632 351
632 352
652 366
633 352
625 348
643 356
662 369
654 365
646 361
665 374
665 375
655 366
647 362
666 375
639 358
639 359
636 352
628 348
668 375
657 365
631 349
650 362
669 375
642 358
661 371
634 354
634 355
653 367
653 368
643 359
635 355
654 368
627 351
626 352
627 352
664 372
656 368
656 369
645 358
648 363
648 364
660 374
638 355
657 368
630 351
649 364
641 360
641 361
631 352
642 361
652 365
663 374
633 351
644 360
644 361
664 375
626 348
645 361
629 353
630 354
663 364
674 373
655 365
666 374
658 370
658 371
657 372
656 371
655 372
637 347
659 371
651 367
640 357
632 353
632 354
633 354
651 357
669 374
643 358
662 371
635 354
654 367
646 363
646 364
645 365
655 368
647 364
639 360
658 373
657 374
656 375
657 375
655 375
654 375
653 374
654 374
653 376
652 374
651 374
655 374
654 376
657 376
650 373
649 373
648 373
648 372
649 371
648 370
647 371
646 371
646 370
649 370
650 369
650 371
647 370
650 370
646 372
646 373
647 373
649 372
645 369
645 368
644 367
643 366
642 365
643 365
642 367
641 367
642 368
643 368
645 367
641 369
644 369
640 366
639 367
670 352
643 367
641 368
642 369
648 374
647 375
648 375
638 366
637 366
637 365
637 364
637 363
638 362
638 364
636 363
635 362
634 361
633 361
632 361
632 360
631 359
630 358
635 361
636 361
631 358
634 363
634 364
635 364
631 361
633 360
636 360
635 359
636 358
632 362
635 363
638 363
631 360
634 365
634 366
635 366
649 375
651 375
651 376
640 365
640 364
652 376
633 362
655 376
647 372
639 368
639 369
636 362
640 368
650 372
643 369
635 365
646 374
638 365
649 374
641 370
641 371
631 362
650 375
642 371
634 367
652 375
644 370
644 371
645 371
637 367
637 368
648 376
647 377
646 378
645 378
644 377
643 376
642 375
642 377
641 377
642 378
643 378
645 377
641 379
641 380
642 380
644 379
640 376
639 377
639 378
643 377
639 379
642 379
638 376
638 375
637 374
637 373
638 372
638 374
637 376
636 373
635 372
636 371
634 373
634 374
635 374
633 373
632 373
632 372
633 371
632 370
631 369
630 369
629 370
630 371
631 368
630 370
631 371
633 370
629 372
630 373
631 370
634 375
634 376
635 376
637 375
630 372
641 381
631 373
633 372
629 374
630 375
636 372
640 378
632 374
633 375
643 379
635 375
636 375
628 371
627 372
639 371
631 372
634 377
634 378
635 378
637 377
637 378
629 373
638 378
630 374
638 368
640 377
633 374
637 357
640 367
632 363
632 364
633 364
639 380
639 381
638 382
636 374
640 380
632 376
647 374
639 370
636 364
635 377
627 373
627 374
626 375
639 383
638 384
637 384
638 385
636 383
635 384
634 384
635 385
633 383
634 382
633 381
633 380
633 382
636 385
633 384
636 384
636 377
628 373
636 354
628 350
650 374
642 370
643 371
635 367
646 376
638 377
631 374
634 379
639 350
640 351
641 350
657 367
649 363
631 351
650 364
642 360
661 373
634 356
634 357
633 358
653 369
652 370
643 361
635 357
627 353
646 366
645 370
624 347
623 347
622 347
638 367
649 376
641 372
641 373
640 374
631 364
642 373
634 369
707 358
681 306
672 337
700 319
637 379
637 380
636 381
638 344
711 328
657 357
629 375
703 324
703 325
649 353
669 331
641 349
702 365
661 327
672 373
673 301
705 370
705 371
704 372
733 352
638 380
685 312
725 348
630 376
704 325
677 308
650 354
736 357
736 358
736 359
642 350
661 363
662 328
694 360
654 324
673 337
706 371
698 367
726 349
718 345
737 358
664 374
710 341
656 370
729 354
635 347
635 346
634 345
635 345
634 346
749 332
695 361
741 328
688 322
707 335
645 360
691 327
724 323
670 304
637 356
711 305
703 301
648 365
648 366
722 351
669 308
734 325
733 324
732 324
731 323
730 324
721 355
681 319
732 364
692 328
638 357
724 360
724 361
684 324
657 370
630 353
704 302
649 366
650 331
641 362
662 305
653 336
652 337
714 352
673 314
706 348
665 310
664 311
665 311
725 361
726 326
631 354
717 357
718 322
737 335
710 318
710 319
729 331
634 359
694 373
654 337
687 334
633 363
666 311
707 312
699 308
644 372
644 373
718 358
710 354
730 332
722 328
688 335
728 371
720 367
700 309
645 373
692 305
637 369
711 318
684 301
703 314
649 343
669 321
702 355
721 368
713 364
714 329
733 342
705 360
706 325
725 338
685 302
671 367
717 334
650 344
663 363
736 347
696 311
642 340
643 341
644 340
674 372
694 350
695 315
714 365
640 379
706 361
632 375
726 339
717 370
718 335
664 364
710 331
729 344
656 360
675 373
695 351
667 369
668 334
688 312
633 376
707 325
680 308
699 321
672 304
645 350
691 317
637 346
657 324
648 355
647 356
709 371
660 366
701 367
702 332
693 363
681 309
721 345
626 373
713 341
692 318
732 354
659 370
638 347
684 314
724 350
724 351
744 328
649 356
690 357
641 352
642 352
643 353
682 353
702 368
661 330
694 327
714 342
673 304
705 373
706 338
725 351
652 367
698 334
717 347
745 329
663 376
664 341
710 308
683 354
656 337
675 350
676 315
694 363
695 328
667 346
668 311
686 359
687 324
633 353
679 320
707 302
625 349
625 350
644 362
643 363
731 367
656 373
697 374
689 370
668 347
709 348
728 361
688 325
660 343
679 356
680 321
720 357
721 322
626 350
672 317
740 335
712 353
700 299
645 363
691 330
732 331
637 359
678 360
711 308
724 327
657 337
629 355
628 355
669 311
661 307
702 345
721 358
713 354
714 319
732 367
705 350
733 332
706 315
724 363
652 344
725 328
698 311
671 357
717 324
690 370
664 318
682 366
683 331
674 362
675 327
694 340
695 305
667 323
640 369
686 336
687 301
632 365
631 366
632 366
698 347
644 339
718 325
664 354
710 321
656 350
675 363
676 328
716 364
667 359
668 324
708 360
687 337
660 320
728 338
688 302
633 366
707 315
679 333
719 369
719 370
720 334
699 311
644 375
645 340
691 307
690 307
743 354
744 355
744 356
709 361
701 357
702 322
720 370
721 335
681 299
693 353
639 382
712 366
713 331
732 344
659 360
705 327
678 373
684 304
724 340
723 341
651 356
670 369
671 334
690 347
663 330
636 376
682 343
683 308
628 372
674 339
735 355
694 317
714 332
640 346
686 313
686 314
706 328
652 357
698 324
671 370
717 337
663 366
664 331
704 367
683 344
656 327
674 375
675 340
676 305
716 341
667 336
640 382
686 349
687 314
679 310
644 352
731 357
697 364
743 331
689 360
709 338
728 351
655 367
660 333
701 334
720 347
680 311
681 311
682 311
647 363
693 330
693 331
672 307
712 343
713 308
658 372
659 337
678 350
670 346
690 324
669 301
636 353
682 320
682 321
702 335
693 366
713 344
714 309
659 373
705 340
700 374
706 305
651 369
652 334
698 301
717 314
663 343
736 327
664 308
682 356
683 321
674 352
675 317
694 330
667 313
640 359
686 326
685 327
727 364
632 355
631 356
685 367
731 334
710 311
677 363
656 340
696 376
697 341
676 318
716 354
643 370
689 337
708 350
668 314
709 315
728 328
679 323
719 359
718 360
646 375
720 324
666 353
699 301
712 320
678 327
689 373
690 374
690 375
690 376
691 377
692 376
691 373
693 376
709 351
701 347
702 312
647 376
693 343
721 325
712 356
639 372
713 321
732 334
659 350
705 317
678 363
724 330
651 346
670 359
671 324
690 337
663 320
636 366
723 371
682 333
683 298
674 329
694 307
735 345
681 374
686 303
686 304
727 341
706 318
652 347
738 350
698 314
685 344
704 357
664 321
696 353
675 330
715 366
714 367
716 331
662 360
667 326
695 308
708 327
687 304
632 368
673 369
719 336
719 337
679 300
665 365
665 366
739 351
644 342
731 347
697 354
689 350
708 363
635 379
709 328
655 357
627 375
728 341
701 324
647 353
720 337
693 320
666 366
712 333
639 349
658 362
659 327
651 323
670 336
671 301
690 314
723 348
682 310
702 325
674 306
734 357
681 351
705 330
700 364
746 331
651 359
652 324
692 360
738 327
671 337
663 333
703 369
703 370
704 334
683 311
628 375
715 343
715 344
675 307
735 358
694 320
661 372
640 349
727 354
686 316
747 332
739 328
685 357
731 324
704 370
696 366
697 331
643 360
716 344
689 327
662 373
668 304
708 340
635 356
709 305
654 369
655 334
701 301
646 365
712 310
658 339
678 317
670 313
730 364
722 360
701 337
702 302
647 366
688 367
693 333
734 334
639 362
713 311
659 340
700 341
705 307
651 336
691 372
724 320
711 350
671 314
690 327
703 346
663 310
636 356
682 323
723 361
628 352
674 319
673 319
735 335
681 364
727 331
692 373
684 369
685 334
704 347
631 363
650 376
696 343
697 308
642 372
716 321
643 337
667 316
662 350
634 368
708 317
654 346
673 359
646 342
719 326
718 327
665 355
666 320
726 371
731 337
677 366
718 367
697 344
710 363
710 364
643 373
689 340
730 341
635 369
709 318
655 347
701 314
647 343
720 327
693 310
666 356
707 357
712 323
658 352
699 353
659 317
678 330
670 326
669 326
690 304
722 373
682 300
681 301
723 338
742 351
743 352
734 347
681 341
700 354
672 372
692 350
638 379
711 363
684 346
703 359
702 360
663 323
704 324
650 353
696 320
669 366
642 349
715 333
714 334
661 362
662 327
653 358
653 359
654 360
727 344
673 336
665 332
706 370
685 347
726 348
631 376
677 343
696 356
697 321
737 357
716 334
643 350
729 353
689 317
634 381
662 363
708 330
749 331
654 359
655 324
695 360
719 339
646 355
665 368
666 333
658 329
678 307
670 303
730 354
722 350
742 328
688 357
693 323
660 375
659 376
660 376
707 370
639 352
680 353
659 330
699 366
705 297
672 349
691 362
651 326
652 327
653 326
692 327
638 356
671 304
711 340
657 369
703 336
703 337
723 351
649 365
669 343
674 309
661 339
681 354
727 321
746 334
692 363
738 330
684 359
685 324
725 360
704 337
631 353
677 320
650 366
696 333
642 362
715 346
661 375
634 358
662 340
708 307
653 371
652 372
654 336
694 372
673 349
665 345
666 310
726 361
658 306
658 307
657 308
657 309
656 310
655 309
656 311
656 312
657 311
658 312
659 311
659 310
658 311
659 312
655 308
658 313
655 311
657 310
656 313
657 313
659 313
655 310
657 312
655 312
660 310
718 357
623 348
710 353
729 366
689 330
730 331
676 360
722 327
655 337
695 373
701 304
668 356
687 369
688 334
707 347
679 365
658 342
699 343
659 307
678 320
645 372
691 339
624 349
670 316
711 317
657 346
722 363
648 377
723 328
688 370
734 337
680 366
721 367
681 331
672 362
700 344
691 375
692 340
638 369
711 353
684 336
724 372
685 301
703 349
704 314
650 343
696 310
669 356
641 374
642 339
715 323
714 324
661 352
662 317
653 348
652 349
653 349
714 364
673 326
665 322
706 360
685 337
698 356
726 338
717 369
677 333
718 334
664 363
697 311
737 347
683 376
643 340
689 307
729 343
634 371
675 372
654 349
695 350
667 368
646 345
647 346
648 345
687 346
666 323
707 324
658 319
718 370
710 366
730 344
676 373
722 340
741 353
668 369
688 347
660 365
707 360
680 343
681 308
699 356
672 339
700 321
740 357
691 352
692 317
637 381
711 330
638 346
684 313
657 359
703 326
649 355
669 333
641 351
661 329
702 367
681 344
653 325
673 303
714 341
705 372
733 354
684 349
725 350
685 314
745 328
717 346
677 310
650 356
663 375
696 323
683 353
662 330
634 348
653 361
694 362
654 326
673 339
686 358
706 373
707 373
707 374
707 375
708 373
665 335
698 369
726 351
718 347
664 376
710 343
729 356
656 372
676 350
695 363
668 346
741 330
687 359
688 324
660 342
679 355
707 337
680 320
699 333
626 349
700 298
645 362
691 329
637 358
711 307
657 336
629 354
703 303
703 304
648 367
647 368
648 368
649 332
669 310
680 356
721 357
693 375
681 321
713 353
692 330
732 366
733 331
638 359
724 362
684 326
703 339
630 355
704 304
649 368
690 369
650 333
736 336
641 364
715 313
682 365
661 342
662 307
653 338
673 316
714 354
665 312
706 350
725 363
698 346
726 328
717 359
718 324
710 320
683 366
656 349
729 333
675 362
694 375
695 340
686 371
687 336
688 301
633 365
707 314
658 309
699 310
644 374
645 339
691 306
710 356
743 353
676 363
722 330
648 344
709 360
660 355
688 337
679 368
720 369
699 346
712 365
700 311
672 329
645 375
691 342
692 307
732 343
637 371
678 372
711 320
684 303
657 349
703 316
649 345
669 323
641 341
661 319
702 357
721 370
713 366
714 331
733 344
705 362
706 327
652 356
725 340
685 304
671 369
717 336
677 300
736 349
663 365
642 342
674 374
694 352
695 317
640 381
686 348
687 313
632 377
632 378
706 363
698 359
644 351
718 337
664 366
710 333
656 362
675 375
667 371
695 353
708 372
668 336
687 349
660 332
688 314
728 350
633 378
707 327
680 310
625 374
699 323
672 306
645 352
691 319
637 348
657 326
648 357
709 373
669 300
701 369
702 334
693 365
721 347
672 342
713 343
714 308
732 356
659 372
705 339
638 349
651 368
684 316
724 352
671 346
744 330
650 323
649 323
690 359
641 354
682 355
683 320
702 370
674 351
653 328
694 329
673 306
714 344
640 358
705 375
706 340
652 369
725 353
698 336
717 349
718 350
719 349
718 314
719 314
720 314
664 343
710 310
683 356
729 323
656 339
675 352
676 317
694 365
667 348
668 313
687 326
660 309
633 355
679 322
707 304
625 351
699 300
644 364
731 369
689 372
668 349
709 350
660 345
728 363
701 346
720 359
680 323
721 324
700 301
712 355
672 319
740 337
713 320
732 333
637 361
678 362
724 329
670 358
703 306
690 336
636 365
669 313
661 309
702 347
721 360
713 356
714 357
715 356
714 321
705 352
733 334
706 317
724 365
652 346
698 313
671 359
717 326
690 372
663 355
664 320
682 368
683 333
674 364
675 329
694 342
667 325
695 307
640 371
686 338
687 303
632 367
679 299
739 350
644 341
731 346
664 356
710 323
677 375
656 352
697 353
676 330
716 366
667 361
668 326
708 362
709 327
660 322
688 304
728 340
633 368
679 335
719 371
680 300
720 336
699 313
666 365
645 342
691 309
743 356
648 347
709 363
701 359
702 324
720 372
693 355
721 337
712 368
639 384
713 333
732 346
659 362
705 329
724 342
651 358
652 323
670 371
671 336
690 349
663 332
636 378
682 345
683 310
628 374
674 341
675 306
694 319
735 357
640 348
727 353
686 315
706 330
747 331
652 359
698 326
739 327
663 368
664 333
704 369
656 329
696 365
675 342
716 343
676 307
667 338
662 372
695 320
668 303
687 316
633 345
632 345
631 346
679 312
719 348
644 354
731 359
697 366
743 333
689 362
708 375
709 340
728 353
655 369
701 336
702 301
647 365
720 349
693 332
672 309
639 361
740 327
712 345
713 310
658 374
732 323
659 339
705 306
678 352
629 347
671 313
690 326
636 355
723 360
682 322
628 351
702 337
674 318
693 368
735 334
714 311
659 375
705 342
706 307
651 371
725 320
692 372
652 336
698 303
671 349
717 316
718 317
719 316
663 345
664 310
683 323
674 354
675 319
715 355
694 332
667 315
640 361
727 366
686 328
632 357
685 369
731 336
677 365
697 343
643 372
716 356
689 339
708 352
668 316
635 368
709 317
660 312
655 346
728 330
701 313
719 361
646 377
720 326
712 322
658 351
678 329
670 325
689 375
690 303
722 372
701 349
702 314
647 378
693 345
721 327
734 346
639 374
713 323
659 352
705 319
678 365
724 332
651 348
670 361
711 362
636 368
683 300
694 309
735 347
727 343
686 305
738 352
631 375
704 359
656 319
715 368
716 333
634 380
662 362
708 329
687 306
654 358
673 371
679 302
719 338
665 367
731 349
689 352
730 353
635 381
709 330
655 359
720 339
647 355
693 322
666 368
707 369
639 351
712 335
658 364
651 325
670 338
671 303
690 316
636 345
682 312
723 350
674 308
734 359
700 366
706 297
746 333
652 326
738 329
703 371
704 336
683 313
650 365
675 309
715 345
661 374
667 305
686 318
727 356
653 370
632 347
719 315
739 330
731 326
696 368
643 362
716 346
689 329
662 375
708 342
635 358
709 307
654 371
655 336
701 303
719 351
646 367
720 316
721 317
712 312
659 306
678 319
624 348
670 315
730 366
722 362
723 327
702 304
693 335
734 336
639 364
713 313
705 309
691 374
651 338
711 352
671 316
663 312
703 348
682 325
649 377
723 363
628 354
674 321
715 322
735 337
727 333
692 375
685 336
631 365
704 349
656 309
697 310
715 358
642 374
716 323
643 339
689 306
634 370
708 319
654 348
673 361
719 328
646 344
658 318
718 369
710 365
643 375
730 343
635 371
676 372
709 320
722 339
655 349
741 352
701 316
647 345
707 359
712 325
658 354
659 319
670 328
711 329
690 306
682 302
723 340
742 353
674 298
734 349
672 374
638 381
711 365
685 313
703 361
704 326
650 355
669 368
715 335
642 351
661 364
662 329
634 347
653 360
654 325
673 338
706 372
726 350
718 346
643 352
729 355
689 319
634 383
635 348
708 332
654 361
695 362
655 326
741 329
646 357
707 336
658 331
678 309
670 305
730 356
722 352
742 330
734 326
707 372
681 320
699 368
651 328
692 329
638 358
711 342
684 325
657 371
703 338
704 303
649 367
650 332
674 311
641 363
715 312
735 327
727 323
653 337
673 315
714 353
738 332
685 326
725 362
631 355
704 339
717 358
650 368
737 336
697 300
642 364
716 313
634 360
708 309
653 373
654 338
694 374
719 318
666 312
726 363
658 308
718 359
710 355
729 368
730 333
722 329
695 375
693 302
688 336
707 349
659 309
700 310
645 374
670 318
637 370
711 319
703 315
723 330
649 344
721 369
672 364
713 365
733 343
638 371
685 303
703 351
704 316
677 299
677 298
677 297
677 296
676 297
650 345
736 348
641 376
715 325
642 341
653 350
714 366
706 362
726 340
717 371
718 336
664 365
737 349
710 332
643 342
656 361
689 309
729 345
675 374
667 370
695 352
646 347
633 377
707 326
658 321
678 299
645 351
710 368
730 346
676 375
722 342
648 356
668 371
709 372
660 367
681 310
626 374
732 355
692 319
637 383
711 332
638 348
684 315
657 361
703 328
649 357
669 335
641 353
702 369
653 327
673 305
714 343
705 374
733 356
706 339
725 352
685 316
652 368
717 348
677 312
745 330
642 354
729 322
634 350
708 299
654 328
694 364
706 375
698 371
726 353
718 349
644 363
710 345
729 358
656 374
730 323
722 319
695 365
741 332
728 362
688 326
707 339
680 322
626 351
672 318
700 300
645 364
691 331
637 360
711 309
629 356
703 305
648 369
669 312
702 346
661 308
693 377
693 378
694 378
721 359
681 323
713 355
692 332
732 368
705 351
733 333
638 361
724 364
684 328
725 329
630 357
671 358
704 306
690 371
696 302
641 366
674 363
662 309
653 340
673 318
714 356
640 370
706 352
665 314
725 365
726 330
717 361
718 326
710 322
656 351
729 335
675 364
694 377
668 325
688 303
633 367
707 316
680 299
699 312
644 376
645 341
691 308
743 355
648 346
709 362
660 357
701 358
720 371
721 336
681 300
672 331
700 313
712 367
691 344
732 345
692 309
678 374
684 305
724 341
657 351
703 318
670 370
649 347
690 348
669 325
641 343
661 321
702 359
721 372
713 368
714 333
733 346
705 364
706 329
652 358
725 342
698 325
671 371
677 302
717 338
663 367
736 351
664 332
683 345
674 376
675 341
676 306
695 319
667 337
640 383
686 350
687 315
698 361
644 353
731 358
664 368
710 335
656 364
697 365
676 342
667 373
668 338
708 374
687 351
660 334
728 352
688 316
679 347
680 312
720 348
699 325
672 308
645 354
691 321
637 350
657 328
648 359
649 324
669 302
701 371
702 336
721 349
693 367
713 345
714 310
732 358
659 374
733 323
705 341
706 306
651 370
724 354
630 347
671 348
744 332
717 315
690 361
663 344
736 328
682 357
683 322
674 353
653 330
694 331
714 346
640 360
686 327
727 365
632 356
706 342
652 371
698 338
717 351
718 316
664 345
710 312
683 358
656 341
729 325
675 354
676 319
716 355
667 350
668 315
686 363
687 328
660 311
633 357
679 324
707 306
719 360
699 302
644 366
731 371
689 374
709 352
660 347
701 348
702 313
720 361
693 344
721 326
672 321
712 357
639 373
713 322
732 335
659 351
705 318
678 364
724 331
670 360
690 338
636 367
682 334
723 372
661 311
702 349
694 308
713 358
714 323
705 354
706 319
725 332
652 348
698 315
671 361
717 328
663 357
664 322
682 370
683 335
656 318
674 366
675 331
715 367
694 344
667 327
695 309
640 373
686 340
687 305
632 369
679 301
739 352
644 343
731 348
656 354
697 355
716 368
689 351
635 380
708 364
668 328
709 329
728 342
688 306
660 324
655 358
719 373
680 302
720 338
666 367
712 334
645 344
691 311
658 363
678 341
657 318
648 349
690 315
709 365
701 361
702 326
721 339
693 357
712 370
713 335
659 364
705 331
651 360
724 344
652 325
670 373
671 338
690 351
663 334
636 380
682 347
683 312
675 308
694 321
735 359
667 304
640 350
727 355
686 317
632 346
747 333
652 361
698 328
739 329
685 358
731 325
664 335
704 371
710 302
656 331
696 367
716 345
676 309
667 340
662 374
668 305
708 341
654 370
687 318
633 347
679 314
719 350
720 315
644 356
731 361
697 368
743 335
689 364
709 342
655 371
701 338
702 303
720 351
647 367
693 334
740 329
712 347
639 363
713 312
658 376
659 341
732 325
705 308
678 354
651 337
724 321
670 350
671 315
690 328
663 311
636 357
723 362
682 324
628 353
674 320
735 336
714 313
681 365
727 332
706 309
651 373
652 338
692 374
698 305
684 370
717 318
663 347
664 312
704 348
683 325
650 377
656 308
674 356
675 321
715 357
716 322
667 317
640 363
686 330
727 368
632 359
673 360
719 327
685 371
731 338
677 367
697 345
716 358
643 374
689 341
635 370
708 354
709 319
655 348
660 314
728 332
701 315
719 363
720 328
647 344
693 311
712 324
658 353
659 318
670 327
690 305
682 301
723 339
742 352
702 316
693 347
734 348
639 376
713 325
659 354
700 355
705 321
651 350
670 363
671 328
711 364
703 360
663 324
636 370
682 337
683 302
674 333
669 367
715 334
675 298
735 349
694 311
640 340
686 307
727 345
738 354
685 348
704 361
631 377
696 357
656 321
697 322
715 370
676 299
716 335
643 351
689 318
662 364
708 331
655 325
673 373
679 304
719 340
646 356
665 369
666 334
658 330
678 308
689 354
730 355
635 383
709 332
655 361
701 328
742 329
647 357
693 324
666 370
712 337
707 371
639 353
658 366
659 331
699 367
705 298
651 327
670 340
671 305
711 341
690 318
636 347
682 314
723 352
674 310
735 326
681 355
727 322
700 368
746 335
706 299
692 364
652 328
738 331
684 360
685 325
703 373
704 338
650 367
696 334
642 363
715 347
675 311
661 376
662 341
667 307
708 308
653 372
719 317
739 332
685 361
726 362
731 328
677 357
696 370
697 335
643 364
689 331
729 367
635 360
708 344
709 309
654 373
655 338
695 374
728 322
701 305
646 369
720 318
666 347
707 348
712 314
658 343
659 308
678 321
624 350
670 317
730 368
722 364
723 329
702 306
688 371
639 366
680 367
681 332
700 345
705 311
672 363
691 376
651 340
692 341
711 354
671 318
638 370
684 337
703 350
663 314
704 315
641 375
669 357
674 323
715 324
661 353
681 368
727 335
686 297
673 327
692 377
684 373
685 338
704 351
631 367
677 334
696 347
697 312
737 348
642 376
716 325
689 308
634 372
662 354
708 321
654 350
673 363
719 330
646 346
665 359
666 324
658 320
718 371
678 298
710 367
730 345
635 373
676 374
722 341
741 354
701 318
668 370
647 347
688 348
693 314
707 361
639 343
699 357
659 321
691 353
670 330
637 382
711 331
690 308
657 360
703 327
682 304
723 342
669 334
674 300
734 351
700 358
692 354
733 355
638 383
684 350
685 315
703 363
704 328
677 311
650 357
696 324
669 370
715 337
642 353
661 366
634 349
662 331
708 298
653 362
654 327
673 340
665 336
706 374
698 370
726 352
677 347
718 348
697 325
710 344
643 354
729 357
689 321
730 322
635 350
709 299
676 351
695 364
655 328
741 331
646 359
687 360
666 337
712 304
707 338
658 333
699 334
678 311
670 307
730 358
722 354
742 332
688 361
734 328
680 357
681 322
699 370
700 335
672 353
691 366
692 331
638 360
711 344
684 327
657 373
630 356
703 340
704 305
649 369
696 301
641 365
669 347
715 314
661 343
662 308
653 339
727 325
714 355
673 317
706 351
665 313
685 328
725 364
726 329
631 357
677 324
717 360
696 337
697 302
642 366
683 367
716 315
729 334
634 362
662 344
708 311
653 375
654 340
694 376
695 341
686 372
719 320
665 349
666 314
726 365
658 310
718 361
710 357
729 370
730 335
676 364
722 331
695 377
668 360
687 373
660 356
688 338
679 369
707 351
680 334
699 347
672 330
700 312
645 376
691 343
692 308
637 372
711 321
657 350
703 317
649 346
723 332
641 342
702 358
661 320
681 335
721 371
672 366
713 367
692 344
705 363
733 345
638 373
684 340
685 305
725 341
744 354
704 318
677 301
650 347
696 314
736 350
641 378
715 327
642 343
661 356
662 321
653 352
694 353
673 330
714 368
665 326
706 364
726 342
698 360
717 373
745 355
718 338
664 367
737 351
710 334
729 347
656 363
676 341
667 372
695 354
668 337
687 350
688 315
633 379
679 346
707 328
625 375
658 323
699 324
645 353
691 320
637 349
657 327
722 344
648 358
668 373
709 374
660 369
688 351
701 370
681 312
721 348
700 325
691 356
692 321
732 357
637 385
638 350
711 334
684 317
724 353
657 363
703 330
744 331
649 359
690 360
650 324
669 337
641 355
661 333
702 371
653 329
673 307
714 345
733 358
706 341
725 354
685 318
698 337
631 347
677 314
717 350
745 332
718 315
664 344
737 328
683 357
729 324
634 352
694 366
654 330
695 331
686 362
687 327
633 356
707 305
698 373
644 365
718 351
731 370
710 347
656 376
730 325
722 321
741 334
687 363
660 346
688 328
728 364
707 341
679 359
680 324
720 360
626 353
699 337
672 320
700 302
645 366
691 333
637 362
711 311
657 340
703 307
648 371
669 314
702 348
661 310
681 325
721 361
713 357
714 322
732 370
705 353
733 335
684 330
724 366
725 331
630 359
671 360
717 327
690 373
663 356
696 304
682 369
683 334
662 311
674 365
653 342
694 343
673 320
640 372
714 358
686 339
706 354
665 316
698 350
726 332
717 363
718 328
664 357
710 324
683 370
656 353
729 337
675 366
716 367
695 344
667 362
668 327
686 375
687 340
660 323
688 305
633 369
707 318
719 372
680 301
699 314
644 378
645 343
691 310
648 348
709 364
660 359
701 360
680 337
720 373
681 302
693 356
721 338
712 369
740 351
672 333
713 334
692 311
659 363
732 347
684 307
724 343
629 371
670 372
649 349
690 350
669 327
641 345
636 379
682 346
661 323
702 361
653 319
713 370
714 335
733 348
705 366
706 331
725 344
652 360
698 327
671 373
717 340
736 353
663 369
664 334
710 301
683 347
656 330
675 343
676 308
694 356
695 321
686 352
687 317
633 346
679 313
644 355
731 360
710 337
656 366
697 367
743 334
676 344
689 363
668 340
708 376
709 341
688 318
728 354
660 336
655 370
679 349
680 314
720 350
712 346
672 310
740 328
645 356
658 375
691 323
637 352
678 353
629 348
657 330
703 297
648 361
649 326
669 304
701 373
702 338
693 369
721 351
713 347
744 334
714 312
732 360
705 343
733 325
706 308
651 372
724 356
725 321
698 304
671 350
717 317
690 363
663 346
736 330
682 359
683 324
674 355
675 320
694 333
640 362
686 329
727 367
706 344
632 358
652 373
698 340
685 370
718 318
664 347
676 298
710 314
656 343
675 356
716 357
676 321
667 352
668 317
708 353
687 330
660 313
728 331
633 359
719 362
707 308
679 326
699 304
644 368
657 307
689 376
709 354
728 367
701 350
702 315
720 363
693 346
721 328
712 359
639 375
713 324
732 337
659 353
705 320
678 366
651 349
684 297
724 333
670 362
671 327
690 340
636 369
682 336
683 301
702 351
674 332
694 310
735 348
714 325
686 306
705 356
706 321
652 350
698 317
738 353
671 363
717 330
663 359
664 324
704 360
683 337
656 320
674 368
675 333
715 369
694 346
667 329
695 311
640 375
686 342
687 307
632 371
673 372
679 303
739 354
644 345
731 350
697 357
716 370
689 353
635 382
708 366
709 331
660 326
728 344
655 360
701 327
719 375
680 304
720 340
666 369
712 336
672 300
658 365
678 343
670 339
690 317
636 346
682 313
701 363
702 328
693 359
713 337
659 366
705 333
700 367
706 298
724 346
651 362
670 375
671 340
690 353
703 372
663 336
636 382
682 349
683 314
674 345
675 310
694 323
667 306
640 352
686 319
727 357
632 348
739 331
685 360
731 327
704 373
710 304
677 356
696 369
656 333
697 334
676 311
716 347
654 372
662 376
667 342
708 343
668 307
709 308
728 321
633 349
646 368
679 316
719 352
720 317
666 346
712 313
731 363
697 370
689 366
730 367
709 344
655 373
701 340
702 305
720 353
647 369
721 318
693 336
639 365
712 349
713 314
732 327
659 343
705 310
678 356
651 339
671 317
690 330
663 313
636 359
682 326
