416 435
416 434
417 434
418 435
419 435
420 435
419 434
418 436
417 437
419 437
415 436
414 435
413 436
415 433
414 432
416 432
417 431
413 433
418 432
419 431
416 438
415 439
414 438
413 439
412 438
411 439
410 440
409 439
420 438
417 430
416 429
417 428
415 430
417 439
413 435
415 432
414 434
416 431
416 440
415 441
414 441
413 442
412 443
411 442
411 444
410 445
409 444
413 444
414 443
420 431
411 437
412 436
411 435
417 432
411 446
412 445
417 441
410 438
409 437
413 437
415 434
414 436
416 433
410 447
413 446
414 445
416 442
420 433
411 448
412 447
414 429
413 428
414 427
413 426
412 429
411 428
411 430
410 431
409 430
408 430
407 430
406 429
405 429
407 428
406 427
407 426
408 425
409 424
408 427
409 426
409 428
413 430
415 427
408 443
409 442
407 444
416 426
415 425
416 424
415 423
416 422
416 421
415 421
417 421
418 420
418 422
417 423
419 420
417 425
419 422
414 420
413 419
413 421
405 426
404 425
403 424
405 424
403 426
402 427
406 424
407 423
406 422
405 422
407 421
406 420
407 419
406 418
407 417
408 416
409 415
408 418
410 415
409 417
408 420
410 417
409 419
401 426
400 425
408 422
409 422
410 422
411 421
409 421
400 427
399 427
398 427
397 427
405 417
413 448
409 414
417 427
409 423
409 432
409 433
406 417
419 436
408 436
408 445
420 419
421 420
401 424
420 437
412 433
404 429
412 442
413 425
412 424
405 421
413 434
416 430
405 430
405 431
397 426
416 439
415 443
416 444
409 418
408 431
408 440
420 423
420 424
421 425
412 419
420 432
401 428
401 429
412 428
404 424
412 437
412 446
413 420
405 416
404 415
405 425
416 425
415 438
409 413
407 443
408 417
408 426
408 435
408 444
420 418
419 417
401 423
400 422
412 423
420 436
412 432
404 428
412 441
411 445
416 420
405 420
404 419
397 425
415 424
407 429
415 442
408 412
419 421
408 421
419 430
400 426
419 439
419 440
420 441
420 442
408 439
407 438
420 422
412 418
413 417
413 416
413 415
412 414
404 414
412 427
401 427
414 446
415 447
404 423
404 432
404 433
404 434
405 435
406 436
411 431
411 440
411 449
415 419
415 428
396 424
407 424
415 437
415 446
407 442
419 416
418 415
417 414
417 413
416 412
416 411
419 425
419 426
420 427
420 428
400 421
408 434
407 433
400 430
400 431
401 432
401 433
420 417
421 416
412 413
413 412
414 413
413 411
412 410
412 409
404 418
411 426
403 431
415 414
396 428
396 429
397 430
397 431
398 432
407 437
407 446
407 447
407 448
408 449
408 450
409 451
408 448
407 451
407 452
408 453
408 454
408 455
407 456
407 457
408 458
408 459
407 460
407 461
407 462
408 463
408 464
407 465
407 466
407 467
408 468
408 467
406 464
405 463
410 452
411 453
412 452
413 453
412 451
411 454
408 411
409 410
410 410
409 409
407 410
406 409
405 408
406 408
405 407
405 406
404 405
404 409
404 410
405 411
405 412
406 413
409 465
410 466
411 467
411 468
419 429
406 459
405 458
404 457
404 456
403 455
403 454
403 458
403 459
402 457
401 456
400 455
400 454
406 468
412 408
413 407
413 406
412 405
412 404
404 404
403 403
402 402
402 401
405 403
406 404
406 403
405 402
404 401
401 400
404 400
405 401
406 400
406 399
405 398
406 398
405 397
404 396
401 399
400 398
399 397
399 396
398 395
397 394
398 394
397 393
404 395
403 394
402 393
402 392
401 391
401 390
400 389
399 388
399 387
398 386
398 385
398 389
398 390
398 391
399 392
399 391
397 389
397 384
398 384
399 383
399 382
398 381
398 380
399 379
399 378
399 377
398 376
397 375
398 375
399 374
400 375
399 373
398 372
398 371
397 370
397 379
397 388
397 432
396 433
398 370
404 413
411 412
397 374
396 373
395 372
395 371
394 373
394 374
395 375
395 376
399 456
399 457
400 458
400 459
400 460
401 461
402 462
403 463
403 464
404 465
404 466
399 461
399 462
400 463
400 464
401 465
402 466
402 467
403 468
403 469
404 470
403 467
398 455
397 454
414 454
414 455
415 456
415 457
416 458
415 455
403 417
397 383
396 382
395 381
395 380
394 379
394 378
394 382
394 383
393 382
393 377
392 376
392 375
391 374
391 373
390 372
390 371
391 370
392 371
391 369
392 370
391 368
392 367
390 367
410 465
411 464
412 465
411 463
411 462
412 461
412 460
411 459
410 458
410 457
411 458
410 461
410 456
399 465
399 466
398 464
397 463
396 462
396 461
395 460
395 459
395 463
395 464
396 465
396 466
396 467
397 468
395 468
395 469
396 470
396 471
398 469
399 470
400 469
401 470
400 468
399 471
400 472
400 473
402 471
395 472
395 473
395 474
402 461
397 392
399 474
398 473
402 470
403 435
403 436
404 437
404 438
405 439
405 440
394 377
407 405
403 453
404 452
404 451
403 450
403 449
404 448
405 449
404 447
402 448
401 447
401 446
400 445
402 435
400 444
401 443
401 442
400 441
399 441
398 441
397 440
400 440
400 439
401 438
401 437
400 436
400 435
399 443
399 438
402 443
402 452
401 452
401 451
400 450
400 449
403 444
404 443
405 444
404 442
403 445
415 418
416 417
417 418
416 416
407 414
395 458
396 457
396 456
396 423
397 422
398 423
398 422
397 421
395 422
394 421
393 420
392 419
391 420
390 419
390 418
394 420
393 419
389 417
393 418
394 417
394 416
393 415
394 415
393 414
389 416
388 415
387 414
387 413
387 412
386 412
386 411
385 410
384 411
383 412
383 411
382 410
382 409
381 408
386 415
385 415
386 416
386 417
387 418
385 414
382 413
382 414
381 412
380 411
379 410
379 409
378 408
378 407
378 411
378 412
379 413
379 414
385 409
385 418
384 419
385 419
386 420
386 421
393 413
392 417
385 408
388 419
407 432
394 462
400 393
377 409
389 420
422 417
401 394
398 468
399 433
404 399
410 442
411 407
402 438
381 415
414 449
411 443
403 439
415 413
407 409
417 459
418 424
409 455
421 429
394 475
393 367
406 449
418 460
419 459
420 460
410 419
422 430
423 429
424 430
414 426
399 446
398 445
397 373
410 455
411 420
402 451
403 416
396 377
413 466
413 467
405 462
397 458
397 459
417 436
400 383
406 426
418 437
409 468
421 442
393 380
406 462
380 410
398 458
399 423
391 419
410 432
383 415
383 416
402 428
403 393
414 439
401 469
413 443
392 420
384 416
416 448
416 449
395 425
396 390
395 390
395 389
407 399
397 471
417 449
418 414
409 445
421 419
394 465
393 466
393 465
406 439
410 409
422 420
423 419
424 420
414 416
420 459
399 436
398 435
397 436
412 455
412 456
411 410
402 441
403 406
402 406
402 405
401 404
400 403
413 456
405 452
425 430
417 426
400 373
406 416
418 427
409 458
421 432
408 462
392 374
402 418
395 379
401 459
412 468
404 464
396 380
394 419
405 465
397 461
409 435
387 416
379 412
398 425
399 390
390 421
402 395
402 396
414 406
400 471
401 436
380 413
413 410
404 441
383 418
424 419
425 418
424 417
403 396
416 415
405 442
425 420
417 416
409 412
406 406
408 452
400 448
419 461
420 426
399 403
398 403
397 403
398 402
399 401
398 400
399 400
412 422
423 431
423 432
401 449
420 462
421 462
422 463
423 464
423 465
424 465
412 458
413 423
404 454
405 419
424 432
416 428
398 379
409 425
396 455
407 464
408 429
419 438
399 380
391 376
408 465
400 461
420 439
393 422
393 423
412 435
404 431
405 396
395 382
382 412
385 417
405 432
397 428
403 471
395 467
415 445
394 422
386 418
378 414
406 396
398 392
396 468
408 442
400 438
401 403
420 416
412 412
404 408
423 421
423 422
422 462
401 439
413 413
404 444
405 409
424 422
416 418
411 452
415 458
414 459
407 454
408 419
419 428
420 429
393 412
412 425
404 421
397 382
410 464
394 376
385 407
386 406
385 405
384 406
383 406
383 405
386 405
387 404
386 403
387 403
387 406
411 465
403 461
395 457
396 422
415 435
407 431
386 408
398 382
396 458
389 419
408 432
400 428
401 393
419 441
404 398
381 414
414 448
413 403
414 404
414 403
415 403
416 403
417 404
417 403
418 402
418 404
416 405
416 406
417 406
419 405
420 404
419 406
420 406
421 407
422 408
423 409
424 410
422 407
421 409
424 409
425 408
424 407
425 407
425 410
426 410
427 410
427 409
412 402
413 401
412 400
413 400
423 411
399 468
405 399
397 395
403 438
382 415
395 434
395 435
415 412
394 389
393 390
393 389
385 420
392 465
391 465
395 470
396 435
415 448
408 409
400 405
400 406
419 418
418 459
421 464
421 465
422 429
401 406
412 415
404 411
399 445
397 372
410 454
411 419
402 450
422 465
411 455
403 451
390 368
409 467
421 441
422 440
401 383
402 383
403 383
393 379
406 461
398 457
422 442
423 442
424 442
425 441
425 440
399 458
397 385
410 467
411 432
384 415
402 463
403 428
395 424
415 402
407 398
408 397
417 448
418 447
396 425
388 421
407 434
408 399
409 400
410 399
411 398
410 397
411 397
394 464
400 395
406 438
418 449
419 449
420 449
377 411
376 412
422 419
414 415
398 470
399 435
390 466
410 444
411 409
402 440
403 405
413 455
424 464
425 463
424 462
403 441
416 460
416 461
396 402
395 402
415 415
407 411
400 372
425 465
426 466
427 465
417 461
418 426
409 457
421 431
401 373
402 373
402 372
403 373
393 369
406 451
398 447
397 448
398 448
410 421
402 417
401 416
400 416
400 415
401 414
422 432
414 428
399 448
412 467
411 422
384 405
402 453
403 418
395 414
396 413
397 413
398 413
395 412
398 412
399 413
396 412
399 412
396 379
413 468
414 469
415 468
405 464
425 442
426 443
427 443
427 442
397 460
417 438
409 434
388 411
406 428
398 424
418 439
422 409
414 405
380 412
398 460
399 425
391 421
410 434
383 417
411 399
402 430
403 395
395 391
395 392
401 471
393 467
393 468
413 445
405 441
384 418
425 419
416 450
416 451
395 427
396 392
407 401
397 473
417 451
418 416
409 447
421 421
394 467
427 464
427 463
406 441
398 437
397 438
399 402
410 411
402 407
402 408
403 372
414 418
401 448
420 461
412 457
404 453
423 466
423 467
424 431
403 408
396 369
395 369
413 458
405 454
424 467
425 432
426 433
427 432
387 405
398 414
397 415
397 416
398 415
402 384
402 385
399 415
383 407
423 443
423 444
403 385
404 386
405 387
405 386
404 388
424 444
425 409
417 405
409 401
409 402
406 395
406 394
406 393
418 406
419 450
419 451
410 401
402 397
420 451
421 452
422 453
423 452
424 453
424 452
425 453
423 454
424 455
422 452
425 452
421 454
424 454
425 455
426 456
426 455
427 455
428 455
429 456
428 457
428 458
429 458
430 459
431 458
431 457
431 456
432 456
432 458
433 459
434 460
435 461
435 462
436 462
434 459
433 461
436 461
437 460
436 459
437 459
437 462
438 463
438 462
439 461
439 463
440 464
441 463
440 465
441 465
442 466
443 467
443 466
442 468
444 465
445 466
446 467
446 466
445 468
439 462
442 467
443 468
435 463
446 468
447 469
448 469
449 469
450 470
450 469
451 470
449 471
449 472
450 472
452 471
453 470
452 472
453 472
448 468
451 469
450 471
451 472
453 471
438 464
438 465
430 460
430 461
449 473
449 474
427 454
427 453
427 452
439 465
450 474
431 460
392 389
391 389
390 388
391 387
390 386
389 387
388 387
388 386
391 386
392 385
391 384
392 384
392 387
389 386
392 386
388 388
391 388
423 456
424 421
426 467
426 468
425 422
426 423
426 422
427 422
428 423
429 423
428 424
428 425
429 425
430 426
431 425
432 424
431 423
432 423
432 425
433 426
434 427
435 426
436 427
436 426
437 427
435 428
435 429
436 429
434 426
437 426
433 428
434 429
436 428
437 429
438 430
438 429
439 428
439 430
440 431
441 430
440 432
441 432
442 433
443 434
443 433
442 435
444 432
443 431
444 431
445 433
446 434
444 430
446 433
445 435
445 436
446 436
447 437
447 436
448 436
449 436
450 437
451 437
449 438
449 439
450 439
452 438
453 437
452 439
453 439
454 440
455 441
455 440
454 442
456 439
457 440
458 441
458 440
457 442
457 443
458 443
459 443
460 444
461 445
462 444
461 446
463 444
462 446
460 443
459 445
459 446
448 435
460 446
462 445
463 446
464 447
465 446
455 442
447 438
447 439
448 438
458 442
450 438
461 447
461 448
451 439
443 435
462 448
435 430
394 434
393 433
394 432
393 435
392 432
391 432
390 432
390 431
389 430
388 429
389 429
388 431
388 432
389 432
391 431
392 430
391 429
392 429
394 431
394 430
387 428
387 427
386 426
387 426
386 428
385 428
384 428
383 428
383 427
384 426
390 433
391 434
393 434
385 429
385 430
386 430
398 404
397 405
402 374
402 375
427 467
428 468
429 468
430 469
431 469
431 468
432 469
433 469
434 470
435 471
436 472
434 469
433 471
433 472
434 472
436 471
437 470
437 472
438 473
439 474
440 475
439 473
438 475
441 475
432 468
435 473
435 474
436 474
438 474
439 475
431 470
430 471
434 471
401 415
419 463
423 433
423 434
403 375
404 376
405 376
424 434
397 417
397 418
394 411
393 410
394 410
394 409
392 409
391 409
390 409
390 408
389 407
388 408
388 409
389 409
390 410
390 411
391 411
386 407
406 385
405 384
406 384
407 386
408 387
406 383
408 386
407 388
407 389
408 389
409 390
409 389
410 389
410 388
410 387
410 386
411 387
411 386
411 389
412 390
413 390
409 391
409 392
390 377
390 378
415 470
416 471
416 472
417 472
414 471
417 471
418 470
417 469
419 471
419 472
420 472
418 469
418 472
420 471
416 473
419 473
420 474
421 474
422 473
423 474
424 475
422 475
425 475
423 476
422 474
387 408
427 444
428 445
428 446
429 446
426 445
426 446
429 445
428 447
428 448
429 448
430 449
430 448
431 448
431 447
431 446
431 445
432 446
432 445
432 448
433 449
433 448
434 447
434 449
435 450
436 449
437 450
438 450
439 451
440 452
441 453
439 450
435 451
438 452
438 453
439 453
441 452
437 449
440 454
440 455
441 455
442 456
442 455
443 456
443 455
444 455
445 456
446 456
436 451
439 452
442 457
442 458
443 458
445 457
445 458
446 458
447 459
448 458
449 459
450 460
450 459
451 460
452 459
453 460
453 459
449 461
452 461
452 462
453 462
454 462
455 463
455 462
456 462
457 463
458 463
451 459
454 464
454 465
455 465
457 464
457 465
458 465
459 466
460 467
461 468
462 469
460 466
459 468
462 468
463 467
462 466
463 466
463 469
464 470
464 469
465 469
466 469
467 470
466 471
466 472
467 472
468 473
469 472
469 471
470 470
470 472
465 468
465 467
465 466
450 461
461 470
451 462
464 471
464 472
453 461
465 471
438 454
430 450
430 451
420 405
391 378
410 391
423 410
441 464
393 424
393 425
452 473
452 474
413 402
424 411
416 407
416 408
434 461
394 388
394 387
394 386
453 474
454 475
455 475
426 457
426 458
446 435
392 464
392 463
465 448
466 449
467 450
468 450
469 450
469 449
470 448
469 447
470 447
470 450
471 450
472 451
473 452
473 453
474 453
471 452
471 453
472 453
464 449
474 452
467 449
470 449
473 454
473 455
474 455
475 456
476 456
466 451
477 455
476 454
478 456
479 457
477 453
479 456
478 458
469 451
468 452
468 453
470 452
472 452
475 457
475 458
476 458
468 454
438 431
438 432
457 444
417 408
430 427
430 428
449 440
449 441
375 411
374 411
374 410
374 409
374 408
375 407
375 409
373 408
372 407
373 406
371 408
371 409
372 409
373 405
372 408
371 410
371 411
372 411
427 421
427 420
427 419
387 385
386 385
385 385
385 384
386 383
387 383
384 385
383 385
383 384
386 384
439 432
390 390
450 441
437 471
389 431
440 476
401 405
431 427
423 423
422 464
414 460
414 461
433 473
426 434
426 435
382 427
381 427
381 426
381 425
381 424
382 423
381 422
380 423
379 423
378 422
377 422
376 422
379 422
378 424
378 425
379 425
382 425
377 421
380 422
379 424
380 425
382 424
375 421
375 420
374 419
375 419
374 421
373 418
372 419
378 426
434 474
394 401
393 400
394 399
393 402
392 399
391 399
390 399
390 398
391 397
390 396
389 397
388 396
391 396
392 397
387 396
386 395
387 394
386 393
385 395
384 394
383 393
384 393
387 393
383 395
389 396
382 392
388 398
388 399
389 399
391 398
383 394
384 395
394 398
394 397
387 395
390 400
390 401
391 401
393 401
385 396
385 397
386 397
467 471
406 375
405 374
407 376
408 377
409 377
410 377
410 376
411 375
410 374
411 374
411 377
412 377
413 378
406 373
412 379
412 380
413 380
414 381
415 380
415 379
408 376
414 382
414 383
411 376
415 382
416 383
417 383
418 382
417 381
419 383
420 384
421 384
422 385
423 386
424 387
422 384
418 381
421 386
421 387
422 387
424 386
425 385
425 387
420 383
423 388
423 389
424 389
419 385
422 386
407 378
425 386
418 383
421 388
421 389
410 378
409 379
409 380
422 389
411 379
413 379
424 388
416 384
416 385
425 389
426 390
426 389
427 389
428 390
429 390
428 391
428 392
429 392
430 393
431 392
432 391
431 390
432 390
432 392
433 393
433 394
434 394
435 393
436 394
436 393
437 392
437 394
435 395
435 396
436 396
434 393
437 393
433 395
433 396
434 396
436 395
437 396
438 397
439 397
440 397
441 398
441 397
440 399
440 398
441 399
442 400
443 401
443 400
444 400
445 400
446 401
446 400
442 402
445 402
445 403
446 403
447 404
447 403
448 403
448 402
448 401
448 400
447 405
447 406
444 399
443 398
444 398
444 397
445 396
444 395
448 405
449 406
449 405
450 404
451 404
450 406
450 405
451 406
452 406
453 406
454 407
455 408
455 407
456 407
457 407
458 408
458 407
454 409
455 410
457 409
457 410
458 410
459 411
459 410
460 411
461 412
462 411
463 412
461 413
463 411
462 413
459 412
459 413
456 406
455 405
456 405
456 404
460 413
462 412
463 413
464 414
465 413
466 414
467 415
467 414
466 416
466 417
467 417
468 417
469 417
469 416
470 415
469 414
470 414
470 417
471 418
472 418
473 419
474 418
473 420
474 420
471 419
471 420
472 420
467 416
470 416
473 421
455 409
466 418
466 419
458 409
469 418
468 419
468 420
469 419
461 414
461 415
470 419
443 402
462 415
454 411
435 397
417 385
436 398
409 381
396 447
396 446
395 445
396 445
395 447
394 444
393 443
394 442
393 445
392 442
391 442
390 441
389 440
388 439
387 439
386 439
385 438
384 439
383 438
386 438
385 440
388 441
388 442
389 442
391 441
392 440
384 438
387 438
390 443
390 444
391 444
383 440
386 440
387 441
389 441
382 437
381 437
381 436
381 435
382 435
380 435
379 435
378 435
378 434
377 434
376 435
376 434
379 434
380 433
378 436
378 437
379 437
415 460
456 461
456 460
388 443
388 444
389 408
427 434
428 435
429 435
430 436
431 436
431 435
432 434
431 433
432 433
432 436
433 436
434 437
435 438
435 439
436 439
434 436
433 438
433 439
434 439
436 438
437 437
437 439
438 440
439 441
440 442
441 443
442 443
443 444
443 443
444 443
445 443
446 444
439 440
442 445
442 446
443 446
445 445
445 446
446 446
438 442
441 442
444 442
440 444
443 445
432 435
435 440
435 441
444 445
436 441
446 445
439 442
442 447
431 437
430 438
430 439
434 438
445 447
445 448
446 448
447 449
447 448
448 448
449 449
450 449
451 448
450 447
452 449
453 450
451 447
453 449
452 451
451 449
449 450
449 451
450 451
453 451
454 452
454 453
455 453
455 452
456 452
457 453
457 452
458 451
458 453
458 452
454 454
455 455
457 454
457 455
458 455
459 456
459 455
460 454
460 456
461 456
462 456
463 457
464 457
465 457
465 456
463 456
461 457
461 458
462 458
465 458
466 459
467 460
464 459
464 460
467 459
466 461
466 462
467 462
468 463
468 462
469 462
469 461
469 460
469 459
469 458
470 460
470 459
470 462
471 463
472 463
468 464
468 465
469 464
471 464
471 465
472 465
464 461
430 440
400 417
400 418
460 468
412 391
412 392
418 471
377 433
376 432
377 432
375 432
374 432
374 431
375 430
374 429
373 429
372 429
375 429
377 431
373 428
375 431
374 433
389 444
422 441
441 454
401 418
433 450
433 451
452 463
413 392
414 393
414 394
415 392
416 393
417 394
417 393
418 392
417 391
419 393
420 394
418 391
418 394
420 393
416 395
417 396
419 395
419 396
420 396
421 397
421 396
422 397
423 398
424 397
423 399
425 397
424 399
418 393
421 398
421 399
422 399
414 395
424 398
425 399
426 400
427 399
428 400
429 401
429 400
428 402
428 403
429 403
430 403
431 403
431 402
432 401
431 400
432 400
432 403
429 402
432 402
417 395
428 404
418 396
420 395
431 404
430 405
430 406
423 400
423 401
432 405
433 406
433 405
434 404
435 405
436 404
437 405
435 406
437 404
436 406
434 406
436 405
437 406
438 407
439 408
440 409
440 410
441 410
442 410
443 411
443 410
444 410
439 407
442 412
442 413
443 413
438 409
441 409
444 409
444 408
444 407
440 411
443 412
435 407
435 408
444 412
445 413
445 412
446 411
446 413
447 414
448 413
448 415
449 416
447 416
450 416
451 415
450 414
452 416
453 417
454 417
455 418
455 417
456 417
451 414
454 419
454 420
455 420
451 417
453 416
456 416
452 418
455 419
456 419
457 420
457 419
458 418
458 420
458 419
451 416
454 421
454 422
455 422
436 408
446 412
457 421
457 422
449 417
449 418
439 409
458 422
459 423
460 423
461 423
462 424
462 423
463 422
462 421
463 421
463 424
464 424
465 424
466 424
465 423
463 423
461 424
450 418
442 414
442 415
443 415
405 388
424 401
416 397
382 404
381 404
381 403
381 402
380 401
379 400
380 400
378 401
378 402
379 402
382 402
377 401
376 402
376 401
379 401
380 402
378 403
378 404
379 404
434 451
426 447
375 401
374 401
374 400
374 399
374 398
375 399
375 398
388 420
408 398
427 411
428 412
429 411
428 413
429 413
426 412
426 413
429 412
428 414
428 415
429 415
430 416
430 415
431 415
431 414
431 413
431 412
432 411
432 413
432 412
432 415
433 416
434 416
435 416
436 417
436 416
437 415
437 414
396 378
437 417
438 417
439 418
440 419
440 420
441 420
439 417
435 418
438 419
438 420
439 420
441 419
437 416
440 421
440 422
441 422
442 423
442 422
443 421
444 420
443 423
444 422
445 423
446 424
446 423
445 425
436 418
439 419
442 424
442 425
443 425
445 424
446 425
447 426
447 427
448 425
448 424
449 426
450 427
448 423
450 426
451 425
450 424
452 426
453 427
451 424
451 427
453 426
449 428
449 429
450 429
452 428
452 429
453 429
454 430
455 430
456 429
457 430
458 431
458 430
457 432
451 426
454 431
454 432
455 432
447 428
458 432
459 433
459 434
460 434
461 433
462 434
462 433
463 434
461 435
461 436
462 436
460 433
463 433
459 435
460 436
462 435
463 436
464 437
450 428
461 437
451 429
464 438
464 439
453 428
465 438
466 439
466 438
467 439
468 440
469 441
468 442
438 421
438 422
430 417
430 418
449 430
378 406
419 407
419 408
460 445
479 458
480 459
480 460
481 458
481 457
481 456
482 457
482 456
439 422
471 454
471 455
472 419
377 410
437 461
456 474
457 473
458 474
455 473
458 473
456 472
389 421
429 457
448 470
447 471
447 472
440 466
440 467
401 395
441 431
420 408
393 391
393 392
452 440
452 441
472 455
431 417
381 416
422 454
468 421
441 467
414 450
414 451
434 428
453 441
426 424
426 425
385 386
385 387
445 437
446 402
391 466
465 415
464 416
392 431
438 398
438 399
457 411
384 427
403 440
449 407
449 408
395 436
395 437
394 391
467 461
386 387
427 388
427 387
373 417
373 416
459 457
459 458
439 399
425 464
458 412
450 408
396 437
436 473
437 438
388 433
428 469
428 470
456 451
455 450
456 450
456 449
456 448
456 447
389 398
448 447
448 446
448 445
427 424
400 407
440 443
401 372
460 458
420 385
412 381
412 382
431 394
430 395
404 377
404 378
418 461
377 423
376 424
423 390
437 474
429 470
421 466
422 431
401 408
441 444
433 440
433 441
434 405
453 418
413 382
380 434
399 447
445 414
445 415
405 378
391 443
383 439
463 468
382 394
455 464
434 441
394 368
395 367
466 473
466 474
446 415
392 444
384 440
430 407
444 454
444 453
444 452
376 436
376 437
376 438
396 414
436 450
456 428
456 427
388 410
408 388
427 401
426 402
400 384
400 385
373 430
372 431
371 431
370 430
369 430
369 429
369 428
370 428
368 428
460 435
419 397
417 473
377 400
377 399
377 398
418 438
409 469
409 470
437 451
456 464
429 447
389 411
448 460
447 461
421 443
421 444
440 456
400 420
401 385
441 421
393 381
433 417
433 418
406 463
452 430
452 431
398 459
399 424
410 433
451 471
402 429
422 444
463 445
454 476
454 477
414 440
474 454
434 418
453 431
466 450
426 414
399 460
392 421
432 457
411 434
384 417
402 465
403 430
376 413
376 414
395 426
396 391
415 404
447 473
407 400
467 451
459 447
459 448
373 407
460 412
397 472
425 454
471 421
471 422
444 467
417 450
396 427
436 463
437 428
409 446
456 441
428 459
428 460
428 461
389 388
429 424
408 401
448 437
394 466
400 397
440 433
440 434
460 448
406 440
452 407
452 408
398 436
377 413
418 451
429 460
470 461
422 421
462 457
441 434
414 417
433 430
434 395
380 424
453 408
398 472
426 391
426 392
399 437
372 420
372 421
445 404
391 433
392 398
410 446
411 411
383 429
383 430
402 442
403 407
463 458
395 403
395 404
455 454
415 381
447 450
447 451
407 377
466 463
413 457
459 424
459 425
392 434
432 470
405 453
384 430
424 466
425 431
444 444
416 462
416 463
416 464
435 475
396 404
436 440
415 417
428 436
428 437
456 418
388 400
407 413
408 378
448 414
394 443
427 391
400 374
373 420
425 467
417 463
418 428
458 464
437 441
409 459
429 437
448 450
421 433
461 469
422 398
401 375
441 411
387 440
393 371
433 407
433 408
406 453
379 436
398 449
399 414
371 432
390 445
390 446
391 410
451 461
410 423
411 388
402 419
402 420
443 457
403 384
422 434
462 470
463 435
414 430
454 466
454 467
455 431
434 408
401 460
380 437
420 473
466 440
466 441
372 433
412 469
412 470
391 446
392 411
432 447
411 424
424 443
384 407
403 420
376 403
376 404
444 421
395 416
435 452
435 453
396 381
455 467
415 394
407 390
467 441
413 470
459 437
405 466
397 462
425 444
444 457
417 440
418 405
436 453
409 436
477 454
437 418
388 413
428 449
456 431
429 414
448 427
421 410
421 411
420 412
440 423
400 387
387 417
406 430
439 464
398 426
418 441
390 422
390 423
450 473
451 438
410 400
442 469
442 470
470 451
422 411
462 447
441 424
414 407
454 443
454 444
453 445
473 456
473 457
474 421
380 414
420 450
445 394
372 410
431 459
391 423
392 388
410 436
451 474
423 455
411 401
383 419
384 384
443 470
444 471
445 470
402 432
403 397
463 448
395 393
395 394
455 444
474 457
447 440
393 469
393 470
467 418
413 447
459 414
459 415
458 416
432 460
405 443
424 456
384 420
383 421
397 439
425 421
444 434
416 452
416 453
417 417
396 394
436 430
437 395
456 408
428 426
428 427
427 428
426 427
429 391
448 404
394 433
440 400
440 401
386 429
460 415
406 407
438 476
417 453
418 418
430 472
430 473
458 454
409 449
437 431
436 432
450 450
469 463
429 427
461 459
461 460
421 423
422 388
441 401
414 384
414 385
427 466
387 430
433 397
406 443
419 462
379 426
398 439
399 404
390 435
391 400
410 413
451 451
383 396
383 397
411 378
470 464
402 409
443 447
403 374
462 460
395 370
454 456
455 421
401 450
447 417
447 418
446 419
420 463
380 427
393 446
393 447
412 459
413 424
431 472
404 455
392 401
432 437
423 468
424 433
384 397
425 398
444 411
435 442
396 371
436 407
382 436
415 384
413 460
385 441
385 442
405 456
446 457
425 434
465 470
416 465
415 466
457 466
457 467
418 395
436 443
449 462
449 463
437 408
429 404
389 368
469 440
448 417
375 433
415 469
421 400
421 401
394 446
386 442
387 407
378 438
379 403
398 416
439 454
399 381
458 467
390 412
390 413
391 377
450 463
410 390
451 428
442 459
442 460
443 424
402 386
402 387
422 401
462 437
408 466
454 433
454 434
453 435
400 462
379 439
420 440
380 404
431 449
391 413
432 414
392 378
423 445
423 446
411 391
383 409
443 460
403 387
435 419
435 420
476 457
395 383
455 434
401 463
453 473
404 468
432 450
445 469
405 433
424 446
425 411
397 429
465 447
444 424
417 407
436 420
409 403
409 404
428 416
375 410
394 423
386 419
387 384
446 470
406 397
378 415
378 416
438 466
438 467
398 393
439 431
458 444
430 462
430 463
429 464
418 408
390 389
477 457
449 475
450 440
451 405
396 469
469 453
470 418
442 436
442 437
461 449
421 413
420 414
462 414
454 410
427 456
387 420
419 452
419 453
379 416
439 467
398 429
371 412
399 394
391 390
431 426
472 464
410 403
451 441
402 399
443 437
462 450
463 415
454 446
453 447
455 411
441 476
401 440
447 407
447 408
420 453
393 436
392 437
393 437
465 422
465 421
466 420
412 449
413 414
431 462
432 427
404 445
405 410
384 387
424 423
425 388
397 406
397 407
416 419
444 401
417 384
435 432
436 397
382 426
468 466
428 393
428 394
374 422
374 423
434 473
394 400
426 469
426 470
385 431
385 432
386 396
405 446
446 447
406 374
465 460
397 442
396 443
438 443
438 444
417 420
457 456
458 421
418 385
437 398
409 416
449 452
449 453
450 417
429 394
375 423
415 459
421 390
394 436
407 455
386 432
427 433
387 397
406 410
439 444
398 406
399 371
458 457
390 402
391 367
450 453
410 380
451 418
402 376
443 414
389 443
408 456
454 423
427 469
400 452
401 417
420 430
412 426
413 391
431 439
432 404
404 422
392 368
423 435
464 473
464 474
424 400
370 429
403 377
416 396
395 373
435 409
435 410
381 438
381 439
382 403
468 443
468 444
401 453
414 472
414 473
447 420
446 421
434 450
413 427
453 463
404 458
405 423
445 459
445 460
397 419
425 401
411 466
417 397
457 433
457 434
436 410
403 462
409 393
409 394
382 439
375 400
394 413
386 409
446 460
406 387
378 405
398 383
439 421
458 434
430 452
390 379
390 380
450 430
469 443
396 459
442 426
442 427
415 472
456 473
407 468
408 433
427 446
400 429
419 442
379 406
420 407
399 384
412 403
472 454
391 380
431 416
423 412
423 413
464 450
464 451
402 389
443 427
475 459
475 460
400 465
401 430
441 466
433 462
433 463
393 426
412 439
452 475
452 476
453 440
413 404
432 417
404 435
399 469
405 400
424 413
465 414
397 396
396 397
397 397
416 409
476 460
477 461
478 460
382 416
374 412
374 413
434 463
394 390
453 476
385 421
426 459
386 386
445 472
444 473
446 437
392 466
465 450
438 433
438 434
437 435
439 398
457 446
430 429
430 430
431 431
458 411
449 442
450 407
395 471
469 420
396 436
442 403
442 404
375 413
415 449
461 416
461 417
407 445
408 410
387 387
427 423
460 457
419 419
398 396
439 434
430 465
431 466
429 466
432 466
471 466
471 467
431 393
451 408
396 472
437 473
443 404
389 433
429 469
462 417
408 446
400 442
401 407
420 420
393 403
393 404
452 452
452 453
412 416
413 381
431 429
472 467
404 412
432 394
405 377
424 390
416 386
416 387
435 399
422 466
381 428
380 429
382 393
414 462
414 463
433 475
434 440
394 367
453 453
426 436
426 437
385 398
385 399
405 413
445 449
446 414
425 391
392 443
438 410
438 411
437 412
411 456
457 423
456 424
457 424
417 387
418 387
419 387
403 452
449 419
449 420
395 448
415 426
394 403
407 422
386 399
467 473
427 400
459 469
459 470
406 377
439 411
398 373
458 424
390 369
450 420
442 416
415 462
456 463
388 445
389 410
407 458
448 459
408 423
427 436
400 419
401 384
460 470
419 432
420 397
412 393
412 394
431 406
404 389
404 390
418 473
377 435
423 402
423 403
464 440
464 441
369 431
422 443
381 405
381 406
441 456
401 420
433 452
433 453
393 416
434 417
453 430
413 394
399 459
445 426
445 427
405 390
424 403
397 386
410 468
370 432
411 433
402 464
403 429
382 406
468 446
467 447
455 476
374 402
434 453
394 380
385 411
446 427
478 459
438 423
411 469
430 419
430 420
403 465
444 466
395 461
396 426
388 422
388 423
456 440
407 435
408 400
427 413
400 396
460 447
419 409
419 410
479 460
471 456
472 421
418 450
377 412
464 417
464 418
437 463
443 394
442 394
442 393
442 392
449 476
442 391
442 390
443 390
441 389
440 389
440 388
440 387
440 386
441 385
439 385
438 384
441 387
437 384
436 384
435 383
434 382
433 381
434 381
433 383
434 384
436 383
437 382
436 381
437 381
438 380
432 380
431 380
435 385
438 386
438 387
439 387
441 386
434 383
437 383
433 385
444 389
443 388
445 390
445 391
446 391
447 391
448 391
449 392
449 393
450 394
448 390
444 387
448 393
447 394
447 393
450 393
451 392
452 393
452 394
453 394
451 394
446 390
449 395
449 396
450 396
452 395
452 396
453 397
454 397
455 397
453 396
445 392
456 396
455 395
457 397
458 398
456 394
456 393
456 392
431 421
432 421
458 397
411 471
457 399
448 392
452 398
451 393
415 391
415 390
454 398
454 399
455 399
447 395
436 385
437 386
439 386
458 399
459 400
460 399
459 401
461 400
462 399
463 399
462 401
460 398
460 401
462 400
463 401
461 402
461 403
462 403
460 400
463 400
459 402
459 403
460 403
462 402
463 403
464 404
465 403
466 404
467 405
467 404
466 406
466 405
467 406
468 407
469 406
470 405
471 406
469 404
471 407
471 408
472 408
473 407
474 408
474 407
470 404
473 409
473 410
474 410
470 407
472 407
471 409
471 410
472 410
474 409
470 406
473 411
473 412
474 412
475 413
475 412
476 411
477 410
476 413
383 431
477 409
477 408
478 407
376 400
476 412
465 402
465 401
465 400
477 412
478 412
479 412
479 411
478 413
479 413
480 414
481 414
481 413
482 412
481 411
482 410
482 411
455 393
482 414
483 414
484 415
484 414
483 416
482 413
481 415
424 440
480 416
484 416
450 395
469 408
468 409
461 404
431 381
430 382
430 383
431 382
429 382
428 382
428 381
428 380
428 379
429 378
430 377
429 380
427 379
426 378
426 377
427 377
426 380
425 377
424 377
423 376
422 375
421 374
422 374
421 376
424 376
425 375
424 374
425 374
427 376
427 375
427 374
420 373
419 373
474 419
419 372
420 371
429 421
418 371
417 371
416 370
415 370
414 371
414 370
416 372
416 373
417 373
423 378
422 379
413 370
412 370
411 369
412 369
413 368
414 368
415 368
412 367
415 367
413 367
426 379
415 369
429 379
422 376
414 372
414 373
411 366
415 372
425 376
417 372
418 373
421 378
410 368
451 396
443 392
462 405
413 369
432 382
424 378
416 374
416 375
417 375
418 376
418 377
419 375
472 409
464 405
464 406
475 414
475 415
453 395
476 415
477 416
476 417
477 418
477 419
423 375
477 420
476 421
478 415
446 392
465 405
438 388
438 389
438 390
436 425
436 424
456 403
430 384
430 385
429 386
449 397
427 378
419 374
439 389
420 375
412 371
431 384
423 380
478 414
457 391
458 391
459 390
460 389
459 388
461 390
462 391
433 414
434 414
460 388
461 387
462 388
463 389
464 388
465 388
463 388
460 391
462 390
463 391
464 391
465 391
465 390
458 387
458 386
458 385
457 387
461 392
460 390
463 390
459 392
456 386
455 385
454 384
453 384
452 384
452 383
451 382
450 381
392 408
392 407
456 384
457 383
456 382
444 428
376 410
451 381
454 386
454 387
455 387
450 383
449 383
372 430
450 384
451 384
453 383
454 382
453 381
449 385
456 383
452 385
452 386
453 386
455 386
448 382
447 381
446 381
445 380
448 380
447 383
446 384
445 379
446 378
446 380
445 382
413 431
454 463
451 383
462 392
454 388
454 389
454 438
455 389
447 385
446 386
444 379
443 378
442 377
441 377
440 377
460 432
460 431
440 376
441 375
440 374
454 395
448 389
439 375
438 374
438 373
437 372
436 372
396 411
436 371
439 372
396 410
392 441
411 385
435 373
441 374
437 371
453 382
444 377
436 373
439 374
442 379
442 380
443 380
438 376
438 377
439 377
449 380
441 376
434 373
433 373
433 372
433 371
434 371
432 370
433 369
432 368
431 367
431 366
431 370
430 370
466 412
465 411
448 388
451 468
398 388
432 367
429 370
428 370
427 370
426 370
428 369
429 368
428 367
429 366
444 451
427 367
426 368
426 367
429 367
458 439
431 369
427 366
427 365
427 364
427 363
426 369
376 433
399 429
438 408
444 376
444 375
437 373
452 417
429 369
440 378
441 379
443 379
432 369
435 374
435 375
425 366
425 365
424 364
423 363
422 362
453 390
422 364
409 388
421 364
425 364
423 365
458 429
458 428
423 366
479 414
424 366
421 365
420 366
462 449
421 366
422 366
436 375
428 371
465 392
466 393
467 392
466 394
391 407
467 394
423 475
464 393
464 394
465 393
467 393
466 395
466 396
467 396
468 397
469 396
469 395
469 394
469 393
470 392
469 391
470 390
471 390
444 461
470 394
471 395
472 395
473 395
474 395
471 389
470 396
471 397
471 398
472 398
473 397
474 398
420 392
474 397
416 368
473 399
449 404
472 397
471 399
474 399
475 400
476 401
476 400
411 418
477 400
478 401
478 400
479 401
480 402
481 401
482 401
376 431
405 418
481 403
480 404
479 400
475 402
420 470
420 469
475 403
456 390
476 403
457 389
478 402
478 403
479 403
481 402
482 403
398 378
483 404
484 405
485 405
486 405
486 404
487 403
486 402
484 404
483 406
385 393
486 406
487 407
488 408
485 407
485 408
486 407
488 407
489 406
489 405
490 407
491 408
403 460
424 463
489 408
473 463
451 413
451 412
391 430
414 437
438 418
487 409
449 447
487 410
486 411
485 410
488 410
440 440
441 440
490 409
490 410
491 410
492 411
493 411
494 410
493 409
418 380
418 379
390 442
466 402
385 426
440 473
441 473
489 407
380 421
492 412
492 413
485 409
451 458
451 457
451 456
452 455
405 468
421 430
480 457
488 409
480 405
480 406
477 399
477 398
477 397
476 396
446 409
489 410
481 405
426 444
491 409
484 406
476 402
468 398
468 399
487 411
376 398
457 388
488 412
439 376
458 389
450 385
469 398
442 381
442 382
442 383
450 398
431 371
430 372
429 373
430 373
431 372
423 367
423 368
422 369
421 368
420 368
456 435
456 436
457 437
456 437
443 382
432 372
424 368
487 401
479 402
465 417
490 411
490 412
490 413
490 414
472 399
441 373
441 372
442 371
442 370
442 369
443 368
442 367
442 366
441 365
440 364
439 365
443 365
387 392
387 391
444 365
423 377
438 364
453 392
402 449
410 443
424 362
425 362
441 364
407 392
444 364
460 387
440 366
400 404
443 367
433 415
474 406
475 405
444 367
445 368
445 367
446 368
447 368
448 368
416 459
431 464
446 367
425 415
452 450
439 364
443 370
445 369
445 370
387 437
387 436
387 435
440 450
441 450
442 450
447 447
446 370
447 371
448 370
449 371
479 407
450 371
451 372
452 371
453 372
454 372
455 372
456 372
447 425
439 363
457 428
439 362
453 371
455 426
454 408
456 371
452 373
403 391
416 414
457 451
451 371
455 373
454 374
455 375
455 374
456 374
457 374
458 375
467 402
458 374
454 376
424 418
457 408
442 434
454 377
453 378
475 398
455 377
457 376
457 377
436 437
449 372
449 373
458 377
459 378
460 378
461 379
462 378
463 379
423 453
440 428
372 418
461 380
463 378
462 380
409 466
421 453
413 454
395 410
450 373
453 373
438 366
437 367
459 379
459 380
456 373
389 403
445 398
448 369
437 423
436 422
460 380
441 366
463 380
464 381
464 382
465 381
466 382
466 381
467 382
467 381
376 419
377 419
466 383
414 425
466 384
467 384
468 384
400 381
401 381
433 412
469 384
469 383
470 382
469 381
385 383
405 415
471 461
472 461
391 417
416 371
470 384
471 385
472 385
473 385
398 466
474 385
475 385
476 384
475 421
406 447
477 385
441 438
415 444
436 470
444 416
448 434
373 414
433 437
440 474
448 433
448 432
470 393
391 372
397 381
418 390
415 388
434 448
465 380
466 379
467 379
465 378
447 415
471 386
420 372
471 387
472 387
473 387
474 387
475 388
476 388
477 388
478 388
479 389
398 433
416 447
479 388
478 390
478 391
477 392
423 420
476 391
475 391
444 363
462 418
444 362
415 376
475 390
479 391
480 391
481 391
481 390
482 389
482 391
469 415
442 398
467 446
425 451
425 450
477 387
476 390
407 395
429 434
402 426
418 425
429 433
429 432
479 390
393 431
464 383
464 384
475 392
475 393
482 390
467 383
478 392
479 393
480 394
481 395
482 396
481 397
482 398
481 399
482 399
453 468
480 393
481 393
480 396
483 396
484 397
485 397
486 397
484 413
402 403
487 397
452 414
453 414
422 426
488 398
397 414
488 397
489 396
488 395
490 397
490 398
466 448
476 455
436 460
491 398
454 441
469 382
430 424
415 398
415 399
415 400
442 388
489 395
383 426
489 398
491 397
487 399
466 460
490 399
490 400
491 401
492 401
492 400
493 399
494 399
495 399
494 400
495 401
409 443
399 431
493 401
496 401
497 402
498 402
498 401
439 406
428 464
439 405
440 404
427 431
458 417
427 430
436 434
494 402
494 403
495 403
496 404
497 404
498 403
499 404
500 405
414 447
416 404
500 404
501 405
499 406
498 407
497 407
442 365
502 406
502 407
420 468
419 467
418 467
417 467
503 407
491 400
493 400
497 406
486 396
485 395
486 394
484 394
483 394
412 444
483 393
484 392
489 397
500 406
429 385
441 393
440 393
449 443
438 428
419 469
408 471
409 472
420 378
492 402
445 401
492 403
470 383
481 392
501 407
473 388
473 389
407 441
493 403
482 393
455 376
474 389
447 372
446 373
446 374
447 373
445 372
444 373
466 385
465 386
464 386
444 366
437 363
436 363
435 363
435 362
436 361
435 360
434 359
487 408
433 360
389 438
433 361
416 427
405 385
396 401
396 400
396 399
434 361
436 360
437 361
432 360
431 359
432 358
431 357
455 381
382 411
430 360
430 361
432 357
420 415
453 405
415 401
453 404
389 395
442 454
402 422
434 360
430 362
430 363
416 454
408 385
408 384
383 404
415 422
384 403
449 414
394 473
398 443
413 450
403 415
429 454
427 398
428 397
427 396
427 397
417 424
433 362
433 363
432 364
433 365
434 363
427 470
436 362
429 359
429 358
428 357
429 357
392 403
450 379
451 379
428 359
392 396
409 378
427 356
426 355
438 385
427 354
387 442
426 357
457 441
483 402
484 402
430 467
425 354
424 354
423 353
422 352
421 351
396 442
420 351
419 351
419 350
418 349
425 429
461 388
415 386
417 348
416 347
415 346
414 346
430 381
427 417
456 471
456 470
455 469
413 345
432 464
415 347
388 395
427 372
372 428
418 348
419 347
420 347
453 477
420 348
422 350
421 353
420 354
419 355
418 356
419 357
442 476
394 408
398 467
394 407
421 354
477 404
477 405
443 476
433 427
444 476
445 476
446 477
393 408
446 476
447 475
478 455
393 441
411 373
479 454
480 454
445 478
444 478
446 479
475 401
459 464
460 463
460 464
456 457
422 354
438 441
393 375
466 470
444 475
473 451
402 469
430 470
477 396
405 375
409 398
457 386
424 353
417 350
416 350
407 449
417 351
418 351
420 350
423 355
423 356
422 357
421 358
420 359
421 360
419 360
418 359
417 358
402 391
420 361
457 385
421 356
433 460
452 405
420 360
399 399
424 356
416 352
415 352
414 353
446 478
419 352
423 358
478 419
422 353
478 405
425 353
420 390
418 350
448 372
421 355
422 356
433 429
414 352
495 402
473 398
496 403
488 399
480 395
499 408
499 409
426 421
458 376
477 389
482 400
416 457
417 456
418 456
418 457
424 361
424 360
466 392
450 457
445 477
447 435
450 372
469 385
468 386
468 387
469 388
469 386
468 389
467 389
421 473
461 381
461 382
461 383
460 384
460 385
444 477
468 393
451 373
470 386
443 369
462 382
454 378
455 379
456 379
457 380
457 379
432 359
424 355
416 351
435 364
435 365
435 366
435 367
416 389
447 375
446 376
477 402
384 437
384 436
384 435
435 437
410 405
434 370
435 369
436 369
437 369
438 369
439 370
376 429
377 429
378 429
425 356
417 352
436 365
480 408
480 409
461 391
382 420
420 362
456 454
472 386
491 399
483 395
502 408
501 409
502 410
501 411
400 400
454 451
412 388
413 388
494 404
494 405
493 406
492 406
418 413
427 450
376 423
484 396
476 392
495 405
468 388
446 369
465 382
438 365
457 378
449 374
449 375
450 376
451 375
388 436
461 430
452 375
423 354
427 355
439 366
384 404
458 379
450 375
461 384
462 385
420 352
431 361
491 412
464 395
464 396
463 397
462 397
418 468
437 413
423 357
451 423
452 422
452 421
475 404
434 372
452 420
453 385
449 384
445 381
424 358
468 401
469 401
470 402
471 402
418 347
392 372
468 451
445 417
444 418
465 379
485 415
486 415
486 414
486 413
432 398
431 397
430 398
430 397
411 441
446 382
438 378
430 374
429 375
466 447
430 375
449 387
450 388
451 389
452 388
441 416
464 403
456 395
462 419
427 368
469 403
460 402
479 415
471 411
470 412
469 411
425 438
424 438
423 437
422 438
423 396
424 395
425 395
389 379
444 374
468 411
441 388
420 365
433 384
452 397
423 370
424 371
425 372
426 399
430 379
443 389
497 405
468 378
468 377
390 436
405 437
468 376
468 375
468 374
468 373
469 372
467 372
466 371
469 371
412 434
388 417
381 401
382 400
487 398
470 372
467 448
447 380
428 442
415 374
429 443
445 434
469 374
460 442
407 385
442 462
467 371
466 445
465 444
465 443
429 418
470 371
466 373
404 446
469 373
384 402
384 401
393 368
420 448
420 447
412 386
470 374
471 375
471 374
472 373
473 373
474 373
473 374
474 375
475 376
476 376
417 457
477 375
411 404
443 471
413 386
477 406
395 442
472 375
403 427
421 362
444 437
473 376
473 377
408 428
415 454
407 397
433 435
434 434
407 440
409 453
474 377
475 378
476 378
477 377
478 378
478 379
479 379
480 380
481 379
396 430
481 378
482 379
448 374
480 381
410 426
481 381
442 431
479 378
446 438
445 439
444 440
482 378
442 368
478 380
441 395
440 395
439 395
397 434
481 380
433 392
434 391
435 390
436 389
436 388
405 451
377 417
466 457
455 438
467 457
448 477
449 478
448 478
396 409
391 428
400 392
458 415
482 381
483 382
483 381
484 380
464 392
484 382
393 427
388 394
406 382
406 381
405 380
451 455
398 471
400 388
406 425
397 391
462 451
461 452
398 454
468 383
387 423
438 406
426 398
440 385
429 467
421 405
416 392
421 472
484 381
472 374
443 477
419 460
433 457
434 457
483 383
483 384
484 385
485 385
442 373
437 445
436 446
437 447
435 454
434 455
486 384
487 384
388 426
389 426
389 427
371 413
488 385
489 386
490 386
491 386
471 373
424 424
457 393
425 433
406 402
456 433
448 409
491 385
436 391
407 471
429 444
402 410
413 474
446 405
400 379
384 425
422 433
414 380
490 387
453 423
406 412
445 422
423 362
491 388
492 388
493 389
425 414
409 431
494 390
494 391
495 391
419 457
459 442
395 419
391 408
438 404
410 393
424 461
493 388
489 385
492 390
491 391
492 391
392 402
405 461
493 391
438 413
391 436
380 405
378 398
409 438
406 471
425 363
433 379
432 378
495 390
390 387
481 453
482 453
411 392
482 454
424 436
400 382
429 399
487 386
487 387
440 438
439 438
496 391
497 392
476 398
424 352
488 387
433 386
437 443
491 387
465 442
426 401
475 379
475 380
476 381
410 428
396 464
372 432
494 392
494 393
493 394
494 395
448 387
425 384
426 383
427 384
400 434
464 445
403 422
404 382
403 381
422 457
457 457
433 447
462 461
443 364
484 384
476 380
495 393
496 394
384 441
421 394
422 393
495 398
495 397
427 427
425 448
465 370
464 369
464 368
374 420
431 378
414 392
465 368
424 450
442 438
373 410
445 389
438 461
414 468
446 388
446 407
436 448
390 420
464 371
463 371
438 449
413 462
463 368
462 368
461 367
460 366
459 365
458 365
457 365
437 400
457 364
467 445
494 409
431 368
416 423
406 470
464 433
459 367
459 368
428 454
424 441
460 368
415 467
372 416
371 415
370 416
369 415
369 414
369 413
408 395
469 470
400 424
370 415
389 393
372 427
373 426
373 425
394 441
442 405
441 406
442 401
449 435
493 387
441 407
451 454
384 414
423 463
442 411
433 424
411 416
434 424
427 381
405 373
480 415
462 367
463 366
462 365
432 476
442 419
397 424
420 466
434 403
429 389
429 388
399 419
425 470
440 408
447 392
428 443
413 429
472 458
400 443
464 455
465 454
420 411
463 454
462 454
399 421
443 422
424 473
425 473
495 409
496 409
458 384
453 421
467 443
469 370
470 369
501 412
462 379
410 462
456 381
466 400
411 451
458 364
440 373
399 376
465 412
422 405
423 405
424 405
425 405
461 369
461 370
389 418
463 442
462 442
462 370
457 366
387 411
411 429
458 367
409 395
486 383
486 382
487 381
486 380
486 379
486 378
452 468
487 377
486 376
485 375
484 375
445 467
374 430
485 374
486 374
442 374
429 442
487 374
488 375
480 392
431 476
416 466
442 421
457 406
422 428
488 374
394 384
489 373
426 388
466 468
475 399
454 429
485 377
484 377
437 446
487 376
484 374
458 472
483 373
483 372
483 371
405 404
388 382
387 381
407 416
476 419
469 405
484 372
485 372
453 380
486 372
487 372
486 371
407 459
433 400
382 431
438 416
383 392
384 391
448 463
437 376
490 408
407 469
442 464
437 419
382 434
382 433
380 399
380 398
380 397
381 396
484 371
461 399
444 474
487 379
460 367
479 380
481 389
471 376
471 377
490 389
489 390
475 417
410 404
464 415
430 422
472 377
483 386
483 387
475 382
420 349
421 448
422 449
422 450
392 439
441 418
451 436
451 435
451 434
452 433
398 421
458 437
426 382
461 467
479 408
486 373
493 390
485 386
485 387
482 380
474 376
467 373
486 386
459 369
458 370
457 369
456 369
455 368
461 443
473 386
459 370
456 363
457 362
455 362
456 362
458 362
433 410
446 443
382 417
427 451
457 449
456 361
455 360
456 359
396 418
381 432
380 431
475 419
440 449
432 356
433 355
403 400
393 439
432 355
425 417
427 393
394 472
456 466
450 425
455 364
446 420
454 364
455 365
451 432
454 426
420 413
439 361
454 366
385 402
455 428
453 363
452 363
451 364
451 365
458 448
374 428
455 367
451 411
451 410
396 396
449 369
450 369
451 368
451 369
453 454
397 470
465 445
468 408
418 463
423 392
424 393
426 431
450 363
449 363
448 364
444 392
407 450
458 426
444 441
377 416
447 363
449 362
449 361
420 454
450 361
450 360
451 361
452 361
453 360
453 359
474 459
456 402
453 361
452 362
426 365
459 450
460 370
452 365
370 417
485 376
482 370
482 369
481 368
433 403
482 368
440 461
486 393
486 392
407 453
383 435
481 370
462 455
480 371
447 422
414 389
492 407
467 420
479 370
478 370
477 371
476 371
475 370
474 369
475 368
433 370
442 386
449 390
475 367
476 368
479 399
405 428
438 451
474 367
473 367
472 367
423 427
424 426
413 409
439 379
483 400
484 399
485 400
454 393
473 366
474 365
435 460
427 386
473 364
472 363
472 362
472 364
471 365
475 369
485 399
478 372
451 360
470 373
454 365
473 378
463 370
476 379
495 392
488 389
421 456
457 368
415 371
372 406
494 397
402 378
471 362
376 416
450 365
493 412
452 374
375 417
429 430
460 451
382 405
417 369
418 369
435 446
444 423
411 447
394 458
448 454
463 439
481 377
442 474
470 362
469 361
469 363
468 364
469 365
468 366
426 358
445 371
438 368
383 432
479 369
478 368
456 385
472 366
475 371
433 374
452 387
426 371
445 384
486 385
444 388
466 443
460 369
479 382
418 372
437 385
456 398
421 377
440 390
472 379
475 384
414 374
433 387
474 388
467 385
486 398
460 382
440 403
481 404
442 449
461 462
414 387
455 388
474 401
419 465
467 398
469 407
485 388
443 391
462 404
481 417
480 418
455 401
496 402
499 407
435 422
448 361
453 411
424 385
444 385
432 388
380 438
402 380
469 446
428 419
468 369
467 369
451 475
385 388
445 376
460 430
451 463
462 387
398 397
477 373
417 429
406 380
413 438
449 423
415 452
402 431
440 416
389 414
430 357
440 406
423 408
467 469
407 463
410 471
399 372
483 392
413 374
457 363
487 393
488 393
448 467
448 466
447 442
400 447
382 397
433 455
435 434
393 444
436 403
424 363
413 408
478 457
396 406
421 417
471 449
447 444
431 475
445 410
443 452
455 468
389 439
479 368
410 373
468 362
433 399
463 414
386 391
440 460
437 379
438 437
392 427
393 388
424 375
429 441
415 464
387 415
490 396
377 426
491 395
471 364
488 381
484 398
462 366
432 399
472 365
470 458
495 400
459 431
474 364
392 405
391 405
467 361
467 360
467 359
468 358
466 361
466 360
403 412
395 429
449 477
395 409
490 385
465 464
464 464
463 464
490 394
491 393
475 374
393 411
423 387
444 459
482 377
470 361
395 398
468 418
396 432
442 389
480 383
433 402
480 384
481 385
434 446
391 385
473 379
463 395
462 395
476 367
477 367
437 370
487 389
471 404
476 370
465 360
464 359
465 358
464 357
463 356
462 355
462 354
413 405
431 430
464 361
463 355
450 367
407 439
452 436
406 414
375 438
374 437
396 389
400 380
477 376
373 438
373 439
430 367
462 357
461 357
462 358
432 442
433 443
417 367
382 398
417 402
409 462
436 458
437 457
381 413
395 387
385 412
477 401
433 419
424 439
460 358
444 447
412 431
459 358
458 358
430 389
459 357
463 358
440 425
439 425
449 445
465 357
473 394
477 395
389 436
404 426
413 469
459 454
453 415
399 407
406 460
461 359
461 360
462 361
461 362
460 363
371 428
474 405
473 404
450 421
453 432
462 360
462 420
464 360
483 376
482 375
481 375
426 359
478 369
457 373
458 372
459 372
460 373
461 374
460 375
460 376
411 390
429 449
439 437
451 380
407 383
431 391
461 431
461 372
460 357
487 406
471 366
470 367
433 375
432 376
478 382
440 391
459 382
463 357
473 401
474 366
466 362
466 363
465 364
464 364
408 383
464 363
431 374
476 375
466 398
465 398
467 363
459 359
458 360
460 361
489 387
471 459
492 392
462 369
481 382
373 440
485 389
485 390
476 386
454 401
453 402
455 366
412 411
428 453
454 375
474 379
435 387
480 372
481 373
480 373
477 366
478 365
479 366
428 399
477 365
477 364
466 415
373 415
434 410
458 396
458 395
409 376
465 407
425 439
421 450
382 432
466 408
465 409
464 409
463 409
462 409
471 457
458 414
485 394
435 392
440 407
469 362
470 363
461 394
460 394
462 359
478 399
481 372
473 368
472 369
472 370
472 371
384 412
484 383
463 360
487 388
466 365
465 366
440 457
440 458
483 413
465 369
496 393
480 385
457 401
412 454
458 366
477 379
450 362
469 375
461 371
461 358
451 363
462 372
463 373
464 374
463 375
463 376
388 407
449 378
448 378
376 430
463 420
464 373
454 368
453 368
387 445
386 445
385 445
384 446
444 417
452 460
409 471
437 402
438 402
427 408
427 407
427 406
438 401
415 378
459 386
376 426
375 426
484 373
447 364
446 365
476 369
468 365
404 380
465 359
480 375
479 376
426 404
489 384
489 383
490 382
480 370
470 360
470 359
470 358
448 365
384 434
459 440
400 467
474 416
473 416
472 416
433 390
478 418
383 442
382 443
465 440
421 470
456 469
492 386
391 403
458 427
485 396
447 378
437 455
461 454
477 369
490 388
461 361
447 463
446 464
439 457
435 414
472 376
491 389
464 372
483 385
475 381
454 358
494 394
453 362
464 408
484 386
476 382
421 446
487 391
433 420
434 385
453 398
426 381
486 395
465 372
449 364
466 453
460 379
479 392
430 387
498 405
471 388
490 401
489 402
489 403
398 446
388 390
419 377
472 389
464 385
483 398
475 394
440 436
482 402
434 362
452 410
453 375
421 370
396 434
480 365
481 365
482 366
416 413
437 380
403 382
434 402
435 401
400 437
439 429
421 438
426 394
467 395
446 372
486 408
459 391
478 404
430 364
449 377
395 406
447 453
446 454
407 380
408 424
448 381
427 358
460 392
419 354
479 405
471 401
464 362
483 375
422 365
441 378
476 372
463 402
468 368
482 415
414 397
413 398
496 395
455 398
474 411
434 375
466 407
465 362
478 381
457 358
393 459
393 460
467 408
412 472
411 473
459 404
459 405
460 406
461 407
460 408
472 417
433 411
478 417
471 378
470 379
490 391
435 455
388 380
429 381
448 394
501 406
493 402
452 364
485 398
464 375
465 376
466 376
466 375
410 367
422 378
441 391
482 392
453 365
390 425
391 425
497 408
411 368
442 472
459 381
478 394
423 458
424 459
442 429
428 417
431 407
437 362
456 375
489 409
448 371
440 367
440 368
471 391
472 392
473 392
473 391
483 365
484 366
485 365
409 450
417 410
485 364
485 363
485 366
452 372
469 399
488 406
484 363
392 406
483 363
482 363
481 363
502 413
480 363
479 362
480 361
481 361
454 396
449 421
385 424
385 423
466 456
480 360
480 359
479 358
478 358
477 359
402 377
491 403
476 358
475 358
396 473
453 466
469 448
414 422
456 426
475 357
475 356
457 429
444 406
385 443
478 360
477 361
434 369
483 369
484 368
484 369
431 452
374 416
438 371
450 392
380 417
481 360
372 414
479 357
416 469
375 418
478 411
475 359
474 360
473 360
388 437
429 397
458 425
442 378
478 359
479 360
482 360
483 361
474 356
473 357
472 357
473 356
472 355
473 354
471 354
474 354
472 354
445 386
449 425
450 390
471 356
470 356
469 356
468 356
467 355
466 355
465 354
383 402
468 354
462 464
466 353
483 380
426 411
468 353
469 353
476 453
385 436
473 355
466 352
467 353
480 362
481 362
473 358
483 362
476 359
468 355
469 355
479 359
471 355
472 356
470 395
475 361
474 362
390 439
422 355
441 368
433 364
473 400
378 428
452 377
485 411
430 475
429 476
389 435
463 392
482 405
460 397
434 365
448 410
449 411
388 397
447 384
466 397
426 361
427 361
428 361
467 362
486 375
478 371
383 399
444 378
436 374
415 351
480 417
459 394
460 359
479 372
471 368
490 381
477 411
437 375
428 406
456 388
429 371
448 384
421 367
480 453
479 452
478 451
477 451
476 451
475 450
434 415
476 410
459 452
431 440
449 381
384 413
480 451
481 451
482 451
450 382
483 451
484 452
485 453
486 454
487 453
467 403
487 455
485 452
468 363
485 455
484 456
472 380
384 392
400 390
442 452
487 454
458 369
485 454
478 450
477 449
478 448
477 447
428 421
476 446
475 446
473 459
475 445
426 374
440 362
441 362
442 362
411 383
410 383
470 468
469 468
475 447
475 448
404 450
476 448
442 361
480 450
481 450
484 451
476 447
440 380
440 381
440 382
440 383
456 434
385 444
493 392
438 456
457 469
449 465
450 466
451 466
452 445
451 444
451 443
452 443
451 395
432 472
470 408
422 368
463 369
482 382
454 400
473 413
473 414
462 406
433 377
434 377
435 378
435 379
435 377
474 378
466 374
432 381
463 405
435 386
466 410
467 375
486 388
459 371
478 384
423 448
425 378
444 391
417 374
436 387
468 456
469 456
456 365
428 383
489 399
500 408
492 404
418 375
409 406
408 407
428 429
429 384
470 385
421 380
420 380
420 381
424 447
462 381
481 394
473 390
378 418
379 419
380 419
474 355
493 405
485 401
390 392
391 393
392 394
393 394
419 371
410 370
410 371
409 371
408 372
407 371
461 368
461 464
409 370
442 439
463 382
454 413
455 414
456 414
445 454
482 395
455 378
474 391
419 455
447 374
466 387
467 352
486 365
478 361
423 425
464 463
425 355
444 368
436 364
428 360
488 411
480 407
459 384
397 409
398 409
399 409
400 410
396 398
449 402
450 402
451 402
452 360
461 410
471 358
458 388
418 352
409 383
437 365
428 396
429 361
469 397
374 425
489 412
421 357
461 393
440 370
481 371
426 472
427 472
428 472
397 433
461 466
438 446
439 447
440 447
440 446
485 378
430 442
451 385
470 398
443 381
462 394
463 359
481 407
482 408
483 408
454 390
482 372
473 403
474 368
466 364
432 371
424 367
483 453
475 449
476 414
435 376
455 391
468 410
496 392
447 387
488 388
467 365
452 465
459 361
465 404
425 368
416 399
417 400
418 399
419 400
449 376
400 470
386 427
457 400
436 377
477 378
428 373
489 389
426 449
445 462
444 463
492 394
439 388
457 436
458 401
449 432
477 414
450 397
451 362
469 410
470 375
461 406
462 371
481 384
454 367
473 380
420 374
386 434
431 383
451 398
423 379
484 395
454 403
389 423
429 459
436 475
503 408
463 372
448 472
421 455
430 432
495 404
400 432
440 468
440 469
440 470
440 471
436 414
401 397
441 433
487 400
420 410
458 436
393 393
466 377
379 432
456 444
469 454
412 406
452 442
453 407
413 371
432 384
404 402
390 467
391 468
391 469
391 470
391 471
392 472
392 473
391 474
392 474
443 453
491 411
410 459
390 468
464 453
424 380
416 376
435 389
422 456
381 418
496 405
441 469
414 452
488 401
433 465
434 465
435 466
434 467
481 418
471 403
435 465
434 430
480 397
453 443
426 426
499 410
399 472
446 404
392 433
397 399
438 400
384 429
457 413
458 378
430 396
403 442
409 373
408 374
477 391
376 425
449 409
450 374
395 438
395 439
396 403
469 387
415 416
421 347
422 348
387 388
436 421
441 436
423 347
424 347
407 412
467 463
386 389
427 390
459 459
458 460
429 428
443 363
459 460
407 387
373 419
460 424
419 386
439 401
485 368
486 369
487 369
487 368
402 446
425 466
431 360
450 410
417 462
396 439
437 440
442 406
443 371
427 382
483 407
401 402
388 435
456 453
428 471
371 418
462 384
389 400
429 436
408 413
448 449
454 380
482 362
440 445
400 409
401 374
474 358
460 460
420 387
393 370
466 354
406 452
412 383
452 419
431 396
404 379
432 361
387 429
377 425
437 476
424 357
484 408
429 472
416 353
416 354
416 355
476 404
421 468
381 395
468 400
441 446
487 413
488 414
488 415
433 442
393 406
434 407
480 374
395 368
380 436
453 420
426 403
399 449
445 416
391 445
392 410
425 358
465 394
397 376
383 441
411 423
417 354
457 390
402 454
386 424
403 419
449 386
477 368
382 396
463 470
395 415
428 363
469 364
455 466
415 393
480 410
447 462
394 370
426 439
427 440
428 439
385 401
467 440
446 417
486 453
492 384
493 383
492 382
494 384
493 382
459 436
392 446
478 449
439 378
384 442
425 443
449 422
444 456
416 474
450 387
469 400
436 452
396 416
470 365
415 429
456 430
388 412
461 396
407 425
481 374
408 390
448 426
427 403
400 386
473 370
459 472
460 472
461 473
460 474
427 447
461 472
373 432
419 399
460 437
479 450
471 446
472 445
473 445
473 444
471 444
473 446
473 447
473 448
473 449
472 444
431 373
472 411
418 440
377 402
423 369
464 407
437 453
389 413
475 416
448 462
421 445
495 394
422 410
455 358
401 387
441 423
487 390
393 383
406 465
452 432
412 396
398 461
399 426
404 392
445 393
391 422
424 370
465 371
451 473
410 435
411 400
416 366
457 367
443 469
422 446
463 447
468 413
414 442
455 443
488 391
434 420
474 456
480 387
481 387
426 416
466 452
445 429
446 430
446 431
447 430
446 394
392 423
432 459
411 436
457 403
442 376
430 386
458 368
498 404
403 432
444 433
477 381
376 415
449 399
450 364
435 464
395 428
469 377
396 393
415 406
461 373
388 389
407 402
467 453
427 380
459 449
373 409
460 414
419 376
425 456
416 443
397 474
472 388
444 469
417 452
408 403
418 417
436 465
423 346
409 448
437 430
483 397
484 362
456 443
388 425
389 390
429 426
448 439
494 406
495 407
421 422
454 370
394 468
400 399
440 435
441 400
420 377
406 442
412 373
452 409
453 374
439 476
398 438
377 415
418 453
390 434
464 420
410 412
451 450
470 463
476 394
421 458
462 459
422 423
468 390
414 419
454 455
433 432
434 397
480 364
453 410
380 426
398 474
426 393
399 439
445 406
446 371
431 471
391 435
465 384
392 400
410 448
438 367
411 413
384 396
402 444
403 409
477 358
463 460
395 405
396 370
469 354
455 456
415 383
447 452
407 379
466 465
427 357
413 459
419 353
405 455
419 412
479 404
439 368
384 432
424 468
430 399
471 400
444 446
376 428
450 377
436 442
470 355
437 407
483 374
388 402
456 420
428 438
407 415
408 380
448 416
494 383
394 445
400 376
440 412
440 413
440 414
373 422
386 441
419 389
406 419
472 401
431 363
417 465
418 434
386 392
418 430
458 466
455 369
410 460
423 359
464 397
409 461
483 410
450 462
429 439
475 406
461 471
421 435
422 400
440 448
468 367
368 429
441 413
414 396
487 380
393 373
433 409
434 374
406 455
379 438
380 403
453 387
399 416
445 383
391 412
392 377
465 361
410 425
383 408
457 357
443 459
402 421
403 386
462 472
463 437
482 450
454 468
455 433
401 462
474 446
447 429
480 377
380 439
466 442
426 406
467 407
412 471
392 413
432 449
404 467
478 416
383 444
382 445
381 445
380 444
379 443
380 443
467 410
379 445
378 445
377 444
380 445
378 446
377 443
377 442
378 441
379 441
380 441
381 441
429 452
379 446
377 445
479 381
424 445
384 409
430 376
416 441
376 405
449 389
490 390
395 418
436 419
469 367
396 383
415 396
456 397
461 363
447 465
413 472
373 399
372 399
371 399
371 400
372 401
372 402
372 400
371 402
459 439
419 366
460 404
479 417
446 469
425 446
397 464
471 413
472 378
417 442
418 407
436 455
477 456
437 420
428 451
389 380
469 452
429 416
475 383
448 429
421 412
494 396
422 377
441 390
387 419
406 432
452 399
452 400
379 415
453 364
398 428
439 466
399 393
390 424
450 475
425 457
451 440
410 402
397 390
411 367
470 453
442 471
443 436
402 398
422 413
468 380
454 445
414 409
433 422
400 474
473 458
434 387
380 416
420 452
372 412
412 448
431 461
465 374
392 390
432 426
386 423
478 393
411 403
423 457
457 370
384 386
402 434
443 472
403 399
449 366
463 450
395 395
435 431
455 446
415 373
401 475
466 455
393 471
413 449
459 416
432 462
460 381
405 445
479 394
424 458
397 441
425 423
465 459
444 436
376 418
490 403
417 419
435 467
436 468
418 384
442 363
437 397
483 364
388 392
428 428
456 410
429 393
475 360
375 422
448 406
408 370
394 435
440 402
441 367
386 431
410 472
378 427
452 376
472 391
398 405
469 465
439 443
458 456
430 474
464 387
441 403
450 452
484 365
410 379
429 429
442 448
475 396
476 361
461 461
422 390
468 357
482 404
414 386
487 370
427 468
387 432
434 364
474 400
419 464
379 428
453 377
426 360
399 406
445 373
390 437
391 402
431 438
451 453
383 398
411 380
402 411
401 412
443 449
403 376
462 462
454 458
455 423
447 419
420 465
393 448
467 397
372 425
474 413
447 396
447 397
447 398
486 410
459 393
431 474
432 439
381 398
438 370
478 406
479 371
424 435
384 399
430 366
425 400
454 383
471 367
444 413
435 444
436 409
414 377
437 374
382 438
428 405
456 387
374 434
374 435
407 382
448 383
394 412
480 452
427 360
440 379
459 429
419 356
446 459
406 386
428 409
425 436
465 472
438 455
472 368
457 468
458 433
418 397
437 410
449 464
483 377
425 369
428 441
469 442
429 406
475 373
375 435
415 471
421 402
461 438
461 439
422 367
394 448
440 415
441 380
481 416
417 368
386 444
427 445
387 409
433 376
378 440
452 389
379 405
476 395
398 418
439 456
371 401
458 469
390 414
391 379
450 465
410 392
451 430
470 443
442 461
443 426
402 388
461 474
462 439
468 370
463 404
481 452
454 435
414 399
482 417
455 400
380 406
466 409
426 373
467 374
486 387
431 451
392 380
432 416
478 383
423 447
424 412
457 360
403 389
444 390
476 459
435 421
395 385
436 386
455 436
468 455
456 364
447 432
393 461
471 380
434 462
453 475
459 406
460 371
500 407
445 471
479 384
424 448
465 449
425 413
490 393
417 409
457 445
418 374
437 387
409 405
428 418
456 400
429 383
375 412
448 396
421 379
394 425
440 392
387 386
501 408
446 472
378 417
452 366
493 404
438 468
439 433
430 464
394 402
458 446
464 377
390 391
477 459
450 442
410 369
451 407
469 455
475 365
470 420
443 403
461 451
422 380
462 416
463 381
482 394
414 376
454 412
404 449
387 422
427 458
434 388
433 389
474 390
419 454
379 418
453 367
473 369
427 402
466 386
452 435
371 414
445 363
390 427
486 364
472 394
431 428
391 392
472 466
432 393
497 410
406 379
464 462
423 424
411 370
443 439
463 417
453 452
435 398
454 448
455 413
447 409
420 455
433 474
393 438
466 422
467 387
486 400
458 400
459 383
432 429
478 396
479 361
423 460
424 425
430 356
429 355
430 354
397 408
425 390
471 357
444 403
417 386
436 399
409 382
437 364
382 428
468 468
456 377
428 395
429 360
374 424
489 411
448 373
434 475
440 369
385 433
426 471
386 401
386 398
446 449
406 376
397 444
465 462
438 445
472 358
439 410
457 458
430 441
458 423
464 354
449 454
483 367
450 419
429 396
396 448
475 363
470 397
375 425
415 461
421 392
462 393
441 370
481 406
482 371
387 399
427 435
473 402
433 366
378 430
452 379
460 469
398 408
439 446
485 413
430 477
431 478
432 479
433 478
434 477
432 478
432 480
390 404
389 405
431 405
450 455
451 420
410 382
442 451
443 416
483 452
389 445
463 394
454 425
482 407
455 390
474 403
401 419
447 386
426 363
466 399
467 364
452 464
413 393
486 377
459 360
431 441
432 406
489 414
478 373
405 389
424 402
449 458
425 367
484 453
370 431
444 380
416 398
476 449
435 411
436 376
381 440
415 353
468 445
428 372
414 474
489 388
467 377
434 452
453 465
426 448
459 396
445 461
479 374
446 426
492 393
425 403
465 439
471 370
457 435
417 399
449 431
477 413
437 377
382 441
428 408
469 409
448 386
375 402
421 369
461 405
480 455
481 383
385 446
427 412
446 462
406 389
438 458
439 423
479 459
430 454
431 454
390 381
390 382
449 467
450 432
451 397
469 445
470 410
442 428
415 474
443 393
456 475
461 441
422 370
389 422
407 470
448 471
482 384
454 402
414 366
427 448
473 415
474 380
401 396
420 409
431 418
472 456
391 382
432 383
423 414
423 415
464 452
424 379
475 461
475 462
435 388
422 455
381 417
455 403
468 422
469 423
468 423
441 468
447 399
488 400
393 428
433 464
452 477
453 442
459 373
445 438
478 386
391 467
424 415
425 380
397 398
465 416
444 393
457 412
417 376
409 372
477 390
468 458
382 418
428 385
456 367
374 414
489 401
448 363
421 346
421 345
394 392
386 388
500 410
445 474
446 439
465 452
392 468
425 412
438 435
439 400
485 367
457 448
430 431
458 413
449 444
450 409
451 374
469 422
396 438
470 387
415 451
461 418
421 382
422 382
423 382
388 434
435 458
422 347
462 383
481 396
482 361
454 379
427 425
387 389
433 356
434 357
435 357
435 356
436 355
437 355
400 408
474 357
460 459
420 386
485 403
390 394
471 468
472 469
472 470
472 471
472 472
431 395
418 462
410 372
377 424
423 391
437 475
443 406
484 407
429 471
463 384
454 415
421 467
455 380
401 409
474 393
441 445
447 376
487 412
393 405
466 389
467 354
452 454
486 367
453 419
413 383
432 396
478 363
405 379
464 465
424 392
425 357
416 388
444 370
417 353
436 366
422 468
381 430
382 395
428 362
414 464
488 413
433 477
434 442
394 369
453 455
385 400
426 438
445 451
446 416
492 383
392 445
397 411
438 412
417 389
457 425
458 390
430 408
430 409
418 354
409 385
477 403
450 386
396 415
429 363
470 364
461 395
421 359
440 372
459 471
373 431
493 384
419 398
439 413
479 449
485 380
430 444
471 445
450 422
417 474
451 387
470 400
442 418
437 452
388 424
434 431
443 383
456 465
389 412
462 396
463 361
448 461
454 392
482 374
473 405
401 386
474 370
420 399
466 366
412 395
472 446
431 408
404 391
432 373
377 437
464 442
423 404
424 369
483 455
475 451
476 416
381 407
422 445
468 412
441 458
457 396
447 389
488 390
433 454
434 419
480 386
452 467
413 396
459 363
426 415
405 392
445 428
446 393
425 370
465 406
392 422
410 470
416 401
457 402
436 379
449 398
477 380
382 408
428 375
469 376
374 404
489 391
415 405
447 474
426 451
385 413
467 452
446 429
492 396
438 425
478 461
439 390
458 403
430 421
444 468
449 434
450 399
436 464
469 412
470 377
442 395
456 442
461 408
462 373
502 409
389 389
481 386
408 402
454 369
427 415
419 411
460 449
420 376
412 372
471 458
431 385
377 414
418 452
423 381
464 419
437 465
443 396
389 425
429 461
503 410
448 474
476 393
435 355
421 457
495 406
455 370
422 422
441 435
487 402
447 366
433 431
393 395
452 444
453 409
413 373
432 386
445 405
424 382
465 383
370 411
369 411
416 378
435 391
436 356
381 420
422 458
463 459
496 407
488 403
433 467
434 432
480 399
385 390
426 428
466 464
445 441
446 406
465 419
392 435
432 471
439 367
384 431
457 415
458 380
376 427
477 393
395 440
435 476
469 389
396 405
470 354
442 372
461 385
388 401
421 349
408 379
467 465
427 392
473 359
459 461
373 421
419 388
420 353
439 403
485 370
425 468
472 400
431 362
417 464
491 413
451 377
418 429
409 460
442 408
437 442
443 373
483 409
428 473
427 474
427 475
456 455
429 438
389 402
408 415
448 451
421 434
400 411
401 376
441 412
420 389
466 356
393 372
406 454
412 385
431 398
432 363
404 381
419 401
418 465
377 427
423 394
464 432
463 431
424 359
484 410
410 424
429 474
476 406
435 368
462 471
381 397
422 435
468 402
441 448
487 415
414 431
488 380
433 444
474 445
434 409
480 376
453 422
426 405
445 418
405 382
446 383
391 447
391 448
392 412
465 396
397 378
438 379
383 443
411 425
384 408
417 356
457 392
458 357
402 456
403 421
449 388
477 370
463 472
395 417
469 366
415 395
447 464
407 391
467 442
427 369
486 455
413 471
373 398
459 438
405 467
438 415
439 380
479 416
384 444
430 411
458 393
425 445
471 412
444 458
450 389
491 390
436 454
442 385
388 414
456 432
461 398
428 450
462 363
432 428
407 427
408 392
448 428
454 359
427 405
440 424
473 372
459 474
373 434
460 439
406 431
471 448
431 375
472 413
418 442
377 404
423 371
422 372
484 387
429 451
475 418
476 383
421 447
422 412
495 396
468 379
441 425
439 468
401 389
414 408
487 392
433 421
393 385
406 467
434 386
452 434
453 399
380 415
398 463
404 394
399 428
445 395
391 424
465 373
410 437
383 420
411 402
402 433
403 398
449 365
463 449
468 415
414 444
455 445
434 422
474 458
480 389
447 441
466 454
426 418
405 436
422 460
467 419
432 453
446 396
392 425
432 461
438 392
457 405
424 457
409 384
384 421
430 388
498 406
403 434
376 417
449 401
444 435
490 402
450 366
395 430
396 395
436 431
469 379
415 408
461 375
456 409
388 391
447 477
407 404
467 455
459 451
373 411
419 378
460 416
425 458
472 390
417 454
418 419
394 459
423 348
436 467
437 432
426 473
483 399
484 364
460 372
428 463
456 445
389 392
502 412
475 395
448 441
476 360
421 424
494 408
394 470
440 437
400 401
441 402
387 431
433 398
406 444
452 411
412 375
379 427
453 376
398 440
404 371
405 371
399 405
464 422
451 452
410 414
470 465
443 448
435 358
422 425
468 392
454 457
414 421
487 405
488 370
433 434
473 470
434 399
480 366
380 428
420 464
453 412
426 395
445 408
486 409
391 437
431 473
432 438
423 469
423 470
423 471
383 433
411 415
444 438
384 398
457 382
430 365
403 411
477 360
463 462
435 443
395 407
396 372
455 458
415 385
447 454
407 381
466 467
427 359
413 461
432 474
425 447
460 393
405 457
479 406
424 470
430 401
425 435
444 448
396 408
436 444
437 409
409 427
442 375
388 404
428 440
456 422
429 405
389 369
475 372
375 434
408 382
448 418
394 447
400 378
386 443
420 356
406 421
378 439
439 455
472 403
398 417
431 365
458 468
423 361
464 399
409 463
483 412
450 464
475 408
476 373
421 437
422 402
462 438
441 415
414 398
487 382
482 416
387 444
434 376
416 446
452 424
379 440
453 389
426 372
398 453
399 418
445 385
431 450
391 414
465 363
392 379
410 427
451 465
383 410
457 359
443 461
402 423
403 388
462 474
395 384
454 470
482 452
455 435
474 448
401 464
447 431
466 444
426 408
467 409
412 473
392 415
432 451
404 469
405 434
438 382
479 383
430 378
471 379
444 425
376 407
490 392
395 420
435 456
396 385
388 381
461 365
376 406
456 399
407 394
448 395
394 424
459 441
373 401
419 368
405 470
446 471
397 466
471 415
417 444
418 444
419 444
418 409
458 445
464 376
477 458
437 422
409 440
483 389
448 431
421 414
494 398
461 450
394 460
440 427
441 392
414 375
427 457
387 421
433 388
406 434
452 401
379 417
453 366
398 430
432 375
399 395
390 426
391 391
429 417
450 477
451 442
497 409
470 455
442 473
443 438
402 400
422 415
468 382
463 416
454 447
414 411
455 412
473 460
401 441
434 389
380 418
426 385
466 421
467 386
412 450
446 363
486 399
431 463
391 427
392 392
478 395
423 459
383 423
411 405
457 372
430 355
403 401
449 368
444 402
435 433
395 397
455 448
468 467
415 375
456 376
393 473
467 422
413 451
459 418
460 383
405 447
479 396
424 460
397 443
425 425
465 461
471 392
416 456
490 405
418 386
437 399
483 366
456 412
428 430
429 395
475 362
375 424
448 408
421 391
394 437
430 476
441 369
458 458
386 433
420 346
387 398
406 411
452 378
439 445
398 407
485 412
390 403
423 351
464 389
450 454
484 367
410 381
451 419
469 467
476 363
461 463
421 427
422 392
468 359
463 393
408 457
454 424
414 388
482 406
387 434
400 453
433 401
434 366
474 402
419 466
379 430
453 379
426 362
399 408
371 426
445 375
391 404
465 353
392 369
383 400
423 436
411 382
402 413
443 451
403 378
395 374
454 460
455 425
401 454
447 421
420 467
467 399
412 463
453 464
486 412
459 395
460 360
404 459
432 441
478 408
479 373
423 472
424 437
430 368
425 402
397 420
471 369
444 415
417 398
396 375
436 411
382 440
456 389
428 407
429 372
374 436
448 385
394 414
460 396
419 358
386 410
446 461
406 388
397 456
493 393
465 474
438 457
457 470
458 435
430 453
464 366
477 448
449 466
483 379
450 431
469 444
396 460
429 408
475 375
470 409
415 473
375 437
461 440
421 404
440 417
441 382
482 383
433 378
378 442
379 407
452 391
419 443
439 458
398 420
399 385
390 416
391 381
450 467
410 394
470 445
442 463
443 428
402 390
462 441
463 406
408 470
454 437
455 402
473 450
400 466
474 415
401 431
420 444
426 375
466 411
467 376
372 404
412 440
486 389
431 453
432 418
392 382
404 436
478 385
423 449
383 413
424 414
425 379
416 410
435 423
476 461
468 457
428 384
456 366
419 456
447 434
489 400
393 463
448 362
434 464
413 441
385 422
459 408
426 460
426 461
500 409
445 473
479 386
492 405
392 467
465 451
471 382
472 383
473 382
457 447
417 411
409 407
437 389
428 420
469 421
415 450
448 398
375 414
421 381
422 346
394 427
440 394
501 410
446 474
378 419
406 401
452 368
438 470
439 435
485 402
430 466
390 393
450 444
451 409
469 457
442 440
470 422
443 405
461 453
389 434
463 383
408 447
414 378
454 414
427 460
434 356
474 392
379 420
420 421
466 388
371 416
412 417
445 365
486 366
472 468
391 394
432 395
478 362
411 372
423 426
424 391
443 441
444 369
435 400
455 415
381 429
422 467
450 391
401 444
447 411
478 453
393 440
433 476
412 453
413 418
459 385
432 431
445 450
405 414
478 398
479 363
424 427
397 410
425 392
471 359
444 405
411 457
417 388
418 353
435 436
436 401
437 366
468 470
382 430
429 362
374 426
489 413
448 375
394 404
440 371
385 435
386 400
446 451
406 378
438 447
398 374
472 360
439 412
457 460
485 379
418 389
430 443
464 356
390 370
449 456
448 456
451 386
470 399
442 417
375 427
415 463
422 359
481 408
454 391
482 373
387 401
427 437
433 368
378 432
419 433
460 471
420 398
439 448
399 375
390 406
391 371
410 384
377 436
451 422
442 453
483 454
443 418
463 396
408 460
454 427
455 392
400 456
401 421
441 457
447 388
420 434
466 401
393 417
467 366
452 466
412 430
413 395
431 443
459 362
432 408
478 375
405 391
423 439
424 404
404 471
466 446
397 387
410 469
484 455
416 400
444 382
435 413
436 378
381 442
468 447
382 407
428 374
374 403
434 454
394 381
453 467
426 450
445 463
405 427
446 428
492 395
465 441
397 423
402 468
471 372
438 424
411 470
417 401
458 402
403 466
449 433
477 415
409 397
395 462
374 439
375 440
376 440
470 376
415 440
375 404
421 371
407 436
440 384
386 413
427 414
473 381
406 391
378 409
493 396
438 460
479 461
398 387
485 392
430 456
458 438
390 383
389 384
450 434
451 399
396 463
437 464
442 430
405 381
443 395
447 365
462 408
389 424
503 409
465 395
448 473
408 437
482 386
454 404
400 433
473 417
401 398
474 382
419 446
466 378
412 407
413 372
431 420
432 385
404 403
423 416
464 454
424 381
370 410
416 377
381 419
496 406
441 470
401 434
447 401
414 453
488 402
393 430
433 466
480 398
453 444
457 394
385 389
459 375
404 439
399 473
445 440
425 382
465 418
397 400
417 378
457 414
403 443
409 374
449 410
468 460
428 387
421 348
394 394
440 361
426 463
385 425
467 464
386 390
446 441
492 408
392 470
439 402
485 369
457 450
430 433
449 446
450 411
451 376
396 440
442 407
470 389
443 372
415 453
461 420
460 421
422 349
389 401
408 414
481 398
454 381
433 358
474 359
419 423
460 461
420 388
412 384
471 470
432 362
418 464
423 393
443 408
484 409
389 437
429 473
463 386
476 405
421 469
455 382
400 446
441 447
401 411
487 414
393 407
466 391
467 356
412 420
452 456
413 385
404 416
464 467
424 394
397 377
425 359
444 372
416 390
417 355
435 403
402 455
436 368
422 470
463 471
428 364
414 466
433 479
434 444
394 371
480 411
453 457
426 440
445 453
446 418
492 385
392 447
438 414
411 460
384 443
457 427
458 392
430 410
403 456
409 387
376 439
429 365
396 417
461 364
470 366
442 384
461 397
421 361
462 362
408 391
427 404
473 371
459 473
373 433
378 399
493 386
460 438
398 377
439 415
479 451
485 382
430 446
471 447
472 412
377 403
442 420
437 454
443 385
456 467
429 450
462 398
463 363
454 394
482 376
495 395
455 359
400 423
440 459
401 388
474 372
420 401
466 368
393 384
406 466
412 397
398 462
431 410
472 448
404 393
377 439
423 406
464 444
370 400
416 367
475 453
435 380
476 418
381 409
422 447
468 414
441 460
488 392
433 456
434 421
480 388
452 469
453 434
426 417
399 463
405 394
445 430
446 395
465 408
392 424
438 391
457 404
403 433
449 400
477 382
428 377
469 378
374 406
489 393
415 407
447 476
407 403
426 453
467 454
492 398
438 427
439 392
458 405
430 423
444 470
450 401
395 465
451 366
491 402
436 466
442 397
443 362
428 462
502 411
389 391
462 375
408 404
481 388
448 440
454 371
494 407
394 469
473 384
419 413
412 374
471 460
431 387
418 454
423 383
464 421
437 467
369 412
429 463
503 412
448 476
421 459
422 424
434 411
495 408
440 472
468 391
441 437
401 401
487 404
393 397
433 433
414 433
434 398
452 446
413 375
404 406
399 440
445 407
424 384
465 385
370 413
410 449
416 380
411 414
457 381
402 445
403 410
463 461
414 456
455 457
488 405
480 401
385 392
426 430
466 466
446 408
391 472
433 446
432 473
411 450
439 369
392 414
468 404
381 399
457 417
424 469
384 433
458 382
430 400
403 446
449 413
450 378
396 407
415 420
388 403
456 421
408 381
467 467
427 394
400 377
473 361
459 463
373 423
419 390
420 355
431 364
472 402
417 466
418 431
464 398
423 360
437 444
443 375
483 411
484 376
428 475
389 404
429 440
475 407
448 453
421 436
400 413
401 378
441 414
420 391
387 443
466 358
393 374
406 456
452 423
412 387
453 388
399 417
432 365
404 383
464 434
484 412
451 464
435 370
476 408
422 437
462 473
463 438
454 469
488 382
474 447
480 378
453 424
380 440
426 407
399 453
445 420
446 385
397 380
438 381
411 427
383 445
384 410
402 458
458 359
403 423
477 372
463 474
469 368
396 384
455 470
415 397
447 466
407 393
467 444
427 371
413 473
373 400
419 367
460 405
405 469
479 418
439 382
397 465
430 413
471 414
376 442
444 460
417 443
491 392
436 456
396 420
442 387
437 421
483 388
388 416
428 452
389 381
408 394
448 430
454 361
440 426
419 403
460 441
406 433
472 415
431 377
377 406
464 411
423 373
450 476
484 389
429 453
475 420
470 454
476 385
421 449
422 414
440 462
468 381
441 427
487 394
414 410
433 423
393 387
406 469
453 401
398 465
426 384
399 430
445 397
372 413
391 426
392 391
465 375
451 477
410 439
383 422
457 371
443 473
449 367
463 451
395 396
455 447
474 460
447 443
393 472
426 420
385 382
467 421
446 398
459 417
395 432
432 463
438 394
479 395
384 423
425 424
498 408
430 390
449 403
416 455
450 368
490 404
435 468
436 433
442 364
415 410
456 411
388 393
461 377
407 406
408 371
448 407
373 413
459 453
419 380
460 418
425 460
431 354
418 421
491 405
436 469
437 434
409 452
483 401
428 465
469 466
389 394
475 397
448 443
476 362
421 426
422 391
440 439
441 404
487 371
387 433
406 446
452 413
379 429
398 442
404 373
445 374
390 438
410 416
411 381
470 467
402 412
443 450
462 463
422 427
468 394
414 423
454 459
455 424
488 372
473 472
474 473
475 472
476 473
475 474
475 473
476 474
477 475
476 476
434 401
480 368
380 430
426 397
372 426
412 462
446 375
391 439
392 404
432 440
411 417
457 384
384 400
403 413
477 362
444 414
435 445
469 358
396 374
455 460
415 387
447 456
413 463
459 430
460 395
405 459
424 472
397 455
465 473
425 437
444 450
416 468
417 433
418 398
491 382
464 365
409 429
437 411
483 378
388 406
389 371
429 407
448 420
375 436
421 403
441 381
387 410
420 358
406 423
452 390
472 405
398 419
458 470
464 401
390 415
451 431
484 379
475 410
470 444
421 439
462 440
422 404
468 371
441 417
408 469
414 400
454 436
433 413
391 416
434 378
474 414
379 442
380 407
453 391
420 443
399 420
372 403
445 387
392 381
465 365
410 429
451 467
411 394
457 361
443 463
402 425
403 390
463 441
395 386
454 472
455 437
474 450
401 466
447 433
393 462
467 411
413 440
459 407
479 385
424 449
430 380
471 381
444 427
416 445
376 409
396 387
436 423
437 388
388 383
456 401
407 396
448 397
394 426
373 403
386 422
419 370
446 473
452 367
438 469
471 417
472 382
417 446
458 447
418 411
464 378
437 424
477 460
483 391
450 443
429 420
475 387
470 421
422 381
440 429
441 394
427 459
434 355
452 403
439 470
445 364
390 428
410 406
411 371
470 457
442 475
443 440
462 453
463 418
454 449
473 462
447 410
420 456
380 420
426 387
466 423
467 388
486 401
431 465
432 430
478 397
438 361
383 425
423 461
444 404
449 370
395 399
435 435
436 400
382 429
468 469
415 377
456 378
447 446
407 373
467 424
434 476
385 434
459 420
479 398
446 450
397 445
425 427
465 463
471 394
472 359
457 459
418 388
436 436
464 355
437 401
449 455
483 368
428 432
475 364
421 393
394 439
422 358
441 371
386 435
387 400
433 367
378 431
452 380
485 414
430 478
390 405
450 456
451 421
469 469
476 365
443 417
402 379
461 465
389 446
422 394
468 361
414 390
434 368
474 404
419 468
426 364
399 410
445 377
431 442
391 406
465 355
432 407
478 374
411 384
423 438
402 415
484 454
403 380
444 381
476 450
435 412
455 427
415 354
447 423
467 401
459 397
432 443
404 461
460 362
478 410
479 375
425 404
471 371
376 399
490 384
435 448
436 413
409 396
437 378
382 442
456 391
429 374
374 438
375 403
480 456
446 463
406 390
493 395
438 459
472 372
439 424
457 472
485 391
430 455
418 401
449 468
477 450
450 433
422 351
388 438
429 410
475 377
470 411
375 439
421 406
461 442
462 407
422 371
441 384
414 367
482 385
427 449
433 380
378 444
474 381
419 445
439 460
472 457
431 419
391 383
410 396
497 401
442 465
443 430
462 443
463 408
408 472
454 439
455 404
474 417
447 400
420 446
393 429
466 413
467 378
486 391
459 374
431 455
432 420
478 387
423 451
424 416
425 381
444 394
417 377
435 425
436 390
382 419
468 459
456 368
428 386
374 415
434 466
394 393
426 462
445 475
446 440
397 435
465 453
392 469
471 384
438 436
418 378
437 391
428 422
429 387
470 388
375 416
421 383
461 419
394 429
440 396
441 361
386 425
387 390
427 426
473 393
433 357
378 421
452 370
493 408
438 472
398 399
485 404
458 450
430 468
471 469
390 395
450 446
442 442
426 354
443 407
461 455
463 385
454 416
427 462
434 358
401 410
474 394
447 377
419 458
466 390
486 368
413 384
431 432
432 397
478 364
443 374
464 466
423 428
444 371
435 402
436 367
430 435
422 469
381 431
414 465
447 413
393 442
434 443
467 391
453 456
459 387
445 452
479 365
424 429
425 394
397 412
471 361
417 390
457 426
418 355
437 368
409 386
468 472
429 364
489 415
448 377
394 406
426 475
385 437
386 402
446 453
493 385
439 414
457 462
485 381
430 445
464 358
450 423
451 388
470 401
443 384
415 465
461 432
422 361
463 362
481 410
427 439
473 406
474 371
460 473
379 399
420 400
466 367
472 447
431 409
432 374
377 438
464 443
402 382
483 456
443 420
475 452
463 398
455 394
441 459
447 390
466 403
467 368
413 397
453 433
486 381
459 364
432 410
405 393
478 377
423 441
424 406
425 371
444 384
416 402
435 415
436 380
381 444
468 449
428 376
456 358
374 405
489 392
434 456
453 469
426 452
460 365
445 465
492 397
438 426
411 472
439 391
457 439
458 404
418 368
409 399
477 417
450 400
429 377
469 413
470 378
442 396
375 406
461 409
421 373
462 374
427 416
473 383
493 398
460 450
439 427
430 458
390 385
431 386
450 436
451 401
437 466
442 432
443 397
462 410
429 462
503 411
448 475
454 406
482 388
455 371
474 384
419 448
447 367
466 380
393 396
472 460
431 422
432 387
464 456
423 418
424 383
370 412
416 379
422 459
381 421
496 408
441 472
488 404
433 468
393 432
434 433
480 400
453 446
426 429
459 377
385 391
445 442
465 420
392 436
397 402
438 403
457 416
417 380
458 381
477 394
449 412
382 422
428 389
395 441
469 390
374 418
448 367
421 350
461 386
394 396
440 363
385 427
481 364
426 465
467 466
459 462
492 410
438 439
439 404
485 371
425 469
449 448
450 413
451 378
491 414
442 409
470 391
461 422
456 456
428 474
481 400
448 452
482 365
427 429
473 396
400 412
474 361
401 377
466 357
471 472
431 399
418 466
377 428
423 395
484 411
429 475
476 407
421 471
455 384
422 436
468 403
441 449
401 413
393 409
433 445
467 358
452 458
413 387
445 419
478 367
405 383
424 396
465 397
425 361
417 357
436 370
422 472
381 434
382 399
468 439
463 473
428 366
489 382
480 413
385 404
426 442
445 455
492 387
478 452
439 381
384 445
430 412
418 358
458 394
477 407
376 441
396 419
470 368
421 363
462 364
408 393
454 360
419 402
460 440
420 367
479 453
485 384
431 376
472 414
451 391
418 443
377 405
423 372
464 410
437 456
443 387
484 388
463 365
448 465
455 361
474 374
441 426
420 403
466 370
393 386
412 399
453 400
472 450
432 377
377 441
464 446
424 373
451 476
416 369
475 455
476 420
435 382
381 411
468 416
441 462
488 394
433 458
434 423
480 390
453 436
426 419
499 403
445 432
446 397
465 410
392 426
438 393
384 422
417 370
458 371
477 384
395 431
469 380
415 409
461 376
447 478
467 456
386 382
427 383
373 412
460 417
419 379
439 394
425 459
430 425
444 472
450 403
417 455
491 404
437 433
442 399
470 381
456 446
388 428
462 377
408 406
448 442
454 373
394 471
400 402
419 415
460 453
406 445
452 412
412 376
471 462
431 389
404 372
377 418
464 423
423 385
437 469
484 401
429 465
470 466
435 359
476 397
421 461
495 410
441 439
447 370
488 371
473 471
393 399
434 400
452 448
480 367
413 377
453 413
426 396
399 442
445 409
391 438
465 387
410 451
416 382
383 434
417 347
402 447
449 379
463 463
395 408
428 356
469 357
414 458
455 459
489 372
474 472
447 455
480 403
385 394
426 432
446 410
432 475
439 371
424 471
430 402
403 448
449 415
416 467
444 449
450 380
395 444
436 445
461 389
388 405
456 423
389 370
407 418
448 419
481 367
473 363
459 465
419 392
420 357
425 472
472 404
417 468
418 433
464 400
409 464
443 377
456 459
484 378
389 406
475 409
448 455
476 374
422 403
440 451
401 380
487 383
393 376
406 458
412 389
452 425
404 385
391 415
411 393
435 372
402 424
443 462
422 439
468 406
463 440
454 471
488 384
474 449
434 413
380 442
426 409
399 455
446 387
432 452
392 416
438 383
402 460
458 361
403 425
444 426
376 408
477 374
435 457
395 421
396 386
455 472
461 366
447 468
427 373
373 402
460 407
419 369
405 471
439 384
397 467
425 449
471 416
472 381
444 462
417 445
418 410
491 394
409 441
483 390
388 418
389 383
429 419
475 386
408 396
421 415
454 363
394 461
420 370
406 435
452 402
412 366
398 431
431 379
439 469
418 446
377 408
464 413
450 478
484 391
429 455
470 456
476 387
421 451
422 416
462 452
441 429
487 396
414 412
473 461
433 425
434 390
453 403
426 386
399 432
372 415
445 399
446 364
392 393
465 377
438 360
410 441
383 424
411 406
443 475
402 437
403 402
463 453
455 449
474 462
447 445
407 372
466 458
393 474
467 423
413 452
459 419
432 465
438 396
405 448
479 397
425 426
498 410
430 392
471 393
376 421
444 439
417 422
490 406
450 370
435 470
436 435
456 413
428 431
407 408
408 373
394 438
440 405
419 382
460 420
425 462
431 356
417 458
458 459
418 423
491 407
464 390
423 352
409 454
437 436
483 403
428 467
476 364
421 428
394 474
440 441
468 360
487 373
427 471
434 367
406 448
452 415
379 431
398 444
371 427
404 375
390 440
410 418
383 401
470 469
402 414
403 379
462 465
468 396
454 461
401 455
380 432
467 400
412 464
446 377
431 477
404 460
478 409
383 437
423 473
430 369
449 382
490 383
395 411
435 447
436 412
396 376
469 360
415 389
461 356
447 458
413 465
459 432
419 359
479 410
424 474
397 457
416 470
457 471
417 435
418 400
491 384
464 367
428 444
429 409
389 373
448 422
494 389
440 418
441 383
378 443
452 392
379 408
439 459
399 386
390 417
450 468
451 433
410 395
470 446
476 377
443 429
422 406
463 407
481 455
414 402
434 380
379 444
453 393
420 445
380 409
426 376
399 422
372 405
486 390
391 418
392 383
465 367
432 419
423 450
411 396
383 414
443 465
403 392
463 443
395 388
435 424
454 474
455 439
415 366
401 468
393 464
467 413
459 409
432 455
460 374
405 438
479 387
424 451
425 416
471 383
376 411
444 429
417 412
409 408
437 390
388 385
448 399
375 415
394 428
460 410
446 475
378 420
493 407
452 369
438 471
439 436
472 384
398 398
458 449
464 380
450 445
429 422
396 474
475 389
442 441
421 418
422 383
441 396
482 397
414 379
427 461
387 425
379 421
453 370
439 472
398 434
371 417
445 366
390 430
391 395
410 408
451 446
383 391
442 477
402 404
443 442
455 416
401 445
447 412
420 458
467 390
486 403
431 467
432 432
438 363
479 364
424 428
430 359
425 393
471 360
476 475
395 401
436 402
468 471
456 380
428 398
374 427
407 375
448 376
434 478
394 405
459 422
426 474
419 349
446 452
465 465
397 447
438 448
471 396
472 361
457 461
449 457
437 403
483 370
428 434
475 366
375 428
448 412
421 395
422 360
481 409
386 437
387 402
427 438
406 415
378 433
452 382
379 398
398 411
439 449
458 462
390 407
450 458
410 385
443 419
402 381
422 396
462 432
408 461
454 428
400 457
401 422
419 470
426 366
371 430
467 367
431 444
404 427
432 409
392 373
478 376
423 440
444 383
395 378
476 452
455 429
381 443
468 448
415 356
401 458
413 432
459 399
404 463
460 364
445 464
479 377
425 406
416 437
444 419
457 438
418 367
436 415
382 444
428 411
429 376
374 440
375 405
421 372
480 458
394 418
386 414
446 465
450 435
378 410
406 392
493 397
439 426
485 393
457 474
418 403
430 457
464 370
390 384
449 470
477 452
451 400
470 413
421 408
461 444
422 373
463 374
408 438
454 405
482 387
414 369
473 418
433 382
474 383
379 411
419 447
399 389
472 459
410 398
423 417
497 403
402 394
443 432
463 410
455 406
441 471
401 435
447 402
467 380
459 376
404 440
432 422
405 405
478 389
397 401
425 383
444 396
417 379
435 427
436 392
409 375
468 461
382 421
456 370
428 388
374 417
448 366
489 404
434 468
394 395
426 464
460 377
446 442
492 409
397 437
392 471
465 455
438 438
417 415
430 434
409 411
450 412
396 441
421 385
461 421
462 386
441 363
482 364
433 359
378 423
406 405
460 462
493 410
419 424
439 439
398 401
485 406
390 397
471 471
450 448
410 375
442 444
443 409
462 422
463 387
408 451
454 418
455 383
474 396
447 379
420 425
426 356
467 357
452 457
412 421
486 370
431 434
404 417
478 366
464 468
423 430
425 360
416 391
435 404
381 433
422 471
428 365
414 467
489 381
434 445
394 372
480 412
453 458
413 422
459 389
426 441
385 403
479 367
465 432
392 448
425 396
471 363
411 461
417 392
418 357
403 457
449 424
428 401
469 402
448 379
415 431
440 375
481 376
385 439
386 404
446 455
378 400
439 416
485 383
430 447
449 460
451 390
470 403
443 386
456 468
461 434
389 415
422 363
463 364
448 464
481 412
427 441
473 408
420 402
466 369
412 398
431 411
472 449
391 375
377 440
423 407
424 372
475 454
435 381
455 396
381 410
422 448
401 425
441 461
393 421
467 370
452 470
413 399
459 366
404 430
399 464
405 395
445 431
424 408
425 373
410 473
444 386
411 438
435 417
436 382
477 383
428 378
456 360
374 407
489 394
434 458
394 385
426 454
385 416
386 381
446 432
492 399
439 393
418 370
458 406
403 470
449 437
395 466
451 367
396 431
470 380
375 408
461 411
388 427
421 375
462 376
408 405
387 382
427 418
378 413
460 452
419 414
420 379
431 388
418 455
451 403
423 384
437 468
443 399
484 400
389 428
463 377
408 441
421 460
474 386
447 369
393 398
452 447
413 376
472 462
431 424
432 389
404 407
405 372
464 458
370 414
410 450
416 381
435 394
422 461
381 423
496 410
428 355
441 474
414 457
489 371
433 470
434 435
474 471
453 448
445 444
391 473
392 438
397 404
438 405
417 382
457 418
458 383
403 447
437 360
395 443
469 392
429 356
470 357
421 352
440 365
481 366
386 394
467 468
427 395
473 362
406 372
373 424
419 391
485 373
430 437
425 471
450 415
396 444
443 376
388 440
456 458
462 389
463 354
482 367
454 385
400 414
401 379
474 363
419 427
460 465
466 359
406 457
431 401
404 384
432 366
377 430
423 397
435 371
476 409
381 400
468 405
441 451
447 382
488 383
434 412
480 379
453 425
413 389
399 454
404 420
445 421
465 399
410 463
416 394
383 446
457 395
402 459
449 391
468 441
382 401
428 368
414 470
469 369
455 471
394 375
447 467
385 406
446 422
492 389
478 454
439 383
457 431
430 414
449 427
396 421
436 457
470 370
461 401
389 382
454 362
400 391
473 375
419 404
420 369
479 455
471 451
377 407
418 445
423 374
464 412
437 458
484 390
463 367
455 363
440 463
441 428
401 392
487 395
466 372
452 437
412 401
413 366
404 397
432 379
464 448
451 478
443 474
435 384
402 436
422 451
496 400
463 452
488 396
474 461
434 425
453 438
499 405
399 467
446 399
392 428
438 395
384 424
430 391
498 409
458 373
403 437
477 386
376 420
395 433
435 469
415 411
461 378
407 407
467 458
427 385
419 381
460 419
439 396
425 461
431 355
472 393
491 406
451 370
443 366
428 466
388 430
429 431
408 408
448 444
494 411
474 353
441 405
460 455
420 382
412 378
404 374
377 420
418 458
369 416
484 403
476 399
435 361
421 463
468 395
441 441
414 424
488 373
480 369
399 444
445 411
391 440
465 389
397 371
438 372
410 453
383 436
417 349
403 414
477 363
463 465
428 358
469 359
455 461
447 457
407 384
427 362
413 464
432 477
405 460
439 373
479 409
430 404
471 405
395 446
491 383
436 447
456 425
389 372
462 356
407 420
448 421
481 369
494 388
473 365
373 427
459 467
419 394
425 474
472 406
417 470
458 471
423 364
464 402
437 448
483 415
475 411
448 457
421 440
440 453
468 372
401 382
481 454
487 385
414 401
393 378
434 379
452 427
380 408
398 456
404 387
445 388
424 365
410 430
411 395
443 464
482 455
454 473
488 386
401 467
474 451
480 382
467 412
446 389
392 418
432 454
457 398
458 363
449 394
490 395
435 459
395 423
396 388
455 474
388 384
447 470
373 404
459 444
460 409
397 469
444 464
417 447
418 412
491 396
464 379
437 425
456 438
428 456
389 385
494 401
394 463
440 430
400 394
387 424
433 391
406 437
452 404
412 368
453 369
439 471
399 398
418 448
390 429
451 445
410 407
484 393
476 389
422 418
468 385
463 419
414 414
454 450
434 392
420 457
399 434
372 417
446 366
392 395
438 362
423 462
411 408
457 375
402 439
430 358
403 404
463 455
395 400
455 451
407 374
459 421
419 348
432 467
460 386
405 450
425 428
397 446
430 394
435 472
409 420
456 415
428 433
429 398
448 411
408 375
394 440
386 436
460 422
419 384
452 381
472 396
398 410
431 358
417 460
458 461
409 456
483 405
484 370
476 366
422 395
462 431
441 408
414 391
482 409
487 375
427 473
433 404
406 450
379 433
399 411
371 429
445 378
465 356
410 420
383 403
470 471
402 416
443 454
462 467
463 432
395 377
401 457
447 424
412 466
446 379
431 479
459 398
404 462
432 444
438 375
430 371
416 436
428 410
395 413
447 460
435 449
