173 353
173 352
174 352
172 351
171 351
173 351
172 354
171 354
173 354
170 352
169 353
168 352
167 353
170 355
169 356
168 355
167 356
166 355
165 356
164 357
163 356
162 357
172 352
161 358
160 357
159 358
158 357
157 358
156 359
166 357
168 354
160 359
167 358
170 354
174 354
175 353
176 352
166 359
155 359
157 356
156 355
155 355
157 354
158 353
157 352
159 352
159 354
168 356
158 355
160 352
161 351
160 350
161 349
160 348
162 355
173 355
176 354
177 355
178 356
179 355
180 354
177 357
176 357
180 356
181 357
178 358
179 357
177 359
176 359
175 360
174 361
173 362
176 361
174 363
175 362
180 358
181 359
167 351
166 350
167 349
166 348
167 347
168 347
169 346
168 345
169 344
170 343
171 344
170 345
171 346
169 348
173 364
159 347
158 346
157 345
159 345
170 347
172 344
176 363
177 364
178 365
179 364
180 363
181 364
177 366
180 365
181 366
178 367
179 366
177 368
176 368
175 367
174 368
182 367
183 366
184 365
183 364
167 360
168 361
178 360
165 360
164 359
164 361
154 360
161 353
172 353
175 355
179 353
175 364
176 356
179 352
176 365
179 361
168 351
157 351
160 347
157 360
157 361
168 360
160 356
171 353
163 358
183 363
182 362
175 359
175 368
176 351
175 350
164 358
179 356
156 354
168 346
157 346
160 351
171 348
172 349
182 357
182 366
163 362
164 363
183 358
183 359
175 354
175 363
179 351
156 358
167 355
178 355
178 364
159 360
160 361
160 346
171 343
171 352
182 361
163 357
175 349
175 358
174 362
177 367
156 344
156 353
167 350
178 350
170 346
159 346
178 359
167 359
159 355
178 368
171 347
171 356
171 357
172 358
182 356
183 355
183 354
183 353
182 352
182 365
163 361
174 357
155 353
174 366
185 366
177 362
158 358
167 345
167 354
178 354
159 350
170 350
178 363
159 359
171 342
170 341
182 351
183 350
184 351
183 349
182 348
182 347
185 352
155 357
158 362
186 353
187 352
188 353
187 351
186 350
186 354
186 349
189 354
189 355
190 356
190 357
191 358
190 355
191 354
178 349
179 348
180 349
179 347
177 348
176 347
175 346
175 345
176 346
175 344
176 343
176 342
175 341
175 340
175 339
176 338
176 337
175 336
174 343
189 358
189 359
159 363
159 364
160 365
160 366
159 365
182 346
183 345
183 344
182 343
182 342
181 350
174 338
174 347
155 343
177 343
174 356
166 352
155 352
177 352
185 365
186 364
186 363
185 362
185 361
186 362
187 361
174 365
158 348
177 361
166 361
166 362
167 363
167 364
168 365
155 361
155 362
156 363
156 364
157 365
186 348
187 347
187 346
186 345
186 344
187 343
188 344
187 342
189 345
190 346
190 347
185 343
184 342
185 347
158 366
158 367
159 368
159 369
160 370
178 344
179 343
180 344
179 342
178 345
189 344
190 343
191 344
190 342
190 341
189 340
188 339
187 338
187 337
186 339
186 340
185 338
167 344
166 343
170 340
169 339
168 338
168 337
167 336
167 335
166 334
178 353
189 353
190 352
190 351
189 350
189 349
170 349
159 349
170 358
170 359
170 360
171 361
171 362
170 363
170 364
171 365
171 366
171 367
170 368
192 355
193 356
169 362
184 360
161 367
172 367
181 345
181 354
173 350
162 350
163 351
164 350
164 349
163 348
164 348
163 352
163 353
164 354
164 353
163 347
181 363
162 359
173 359
165 355
162 368
163 367
164 368
164 367
163 366
162 369
165 369
173 368
165 364
174 342
173 341
172 340
172 339
171 338
171 337
170 336
169 335
169 334
168 333
168 332
185 342
193 355
177 338
174 351
185 351
166 347
165 346
164 345
164 344
163 343
163 342
162 341
161 340
161 339
160 338
160 337
159 336
177 347
185 360
186 359
186 358
185 357
185 356
174 360
166 356
177 356
155 356
158 352
155 365
154 365
155 366
155 367
156 368
154 364
153 363
152 362
152 361
151 360
152 360
151 363
151 364
152 365
152 366
152 367
151 368
151 369
152 370
152 371
151 372
150 373
151 374
151 373
150 372
150 367
149 366
148 367
147 367
148 368
148 369
149 370
147 366
147 370
147 371
148 372
148 373
148 374
146 370
146 365
145 364
145 363
144 362
144 361
147 365
148 364
148 363
147 362
147 361
153 372
146 360
146 369
145 368
144 367
144 366
143 368
143 369
144 370
144 371
144 372
145 373
143 373
143 374
144 375
146 374
142 372
141 371
141 370
140 369
140 368
141 367
141 366
141 365
139 367
139 366
143 363
142 363
141 362
141 361
140 363
143 364
166 365
166 366
166 367
167 368
167 369
177 365
186 343
158 361
143 372
178 339
179 339
180 340
179 338
180 339
178 340
167 339
167 340
168 341
168 342
167 341
166 338
165 337
164 336
164 335
163 334
164 334
163 333
162 332
163 337
163 338
163 339
164 340
164 339
158 370
157 370
159 335
160 334
161 335
160 333
160 332
158 334
157 333
157 332
170 335
171 334
172 335
172 334
171 333
171 332
172 331
173 332
172 330
170 331
189 348
180 367
170 344
159 344
160 343
161 344
160 342
159 341
159 340
158 339
157 338
157 337
156 336
155 337
154 337
153 336
156 335
156 339
156 340
156 341
157 342
152 337
152 338
151 339
150 340
150 339
151 341
152 342
152 343
153 344
151 340
155 334
155 338
158 343
147 360
184 346
169 357
184 355
169 366
161 362
184 364
172 362
150 362
149 361
181 340
150 371
162 336
173 336
153 367
142 367
181 349
173 345
162 345
181 358
165 341
162 354
181 367
165 350
173 363
162 363
162 364
165 359
154 359
153 358
174 337
154 368
154 369
155 370
155 371
165 368
166 333
155 333
154 332
153 331
153 330
146 364
185 346
155 342
154 341
153 340
174 346
166 342
177 342
185 355
146 373
158 338
166 351
155 351
177 351
158 347
188 348
177 360
158 356
188 357
187 356
143 367
167 334
191 353
180 353
170 330
180 362
170 339
157 369
149 365
192 345
192 346
169 343
149 374
184 341
183 340
183 339
182 338
169 352
192 354
172 348
184 350
161 348
169 361
184 359
172 357
161 357
161 366
150 366
172 366
173 331
142 362
181 344
153 362
162 340
173 340
153 371
142 371
181 353
154 336
165 336
162 349
173 349
181 362
165 345
162 358
173 358
165 354
154 354
153 353
152 352
152 351
151 353
150 353
173 367
165 363
154 363
185 341
174 341
187 360
176 360
177 337
166 337
146 368
158 333
177 346
166 346
179 365
158 342
188 343
145 372
158 351
188 352
180 348
191 348
191 349
192 350
188 361
191 357
157 355
180 357
168 364
157 364
180 366
160 360
149 360
169 338
160 369
149 369
161 334
169 347
192 349
161 343
172 343
184 345
153 339
161 352
184 354
150 352
169 365
172 361
150 361
161 361
184 363
181 339
161 370
150 370
162 335
173 335
181 348
153 366
142 366
183 367
154 331
162 344
173 344
142 375
165 340
154 340
162 353
165 349
154 358
165 358
187 355
176 355
155 332
187 364
164 362
176 364
179 360
158 337
188 338
156 367
145 367
188 347
180 343
191 343
192 342
193 342
157 341
188 356
157 350
191 352
168 350
180 352
157 359
180 361
168 359
160 355
157 368
168 368
169 333
160 364
149 364
169 342
192 344
149 373
184 340
172 338
150 338
161 338
169 351
192 353
172 347
161 347
184 349
169 360
153 343
184 358
161 356
172 356
153 352
150 365
172 365
161 365
142 361
153 361
181 343
183 362
162 339
173 339
153 370
142 370
165 335
154 335
154 344
165 344
141 374
176 341
187 341
176 350
187 350
179 346
187 359
164 366
145 362
156 362
188 342
145 371
156 371
180 338
157 336
168 336
188 351
180 347
191 347
188 360
160 341
149 341
148 340
191 356
157 363
168 363
169 337
149 368
160 368
172 333
161 333
161 342
150 342
184 344
172 342
153 338
183 348
172 360
183 357
162 334
173 334
154 330
141 360
154 339
165 339
141 369
152 369
187 336
176 336
144 365
176 345
187 345
164 343
144 374
179 341
164 352
187 354
179 350
187 363
179 359
156 357
188 337
145 366
179 368
156 366
188 346
145 375
180 342
191 342
168 340
157 340
160 336
191 351
180 351
168 349
160 345
168 358
160 354
168 367
169 332
160 363
149 363
169 341
182 360
171 360
172 337
161 337
161 346
172 346
163 365
153 342
183 343
140 372
153 351
183 352
175 348
183 361
175 357
141 364
175 366
152 364
144 360
141 373
176 340
164 338
187 340
144 369
156 334
164 347
176 349
187 349
156 343
179 345
164 356
176 358
187 358
179 354
156 352
164 365
179 363
145 361
156 361
188 341
145 370
156 370
168 335
157 335
180 337
167 367
191 346
157 344
168 344
160 340
149 340
168 353
157 353
160 349
190 350
160 358
190 359
182 355
171 355
161 332
172 332
148 362
171 364
182 364
163 360
148 371
153 337
183 338
151 367
140 367
163 369
183 347
152 341
175 343
183 356
175 352
183 365
175 361
152 359
141 368
152 368
164 333
144 364
164 342
187 344
176 344
144 373
179 340
156 338
187 353
164 351
179 349
164 360
179 358
156 356
186 357
156 365
145 365
186 366
167 362
178 362
168 339
157 339
160 335
159 367
170 367
160 344
190 345
147 374
171 341
182 341
191 345
190 354
171 350
182 350
163 346
171 359
182 359
163 355
153 332
171 368
148 366
163 364
151 362
183 342
151 371
175 338
183 351
175 347
183 360
175 356
175 365
141 363
152 363
152 372
141 372
187 339
176 339
164 337
144 368
156 333
164 346
156 342
179 344
156 351
186 352
167 348
178 348
186 361
189 357
178 357
167 357
157 334
168 334
170 353
159 353
178 366
167 366
159 362
170 362
149 339
160 339
147 369
159 371
171 336
190 349
163 332
171 345
182 345
190 358
163 341
182 354
163 350
182 363
148 361
171 363
163 359
148 370
151 366
140 366
163 368
152 331
151 330
183 346
152 340
175 342
175 351
174 355
144 363
185 364
174 364
164 341
168 343
166 360
155 360
156 337
186 338
155 369
166 369
186 347
158 365
178 343
189 343
167 343
186 356
159 339
189 352
167 352
178 352
186 365
170 348
159 348
167 361
178 361
170 357
159 357
170 366
147 364
159 366
171 331
190 344
147 373
182 340
171 340
190 353
163 336
171 349
182 349
163 345
151 343
182 358
171 358
163 354
151 352
148 365
163 363
151 361
183 341
151 370
140 370
175 337
162 367
152 353
185 350
174 350
185 359
174 359
156 332
166 364
155 364
143 362
158 360
186 342
143 371
167 338
178 338
158 369
186 351
170 334
159 334
178 347
189 347
186 360
159 343
189 356
167 365
170 361
159 361
159 370
147 368
171 335
190 348
182 344
151 338
163 340
182 353
163 349
148 360
151 365
140 365
152 330
162 362
152 339
174 336
154 367
165 367
146 363
185 345
174 345
177 341
155 341
166 341
146 372
185 354
177 350
185 363
186 337
143 366
166 368
155 368
167 333
186 346
158 364
143 375
178 342
167 342
189 342
186 355
159 338
170 338
178 351
189 351
170 356
159 356
170 365
147 363
171 330
147 372
171 339
182 339
139 368
163 335
184 367
163 344
151 342
150 374
151 351
181 352
162 348
173 348
181 361
173 357
154 353
165 353
173 366
162 366
165 362
154 362
185 340
174 340
154 371
166 336
155 336
146 367
174 349
185 349
158 332
177 345
166 345
185 358
174 358
158 341
177 354
155 354
166 354
174 367
185 367
158 350
155 363
166 363
143 361
177 363
186 341
158 359
143 370
167 337
158 368
170 333
159 333
167 346
189 346
178 346
170 342
159 342
159 351
170 351
192 348
169 355
192 357
184 353
139 363
169 364
148 341
184 362
150 360
161 360
181 338
161 369
150 369
153 365
181 347
142 365
173 343
162 343
181 356
142 374
162 352
181 365
165 348
173 361
162 361
165 357
154 357
174 335
165 366
180 345
154 366
155 331
174 344
146 362
185 344
177 340
166 340
155 340
185 353
146 371
174 353
158 336
166 349
177 349
158 345
177 358
155 358
166 358
158 354
188 355
143 365
158 363
178 341
189 341
180 360
170 337
159 337
157 367
192 343
149 372
184 339
169 350
192 352
184 348
169 359
172 355
184 357
161 355
169 368
184 366
161 364
150 364
172 364
142 360
153 360
181 342
173 338
162 338
181 351
153 369
173 333
142 369
165 334
154 334
173 347
162 347
181 360
154 343
165 343
162 356
173 356
154 352
165 352
162 365
173 365
154 361
193 343
165 361
174 339
185 339
154 370
166 335
155 335
185 348
174 348
146 366
176 367
166 344
177 344
155 344
158 340
166 353
177 353
158 349
188 350
143 360
180 346
188 359
180 355
191 355
170 332
159 332
168 362
180 364
157 362
169 336
138 367
149 367
160 367
169 345
192 347
153 364
184 343
161 341
150 341
172 341
192 356
169 354
172 350
184 352
161 350
169 363
172 359
184 361
161 359
181 337
172 368
161 368
150 368
162 333
142 364
181 346
162 342
173 342
181 355
142 373
165 338
154 338
162 351
165 347
173 360
162 360
176 353
165 365
155 330
146 361
176 362
187 362
155 339
177 339
166 339
164 369
158 335
188 336
179 367
158 344
188 345
145 374
180 341
188 354
180 350
168 348
191 350
168 357
191 359
180 359
157 357
160 353
149 353
168 366
157 366
180 368
169 331
149 362
160 362
169 340
149 371
184 338
161 336
172 336
169 349
192 351
172 345
161 345
184 347
169 358
153 341
161 354
184 356
169 367
161 363
172 363
150 363
153 359
181 341
173 337
162 337
142 368
153 368
165 333
154 333
162 346
173 346
165 342
165 351
154 351
176 348
187 348
164 355
187 357
176 366
164 364
179 362
156 360
145 360
188 340
156 369
145 369
188 349
154 342
157 343
188 358
