427 418
426 418
428 418
429 419
425 419
424 418
429 420
430 419
429 417
430 416
431 417
432 416
433 415
431 420
432 419
433 418
434 416
435 415
423 419
422 418
421 419
420 420
419 419
427 417
418 420
434 419
436 416
437 415
438 414
439 415
428 421
427 422
417 421
419 418
420 417
419 416
421 416
422 415
432 421
437 417
424 417
425 416
426 415
438 416
418 422
429 422
416 422
415 421
415 423
430 421
421 418
423 415
436 418
425 418
427 415
426 417
428 414
427 413
428 412
429 411
430 410
429 413
431 410
430 412
417 423
428 423
427 424
426 424
425 425
424 424
424 426
425 427
426 426
419 420
432 414
424 419
435 419
438 418
429 415
418 415
417 414
418 413
417 412
418 411
419 411
420 410
419 409
420 408
421 407
422 408
421 409
428 410
440 415
416 415
415 414
414 413
415 412
414 411
413 410
415 416
430 414
424 428
421 411
423 408
439 413
440 413
416 424
415 425
430 423
421 420
425 423
434 414
436 420
425 420
426 419
417 416
428 416
417 419
419 413
425 429
423 429
422 429
426 428
427 429
428 428
429 429
430 428
428 430
427 431
426 431
425 432
424 433
425 434
424 435
425 436
428 432
413 412
435 421
424 421
416 417
424 430
416 426
428 409
436 422
425 422
417 418
428 427
417 427
417 428
429 410
421 406
420 419
431 419
431 428
423 424
423 433
432 411
432 412
424 407
432 420
435 416
424 416
432 429
432 430
416 412
424 425
416 421
424 434
425 408
425 409
425 417
436 417
417 413
428 413
428 422
439 419
440 420
427 426
420 405
420 414
431 414
412 410
431 423
423 428
432 415
413 411
432 424
432 425
435 420
424 420
416 416
424 429
416 425
428 408
430 427
439 414
427 412
427 421
419 417
427 430
420 409
431 409
431 418
420 418
423 414
431 427
423 423
423 432
432 410
424 406
423 405
424 415
426 434
427 435
416 411
416 420
438 417
415 424
430 422
427 407
439 418
427 416
419 412
427 425
419 421
427 434
420 404
431 413
420 413
412 409
423 409
423 410
424 411
424 412
425 413
431 422
420 422
420 423
420 424
421 425
423 418
423 427
424 410
426 429
438 412
430 408
415 419
430 417
430 426
427 411
419 407
418 406
417 405
417 404
416 403
416 402
416 406
416 407
417 408
417 409
427 420
419 425
419 426
420 427
420 428
431 408
432 407
433 408
432 406
431 405
431 404
432 405
423 404
412 413
412 414
413 415
413 416
413 417
412 418
412 419
413 420
413 421
423 413
423 422
416 401
417 400
418 401
418 402
417 399
416 398
416 397
426 433
415 405
414 404
430 403
429 402
429 401
428 400
428 399
428 403
428 404
428 405
429 406
427 402
430 430
430 431
431 432
431 433
432 434
427 406
419 402
419 429
419 430
419 431
420 432
420 433
419 434
419 435
419 436
420 437
420 438
420 436
419 439
419 440
420 441
420 442
420 403
421 402
421 401
420 400
420 399
421 398
422 399
421 397
423 400
424 401
425 400
425 399
424 398
424 402
425 403
425 404
424 397
419 398
418 397
418 396
417 395
417 394
418 393
418 392
417 391
417 390
416 393
417 389
418 388
418 387
417 386
417 385
418 384
418 383
418 382
417 381
416 384
416 388
417 380
418 379
418 378
417 377
417 376
418 377
416 379
416 383
424 396
425 395
425 394
424 393
424 392
423 391
422 390
422 389
421 388
421 387
420 386
423 395
422 394
421 393
421 392
416 392
417 375
418 374
418 373
417 372
417 371
416 370
416 374
419 393
420 385
421 384
422 385
421 383
421 382
422 381
422 380
421 379
421 378
420 381
423 386
424 387
425 386
426 387
425 385
424 388
425 389
425 390
425 384
424 383
427 388
428 389
429 388
429 387
428 386
428 390
428 391
429 392
429 393
428 385
428 394
428 395
429 396
429 397
427 393
423 381
420 394
420 395
423 390
431 403
432 402
433 403
432 401
431 400
431 399
422 422
423 399
433 431
422 431
412 408
413 407
413 406
412 405
412 404
416 369
415 368
414 367
414 366
424 382
425 381
426 382
425 380
424 379
424 378
411 412
416 378
415 377
414 377
414 376
413 378
413 379
414 380
414 381
412 377
413 382
413 383
413 384
414 385
414 386
413 387
413 388
412 386
412 381
411 380
410 379
410 378
411 379
409 377
410 377
409 376
409 380
409 381
409 382
410 383
411 384
410 382
426 410
416 387
434 432
434 433
435 434
435 435
436 436
417 370
418 369
419 370
418 368
417 367
430 389
431 390
432 391
433 390
433 389
432 388
432 392
432 393
433 394
432 387
431 386
431 385
431 384
432 383
432 382
433 381
434 382
433 380
435 383
436 384
437 383
437 382
436 381
436 385
436 386
437 387
437 386
436 380
435 379
431 381
430 380
429 379
429 378
429 377
428 376
428 380
428 381
429 382
429 383
435 378
434 377
433 376
433 375
432 374
432 373
433 372
434 373
433 371
433 370
432 369
435 374
436 375
437 374
437 373
436 376
437 377
437 378
437 372
436 371
435 387
435 388
436 389
436 390
437 391
436 392
437 392
435 393
436 394
436 395
437 396
437 397
437 398
436 399
436 400
437 401
435 398
435 397
436 398
435 392
435 401
435 402
432 372
436 403
436 404
437 405
437 406
435 396
436 370
437 369
438 370
437 368
436 367
435 367
434 368
433 367
433 366
436 366
435 369
436 379
438 398
428 375
428 374
429 374
430 375
429 373
428 372
428 371
438 407
439 399
439 400
440 401
440 402
441 403
439 408
439 409
440 410
440 411
439 410
442 404
443 403
444 404
444 403
443 402
442 405
443 406
443 407
444 408
443 401
442 400
425 387
431 376
431 394
431 395
432 396
431 397
432 397
432 368
431 367
430 366
432 377
432 378
435 373
432 386
433 385
445 405
435 382
435 391
436 365
437 364
437 363
437 362
438 361
436 362
436 361
435 360
434 359
434 358
433 357
433 356
434 355
435 356
436 355
437 355
432 355
435 355
435 364
434 364
434 363
433 362
432 362
433 361
432 360
432 359
431 358
430 357
430 356
429 355
428 355
437 380
429 358
429 359
429 360
430 361
428 357
438 384
428 370
415 400
427 374
438 420
439 385
427 410
419 406
420 371
431 380
422 417
433 426
434 391
413 368
412 367
424 377
423 376
422 375
421 374
416 373
411 407
434 427
435 426
436 427
426 423
438 397
439 362
430 393
415 413
427 387
419 383
431 357
418 424
437 437
429 433
421 429
420 384
412 380
432 358
423 389
435 363
422 430
414 426
434 404
426 400
438 374
411 420
410 419
439 375
440 374
441 375
430 406
437 414
440 419
419 396
431 370
430 370
418 437
417 437
417 436
421 442
422 407
441 420
414 403
433 416
434 381
415 367
426 413
438 387
430 383
436 426
415 403
427 377
426 378
426 377
419 373
418 414
437 427
429 423
422 384
433 393
422 420
414 416
434 394
426 390
445 403
432 433
438 364
411 410
410 410
409 410
410 409
430 360
444 407
415 380
427 354
426 355
425 430
417 426
418 391
437 404
428 435
429 400
408 377
407 376
421 396
440 409
441 374
418 427
421 432
422 397
441 410
442 410
443 411
433 406
434 371
411 387
410 387
410 386
438 377
430 373
425 407
416 438
416 439
417 403
437 381
440 386
441 385
440 387
417 439
418 404
422 374
441 387
433 383
414 406
434 384
426 380
432 423
435 428
435 429
436 393
415 370
414 371
414 370
418 381
436 429
437 394
428 425
429 390
421 386
440 399
441 398
440 397
441 397
433 360
410 376
411 375
410 374
411 374
443 410
422 387
414 383
433 396
434 361
420 426
412 422
412 423
431 435
430 436
431 436
432 400
423 431
411 377
435 405
435 406
413 423
432 436
433 436
434 437
435 438
435 439
436 439
424 432
425 397
416 428
444 410
417 393
436 406
437 371
428 402
429 367
428 367
429 368
427 367
426 368
426 367
440 376
440 377
439 417
418 394
429 403
421 399
441 377
442 377
443 378
433 373
419 438
431 412
420 439
432 413
424 409
416 405
435 418
436 383
428 379
425 410
417 406
418 371
437 384
428 415
429 380
421 376
427 419
443 400
420 416
412 412
431 425
432 390
423 421
424 386
435 395
436 360
434 436
413 413
424 422
444 400
445 400
446 401
416 418
417 383
436 396
409 379
437 361
428 392
429 357
439 407
442 412
442 413
421 389
427 432
433 363
419 428
420 393
431 402
432 367
423 398
443 413
420 429
432 403
423 434
424 399
416 395
444 377
436 373
428 369
438 419
417 396
430 415
429 370
427 409
419 405
439 420
419 441
420 406
413 367
431 415
432 380
423 411
424 376
425 375
424 374
425 374
416 372
435 385
434 426
413 403
412 402
413 401
412 400
413 400
426 422
446 400
425 377
416 408
417 373
428 382
439 397
442 402
408 409
407 409
420 383
412 379
431 392
432 357
423 388
435 362
433 438
433 439
412 415
413 380
424 389
425 354
424 354
423 353
422 352
421 351
420 351
419 351
419 350
418 349
417 348
418 348
421 353
421 354
422 354
424 353
416 385
411 419
417 350
416 350
417 351
436 363
428 359
434 439
426 435
438 409
439 374
430 405
418 351
442 379
442 380
427 399
419 395
431 369
418 436
443 380
421 441
422 440
441 419
420 396
432 370
423 401
435 375
422 442
423 442
424 442
425 441
425 440
426 412
438 386
430 382
415 402
427 376
419 372
439 387
430 418
437 426
419 408
420 373
412 369
412 370
431 382
423 378
422 419
414 415
433 428
434 393
413 370
426 389
445 402
416 375
411 409
415 379
434 429
426 425
446 403
447 404
447 403
448 403
438 399
439 364
440 364
441 365
441 364
440 366
430 395
436 438
415 415
408 376
427 389
419 385
420 350
431 359
418 426
423 355
423 356
437 439
438 440
439 441
440 442
441 443
442 443
443 444
443 443
444 443
445 443
446 444
439 440
442 445
442 446
443 446
445 445
445 446
446 446
438 442
441 442
444 442
429 435
421 431
440 444
441 409
433 405
412 382
424 356
410 421
409 422
409 423
410 422
408 422
407 421
408 420
407 419
408 419
411 386
416 352
435 365
422 432
434 406
426 402
438 376
411 422
430 372
415 392
414 393
414 394
427 366
439 377
425 442
426 443
427 443
427 442
417 438
437 416
429 412
440 421
440 422
441 386
431 372
418 439
422 409
441 422
442 423
442 422
443 421
444 420
443 423
414 405
434 383
426 379
411 399
411 398
410 397
411 397
410 399
409 400
408 399
407 399
407 398
408 397
415 369
430 385
436 428
437 393
428 424
448 402
448 401
448 400
427 379
440 398
419 375
418 416
437 429
438 430
438 429
439 428
439 430
440 431
441 430
440 432
441 432
442 433
443 434
443 433
442 435
444 432
443 431
444 431
445 433
446 434
444 430
446 433
445 435
445 436
446 436
447 437
447 436
448 436
449 436
450 437
451 437
449 438
449 439
450 439
452 438
453 437
452 439
453 439
454 440
455 441
455 440
454 442
456 439
457 440
458 441
458 440
457 442
457 443
458 443
459 443
460 444
461 445
462 444
461 446
463 444
462 446
460 443
459 445
459 446
448 435
460 446
462 445
463 446
464 447
465 446
455 442
447 438
447 439
429 425
448 438
421 421
422 386
441 399
414 382
433 395
434 360
410 411
409 412
409 413
411 376
443 445
414 418
434 396
426 392
432 435
424 431
430 362
444 409
435 440
435 441
436 405
415 382
407 378
427 356
426 357
419 352
444 445
436 441
409 424
409 425
441 376
406 418
405 417
406 417
406 416
405 419
404 419
405 420
404 421
403 418
402 418
402 417
403 416
401 416
400 416
400 415
401 414
410 388
409 389
409 390
410 389
408 389
407 389
407 388
408 387
407 386
408 386
414 395
426 369
399 415
398 415
397 416
397 415
398 414
397 413
398 413
396 413
395 412
398 412
399 413
396 412
399 412
395 414
411 389
412 390
413 390
423 443
423 444
424 444
416 440
444 422
445 423
446 424
446 423
445 425
409 401
409 402
440 388
440 389
417 441
458 442
450 438
461 447
461 448
422 376
441 389
442 390
443 390
414 372
414 373
410 401
451 439
411 366
443 435
462 448
447 405
447 406
444 399
443 398
444 398
444 397
435 430
415 372
446 445
409 414
448 405
449 406
449 405
450 404
451 404
450 406
422 353
441 366
442 367
443 368
443 367
444 367
445 368
445 367
446 368
446 367
442 369
442 370
443 370
445 369
445 370
446 370
447 371
448 370
448 369
448 368
406 408
405 407
406 406
404 408
404 409
405 409
403 408
402 408
402 407
402 406
402 405
401 404
400 403
403 406
399 403
398 403
397 403
398 402
399 401
398 400
399 400
401 403
400 405
400 406
401 406
403 405
396 402
395 402
399 402
405 408
439 442
398 404
397 405
442 447
443 412
401 415
412 424
412 425
431 437
430 438
430 439
444 376
444 375
435 407
435 408
413 425
405 421
397 417
397 418
444 412
445 413
445 412
446 411
446 413
447 414
448 413
448 415
449 416
447 416
450 416
451 415
450 414
452 416
453 417
454 417
455 418
455 417
456 417
451 414
454 419
454 420
455 420
451 417
453 416
456 416
452 418
455 419
456 419
457 420
457 419
458 418
458 420
458 419
451 416
454 421
454 422
455 422
436 408
409 391
409 392
429 369
394 411
393 410
394 410
394 409
393 412
393 413
392 409
391 409
390 409
390 408
389 407
388 408
388 409
389 409
390 410
390 411
391 411
440 378
406 385
405 384
406 384
406 383
405 386
404 386
405 387
404 388
403 385
402 385
402 384
402 383
403 383
401 383
400 383
442 424
442 425
441 379
427 444
428 445
428 446
429 446
426 445
426 446
429 445
428 447
428 448
429 448
430 449
430 448
431 448
431 447
431 446
431 445
432 446
432 445
432 448
433 449
433 448
434 447
434 449
435 450
436 449
437 450
438 450
439 451
440 452
441 453
439 450
435 451
438 452
438 453
439 453
441 452
437 449
440 454
440 455
441 455
442 456
442 455
443 456
443 455
444 455
445 456
446 456
436 451
439 452
442 457
442 458
443 458
445 457
445 458
446 458
447 459
448 458
449 459
450 460
450 459
451 460
452 459
453 460
453 459
449 461
452 461
452 462
453 462
454 462
455 463
455 462
456 462
457 463
458 463
451 459
454 464
454 465
455 465
457 464
457 465
458 465
459 466
460 467
461 468
462 469
460 466
459 468
462 468
463 467
462 466
463 466
463 469
464 470
464 469
465 469
466 469
467 470
466 471
466 472
467 472
468 473
469 472
469 471
470 470
470 472
465 468
465 467
465 466
450 461
461 470
451 462
464 471
464 472
453 461
465 471
438 454
430 450
430 451
387 408
386 408
385 408
385 407
386 406
385 405
384 406
383 406
383 405
386 405
387 404
386 403
387 403
387 406
384 405
387 405
383 407
386 407
399 382
398 382
397 383
397 382
396 382
395 382
395 381
395 380
395 379
396 378
396 377
396 380
396 379
398 381
398 380
398 379
399 378
399 380
399 379
410 391
443 425
413 402
425 376
444 389
443 388
445 390
445 391
446 391
447 391
448 391
448 390
444 387
446 390
445 392
448 392
449 393
450 394
447 393
447 394
448 393
450 393
451 392
452 393
452 394
453 394
451 394
449 395
449 396
450 396
452 395
452 396
453 396
454 397
455 397
456 396
455 395
457 397
458 398
456 394
458 397
457 399
451 393
454 398
454 399
455 399
447 395
446 435
465 448
466 449
467 450
468 450
469 450
469 449
470 448
469 447
470 447
470 450
471 450
472 451
473 452
473 453
474 453
471 452
471 453
472 453
464 449
474 452
467 449
470 449
473 454
473 455
474 455
475 456
476 456
466 451
477 455
476 454
478 456
479 457
477 453
427 365
427 364
479 456
478 458
469 451
468 452
468 453
470 452
472 452
475 457
475 458
476 458
468 454
438 431
438 432
457 444
449 440
449 441
450 405
406 398
405 397
404 396
403 396
402 396
402 395
403 394
402 393
401 394
400 393
403 393
405 396
406 396
401 393
404 398
404 399
405 399
400 395
403 395
406 395
406 394
406 393
399 392
399 391
398 390
399 390
398 392
397 393
396 392
395 392
395 391
395 390
395 389
396 390
394 389
393 390
393 389
398 391
402 397
392 389
391 389
390 388
391 387
390 386
389 387
388 387
388 386
391 386
392 385
391 384
392 384
392 387
389 386
392 386
388 388
391 388
405 398
397 394
397 395
394 388
394 387
394 386
387 385
386 385
385 385
385 384
386 383
387 383
384 385
383 385
383 384
386 384
398 394
439 432
390 390
450 441
451 406
452 406
453 406
454 407
455 408
455 407
456 407
457 407
458 408
458 407
454 409
455 410
457 409
457 410
458 410
459 411
459 410
460 411
461 412
462 411
463 412
461 413
463 411
462 413
459 412
459 413
456 406
455 405
456 405
456 404
460 413
462 412
463 413
464 414
465 413
466 414
467 415
467 414
466 416
466 417
467 417
468 417
469 417
469 416
470 415
469 414
470 414
470 417
467 416
470 416
455 409
466 418
458 409
469 418
468 419
468 420
469 419
461 414
461 415
470 419
471 420
471 419
472 418
473 419
474 418
473 420
474 420
472 420
473 421
462 415
454 411
401 405
447 372
447 373
404 410
404 411
425 353
444 366
443 365
444 365
444 364
434 438
445 447
445 448
405 411
446 412
457 421
457 422
418 350
449 417
449 418
448 372
449 373
449 372
450 371
451 372
452 371
453 372
453 371
452 373
451 371
450 373
453 373
454 374
455 375
455 374
456 374
457 374
458 375
458 374
454 376
454 377
455 377
457 376
457 377
458 377
459 378
460 378
461 379
462 378
463 379
461 380
463 378
462 380
459 379
459 380
456 373
455 372
456 372
456 371
460 380
463 380
464 381
464 382
465 381
466 381
467 382
467 381
466 383
466 384
467 384
468 384
469 384
469 383
470 382
469 381
470 384
471 385
472 385
465 380
471 386
471 387
472 387
473 387
474 387
464 383
464 384
467 383
470 383
473 388
473 389
455 376
474 389
475 390
475 391
476 391
476 390
475 392
466 385
421 355
421 356
394 401
393 400
394 399
393 402
392 399
391 399
390 399
390 398
391 397
390 396
389 397
388 396
391 396
392 397
387 396
386 395
387 394
386 393
385 395
384 394
383 393
384 393
387 393
383 395
389 396
382 392
388 398
388 399
389 399
391 398
383 394
384 395
394 398
394 397
387 395
390 400
390 401
391 401
393 401
385 396
385 397
386 397
467 471
446 448
447 449
447 448
448 448
449 449
450 449
451 448
450 447
452 449
453 450
451 447
453 449
452 451
451 449
449 450
449 451
450 451
453 451
454 452
454 453
455 453
455 452
456 452
457 453
457 452
458 451
458 453
458 452
454 454
455 455
457 454
457 455
458 455
459 456
459 455
460 454
460 456
461 456
462 456
463 457
464 457
465 457
465 456
463 456
461 457
461 458
462 458
465 458
466 459
467 460
464 459
464 460
467 459
466 461
466 462
467 462
468 463
468 462
469 462
469 461
469 460
469 459
470 460
470 459
470 462
471 463
472 463
468 464
468 465
469 464
471 464
471 465
472 465
464 461
406 375
405 374
406 373
405 376
404 376
403 375
402 375
402 374
402 373
402 372
403 373
401 373
400 373
400 372
403 372
458 422
459 423
460 423
461 423
462 424
462 423
463 422
462 421
463 421
463 424
464 424
465 424
465 423
463 423
461 424
430 440
450 418
442 414
442 415
443 379
456 461
456 460
422 356
389 408
408 421
400 417
400 418
460 468
412 391
412 392
443 415
422 441
401 418
441 454
393 414
433 450
433 451
452 463
413 392
445 424
405 388
425 366
425 365
424 364
425 364
423 365
423 366
422 364
421 364
424 366
421 365
421 366
422 366
397 384
397 385
444 379
445 380
445 379
446 378
446 380
447 381
448 380
448 382
449 383
450 384
447 383
450 383
451 382
450 381
452 383
452 384
453 384
451 381
451 384
453 383
449 385
452 385
452 386
453 386
454 387
454 386
455 385
456 384
455 387
456 383
456 382
455 386
456 386
457 387
458 387
459 388
460 389
461 390
462 391
460 388
459 390
460 391
462 390
463 389
462 388
463 388
463 391
464 391
465 391
465 390
461 392
460 390
463 390
459 392
451 383
462 392
454 388
454 389
455 389
382 404
381 404
381 403
381 402
380 401
379 400
380 400
378 401
378 402
379 402
382 402
377 401
376 402
376 401
379 401
380 402
378 403
378 404
379 404
434 451
394 378
393 377
394 377
394 376
393 379
393 380
392 376
392 375
391 374
392 374
391 376
390 377
390 378
391 378
426 447
385 409
446 425
447 426
447 427
448 425
448 424
449 426
450 427
448 423
450 426
451 425
450 424
452 426
453 427
451 424
451 427
453 426
449 428
449 429
450 429
452 428
452 429
453 429
454 430
455 430
456 429
457 430
458 431
458 430
457 432
451 426
454 431
454 432
455 432
447 428
458 432
459 433
459 434
460 434
461 433
462 434
462 433
463 434
461 435
461 436
462 436
460 433
463 433
459 435
460 436
462 435
463 436
464 437
450 428
461 437
451 429
464 438
464 439
453 428
465 438
466 439
466 438
467 439
468 440
469 441
468 442
438 421
438 422
439 386
458 399
459 400
460 399
459 401
461 400
462 401
460 398
460 401
462 400
463 399
463 401
461 402
461 403
462 403
460 400
463 400
459 402
459 403
460 403
462 402
463 403
464 404
465 403
466 404
467 405
467 404
466 406
466 405
467 406
468 407
469 406
470 405
469 404
470 404
470 407
471 408
471 407
472 408
473 407
474 408
474 407
473 409
473 410
474 410
472 407
471 409
471 410
472 410
474 409
470 406
473 411
473 412
474 412
475 413
475 412
476 411
477 410
476 413
477 409
477 408
476 412
465 402
376 400
465 401
377 399
375 399
374 399
374 398
377 398
375 398
374 400
374 401
477 412
478 413
479 412
479 411
479 413
480 414
481 414
481 413
482 412
481 411
482 411
482 414
483 414
484 415
484 414
483 416
482 413
481 415
480 416
484 416
449 430
450 395
469 408
468 409
442 391
442 392
375 401
415 437
414 436
415 436
415 435
414 438
414 439
413 435
413 434
412 433
413 433
412 435
411 432
410 432
409 433
408 432
407 432
407 431
408 430
407 429
406 429
405 430
404 429
405 429
408 429
404 431
404 432
405 432
410 431
411 430
403 428
402 428
401 427
400 426
401 426
400 428
409 434
409 435
406 428
406 427
406 426
399 425
398 425
397 426
396 425
395 425
395 424
396 423
395 422
394 422
393 423
393 422
396 422
398 424
398 423
399 423
410 434
405 431
397 427
397 428
394 421
393 420
394 420
392 420
391 420
390 419
389 420
388 419
391 419
394 419
390 421
389 419
392 419
388 421
391 421
387 418
386 418
385 418
385 417
386 416
385 415
384 416
383 416
383 415
387 416
382 415
381 415
381 414
382 413
381 412
380 411
379 410
380 410
379 412
378 412
379 413
380 413
382 412
378 414
384 415
377 411
376 412
380 412
383 417
383 418
384 418
386 417
379 414
398 427
408 431
401 428
393 424
393 425
404 433
382 414
385 419
385 420
375 411
374 411
374 410
374 409
374 408
375 407
375 409
373 408
372 407
373 406
371 408
371 409
372 409
373 405
372 408
371 410
371 411
372 411
386 420
411 431
396 424
461 404
388 420
407 433
407 434
408 398
460 445
439 422
479 458
480 459
480 460
481 458
481 457
481 456
482 457
482 456
398 384
471 454
471 455
472 419
377 410
377 409
451 396
443 392
389 421
462 405
408 434
441 431
401 395
393 391
393 392
452 440
452 441
413 369
472 455
404 400
381 416
468 421
434 428
453 441
385 386
385 387
445 437
405 401
446 402
465 415
464 416
457 411
458 376
449 407
449 408
477 389
478 388
479 389
476 388
477 388
479 388
478 390
478 391
479 391
480 391
481 391
481 390
482 389
482 391
477 387
479 390
482 390
478 392
479 393
480 394
480 393
481 393
481 392
482 393
483 394
483 393
484 392
484 394
485 395
486 394
486 396
487 397
487 398
488 398
485 397
488 397
489 396
488 395
490 397
490 398
491 398
489 395
489 398
491 397
487 399
490 399
490 400
491 400
492 401
492 400
493 399
494 400
495 401
493 401
496 401
497 402
498 402
498 401
494 402
494 403
495 403
498 403
499 404
500 405
497 404
500 404
501 405
499 406
502 406
502 407
503 407
493 400
489 397
500 406
492 402
492 403
501 407
493 403
495 402
496 403
488 399
480 395
480 396
450 372
469 385
468 386
468 387
469 386
461 381
461 382
394 391
407 410
407 411
386 387
467 461
459 457
459 458
458 412
450 408
451 373
437 438
470 386
443 369
456 451
455 450
456 450
456 449
456 448
456 447
389 398
462 382
408 411
448 447
448 446
448 445
454 378
440 443
400 407
401 372
460 458
404 377
404 378
424 355
416 351
401 408
441 444
414 427
414 428
433 440
433 441
434 405
453 418
445 414
445 415
405 378
465 392
466 393
467 392
466 394
467 394
464 393
464 394
465 393
467 393
466 395
466 396
467 396
468 397
469 396
469 395
469 394
470 394
470 396
471 397
471 398
472 398
473 397
474 398
475 398
474 397
473 399
472 397
471 399
474 399
475 400
476 401
476 400
477 400
478 401
478 400
479 401
479 400
475 402
475 403
476 403
478 402
478 403
479 403
480 404
481 403
481 402
481 401
482 401
482 403
483 404
484 405
485 405
486 405
486 404
484 404
483 406
486 406
487 407
488 408
485 407
485 408
486 407
488 407
489 406
490 407
491 408
489 408
487 409
487 410
488 410
490 409
490 410
491 410
492 411
493 411
489 407
492 412
492 413
485 409
485 410
488 409
480 405
480 406
477 399
477 398
477 397
489 410
481 405
491 409
484 406
476 402
468 398
468 399
487 411
425 356
411 421
457 388
457 389
417 352
403 417
382 394
463 468
428 361
455 464
488 412
489 412
490 412
434 441
426 437
466 473
466 474
446 415
438 411
439 376
430 407
458 389
444 454
444 453
444 452
450 385
396 414
436 450
469 398
442 381
442 382
415 427
388 410
388 411
456 428
456 427
407 423
408 388
427 401
400 384
400 385
419 397
460 435
431 371
472 409
418 438
377 400
423 367
423 368
464 405
464 406
437 451
443 382
456 464
389 411
429 447
475 414
475 415
448 460
447 461
421 443
421 444
420 445
440 456
441 421
401 385
433 417
393 381
452 430
452 431
453 395
399 424
423 403
424 368
410 433
435 377
476 415
477 416
478 415
402 429
402 430
422 444
463 445
414 440
434 418
474 454
453 431
426 414
466 450
446 392
465 405
392 421
438 388
438 389
411 434
384 417
430 384
403 430
449 397
376 413
376 414
395 426
395 427
396 391
415 404
407 400
407 401
467 451
427 378
373 407
459 447
459 448
419 374
460 412
439 389
430 420
471 421
471 422
472 386
491 399
396 427
437 428
483 395
483 396
456 441
429 424
389 388
502 408
408 401
448 437
494 404
494 405
440 433
440 434
460 448
419 410
420 375
412 371
452 407
452 408
377 413
423 380
484 396
470 461
476 392
422 421
462 457
495 405
468 388
468 389
441 434
414 417
433 430
434 395
453 408
426 391
445 404
446 369
465 382
392 398
438 365
438 366
411 411
457 378
457 379
403 407
449 374
449 375
463 458
395 403
395 404
455 454
415 381
447 450
447 451
407 377
466 463
426 427
427 355
459 424
459 425
438 401
479 402
439 366
430 397
458 379
425 431
444 444
490 411
450 375
436 440
396 404
442 371
415 417
388 400
456 418
428 436
428 437
448 414
408 378
427 391
400 374
400 375
419 387
420 352
472 399
431 361
418 428
458 464
491 412
423 357
423 358
464 395
464 396
437 441
429 437
475 404
448 450
461 469
421 433
422 398
441 411
401 375
433 407
434 372
453 385
399 414
445 381
445 382
424 358
391 410
410 423
451 461
411 388
402 419
402 420
443 457
403 384
462 470
422 434
463 435
454 466
454 467
455 431
434 408
466 440
466 441
426 404
446 382
432 447
392 411
438 378
478 414
411 424
424 443
384 407
430 374
403 420
444 421
376 403
376 404
376 405
435 452
435 453
436 454
396 381
455 467
415 394
456 395
407 390
467 441
427 368
459 437
460 402
479 415
425 444
471 411
444 457
417 440
418 405
436 453
437 418
477 454
409 436
409 437
428 449
456 431
429 414
448 427
421 410
440 423
441 388
420 365
387 417
433 384
406 430
452 397
452 398
398 426
418 441
390 422
390 423
410 400
451 438
497 405
497 406
497 407
470 451
421 446
420 447
422 411
462 447
441 424
454 443
454 444
453 445
414 407
433 420
473 456
473 457
473 458
474 421
434 385
453 398
380 414
426 381
399 427
372 410
486 395
391 423
392 388
410 436
383 419
411 401
384 384
403 397
463 448
395 393
395 394
455 444
415 371
474 457
447 440
467 418
459 414
459 415
460 379
479 392
384 420
383 421
498 405
430 387
425 421
471 388
471 389
444 434
417 417
490 401
436 430
396 394
437 395
456 408
428 426
429 391
448 404
440 400
419 377
460 415
406 407
493 412
452 374
452 375
472 389
458 454
418 418
464 385
437 431
450 450
429 427
469 463
461 459
461 460
421 423
422 388
441 401
482 402
414 384
433 397
434 362
453 375
426 358
426 359
399 404
445 371
445 372
391 400
410 413
451 451
411 378
383 396
383 397
470 464
402 409
402 410
443 447
403 374
462 460
454 456
455 421
447 417
447 418
446 419
426 394
467 395
413 424
446 372
486 408
459 391
432 437
392 401
438 368
478 404
478 405
384 397
425 398
416 429
416 430
444 411
435 442
436 407
415 384
456 385
448 381
427 358
460 392
446 457
479 405
465 470
417 430
457 466
457 467
418 395
436 443
449 462
449 463
409 426
437 408
469 440
429 404
448 417
421 400
422 365
441 378
387 407
433 374
406 420
452 387
379 403
398 416
439 454
399 381
458 467
390 412
390 413
391 377
450 463
410 390
451 428
442 459
442 460
443 424
402 386
402 387
422 401
462 437
463 402
454 433
454 434
482 415
455 398
434 375
474 411
420 440
380 404
466 407
466 408
412 436
412 437
411 438
391 413
431 449
392 378
411 391
423 445
423 446
443 460
403 387
444 388
395 383
476 457
455 434
467 408
413 437
459 404
432 450
405 433
478 417
477 418
424 446
425 411
465 447
397 429
397 430
396 431
395 432
396 433
394 432
393 433
395 434
395 435
396 435
397 436
398 435
399 436
400 436
401 437
402 438
403 439
401 436
400 438
400 439
401 439
403 438
399 435
400 434
399 433
402 440
402 441
392 432
391 432
390 432
390 431
389 430
388 429
389 429
388 431
388 432
389 432
391 431
392 430
391 429
392 429
403 441
404 442
404 441
405 440
406 439
407 440
408 440
405 442
406 438
405 441
394 431
394 430
387 428
387 427
386 426
387 426
386 428
440 435
385 428
384 428
383 428
383 427
384 426
406 441
407 442
408 442
409 443
410 442
411 443
412 443
413 444
413 443
412 445
412 446
411 447
413 446
414 446
415 446
416 447
416 448
416 449
417 449
415 445
415 391
415 390
411 442
415 448
414 449
414 448
417 448
418 447
418 449
419 449
420 449
410 444
409 445
413 445
416 450
416 451
417 451
398 437
397 438
390 433
391 434
419 450
419 451
420 452
421 452
422 453
423 453
423 452
424 453
424 452
425 453
423 454
422 455
424 455
422 452
425 452
421 454
424 454
425 455
426 456
426 455
427 455
428 455
429 456
428 457
428 458
429 459
430 459
431 458
413 391
429 458
431 457
431 456
432 456
432 458
433 459
434 460
435 461
436 460
435 462
436 459
437 460
438 461
439 461
436 462
438 462
438 463
439 463
434 459
437 459
440 464
441 463
440 465
441 465
442 466
443 467
443 466
442 468
433 461
444 465
445 466
446 467
446 466
445 468
446 469
447 469
448 469
449 469
450 470
450 469
451 470
449 471
449 472
431 421
450 472
451 473
452 472
452 471
453 470
453 472
448 468
452 474
429 454
451 469
436 461
437 462
439 462
450 471
442 467
451 472
443 468
435 463
428 460
427 461
428 462
427 463
427 464
427 465
426 466
425 465
424 465
423 465
423 464
422 463
421 462
396 401
396 400
396 399
420 462
419 461
420 460
419 459
418 460
417 459
416 459
420 459
421 458
422 462
415 458
414 459
418 459
421 464
421 465
422 465
424 464
425 463
424 462
416 460
416 461
417 461
420 461
423 466
423 467
413 458
412 458
411 457
412 456
412 455
413 456
411 455
410 455
409 455
410 454
411 453
410 452
411 452
413 455
412 457
424 467
453 471
454 375
446 468
438 464
438 465
438 466
430 460
430 461
449 473
449 474
427 456
427 454
427 453
427 452
427 451
439 465
450 474
401 438
420 451
393 434
393 435
412 447
431 460
404 443
403 444
404 444
423 456
413 448
426 467
426 468
385 429
385 430
385 431
405 444
406 445
407 445
407 444
416 419
415 457
415 456
394 434
386 430
408 454
408 453
407 452
408 452
444 373
407 454
475 405
406 451
405 452
404 452
393 408
394 407
392 407
403 451
445 467
402 451
402 450
403 449
414 387
402 448
401 447
400 447
399 446
398 445
400 448
400 449
401 449
399 445
398 447
397 448
398 448
490 408
399 448
401 448
404 453
404 454
491 406
405 454
427 467
428 468
429 468
430 469
431 469
431 468
432 469
433 469
434 470
435 471
436 472
434 469
454 441
433 471
422 350
433 472
434 472
436 471
437 470
437 472
438 473
439 474
440 473
441 473
440 475
385 426
439 473
438 475
441 475
442 476
443 476
466 424
444 476
445 476
446 477
446 476
447 475
410 443
445 478
449 371
446 479
444 475
432 468
435 473
435 474
436 475
435 476
434 477
409 453
436 474
446 478
449 404
392 396
438 474
439 475
431 470
431 471
430 471
434 471
400 450
419 463
418 463
401 451
441 464
429 389
452 473
434 461
453 474
454 475
455 475
426 457
426 458
445 470
444 471
445 472
444 473
392 395
415 447
407 443
438 467
438 468
474 386
474 385
437 471
389 431
408 444
400 440
399 441
440 476
419 453
422 464
414 460
414 461
413 462
433 473
411 454
403 450
382 427
381 427
381 426
381 425
381 424
382 423
383 423
381 422
380 423
379 423
378 422
377 422
376 422
387 392
387 391
379 422
378 424
378 425
451 413
451 412
414 392
449 447
379 425
382 425
473 463
377 421
380 422
438 395
439 395
440 395
432 467
431 466
432 466
383 426
379 424
436 470
380 425
382 424
375 421
375 420
376 419
374 419
377 419
375 419
374 421
373 418
372 418
372 419
474 419
443 477
393 431
378 426
440 440
441 440
434 474
385 432
397 437
396 447
396 446
395 445
396 445
395 447
394 444
393 443
394 442
393 441
392 441
392 440
391 442
466 382
390 441
389 440
388 439
389 438
387 439
386 439
385 438
384 439
383 438
386 438
393 445
392 446
457 408
454 408
445 401
385 440
388 441
388 442
389 442
391 441
392 442
384 438
387 438
390 443
390 444
391 444
383 440
386 440
387 441
471 461
472 461
389 441
393 447
382 437
381 437
475 388
444 386
444 385
487 408
485 396
436 437
381 436
381 435
382 435
383 435
400 424
401 424
384 436
385 436
380 435
473 385
391 407
379 435
378 435
378 434
377 434
376 433
482 410
376 432
376 431
375 430
374 429
462 399
377 432
376 435
373 429
372 430
475 401
466 402
467 402
372 429
375 429
453 382
453 381
453 380
371 431
405 375
374 431
374 432
375 432
424 440
377 431
376 434
373 428
372 427
373 426
478 407
379 434
380 433
418 347
372 431
375 431
378 436
378 437
379 437
454 418
374 433
405 450
406 449
407 449
408 450
409 450
410 449
409 448
409 447
423 420
415 460
388 443
388 444
387 445
377 433
389 444
370 430
369 430
369 429
369 428
370 428
368 428
437 461
456 474
457 473
458 474
455 473
458 473
456 472
456 471
456 470
429 457
378 410
448 470
447 471
447 472
440 466
440 467
440 468
440 469
422 454
441 467
414 450
414 451
392 431
411 444
384 427
403 440
395 436
395 437
394 438
393 437
392 437
391 436
405 373
454 457
414 414
373 417
374 416
375 417
442 366
373 416
425 464
450 370
451 369
451 368
457 471
477 419
477 420
429 399
476 421
444 477
396 437
445 434
436 473
388 433
428 469
427 470
428 470
426 470
394 418
407 446
430 437
418 461
388 430
377 423
376 424
428 434
396 376
437 474
480 457
429 470
421 466
380 434
399 447
391 443
410 456
409 457
409 458
383 439
402 452
402 453
414 463
415 464
416 464
401 382
401 381
416 463
392 444
384 440
403 453
376 436
376 437
376 438
376 439
375 440
374 440
373 439
417 379
373 438
373 440
403 447
403 446
373 430
451 471
454 476
453 477
454 477
452 476
432 457
447 473
425 454
444 467
417 450
436 463
409 446
428 459
406 440
398 436
418 451
429 460
421 456
380 424
399 437
372 420
372 421
391 433
410 446
383 429
383 430
382 431
380 403
402 442
413 457
392 434
432 470
405 453
424 466
384 430
416 462
395 439
396 440
396 441
396 442
396 443
397 440
435 475
394 443
373 420
425 467
417 463
409 459
409 460
409 461
409 462
408 463
407 462
406 462
405 463
405 462
422 405
398 378
413 419
408 462
456 438
456 437
404 464
404 465
491 396
491 395
453 435
416 427
405 465
409 388
407 464
407 465
408 465
409 466
409 465
410 465
410 464
411 463
412 464
412 465
413 466
413 467
415 401
382 411
382 410
430 424
412 468
418 425
445 464
446 464
444 463
411 465
409 467
409 468
406 461
410 467
446 366
412 467
415 388
413 468
414 469
460 432
411 385
460 431
460 430
418 380
415 468
415 467
415 466
395 410
396 410
441 418
442 417
405 464
407 407
408 407
409 407
408 464
404 466
411 416
411 464
415 470
416 471
416 472
400 381
417 472
418 473
419 472
419 471
420 470
418 470
417 469
418 468
420 469
420 468
461 388
420 472
426 401
447 467
448 466
449 466
418 469
414 471
413 472
417 471
380 421
442 368
438 385
418 472
420 471
416 473
419 473
420 474
421 474
422 473
423 472
444 416
423 474
424 475
479 407
403 415
403 414
403 413
438 408
391 430
466 470
422 475
425 475
423 476
406 405
406 404
430 359
471 395
472 395
455 426
422 474
458 386
458 385
458 384
458 383
458 382
409 384
408 384
432 444
433 443
407 466
408 467
459 382
385 383
418 471
410 466
414 473
413 474
411 467
403 463
402 464
402 463
402 462
402 461
403 460
403 459
403 458
403 457
413 429
403 461
444 461
401 461
400 461
441 373
478 457
400 460
400 459
401 459
399 458
433 369
398 458
397 459
420 435
397 458
396 458
395 458
394 458
395 457
396 456
396 455
398 457
399 456
400 455
398 455
398 454
431 368
428 368
397 460
444 451
415 450
397 461
452 417
423 387
398 460
404 456
405 457
396 457
399 457
445 460
438 441
395 459
395 460
394 461
394 462
394 463
426 421
394 464
393 465
393 466
394 465
452 450
392 465
391 465
390 466
416 404
393 467
393 468
394 467
395 468
395 467
396 466
396 468
430 470
459 444
396 467
392 464
392 463
395 469
395 470
424 463
385 398
396 470
397 471
398 471
404 397
375 418
398 470
484 403
484 402
485 401
414 422
390 387
398 469
411 373
398 468
398 467
398 466
399 466
400 467
477 406
399 468
400 469
401 470
402 471
401 469
465 445
465 444
437 412
381 432
382 433
411 418
482 396
448 412
449 411
400 471
400 472
403 471
401 471
480 392
376 410
400 473
407 397
399 470
472 462
391 466
467 420
435 361
404 413
405 413
406 414
407 414
480 408
479 409
385 399
386 400
385 401
384 401
417 473
447 422
446 421
395 446
409 469
409 470
409 471
409 472
462 455
462 454
463 454
438 360
435 417
406 463
398 459
399 460
402 465
397 472
396 473
395 473
394 472
397 473
392 406
391 405
433 437
467 458
467 457
468 456
469 457
466 447
467 447
480 458
445 399
446 398
447 397
395 472
394 466
398 472
407 413
387 440
406 453
379 436
398 449
371 432
390 445
389 446
390 446
468 401
469 401
470 402
471 402
472 401
473 401
414 430
413 431
449 424
401 460
420 473
380 437
445 417
372 433
436 414
412 469
412 470
411 471
411 472
411 473
465 412
465 411
387 388
386 389
468 405
426 464
454 381
384 437
391 446
447 463
413 470
405 466
397 462
398 463
398 464
422 403
397 463
396 464
439 464
450 473
442 469
442 470
441 471
440 471
451 458
451 457
451 456
420 349
421 348
397 391
428 431
402 426
403 426
404 426
420 348
483 390
484 390
464 379
465 378
466 378
467 379
487 396
485 389
486 390
487 389
488 388
487 387
487 386
488 385
453 392
453 391
447 468
489 386
490 387
491 386
491 385
457 383
456 426
491 388
442 431
492 388
424 375
417 429
493 389
421 352
455 438
433 460
438 375
494 390
494 391
433 414
495 391
387 415
387 414
493 388
393 394
458 396
458 395
391 428
392 427
393 427
473 459
403 427
489 385
426 444
453 448
453 447
492 390
491 390
492 391
493 391
495 390
496 391
497 392
488 387
491 387
494 392
494 393
495 394
494 395
495 393
426 459
425 460
424 459
374 420
475 399
457 431
490 389
493 390
486 386
485 385
484 385
483 384
486 384
487 383
486 382
486 381
486 380
486 379
420 392
442 398
449 475
449 392
485 387
389 395
389 394
389 393
389 392
438 380
439 380
388 415
389 416
390 415
389 417
393 376
407 453
464 455
465 454
483 383
483 382
482 381
487 379
486 383
485 386
495 392
488 389
388 413
443 470
390 436
376 416
394 433
438 476
372 406
406 382
387 430
428 464
406 443
394 403
445 410
436 391
477 392
442 388
400 400
406 381
390 435
453 411
457 428
380 427
383 432
411 423
458 428
397 424
407 441
412 388
436 372
396 430
447 425
402 431
383 404
392 467
410 393
481 381
480 380
479 380
402 432
382 436
385 441
375 433
394 446
378 438
445 384
486 385
466 443
418 372
440 474
478 379
479 378
437 385
456 398
421 377
440 390
439 431
398 393
458 444
477 457
478 378
479 379
446 381
486 411
415 398
464 473
404 428
454 395
480 381
495 399
466 448
384 403
483 381
484 380
464 392
442 434
444 363
444 362
484 382
452 414
453 414
412 401
483 402
447 382
419 469
414 391
478 380
388 426
389 426
389 427
481 380
482 379
458 429
442 411
481 378
482 377
442 386
482 378
424 445
449 468
431 388
484 381
418 390
477 377
476 376
475 376
474 375
473 374
472 373
472 375
473 376
472 377
464 474
473 378
479 382
472 379
442 436
475 384
461 449
414 374
433 387
474 388
419 452
391 390
451 441
410 403
409 404
454 446
393 436
467 385
412 449
486 398
485 399
431 462
430 463
384 387
425 388
444 401
428 393
460 382
386 396
405 446
446 447
465 460
418 385
449 452
421 390
440 403
407 455
481 404
398 406
397 407
439 444
458 457
455 388
400 452
474 401
432 404
416 396
435 409
467 398
434 450
453 463
425 401
411 466
409 393
428 406
469 407
386 409
446 460
485 388
430 452
449 465
443 391
462 404
407 468
481 417
480 418
420 407
464 450
423 412
400 465
496 402
441 466
413 404
499 407
432 417
399 469
397 396
416 409
435 422
374 412
489 399
434 463
453 476
492 404
392 466
409 406
450 407
395 471
469 420
408 410
427 423
430 465
471 466
443 404
429 469
401 407
404 412
423 425
436 364
422 466
440 404
381 428
480 407
397 409
438 410
457 423
429 361
374 425
415 426
459 469
406 377
389 410
471 375
408 423
427 436
413 469
392 403
454 372
439 405
429 466
411 404
463 397
458 391
417 369
456 466
388 417
477 375
473 377
400 404
460 387
459 399
476 378
475 378
471 374
448 389
448 388
447 387
446 388
470 373
469 374
468 375
476 379
475 380
424 367
369 431
468 410
401 420
404 425
445 426
436 377
403 429
477 378
394 380
438 423
457 436
396 426
470 375
415 439
456 440
473 380
472 421
431 383
389 423
433 429
466 377
452 442
424 380
410 445
385 388
439 365
384 429
458 378
403 442
477 391
461 383
460 424
419 386
451 375
396 439
437 440
456 453
454 380
440 445
412 383
431 396
429 430
467 407
457 386
435 437
424 385
415 444
415 443
413 450
470 372
396 411
405 380
440 428
469 371
470 371
414 429
433 442
387 442
478 419
442 462
458 417
423 439
422 438
468 374
444 435
471 377
415 399
443 364
474 377
392 408
423 475
384 424
385 423
386 423
457 371
452 455
372 432
391 445
465 394
416 423
414 399
413 398
424 436
403 434
469 405
471 416
388 394
477 396
410 458
426 370
426 371
449 386
382 396
426 439
467 440
439 378
384 442
425 443
444 456
442 383
400 386
460 437
419 399
377 402
427 440
418 440
394 396
425 372
398 422
437 453
395 474
415 455
476 381
475 382
421 445
393 383
412 396
453 397
398 461
479 381
408 437
416 454
411 400
414 442
455 443
491 391
487 384
399 399
474 456
423 377
433 386
391 408
466 456
469 372
406 402
394 475
464 445
399 421
398 420
397 420
462 379
434 448
413 454
480 383
480 379
480 384
450 425
469 373
405 385
470 374
477 374
477 373
403 388
473 379
425 382
423 430
472 374
446 386
461 421
460 421
475 379
426 384
484 384
476 380
468 376
469 377
471 376
483 386
482 387
416 453
476 377
385 442
482 380
474 376
467 373
467 372
466 371
467 371
466 373
473 398
482 455
482 454
481 453
478 372
446 394
465 407
464 408
432 459
430 386
449 399
435 464
388 389
407 402
467 453
425 456
444 469
483 397
428 461
400 399
441 400
418 453
377 415
462 459
434 397
463 409
453 410
421 450
398 474
422 450
392 400
455 400
455 401
411 413
395 405
455 456
427 357
413 459
412 460
432 472
430 399
471 400
421 472
458 372
427 386
451 475
471 373
407 416
408 417
437 400
466 412
424 405
464 409
429 418
425 396
466 403
450 392
467 469
442 474
465 370
464 369
464 368
463 368
463 370
490 413
388 402
407 415
448 416
420 354
406 419
464 397
423 359
483 410
450 462
422 400
441 413
399 416
383 408
427 446
454 438
462 368
414 368
461 367
460 367
459 368
460 369
459 370
402 421
443 459
401 462
400 463
434 410
392 413
404 467
478 416
395 418
436 419
427 370
397 464
471 413
429 416
448 429
447 430
387 419
406 432
390 424
450 475
422 413
463 414
380 416
466 419
399 429
457 370
443 472
402 434
415 373
459 416
376 418
436 432
375 422
374 423
394 435
460 366
378 427
452 376
387 432
426 360
445 373
390 437
431 438
403 376
447 419
405 422
404 423
479 371
478 370
479 369
478 368
382 438
381 439
456 387
440 379
459 429
385 443
458 433
457 434
375 435
461 438
394 448
391 379
390 380
451 430
410 392
468 370
454 435
426 373
467 374
466 375
412 438
486 387
431 451
403 389
444 390
447 432
460 371
479 384
465 449
456 400
398 395
439 433
438 434
458 446
477 459
476 460
400 441
474 390
473 391
419 454
451 443
454 448
393 438
467 387
412 451
486 400
453 452
452 453
460 384
386 398
446 449
465 462
464 463
430 441
462 393
461 394
481 406
398 408
439 446
442 451
455 390
400 454
474 403
419 467
413 393
412 394
435 411
489 388
434 452
433 453
453 465
411 468
469 409
446 462
485 390
430 454
449 467
443 393
442 394
462 406
448 471
401 396
400 397
404 401
381 417
455 403
496 404
441 468
399 471
397 398
457 412
489 401
434 465
492 406
392 468
450 409
469 422
468 423
422 347
423 346
408 412
485 403
484 407
483 408
429 471
428 472
401 409
487 412
404 414
464 465
417 353
416 354
422 468
381 430
480 409
397 411
457 425
396 415
395 416
429 363
415 428
373 431
406 379
417 474
389 412
408 425
424 369
423 370
403 431
477 380
394 382
447 474
438 425
396 428
470 377
415 441
456 442
412 372
389 425
447 366
452 444
465 383
410 447
385 390
445 441
439 367
384 431
458 380
477 393
476 394
442 372
461 385
419 388
451 377
418 429
437 442
456 455
454 382
421 434
440 447
412 385
431 398
414 431
488 380
433 444
405 382
446 383
391 447
465 396
410 460
449 388
407 391
467 442
384 444
425 445
458 393
444 458
442 385
428 450
461 398
460 439
419 401
377 404
418 442
437 455
476 383
421 447
495 396
440 460
393 385
434 386
453 399
411 402
414 444
455 445
474 458
446 396
432 461
430 388
449 401
490 402
435 466
388 391
407 404
467 455
425 458
464 386
423 348
428 463
400 401
441 402
399 405
476 396
435 358
443 448
442 449
462 461
461 462
434 399
453 412
420 464
419 465
392 402
411 415
423 469
395 407
455 458
427 359
413 461
432 474
430 401
416 466
388 404
429 405
448 418
420 356
406 421
464 399
409 463
483 412
450 464
422 402
441 415
482 416
380 405
379 406
399 418
383 410
402 423
443 461
401 464
459 405
392 415
478 418
376 407
395 420
436 421
427 372
394 424
397 466
471 415
448 431
387 421
406 434
405 435
390 426
463 416
462 417
380 418
466 421
457 372
415 375
456 376
459 418
436 434
375 424
394 437
433 365
452 378
451 419
450 420
410 381
387 434
371 426
445 375
390 439
431 440
403 378
447 421
405 424
479 373
424 437
396 375
437 376
382 440
456 389
440 381
385 445
458 435
475 375
375 437
461 440
433 378
452 391
419 443
391 381
390 382
451 432
410 394
409 395
454 437
473 450
426 375
467 376
486 389
431 453
425 379
444 392
428 384
447 434
405 437
446 438
445 439
465 451
464 452
418 376
437 389
421 381
440 394
481 395
439 435
398 397
462 418
458 448
442 440
461 453
414 378
455 379
474 392
391 394
432 395
435 400
457 437
431 454
482 398
483 399
482 399
438 437
439 438
393 440
393 439
418 467
451 444
481 399
471 406
478 410
414 425
415 374
475 419
467 369
459 365
477 461
484 413
406 447
448 434
446 431
494 399
465 421
399 419
465 397
419 357
418 356
420 380
389 414
380 419
410 426
446 407
400 412
405 418
451 379
405 406
427 472
441 450
384 446
419 400
457 393
431 475
389 439
464 433
409 431
439 379
433 400
429 444
404 382
403 381
391 385
490 385
409 378
426 452
475 421
440 361
441 362
481 379
415 376
439 424
414 437
470 458
459 464
471 418
431 366
442 419
460 464
398 442
399 443
393 444
473 404
463 464
449 448
408 395
461 387
433 457
434 457
476 455
445 376
438 406
445 422
456 392
480 456
457 451
453 423
449 380
450 380
466 400
454 429
402 379
469 403
492 407
422 426
415 386
447 456
452 433
404 383
424 395
381 400
419 445
382 400
493 387
429 443
387 413
386 412
442 401
416 435
448 456
449 435
448 433
380 431
451 380
433 412
398 421
444 440
412 434
414 468
466 460
395 409
424 373
402 380
482 453
455 469
400 392
407 385
393 374
398 389
399 388
400 388
394 374
401 391
402 391
403 391
431 378
480 371
398 444
429 442
469 446
405 404
404 403
403 403
429 366
391 448
402 403
381 401
440 449
421 371
422 372
409 421
422 457
475 374
455 393
465 368
388 440
433 392
406 436
478 377
457 406
440 384
436 415
433 424
434 424
431 387
458 365
457 365
440 416
422 383
457 364
457 363
457 362
461 432
456 362
455 362
415 452
458 362
391 418
419 391
392 417
469 415
436 458
437 457
461 370
469 470
438 373
439 372
440 371
440 370
427 396
394 408
427 397
413 409
415 354
391 393
409 432
402 449
462 366
462 365
463 366
407 428
431 444
400 425
436 448
437 447
436 446
464 371
414 466
404 471
424 372
446 374
446 405
491 384
442 389
433 427
424 461
440 385
462 467
479 368
448 475
396 397
383 402
451 399
477 452
477 451
417 424
459 367
440 472
456 361
432 376
460 368
452 405
453 404
451 367
470 412
479 376
439 459
451 411
400 402
471 449
421 408
432 356
372 415
373 414
411 371
475 417
380 417
462 367
481 370
482 369
468 373
481 368
404 372
431 401
442 441
482 368
422 424
418 435
458 364
461 369
462 370
480 373
420 415
442 454
477 367
476 368
475 368
474 369
475 367
413 386
475 370
474 367
473 367
472 367
473 366
474 365
473 364
472 363
471 362
472 362
457 366
472 364
471 365
475 369
482 370
447 375
472 366
475 371
468 368
459 361
463 372
440 458
469 367
468 366
469 365
468 364
469 363
472 368
475 373
391 392
483 452
386 411
374 414
470 364
473 369
459 363
454 424
460 360
459 359
472 370
417 434
470 445
400 443
467 389
412 453
453 454
425 392
444 405
428 397
446 451
465 464
485 379
418 389
430 443
449 456
421 394
462 395
461 396
481 408
420 398
439 448
442 453
483 454
455 392
400 456
441 457
474 405
413 395
432 408
416 400
476 451
435 413
489 390
488 391
434 454
453 467
492 395
411 470
409 397
450 398
395 462
469 411
468 412
386 413
427 414
485 392
486 392
430 456
471 457
443 395
444 395
462 408
503 409
502 410
448 473
401 398
420 411
464 454
423 416
381 419
496 406
441 470
480 398
413 408
399 473
397 400
472 371
457 433
389 381
402 435
427 384
403 436
382 398
459 358
470 362
469 361
459 357
416 413
480 368
478 453
489 403
448 365
447 364
448 363
434 467
492 408
450 411
389 401
422 349
408 414
427 427
471 470
443 408
484 409
429 473
401 411
404 416
464 467
417 355
436 368
422 470
463 471
462 472
480 411
457 427
429 365
396 417
470 366
493 409
415 430
472 471
473 371
373 433
459 473
431 374
472 412
408 427
479 454
387 435
473 451
387 436
418 444
445 477
464 400
425 414
483 371
483 372
484 372
482 372
482 376
466 368
424 371
468 414
445 430
417 368
485 372
458 369
457 368
403 433
477 382
486 372
487 372
447 476
394 384
438 427
451 366
450 365
451 364
450 363
451 362
450 361
451 360
456 444
454 371
473 384
412 374
447 368
414 420
433 433
452 446
405 371
424 384
465 385
385 392
426 430
439 369
384 433
477 395
444 447
449 361
452 361
448 361
442 374
446 450
466 380
474 459
475 386
433 435
430 379
415 422
453 361
427 439
431 464
468 362
448 362
387 390
408 385
433 455
427 408
449 363
474 383
465 432
382 434
448 367
389 405
400 427
384 425
406 423
486 371
396 385
471 364
472 365
373 412
469 393
470 392
471 392
416 414
452 363
453 415
381 413
468 418
474 364
477 394
478 389
467 361
467 360
467 359
468 358
466 361
466 360
430 467
460 358
461 357
462 356
462 355
463 356
464 357
462 358
463 355
463 357
466 362
463 359
462 360
468 357
487 370
463 361
473 382
469 356
468 355
469 354
468 353
468 359
400 377
419 390
418 431
417 432
437 444
456 457
454 384
421 436
412 387
453 388
452 389
414 433
415 433
488 382
433 446
446 385
465 398
410 462
430 377
449 390
407 393
467 444
439 382
425 447
424 448
444 460
442 387
483 388
428 452
400 390
460 441
419 403
377 406
476 385
477 385
421 449
495 398
440 462
393 387
434 388
398 465
486 369
487 368
392 391
395 396
455 447
464 359
489 383
461 399
474 363
474 362
465 358
466 357
456 469
403 445
468 354
464 361
462 440
454 396
462 422
433 379
470 361
486 370
462 357
405 460
406 459
428 442
463 358
466 363
465 364
464 364
433 413
462 387
462 464
450 360
422 348
451 361
386 436
447 363
484 371
476 367
465 357
461 359
449 362
458 367
461 372
460 373
469 353
397 470
464 360
483 373
484 374
485 375
486 375
487 374
488 375
485 374
486 374
473 471
488 374
489 373
489 372
489 371
425 405
487 376
426 398
487 377
405 471
406 470
407 471
406 471
466 468
476 370
465 360
452 362
464 373
464 374
463 375
463 376
401 467
453 363
454 364
455 365
423 463
455 364
423 375
403 470
403 469
394 375
454 366
453 366
430 473
468 356
486 373
478 369
460 357
479 370
471 366
464 363
459 369
478 382
456 363
460 370
440 391
378 416
378 417
451 468
451 467
451 466
452 365
442 437
441 438
447 408
440 368
438 444
485 376
485 377
449 453
448 454
407 456
407 457
474 366
483 451
447 385
466 398
467 363
458 462
458 461
458 460
435 410
468 444
489 387
492 392
491 393
409 394
385 410
462 369
481 382
454 365
378 406
454 401
453 402
455 366
377 408
400 430
400 431
376 420
474 379
464 451
475 460
433 463
450 369
499 408
500 409
403 437
397 397
374 413
461 417
468 471
471 467
470 468
469 468
393 404
386 427
467 353
466 353
465 354
410 417
466 352
480 372
397 374
397 373
397 372
443 474
398 371
397 370
398 370
396 369
395 368
395 367
395 369
394 370
393 370
392 370
391 370
485 415
486 415
486 414
471 459
393 369
393 368
393 367
442 396
395 371
422 395
422 363
421 362
422 362
420 361
419 360
418 359
417 358
420 360
475 410
483 369
484 368
484 369
419 466
428 466
477 366
478 365
479 366
477 365
432 464
477 364
477 363
409 399
425 437
476 386
431 476
431 477
480 365
396 371
394 367
390 369
389 368
390 367
466 364
454 367
396 373
440 392
442 438
449 454
492 393
407 470
499 409
471 468
471 368
442 450
463 371
470 369
431 478
469 453
422 393
432 479
432 478
466 446
418 465
469 382
399 455
474 471
390 368
447 435
391 368
491 383
371 429
456 424
387 437
469 362
394 368
492 382
470 360
470 359
471 358
482 373
398 433
416 436
452 403
451 402
418 433
432 480
457 424
449 420
470 363
462 359
481 372
473 368
459 470
420 362
471 444
484 383
463 360
400 420
487 388
466 365
404 390
405 390
449 394
465 369
381 406
403 425
468 411
496 393
480 385
445 427
444 428
446 393
457 401
457 402
458 366
477 379
450 362
469 375
461 371
478 460
451 363
388 423
462 372
454 368
455 369
415 378
487 401
452 443
461 384
459 460
484 373
476 369
468 365
440 446
393 371
392 372
391 372
452 420
404 380
451 455
465 359
480 375
383 442
457 391
479 375
449 387
430 371
477 369
490 388
461 361
461 362
462 363
478 450
479 451
483 380
480 451
481 451
472 376
491 389
464 372
483 385
475 381
494 394
400 387
453 362
484 386
476 382
468 378
487 391
420 450
445 394
431 459
465 372
451 474
423 455
449 364
393 469
393 470
392 471
392 472
392 473
391 474
392 474
466 453
480 402
413 447
389 382
432 460
405 443
424 456
397 439
416 452
435 465
442 361
388 390
386 429
417 453
430 472
423 347
409 449
483 398
475 394
474 395
410 408
440 436
427 466
379 426
452 410
419 462
398 439
395 370
401 450
420 463
393 446
412 459
431 472
404 455
423 468
430 364
395 406
469 355
447 453
446 454
458 427
407 380
480 450
413 460
419 354
405 456
471 401
416 465
464 362
483 375
428 439
415 469
386 442
476 372
461 472
481 450
408 466
414 397
400 462
379 439
379 440
378 441
377 442
376 442
433 404
421 448
377 443
449 470
377 444
378 445
379 445
380 444
381 445
380 443
382 445
380 445
450 435
451 435
423 441
443 422
397 381
450 457
378 446
458 472
449 384
379 446
465 362
478 381
383 409
401 463
393 459
412 472
453 473
404 468
445 469
471 378
416 442
444 424
417 407
425 439
490 391
435 455
409 403
388 380
387 381
429 381
451 403
448 394
375 410
394 423
386 419
387 384
501 406
446 470
406 397
378 415
493 402
452 364
485 398
418 408
430 462
390 389
464 375
409 439
450 440
451 405
461 358
410 367
410 368
396 469
470 418
421 413
462 414
422 378
441 391
408 443
454 410
482 392
387 420
379 416
453 365
398 429
439 467
399 394
371 412
371 413
370 414
369 415
370 416
370 415
370 417
469 369
390 425
378 423
431 426
472 464
497 408
496 409
403 401
402 400
422 461
411 368
458 373
442 472
443 437
402 399
462 450
462 451
463 415
455 411
441 476
401 440
447 407
420 453
466 420
413 414
459 381
404 445
432 427
478 394
405 410
423 458
424 423
430 354
397 406
417 384
435 432
436 397
468 466
382 426
456 375
374 422
489 409
448 371
434 473
394 400
440 367
426 469
406 374
397 442
438 443
471 391
457 456
417 420
458 421
409 416
450 417
429 394
475 361
474 360
475 359
475 358
475 357
475 356
476 358
474 356
473 356
465 365
473 355
473 354
474 354
472 354
420 372
471 354
476 359
477 360
478 360
478 359
478 358
479 358
480 359
480 360
480 361
479 362
479 363
481 360
480 363
479 357
479 360
406 380
482 360
483 361
484 362
495 397
483 363
482 363
488 373
454 439
465 455
377 420
480 362
481 362
483 362
484 363
485 364
485 365
486 366
464 403
485 366
479 359
471 355
471 356
472 356
470 395
375 423
415 459
422 355
394 436
441 368
386 432
427 433
387 397
473 400
433 364
378 428
377 429
432 440
406 410
452 377
399 371
485 411
430 475
429 476
428 475
427 474
427 475
411 427
411 428
424 363
424 362
425 362
426 362
412 427
390 402
391 367
414 388
450 453
410 380
451 418
402 376
443 414
389 443
463 392
408 456
454 423
482 405
427 469
401 417
434 365
447 384
420 430
466 397
426 361
467 362
412 426
431 439
392 368
404 422
478 371
423 435
383 399
424 400
403 377
370 429
484 451
485 452
485 453
486 454
487 453
487 455
485 455
484 456
487 454
485 454
444 378
395 373
436 374
381 438
468 443
415 351
414 352
382 403
401 453
414 472
447 420
480 417
413 427
459 394
460 359
404 458
405 423
445 459
479 372
397 419
416 432
417 397
436 410
403 462
437 375
477 411
382 439
456 388
429 371
374 435
448 384
375 400
421 367
421 368
394 413
480 453
440 380
385 444
378 405
406 387
493 392
438 456
398 383
439 421
457 469
458 434
390 379
450 430
451 395
396 459
469 443
442 426
442 427
442 428
470 408
415 472
461 439
456 473
422 368
463 369
408 433
482 382
454 400
433 377
473 413
473 414
473 415
473 416
400 429
474 378
419 442
466 374
399 384
412 403
472 454
431 416
391 380
432 381
377 445
402 389
443 427
475 459
463 405
435 386
401 430
433 462
466 410
419 422
414 390
393 426
467 375
452 475
412 439
411 440
486 388
453 440
459 371
404 435
478 384
405 400
423 448
424 413
465 414
425 378
444 391
417 374
436 387
382 416
428 383
456 365
394 390
385 421
500 408
386 386
446 437
465 450
438 433
439 398
457 446
458 411
418 375
430 429
449 442
449 443
494 410
396 436
429 384
442 403
470 385
375 413
415 449
461 416
421 380
462 381
481 394
387 387
473 390
378 418
474 355
493 405
460 457
439 434
398 396
390 392
431 393
410 370
409 371
408 371
407 371
409 370
451 408
396 472
437 473
442 439
389 433
463 382
408 446
454 413
455 414
456 414
482 395
400 457
455 378
400 442
474 391
447 374
419 455
418 456
417 456
418 457
393 403
466 387
465 388
467 352
452 452
412 416
413 381
486 365
431 429
472 467
432 394
478 361
405 377
424 390
425 355
444 368
416 386
475 472
474 473
435 399
382 393
428 360
414 462
488 411
433 475
434 440
453 453
426 436
459 384
445 449
446 414
425 391
392 443
411 456
417 387
418 352
458 388
403 452
409 383
449 419
437 365
477 401
428 396
395 448
469 397
461 393
421 357
407 422
426 472
425 473
481 371
467 473
386 399
427 400
493 382
494 383
494 384
493 385
438 446
398 373
439 411
485 378
430 442
458 424
451 385
470 398
442 416
443 381
415 462
456 463
388 445
462 394
407 458
448 459
481 407
454 390
400 419
473 403
373 425
401 384
474 368
419 432
460 470
420 397
412 393
472 444
473 445
473 444
476 406
473 446
473 447
395 419
469 413
431 406
404 389
432 371
377 435
423 402
464 440
464 441
483 453
435 376
476 414
422 443
455 391
381 405
496 392
441 456
433 452
393 416
434 417
467 365
452 465
413 394
453 430
399 459
424 403
465 404
425 368
397 386
396 387
370 432
410 468
416 399
411 433
457 400
468 446
382 406
428 373
374 402
373 403
455 476
489 389
434 453
385 411
384 412
384 413
445 462
446 427
492 394
478 459
411 469
439 388
458 401
403 465
477 414
449 432
444 466
450 397
395 461
469 410
442 393
388 422
461 406
460 407
460 408
462 371
407 435
408 400
481 384
400 396
460 447
420 374
479 460
471 456
451 398
418 450
377 412
423 379
464 417
464 418
464 419
437 463
443 394
484 395
503 408
448 472
454 403
421 455
453 424
495 404
455 368
400 432
441 433
401 397
487 400
393 393
412 406
453 407
413 371
404 402
432 384
464 453
390 467
390 468
416 376
435 389
422 456
381 418
496 405
441 469
414 452
488 401
433 465
434 430
480 397
453 443
499 410
399 472
446 404
391 468
465 417
392 433
397 399
438 400
411 446
457 413
430 396
409 373
408 374
449 409
376 425
376 426
376 427
450 374
430 392
395 438
396 403
469 387
421 347
407 412
481 361
467 463
427 390
473 357
473 358
373 419
459 459
439 401
472 358
485 368
430 432
425 466
431 360
417 462
450 410
491 411
442 406
441 407
443 371
483 407
401 402
428 471
388 435
389 400
462 384
429 436
408 413
448 449
482 362
400 409
399 410
474 358
401 374
460 460
420 387
466 354
406 452
452 419
404 379
432 361
494 409
377 425
423 392
424 357
437 476
484 408
429 472
416 353
435 366
476 404
421 468
381 395
422 433
468 400
441 446
487 413
488 414
489 415
393 406
434 407
480 374
453 420
380 436
426 403
399 449
445 416
425 358
397 376
398 376
392 410
383 441
416 389
417 354
457 390
402 454
402 455
403 419
477 368
463 470
395 415
428 363
469 364
455 466
415 393
461 360
480 410
447 462
486 453
446 417
492 384
459 436
478 449
478 448
477 447
383 433
476 446
475 446
475 445
475 447
475 448
476 448
478 373
476 447
475 449
438 413
479 414
430 409
449 422
416 474
450 387
469 400
396 416
436 452
470 365
415 429
388 412
456 430
462 361
407 425
408 390
481 374
448 426
427 403
473 370
459 472
373 432
479 450
471 446
431 373
472 411
423 369
464 407
389 413
429 449
475 416
448 462
422 410
468 377
401 387
441 423
487 390
433 419
406 465
452 432
404 392
399 426
445 393
391 422
424 370
465 371
410 435
416 366
457 367
476 417
443 469
422 446
468 413
463 447
434 420
480 387
466 452
426 416
445 429
392 423
438 390
411 436
384 419
457 403
498 404
458 368
403 432
444 433
376 415
477 381
450 364
395 428
396 393
415 406
461 373
427 380
373 409
459 449
419 376
460 414
397 474
472 388
417 452
437 424
436 424
491 401
418 417
451 365
436 465
437 430
388 425
456 443
429 426
389 390
475 393
448 439
408 403
421 422
494 406
494 407
454 370
394 468
420 377
387 429
406 442
452 409
412 373
453 374
439 476
398 438
390 434
423 382
464 420
424 347
410 412
451 450
484 398
470 463
422 423
468 390
441 436
487 403
454 455
414 419
433 432
480 364
380 426
426 393
399 439
445 406
446 371
391 435
465 384
410 448
438 367
383 431
384 396
457 380
430 363
402 444
403 409
465 353
477 358
449 376
449 377
448 378
463 460
396 370
415 383
447 452
407 379
466 465
419 353
405 455
479 404
439 368
424 468
384 432
425 433
444 446
376 428
450 377
436 442
396 406
442 373
437 407
470 355
483 374
428 438
456 420
408 380
394 445
400 376
440 412
473 360
472 360
373 422
386 441
419 389
431 363
417 465
458 466
418 430
437 443
484 375
429 439
475 406
476 371
461 471
421 435
440 448
468 367
368 429
487 380
414 396
393 373
433 409
434 374
406 455
379 438
452 422
451 422
453 387
445 383
391 412
392 377
465 361
451 463
410 425
411 390
403 386
463 437
482 450
414 432
454 468
455 433
474 446
480 377
447 429
380 439
426 406
466 442
412 471
413 436
446 384
432 449
383 444
384 409
430 376
458 358
457 359
456 359
455 359
454 358
453 359
415 442
457 358
455 358
457 357
403 422
416 441
449 389
444 423
490 390
435 454
396 383
415 396
456 397
461 363
447 465
407 392
467 443
459 439
373 399
372 399
371 399
371 400
372 401
459 452
421 451
372 400
371 402
419 366
460 404
405 468
479 417
425 446
472 378
417 442
418 407
436 455
437 420
477 456
409 438
483 387
428 451
456 433
389 380
469 452
475 383
494 396
493 397
421 412
422 377
440 425
396 386
441 390
379 415
452 399
453 364
439 466
398 428
399 393
451 440
410 402
411 367
470 453
442 471
443 436
402 398
476 384
462 449
468 380
414 409
454 445
400 474
433 422
434 387
426 383
412 448
372 412
445 396
486 397
431 461
391 425
432 426
392 390
465 374
478 393
411 403
423 457
384 386
403 399
449 366
463 450
395 395
435 431
455 446
401 475
393 471
466 455
413 449
432 462
460 381
405 445
479 394
424 458
465 459
498 407
397 441
471 390
444 436
472 355
490 403
435 467
436 468
442 363
409 415
483 364
482 365
482 366
483 365
388 392
456 410
475 360
408 370
458 456
448 406
441 367
386 431
406 409
439 443
472 391
398 405
430 474
464 387
409 451
450 452
484 365
469 465
442 448
475 396
476 361
461 461
408 455
482 404
427 468
433 399
474 400
419 464
379 428
453 377
398 441
399 406
391 402
392 367
410 415
451 453
383 398
402 411
443 449
462 462
395 372
454 458
455 423
401 452
420 465
393 448
467 397
408 468
412 461
372 425
413 426
486 410
431 474
459 393
389 428
432 439
404 457
478 406
423 470
384 399
471 367
416 431
444 413
435 444
436 409
374 434
407 382
448 383
480 452
427 360
394 412
460 394
419 356
405 458
446 459
406 386
397 454
465 472
438 455
471 403
457 468
449 464
409 428
437 410
483 377
428 441
469 442
415 471
422 367
407 467
441 380
481 416
386 444
387 409
427 445
406 422
378 440
379 405
398 418
439 456
371 401
399 383
458 469
390 414
450 465
470 443
442 461
402 388
443 426
462 439
463 404
481 452
482 417
400 464
473 448
474 413
401 429
447 396
380 406
466 409
372 402
404 434
392 380
478 383
383 411
423 447
457 360
395 385
476 459
455 436
468 455
401 465
456 364
393 461
467 410
434 462
413 439
453 475
459 406
500 407
404 470
445 471
397 431
471 380
416 444
457 445
490 393
489 393
488 393
409 405
448 396
375 412
394 425
386 421
387 386
501 408
446 472
406 399
493 404
452 366
485 400
430 464
462 416
464 377
390 391
450 442
451 407
410 369
469 455
396 471
470 420
461 451
463 381
408 445
482 394
454 412
387 422
427 458
379 418
453 367
466 386
371 414
399 396
445 363
486 364
390 427
472 466
497 410
464 462
411 370
443 439
402 401
463 417
455 413
401 442
447 409
420 455
466 422
433 474
459 383
404 447
405 412
478 396
423 460
479 361
397 408
471 357
468 468
382 428
456 377
374 424
448 373
489 411
434 475
394 402
440 369
385 433
426 471
406 376
397 444
438 445
398 372
457 458
458 423
464 354
409 418
450 419
483 367
396 448
475 363
470 397
375 425
415 461
422 357
441 370
414 353
386 434
482 371
387 399
473 402
378 430
452 379
460 469
399 373
485 413
430 477
390 404
391 369
450 455
451 420
443 416
402 378
389 445
463 394
408 458
482 407
454 425
401 419
447 386
426 363
393 415
466 399
467 364
452 464
412 428
486 377
431 441
459 360
404 424
405 389
423 437
425 367
484 453
370 431
444 380
476 449
395 375
381 440
415 353
382 405
468 445
414 474
394 379
426 448
426 449
425 450
424 450
459 396
460 361
405 425
445 461
479 374
446 426
465 439
397 421
471 370
416 434
457 435
458 400
403 464
477 413
449 431
382 441
374 437
448 464
448 386
415 438
375 402
461 405
421 369
480 455
394 415
440 382
385 446
481 383
378 407
379 408
380 408
381 408
406 389
493 394
438 458
479 459
439 423
398 385
458 436
390 381
450 432
451 397
396 461
469 445
470 410
415 474
461 441
462 442
456 475
389 422
422 370
408 435
482 384
454 402
455 367
427 448
474 380
419 444
466 376
391 382
472 456
475 461
475 462
468 422
401 432
447 399
488 400
393 428
433 464
467 377
412 441
452 477
451 478
450 478
449 478
448 478
449 477
453 442
459 373
404 437
405 402
445 438
478 386
391 467
465 416
444 393
411 445
409 372
477 390
382 418
468 458
456 367
421 346
421 345
394 392
426 461
386 388
500 410
445 474
446 439
465 452
438 435
485 367
457 448
458 413
449 444
444 478
451 374
396 438
470 387
415 451
461 418
388 434
401 422
462 383
407 447
481 396
454 379
482 361
387 389
473 392
400 408
474 357
460 459
390 394
418 462
410 372
451 410
377 424
437 475
389 435
463 384
408 448
454 415
421 467
455 380
400 444
474 393
441 445
447 376
466 389
393 405
467 354
452 454
453 419
486 367
472 469
478 363
405 379
425 357
397 375
410 457
444 370
475 474
476 474
477 475
476 476
382 395
447 392
428 362
414 464
488 413
433 477
434 442
394 369
453 455
426 438
385 400
445 451
446 416
492 383
392 445
411 458
384 441
418 354
458 390
403 454
409 385
477 403
449 421
450 386
469 399
421 359
461 395
407 424
440 372
481 373
386 401
459 471
493 384
479 449
398 375
485 380
430 444
390 371
389 371
471 445
450 422
451 387
442 418
470 400
437 452
443 383
456 465
462 396
407 460
448 461
482 374
454 392
400 421
440 457
473 405
401 386
474 370
460 472
393 382
466 366
406 464
412 395
472 446
404 391
377 437
464 442
483 455
475 451
476 416
422 445
381 407
496 394
441 458
447 389
414 441
488 390
393 418
433 454
480 386
452 467
453 432
413 396
399 461
445 428
405 392
392 422
465 406
425 370
397 388
410 470
411 435
402 466
449 398
382 408
469 376
374 404
489 391
385 413
426 451
467 452
446 429
492 396
478 461
439 390
458 403
403 467
449 434
444 468
450 399
395 463
436 464
469 412
442 395
388 424
461 408
389 389
462 373
502 409
407 437
408 402
481 386
454 369
400 398
460 449
420 376
471 458
418 452
377 414
437 465
443 396
484 397
429 461
503 410
448 474
476 393
421 457
455 370
495 406
440 470
441 435
401 399
487 402
393 395
413 373
453 409
398 473
399 438
404 404
370 411
369 412
369 411
402 443
436 356
422 458
381 420
496 407
463 459
414 454
488 403
433 467
480 399
466 464
399 474
446 406
391 470
465 419
432 471
392 435
438 402
411 448
457 415
430 398
450 376
395 440
469 389
396 405
470 354
415 418
421 349
388 401
408 379
481 363
467 465
427 392
473 359
373 421
459 461
420 353
439 403
485 370
425 468
472 400
431 362
417 464
491 413
442 408
443 373
483 409
388 437
428 473
389 402
429 438
408 415
448 451
400 411
401 376
441 412
420 389
393 372
466 356
406 454
452 421
404 381
432 363
469 444
377 427
464 432
463 431
423 394
424 359
410 424
484 410
416 355
415 356
429 474
435 368
421 470
381 397
380 397
379 398
462 471
422 435
468 402
441 448
487 415
434 409
474 445
480 376
380 438
453 422
426 405
445 418
392 412
397 378
438 379
383 443
411 425
417 356
384 408
457 392
402 456
458 357
403 421
477 370
463 472
395 417
469 366
455 468
415 395
447 464
427 369
413 471
486 455
459 438
373 398
438 415
405 467
478 451
479 416
430 411
471 412
376 440
450 389
396 418
437 419
470 367
456 432
388 414
389 379
407 427
448 428
408 392
454 359
427 405
440 424
473 372
459 474
373 434
420 366
406 431
471 448
431 375
472 413
423 371
484 387
429 451
475 418
422 412
468 379
401 389
441 425
487 392
414 408
433 421
406 467
452 434
380 415
404 394
399 428
445 395
391 424
465 373
410 437
383 420
416 368
457 369
443 471
402 433
403 398
449 365
463 449
468 415
434 422
447 441
447 442
480 389
466 454
467 419
392 425
438 392
424 457
384 421
457 405
458 370
498 406
376 417
450 366
395 430
396 395
436 431
428 419
469 379
442 362
415 408
456 409
447 477
427 382
459 451
373 411
419 378
460 416
472 390
417 454
418 419
491 403
436 467
437 432
443 363
456 445
484 364
429 428
475 395
448 441
476 360
421 424
494 408
394 470
440 437
487 369
387 431
433 398
414 375
406 444
412 375
379 427
452 411
453 376
398 440
404 371
464 422
369 413
410 414
451 452
470 465
422 425
468 392
414 421
487 405
488 370
433 434
473 470
480 366
380 428
426 395
445 408
446 373
486 409
431 473
391 437
432 438
465 386
438 369
384 398
457 382
430 365
402 446
403 411
449 378
463 462
435 443
396 372
415 385
447 454
407 381
466 467
460 393
419 355
439 370
479 406
424 470
425 435
444 448
376 430
417 431
396 408
436 444
409 427
442 375
437 409
483 376
456 422
428 440
389 369
475 372
405 436
408 382
375 434
394 447
434 464
400 378
440 414
386 443
378 439
452 388
439 455
472 403
398 417
431 365
418 432
458 468
423 361
484 377
429 441
475 408
476 373
461 473
461 474
421 437
462 438
468 369
414 398
487 382
387 444
433 411
434 376
452 424
453 389
426 372
398 453
445 385
391 414
431 450
465 363
392 379
410 427
451 465
411 392
462 474
463 439
395 384
482 452
454 470
455 435
474 448
447 431
426 408
393 460
466 444
467 409
412 473
413 438
404 469
432 451
438 382
405 434
479 383
460 372
384 411
424 447
430 378
425 412
458 360
471 379
416 443
444 425
490 392
435 456
428 417
456 399
388 381
461 365
407 394
448 395
373 401
459 441
419 368
400 453
460 406
405 470
446 471
425 448
472 380
417 444
458 445
418 409
464 376
477 458
449 476
437 422
409 440
483 389
428 453
469 454
475 385
421 414
494 398
461 450
394 460
422 379
440 427
441 392
427 457
433 388
379 417
452 401
439 468
398 430
399 395
391 391
450 477
430 476
451 442
410 404
411 369
497 409
470 455
442 473
443 438
468 382
454 447
455 412
473 460
434 389
401 441
420 454
426 385
467 386
412 450
372 414
446 363
486 399
391 427
431 463
404 446
392 392
432 428
478 395
423 459
411 405
430 355
444 402
449 368
395 397
435 433
455 448
468 467
447 444
393 473
467 422
413 451
460 383
405 447
479 396
424 460
397 443
465 461
472 357
444 438
416 456
490 405
457 457
432 453
418 386
437 399
409 417
483 366
456 412
429 395
475 362
448 408
421 391
458 458
441 369
386 433
387 398
420 346
406 411
378 429
398 407
439 445
399 372
485 412
464 389
423 351
390 403
450 454
484 367
469 467
402 377
476 363
461 463
421 427
422 392
463 393
408 457
444 450
482 406
433 401
434 366
474 402
379 430
420 431
453 379
399 408
486 376
391 404
392 369
383 400
411 382
423 436
402 413
443 451
484 452
395 374
454 460
455 425
415 352
401 454
420 467
467 399
412 463
413 428
453 464
486 412
459 395
404 459
432 441
478 408
430 368
425 402
471 369
416 433
444 415
417 398
490 382
490 381
435 446
436 411
428 407
429 372
374 436
448 385
394 414
480 454
386 410
419 358
460 396
446 461
406 388
397 456
465 474
493 393
438 457
457 470
418 399
430 453
464 366
392 404
477 448
409 430
483 379
450 431
396 460
429 408
470 409
415 473
421 404
422 369
407 469
440 417
441 382
481 418
482 383
387 411
427 447
406 424
378 442
379 407
439 458
399 385
390 416
450 467
442 463
392 381
402 390
443 428
462 441
463 406
408 470
455 402
400 466
401 431
474 415
447 398
420 444
466 411
412 440
372 404
413 405
459 372
404 436
392 382
432 418
478 385
383 413
423 449
447 378
424 414
416 410
476 461
395 387
435 423
436 388
382 417
468 457
456 366
489 400
393 463
413 441
459 408
426 460
385 422
445 473
479 386
459 407
492 405
397 433
425 415
471 382
435 436
416 446
457 447
417 411
428 420
429 385
469 421
448 398
375 414
394 427
432 398
422 346
501 410
446 474
433 355
406 401
378 419
452 368
493 406
438 470
485 402
430 466
390 393
450 444
451 409
410 371
470 422
443 405
422 382
389 434
463 383
408 447
454 414
427 460
434 356
419 456
379 420
420 421
466 388
371 416
412 417
445 365
431 430
472 468
478 362
411 372
464 464
423 426
424 391
443 441
444 369
475 473
455 415
422 467
381 429
401 444
447 411
433 476
413 418
459 385
432 431
404 449
405 414
478 398
445 450
424 427
397 410
471 359
417 388
418 353
436 401
477 402
437 366
468 470
382 430
456 379
429 362
374 426
489 413
448 375
421 358
394 404
426 473
385 435
406 378
493 383
438 447
439 412
398 374
457 460
458 425
390 370
464 356
450 421
451 386
470 399
475 365
415 463
375 427
461 430
422 359
407 459
408 424
441 372
471 404
454 391
387 401
427 437
433 368
378 432
460 471
419 433
399 375
390 406
472 445
391 371
431 407
410 384
377 436
443 418
463 396
475 450
408 460
454 427
401 421
447 388
420 434
393 417
466 401
467 366
412 430
452 466
431 443
459 362
478 375
405 391
424 404
397 387
425 369
484 455
410 469
444 382
436 378
381 442
468 447
382 407
374 403
394 381
426 450
385 412
460 363
405 427
445 463
446 428
465 441
397 423
471 372
438 424
417 401
458 402
403 466
437 379
449 433
477 415
429 375
470 376
374 439
375 404
415 440
461 407
407 436
481 385
473 381
378 409
406 391
493 396
438 460
479 461
439 425
398 387
458 438
390 383
389 384
450 434
396 463
442 430
437 464
461 443
389 424
463 373
454 404
482 386
427 450
473 417
400 433
474 382
419 446
447 365
412 407
413 372
472 458
432 385
424 381
370 410
416 377
435 390
401 434
447 401
414 453
488 402
393 430
433 466
434 431
453 444
385 389
459 375
460 376
461 375
404 439
445 440
391 469
465 418
457 414
417 378
403 443
409 374
449 410
382 420
468 460
456 369
428 387
469 388
394 394
385 425
426 463
467 464
386 390
446 441
392 470
439 402
485 369
457 450
430 433
458 415
449 446
451 376
470 389
442 407
415 453
443 372
456 454
461 420
388 436
462 385
481 398
400 410
473 394
433 358
474 359
460 461
419 423
420 388
466 355
412 384
377 426
418 464
423 393
389 437
463 386
476 405
421 469
381 396
455 382
400 446
441 447
487 414
466 391
393 407
467 356
452 456
412 420
413 385
453 421
405 381
424 394
465 395
425 359
397 377
410 459
416 390
444 372
435 403
382 397
428 364
488 415
433 479
434 444
394 371
453 457
385 402
426 440
445 453
446 418
492 385
392 447
411 460
384 443
458 392
403 456
449 423
477 405
409 387
450 388
442 384
461 397
421 361
462 362
407 426
408 391
481 375
427 404
378 399
460 438
493 386
398 377
485 382
430 446
471 447
377 403
451 389
437 454
442 420
443 385
456 467
429 450
462 398
463 363
448 463
454 394
495 395
474 372
400 423
440 459
401 388
460 474
420 401
393 384
406 466
412 397
472 448
398 462
404 393
432 375
377 439
464 444
423 406
370 400
416 367
475 453
476 418
435 380
381 409
422 447
441 460
414 443
488 392
433 456
434 421
452 469
480 388
453 434
399 463
405 394
446 395
465 408
397 390
392 424
438 391
410 472
411 437
457 404
402 468
449 400
395 429
428 377
469 378
374 406
415 407
461 374
407 403
426 453
467 454
427 381
459 450
373 410
492 398
439 392
425 457
458 405
444 470
450 401
395 465
491 402
436 466
470 379
442 397
443 362
461 410
502 411
503 412
502 413
502 412
389 391
462 375
407 439
448 440
408 404
481 388
394 469
460 451
420 378
471 460
418 454
377 416
464 421
423 383
437 467
484 399
429 463
435 357
476 395
448 476
421 459
495 408
468 391
441 437
401 401
487 404
393 397
434 398
413 375
399 440
404 406
445 407
370 413
411 414
416 380
457 381
402 445
403 410
422 460
477 359
463 461
414 456
488 405
455 457
434 434
480 401
466 466
446 408
391 472
432 473
438 404
411 450
457 417
424 469
430 400
376 429
449 413
450 378
490 414
395 442
396 407
477 372
469 391
470 356
415 420
456 421
376 406
388 403
408 381
481 365
467 467
427 394
473 361
373 423
459 463
420 355
425 470
472 402
431 364
417 466
423 360
464 398
443 375
483 411
484 376
389 404
429 440
475 407
448 453
400 413
401 378
441 414
487 381
387 443
420 391
433 410
466 358
406 456
452 423
432 365
399 417
464 434
423 396
424 361
451 464
484 412
402 422
476 408
435 370
462 473
381 399
422 437
463 438
468 404
454 469
482 451
474 447
420 443
434 411
480 378
380 440
426 407
399 453
445 420
392 414
397 380
438 381
383 445
457 394
384 410
458 359
402 458
403 423
463 474
469 368
396 384
455 470
415 397
461 364
447 466
427 371
413 473
459 440
373 400
460 405
419 367
405 469
479 418
397 465
430 413
471 414
450 391
417 443
491 392
443 450
436 456
396 420
437 421
388 416
456 434
448 430
408 394
454 361
494 397
394 459
440 426
420 368
406 433
452 400
472 415
431 377
423 373
464 411
450 476
484 389
429 453
422 391
475 420
470 454
422 414
468 381
483 401
441 427
414 410
487 394
433 423
406 469
452 436
453 401
399 430
372 413
445 397
391 426
465 375
410 439
451 477
383 422
443 473
403 400
449 367
463 451
474 460
447 443
426 420
385 382
469 466
393 472
467 421
459 417
432 463
438 394
392 371
479 395
384 423
430 390
498 408
425 424
449 403
416 455
444 437
490 404
450 368
435 468
436 433
442 364
415 410
388 393
461 377
428 429
456 411
407 406
448 407
459 453
373 413
460 418
419 380
472 392
431 354
418 421
491 405
436 469
464 388
465 440
409 452
437 434
484 366
428 465
475 397
476 362
448 443
421 426
440 439
441 404
487 371
387 433
406 446
452 413
379 429
453 378
399 407
404 373
445 374
390 438
391 403
410 416
451 454
416 347
415 347
414 346
413 345
411 381
470 467
476 398
402 412
422 427
462 463
468 394
454 459
414 423
488 372
455 424
473 472
434 401
420 466
380 430
426 397
412 462
372 426
446 375
391 439
438 371
423 471
411 417
384 400
457 384
430 367
444 414
477 362
435 445
469 358
396 374
455 460
415 387
407 383
427 361
413 463
459 430
432 476
460 395
405 459
479 408
424 472
465 473
397 455
472 369
416 468
417 433
491 382
418 398
464 365
409 429
437 411
483 378
388 406
429 407
448 420
375 436
421 403
400 380
441 381
386 445
387 410
420 358
452 390
439 457
398 419
472 405
458 470
418 434
423 363
464 401
450 466
451 431
484 379
470 444
476 375
421 439
422 404
468 371
441 417
408 469
414 400
454 436
473 449
474 414
434 378
379 442
380 407
426 374
399 420
372 403
445 387
391 416
431 452
410 429
383 412
411 394
457 361
402 425
443 463
403 390
463 441
395 386
454 472
455 437
474 450
401 466
447 433
393 462
467 411
413 440
479 385
424 449
397 432
471 381
444 427
376 409
416 445
417 410
490 394
435 458
436 423
437 388
456 401
388 383
407 396
448 397
394 426
440 393
386 422
501 409
446 473
406 400
397 468
452 367
471 417
438 469
472 382
417 446
458 447
464 378
409 442
477 460
483 391
450 443
469 456
470 421
475 387
461 452
440 429
441 394
387 423
427 459
379 419
453 368
398 432
439 470
371 415
399 397
445 364
390 428
410 406
442 475
470 457
443 440
402 402
467 388
462 453
463 418
454 449
473 462
401 443
447 410
380 420
420 456
466 423
412 452
372 416
446 365
454 426
486 401
431 465
392 394
486 378
404 448
478 397
423 461
383 425
449 370
395 399
476 473
382 429
468 469
456 378
447 446
407 373
448 374
467 424
479 398
434 476
413 453
459 420
385 434
460 385
419 347
405 449
465 463
397 445
471 394
472 359
416 458
457 459
464 355
449 455
409 419
483 368
475 364
375 426
448 410
394 439
422 358
440 406
441 371
386 435
387 400
406 413
378 431
452 380
398 409
439 447
399 374
485 414
430 478
390 405
450 456
451 421
469 469
442 452
476 365
443 417
461 465
468 361
463 395
408 459
482 408
474 404
419 468
379 432
426 364
371 428
412 429
445 377
391 406
431 442
465 355
478 374
423 438
443 453
402 415
484 454
403 380
444 381
476 450
395 376
435 412
455 427
381 441
432 443
401 456
447 423
467 401
453 466
413 430
459 397
460 362
404 461
405 426
424 439
397 422
471 371
376 399
444 417
490 384
435 448
436 413
409 396
382 442
456 391
374 438
448 387
375 403
421 370
394 416
440 383
446 463
378 408
406 390
493 395
438 459
472 372
398 386
485 391
457 472
430 455
458 437
477 450
450 433
396 462
442 429
475 377
470 411
375 439
461 442
462 407
422 371
408 436
441 384
482 385
427 449
378 444
474 381
379 409
439 460
399 387
390 418
391 383
472 457
410 396
451 434
497 401
442 465
443 374
389 403
422 351
443 430
402 392
462 443
463 408
467 378
408 472
455 404
400 468
401 433
474 417
447 400
420 446
466 413
393 429
412 442
486 391
459 374
431 455
404 438
478 387
405 403
423 451
444 394
435 425
382 419
468 459
456 368
374 415
489 402
448 364
434 466
394 393
426 462
385 424
460 375
405 439
445 475
446 440
397 435
465 453
392 469
438 436
471 384
457 449
458 414
409 409
449 445
469 423
470 388
375 416
461 419
394 429
407 448
440 396
481 397
441 361
386 425
501 412
473 393
378 421
406 403
452 370
493 408
438 472
439 437
398 399
485 404
458 450
430 468
390 395
471 469
450 446
410 373
442 442
461 455
462 420
389 436
463 385
408 449
454 416
455 381
427 462
400 445
474 394
401 410
419 458
447 377
466 390
426 354
371 418
467 355
486 368
472 470
404 415
478 364
383 392
464 466
444 371
381 431
422 469
401 446
447 413
414 465
393 442
433 478
434 443
467 391
453 456
459 387
404 451
445 452
405 416
479 365
397 412
471 361
411 459
457 426
418 355
403 455
409 386
477 404
468 472
382 432
456 381
429 364
374 428
448 377
421 360
394 406
440 373
385 437
426 475
386 402
446 453
378 398
438 449
485 381
457 462
430 445
464 358
390 372
389 373
449 458
450 423
451 388
470 401
443 384
415 465
462 397
422 361
463 362
407 461
481 410
408 426
482 375
454 393
400 422
473 406
474 371
460 473
379 399
466 367
399 377
472 447
391 373
377 438
464 443
402 382
443 420
483 456
475 452
463 398
455 394
496 395
400 458
441 459
401 423
447 390
393 419
467 368
452 468
412 432
453 433
413 397
459 364
399 462
405 393
397 389
425 371
410 471
444 384
476 453
402 467
381 444
468 449
382 409
456 358
374 405
489 392
434 456
394 383
453 469
385 414
460 365
445 465
446 430
492 397
397 425
465 443
438 426
439 391
457 439
458 404
403 468
463 463
477 417
450 400
395 464
396 429
470 378
375 406
461 409
421 373
462 374
407 438
481 387
386 415
473 383
378 411
452 360
460 450
493 398
388 438
439 427
485 394
430 458
390 385
450 436
451 401
396 465
437 466
442 432
443 397
429 462
462 410
503 411
408 439
482 388
454 406
495 407
455 371
400 435
401 400
474 384
419 448
447 367
393 396
452 445
413 374
472 460
404 405
464 456
370 412
381 421
422 459
496 408
441 472
414 455
488 404
433 468
393 432
480 400
453 446
459 377
385 391
445 442
391 471
397 402
392 436
465 420
438 403
411 449
457 416
458 381
449 412
382 422
395 441
469 390
374 418
489 405
461 386
421 350
440 363
426 465
385 427
481 364
467 466
386 392
446 443
492 410
459 462
438 439
439 404
485 371
430 435
425 469
450 413
451 378
491 414
442 409
470 391
461 422
456 456
428 474
407 451
408 416
481 400
448 452
454 383
473 396
474 361
401 377
460 463
420 390
471 472
432 364
422 436
377 428
418 466
424 360
484 411
429 475
476 407
421 471
381 398
455 384
468 403
441 449
401 413
447 380
488 381
433 445
393 409
467 358
452 458
404 418
405 383
478 367
445 419
425 361
397 379
410 461
411 426
444 374
417 357
402 457
422 472
477 371
381 434
468 439
463 473
382 399
428 366
489 382
434 446
394 373
480 413
385 404
426 442
445 455
446 420
492 387
478 452
411 462
439 381
457 429
384 445
418 358
458 394
376 441
449 425
444 459
477 407
450 390
396 419
470 368
415 432
421 363
462 364
481 377
408 393
454 360
473 373
400 389
460 440
420 367
479 453
485 384
472 414
418 443
377 405
451 391
464 410
423 372
437 456
443 387
484 388
429 452
463 365
448 465
455 361
440 461
474 374
441 426
401 390
487 393
466 370
393 386
406 468
452 435
412 399
453 400
472 450
404 395
377 441
464 446
410 438
392 426
451 476
475 455
476 420
422 449
381 411
468 416
441 462
414 445
488 394
433 458
434 423
480 390
453 436
499 403
399 465
445 432
446 397
397 392
465 410
438 393
411 439
384 422
458 371
402 470
403 435
449 402
477 384
450 367
395 431
469 380
396 396
415 409
461 376
447 478
407 405
467 456
386 382
427 383
460 417
419 379
439 394
425 459
430 425
444 472
450 403
417 455
491 404
396 432
470 381
442 399
437 433
483 400
456 446
388 428
462 377
408 406
448 442
454 373
394 471
440 438
473 386
419 415
460 453
452 412
412 376
471 462
431 389
377 418
423 385
464 423
437 469
369 414
476 397
484 401
429 465
470 466
435 359
421 461
495 410
468 393
441 439
487 406
447 370
488 371
393 399
434 400
480 367
452 448
413 377
380 429
453 413
426 396
399 442
445 409
391 438
465 387
410 451
383 434
416 382
417 347
402 447
403 412
449 379
477 361
428 356
395 408
414 458
469 357
455 459
474 472
447 455
480 403
426 432
385 394
446 410
392 439
432 475
439 371
424 471
384 435
430 402
403 448
416 467
449 415
444 449
395 444
436 445
396 409
442 376
470 358
456 423
461 389
388 405
389 370
462 354
407 418
448 419
481 367
408 383
400 379
473 363
459 465
419 392
420 357
425 472
472 404
417 468
423 362
437 446
409 464
483 413
443 377
484 378
456 459
389 406
475 409
476 374
448 455
421 438
440 451
441 416
401 380
406 458
412 389
452 425
379 441
453 390
404 385
445 386
391 415
410 428
411 393
476 410
435 372
402 424
443 462
422 439
468 406
463 440
414 435
454 471
488 384
474 449
434 413
380 442
466 445
426 409
446 387
392 416
432 452
465 400
438 383
411 429
457 396
458 361
402 460
444 426
376 408
435 457
395 421
469 370
455 472
461 366
388 382
407 395
467 446
427 373
459 442
373 402
419 369
478 455
439 384
397 467
425 449
444 462
472 381
417 445
491 394
418 410
437 423
409 441
428 454
456 436
388 418
389 383
448 432
408 396
421 415
454 363
441 393
420 370
406 435
412 366
452 402
431 379
439 469
472 417
398 431
418 446
464 413
484 391
410 405
429 455
470 456
476 387
422 416
495 400
462 452
468 383
441 429
414 412
433 425
473 461
434 390
453 403
426 386
399 432
446 364
392 393
465 377
410 441
383 424
411 406
457 373
402 437
443 475
403 402
449 369
463 453
395 398
455 449
474 462
447 445
407 372
466 458
393 474
467 423
413 452
459 419
432 465
438 396
405 448
479 397
439 361
425 426
498 410
471 393
416 457
376 421
444 439
417 422
490 406
435 470
436 435
388 395
456 413
407 408
408 373
448 409
440 405
373 415
419 382
460 420
420 347
406 412
425 462
472 394
431 356
417 458
418 423
458 459
491 407
464 390
423 352
409 454
437 436
483 403
428 467
429 432
476 364
461 464
421 428
394 474
440 441
468 360
441 406
414 389
487 373
427 471
433 402
406 448
434 367
452 415
379 431
371 427
399 409
404 375
390 440
410 418
383 401
411 383
470 469
443 452
402 414
403 379
462 465
468 396
454 461
401 455
434 403
480 370
380 432
426 399
467 400
372 428
446 377
486 413
404 460
432 442
478 409
423 473
383 437
424 438
384 402
430 369
376 398
449 382
490 383
435 447
395 411
469 360
436 412
415 389
456 390
461 356
447 458
427 363
413 465
459 432
419 359
460 397
405 461
479 410
424 474
397 457
416 470
417 435
418 400
464 367
477 449
437 413
428 444
429 409
448 422
375 438
494 389
421 405
400 382
440 418
441 383
387 412
378 443
406 425
452 392
399 386
390 417
450 468
410 395
451 433
470 446
442 464
443 429
422 406
463 407
408 471
481 455
414 402
434 380
474 416
379 444
380 409
453 393
426 376
399 422
445 389
372 405
392 383
465 367
423 450
383 414
411 396
402 427
443 465
403 392
463 443
395 388
435 424
454 474
405 438
455 439
415 366
401 468
393 464
467 413
413 442
459 409
432 455
460 374
479 387
424 451
397 434
471 383
376 411
444 429
490 396
435 460
436 425
396 389
409 408
437 390
456 403
388 385
429 386
448 399
375 415
394 428
386 424
460 410
501 411
446 475
378 420
452 369
493 407
438 471
439 436
472 384
398 398
458 449
464 380
409 444
450 445
472 361
396 474
469 458
475 389
461 454
462 419
441 396
414 379
482 397
387 425
434 357
419 457
379 421
453 370
398 434
439 472
371 417
445 366
390 430
431 431
391 395
451 446
383 391
442 477
402 404
443 442
463 420
454 451
455 416
401 445
447 412
420 458
467 390
412 454
486 403
431 467
459 386
404 450
432 432
478 399
405 415
438 363
479 364
384 392
425 393
471 360
444 406
395 401
476 475
436 402
437 367
428 398
456 380
374 427
407 375
448 376
489 414
434 478
394 405
426 474
459 422
419 349
405 451
446 452
465 465
397 447
438 448
471 396
417 425
457 461
458 426
437 403
449 457
483 370
475 366
375 428
461 431
421 395
422 360
394 441
440 408
481 409
386 437
427 438
387 402
406 415
378 433
452 382
439 449
398 411
399 376
390 407
450 458
451 423
410 385
443 419
402 381
461 467
462 432
422 396
468 363
408 461
454 428
434 370
474 406
419 470
380 399
426 366
371 430
467 367
412 431
404 427
392 373
432 409
478 376
423 440
403 382
444 383
395 378
435 414
476 452
381 443
455 429
468 448
401 458
467 403
434 455
453 468
413 432
404 463
460 364
405 428
478 412
479 377
424 441
465 442
425 406
444 419
416 437
417 402
490 386
457 438
418 367
409 398
382 444
456 393
428 411
429 376
375 405
421 372
386 414
446 465
406 392
398 388
439 426
485 393
457 474
430 457
418 403
458 439
464 370
390 384
451 400
469 448
470 413
461 444
462 409
422 373
463 374
408 438
414 369
454 405
433 382
473 418
379 411
419 447
420 412
453 360
466 379
399 389
390 420
472 459
410 398
451 436
423 417
497 403
402 394
443 432
463 410
455 406
400 470
401 435
447 402
420 448
466 415
467 380
412 444
486 393
459 376
432 422
404 440
405 405
425 383
397 401
444 396
435 427
409 375
382 421
468 461
428 388
456 370
374 417
448 366
489 404
434 468
394 395
440 362
386 391
460 377
446 442
492 409
438 438
417 415
458 416
430 434
409 411
450 412
470 390
415 454
421 385
462 386
407 450
441 363
482 364
427 428
433 359
473 395
493 410
419 424
452 372
460 462
398 401
439 439
485 406
471 471
390 397
450 448
410 375
442 444
443 409
463 387
408 451
482 400
455 383
401 412
474 396
447 379
419 460
420 425
426 356
466 392
467 357
452 457
412 421
472 472
431 434
404 417
432 399
478 366
464 468
425 360
416 391
435 404
436 369
381 433
422 471
415 346
428 365
447 415
414 467
489 381
434 445
480 412
394 372
413 422
453 458
385 403
459 389
426 441
445 454
479 367
492 386
392 448
397 414
471 363
411 461
417 392
418 357
437 370
428 401
469 402
374 430
448 379
415 431
440 375
481 376
385 439
386 404
446 455
378 400
438 451
479 452
439 416
485 383
430 447
449 460
451 390
470 403
442 421
443 386
456 468
461 434
389 415
407 463
463 364
481 412
408 428
455 360
427 441
473 408
474 373
419 437
420 402
466 369
412 398
391 375
431 411
472 449
377 440
423 407
475 454
435 381
476 419
455 396
381 410
422 448
401 425
441 461
393 421
467 370
452 470
413 399
459 366
399 464
404 430
405 395
445 431
424 408
465 409
425 373
410 473
402 469
436 382
477 383
468 451
428 378
456 360
374 407
489 394
434 458
394 385
385 416
426 454
386 381
446 432
492 399
438 428
439 393
457 441
418 370
458 406
449 437
450 402
395 466
470 380
375 408
388 427
421 375
461 411
462 376
408 405
481 389
387 382
378 413
419 414
460 452
420 379
439 429
418 455
377 417
423 384
437 468
443 399
484 400
429 464
463 377
408 441
448 477
421 460
495 409
455 373
400 437
447 369
393 398
452 447
412 411
413 376
431 424
404 407
432 389
405 372
464 458
410 450
416 381
435 394
381 423
496 410
441 474
414 457
488 406
433 470
434 435
385 393
445 444
446 409
391 473
392 438
465 422
397 404
438 405
411 451
457 418
417 382
384 434
449 414
437 360
450 379
395 443
469 392
429 356
470 357
407 417
440 365
481 366
386 394
467 468
427 395
473 362
406 372
373 424
439 406
485 373
425 471
417 467
450 415
396 444
470 393
437 445
443 376
456 458
462 389
463 354
408 418
454 385
482 367
440 450
400 414
401 379
419 427
460 465
393 375
466 359
406 457
432 366
404 384
377 430
423 397
435 371
476 409
421 473
441 451
414 434
488 383
393 411
433 447
434 412
452 460
380 441
453 425
413 389
404 420
399 454
445 421
425 363
465 399
410 463
383 446
416 394
457 395
402 459
403 424
449 391
468 441
382 401
414 470
455 471
489 384
480 415
385 406
467 445
446 422
492 389
478 454
439 383
449 427
396 421
436 457
470 370
415 434
461 401
456 435
407 430
454 362
400 391
473 375
460 442
419 404
420 369
479 455
471 451
472 416
418 445
377 407
423 374
464 412
437 458
443 389
389 418
463 367
448 467
455 363
440 463
401 392
441 428
487 395
393 388
466 372
452 437
413 366
432 379
399 431
445 398
464 448
465 376
410 440
416 371
435 384
402 436
422 451
496 400
463 452
414 447
488 396
474 461
434 425
453 438
499 405
466 457
399 467
446 399
392 428
411 441
498 409
430 391
477 386
395 433
435 469
396 398
442 365
415 411
461 378
408 372
427 385
459 454
460 419
419 381
439 396
485 363
425 461
472 393
431 355
444 474
417 457
451 370
396 434
437 435
443 366
429 431
408 408
448 444
494 411
394 473
474 353
441 405
460 455
420 382
412 378
398 443
431 391
404 374
418 458
424 352
369 416
429 467
476 399
421 463
422 428
468 395
441 441
414 424
434 402
480 369
399 444
445 411
446 376
391 440
392 405
397 371
465 389
410 453
438 372
383 436
417 349
457 385
449 381
463 465
428 358
469 359
455 461
447 457
407 384
427 362
413 464
459 431
432 477
439 373
424 473
430 404
425 438
471 405
494 388
461 391
416 469
450 382
436 447
442 378
428 443
456 425
388 407
389 372
407 420
448 421
481 369
427 398
473 365
373 427
459 467
419 394
420 359
425 474
472 406
417 470
458 471
423 364
464 402
437 448
483 415
475 411
448 457
421 440
468 372
440 453
481 454
414 401
487 385
393 378
434 379
406 460
379 443
452 427
398 456
404 387
445 388
391 417
424 365
465 366
410 430
411 395
443 464
463 442
468 408
454 473
488 386
474 451
434 415
480 382
426 411
467 412
446 389
432 454
392 418
457 398
384 414
430 381
458 363
477 376
490 395
395 423
435 459
396 388
455 474
461 368
388 384
456 402
447 470
467 448
427 375
373 404
419 371
460 409
397 469
425 451
444 464
472 383
417 447
418 412
437 425
483 392
428 456
389 385
429 421
421 417
494 401
440 430
400 394
441 395
387 424
433 391
406 437
412 368
452 404
453 369
439 471
399 398
418 448
464 415
390 429
484 393
451 445
410 407
476 389
421 453
468 385
463 419
454 450
434 392
453 405
420 457
426 388
399 434
372 417
486 402
465 379
438 362
423 462
411 408
457 375
384 391
402 439
430 358
403 404
463 455
395 400
455 451
447 447
407 374
459 421
460 386
419 348
439 363
479 399
397 446
425 428
430 394
376 423
444 441
435 472
437 402
409 420
388 397
428 433
456 415
429 398
448 411
408 375
394 440
440 407
460 422
419 384
452 381
472 396
398 410
417 460
423 354
409 456
483 405
484 370
429 434
476 366
421 430
461 466
462 431
441 408
482 409
487 375
427 473
406 450
434 369
379 433
380 398
398 446
426 365
399 411
445 378
390 442
465 356
410 420
383 403
470 471
443 454
402 416
463 432
395 377
454 463
455 428
401 457
447 424
412 466
446 379
431 479
459 398
404 462
478 411
384 404
444 418
435 449
395 413
382 443
447 460
407 387
394 417
