528 579
527 580
527 581
526 579
526 582
525 583
527 583
528 582
525 580
524 581
524 584
523 583
522 584
529 580
530 579
531 578
529 583
530 582
531 581
532 579
533 578
534 577
535 578
534 576
533 575
534 574
532 576
531 575
530 576
529 577
523 582
522 581
535 575
532 580
533 581
534 582
534 583
533 584
532 585
534 579
536 576
537 575
527 582
526 584
528 581
531 580
538 576
539 575
529 582
530 581
532 578
534 581
536 578
535 580
537 577
527 584
528 583
522 582
533 582
538 578
540 575
539 577
530 583
528 585
534 585
534 586
526 581
528 578
533 577
533 586
532 587
531 587
530 588
524 583
525 582
530 578
534 578
536 575
535 577
523 584
526 583
528 580
541 574
540 573
542 573
541 572
542 571
541 570
542 569
543 570
542 568
543 572
544 570
545 569
544 568
545 567
544 566
545 565
546 564
547 563
546 562
546 566
548 563
547 565
548 566
549 565
550 566
551 565
549 567
551 567
549 562
548 561
549 560
548 559
549 558
548 557
550 557
551 556
550 559
552 556
551 558
550 561
552 558
551 560
547 556
550 563
551 562
552 563
553 562
554 561
554 563
553 560
555 560
556 561
557 560
557 562
558 563
559 562
557 564
555 562
548 556
547 558
549 555
548 554
550 554
546 568
548 565
547 567
549 564
553 564
550 556
529 587
528 588
528 587
551 555
551 564
552 565
555 564
555 565
557 561
546 561
546 560
545 560
544 561
543 561
542 562
541 563
540 564
542 564
543 563
544 563
542 561
541 565
540 566
542 566
548 558
556 563
547 560
549 557
549 566
531 582
533 579
538 575
553 557
539 574
524 585
524 586
525 587
526 586
524 588
525 584
553 566
553 567
530 580
543 565
554 565
545 562
551 557
529 584
530 585
551 566
534 580
536 577
535 579
537 576
523 586
522 586
521 587
520 588
519 587
518 587
517 588
517 587
516 588
515 587
514 587
518 588
522 588
526 585
541 567
552 567
555 566
555 567
546 563
557 563
556 565
547 562
558 562
549 559
541 576
527 586
531 584
553 559
539 576
524 587
553 568
553 569
525 586
543 567
554 567
545 564
540 577
551 559
529 586
532 582
537 578
552 560
555 559
523 588
547 555
526 587
541 569
544 565
527 579
558 564
547 564
549 561
531 577
533 574
532 573
531 573
533 572
532 571
527 588
531 586
522 583
533 583
524 580
553 561
539 578
554 560
543 569
545 566
529 579
551 561
534 575
532 575
529 588
530 587
532 584
523 581
550 565
526 580
541 562
552 562
555 561
556 560
547 557
549 554
541 571
542 570
544 567
547 566
549 563
531 579
533 576
531 588
522 585
533 585
548 567
524 582
525 581
553 563
554 562
543 562
516 587
543 571
551 554
545 568
529 581
532 577
535 576
550 558
532 586
521 586
550 567
552 564
541 564
555 563
542 563
556 562
547 559
541 573
549 556
542 572
531 572
544 569
547 568
548 560
519 588
522 587
533 587
520 587
553 565
540 565
543 564
554 564
545 561
538 577
540 574
559 563
550 560
552 557
521 588
532 588
523 585
552 566
541 566
551 568
542 565
544 562
536 579
556 564
547 561
558 561
541 575
531 574
542 574
527 585
528 584
531 583
557 565
546 565
533 580
522 580
548 562
553 558
525 585
554 566
543 566
545 563
540 576
532 572
529 585
530 584
532 581
550 562
552 559
523 587
541 568
552 568
534 584
542 567
544 564
556 566
531 576
533 573
548 555
527 587
528 586
531 585
546 567
548 564
522 579
554 559
543 568
554 568
529 578
530 577
532 574
550 555
530 586
532 583
523 580
550 564
552 561
551 563
469 565
470 564
471 563
468 565
472 563
469 566
470 565
469 567
468 568
467 569
467 566
469 563
468 562
467 563
469 569
466 564
466 567
465 565
464 564
463 565
466 570
465 571
464 570
463 571
462 570
461 571
461 572
462 573
461 574
463 574
464 575
464 573
473 564
472 565
470 567
471 566
462 572
468 567
469 568
472 567
463 564
462 563
463 562
464 561
465 561
464 563
466 560
467 559
461 573
464 572
466 569
470 569
471 568
473 565
462 565
468 560
462 574
468 569
469 561
469 570
472 569
473 570
474 571
475 570
473 572
474 573
475 572
473 574
472 574
471 573
471 575
470 576
469 575
468 574
468 576
469 577
472 576
470 578
471 577
467 573
463 566
474 566
464 565
466 562
469 579
472 578
475 574
464 574
466 571
470 562
465 575
466 576
470 571
471 570
462 567
473 567
470 580
471 579
473 576
467 575
469 572
472 571
464 567
475 567
465 568
470 573
471 572
462 569
473 569
473 578
467 568
472 564
464 560
467 577
469 574
461 570
464 569
475 569
463 573
465 570
470 566
471 565
462 562
461 561
460 561
462 560
461 559
460 559
471 574
473 571
462 571
467 561
467 570
461 563
464 562
469 576
468 578
465 563
460 558
459 557
458 556
463 575
474 575
475 576
465 572
471 567
462 564
471 576
467 572
468 571
469 578
463 568
474 568
460 560
474 577
465 574
466 573
471 569
473 566
471 578
467 565
469 562
468 564
461 558
467 574
469 571
468 573
463 561
472 573
474 570
463 570
465 567
466 566
460 562
462 559
465 576
475 578
466 575
471 571
470 575
467 567
469 564
467 560
470 577
458 557
459 556
473 573
465 569
461 562
468 577
465 566
472 568
474 565
465 562
463 563
470 568
466 561
472 577
474 574
460 557
475 573
470 570
462 566
467 562
470 579
468 561
473 575
459 558
467 571
468 570
472 570
463 567
474 567
465 564
464 566
475 566
466 563
474 576
465 573
475 575
466 572
470 563
470 572
473 568
462 568
467 564
470 581
468 563
473 577
468 566
468 572
461 560
467 576
469 573
468 575
463 560
472 566
472 572
465 560
463 569
474 569
466 559
464 568
475 568
472 575
466 565
457 556
474 572
463 572
474 578
464 571
475 571
475 577
466 568
462 561
466 574
471 564
470 574
