497 122
496 123
495 123
498 123
498 124
497 125
496 126
499 122
498 126
499 125
495 124
495 127
494 126
493 127
500 123
501 122
500 126
501 125
492 126
491 127
502 124
490 128
503 125
504 124
505 125
505 126
504 127
502 123
494 128
496 122
499 127
498 128
504 123
503 127
500 128
489 128
488 127
489 126
488 125
489 124
490 124
491 123
490 122
492 122
493 121
502 125
492 124
494 121
505 127
496 124
498 121
497 123
499 120
498 119
499 118
498 117
500 117
501 116
501 118
500 119
502 116
499 129
498 130
497 130
496 129
496 131
495 132
496 133
497 132
488 129
490 126
506 125
507 124
508 125
495 125
500 121
489 121
488 120
489 119
488 118
489 117
490 117
491 116
490 115
491 114
490 113
492 113
493 112
493 114
492 115
494 112
495 111
496 111
494 110
495 109
493 116
489 112
488 111
489 110
502 118
491 118
492 117
494 114
500 130
487 130
486 129
486 131
494 123
496 108
497 109
498 108
498 110
499 111
500 110
501 109
500 108
501 107
502 107
503 106
502 105
503 104
504 103
505 104
506 105
504 105
507 106
508 105
509 104
510 105
497 107
496 106
498 112
501 111
504 107
504 108
506 104
503 109
508 107
509 106
500 112
502 109
507 108
506 109
490 110
490 119
498 132
502 111
491 111
494 116
505 122
497 118
497 127
498 109
498 118
490 114
490 123
501 120
501 129
493 125
504 125
485 130
505 108
497 113
498 114
497 131
509 105
486 130
498 113
490 109
501 106
501 115
493 111
501 124
493 120
493 129
493 130
497 108
505 121
504 120
497 117
497 126
500 118
489 118
489 127
500 127
492 123
501 110
504 106
501 119
493 115
501 128
493 124
485 129
505 107
497 112
497 121
496 125
488 130
499 130
500 113
489 113
508 126
508 127
489 122
500 122
492 118
489 131
489 132
490 133
500 131
500 132
501 133
492 127
501 105
501 114
504 110
504 111
505 112
493 110
501 123
493 119
504 119
505 118
505 117
504 128
504 129
504 130
505 131
505 132
505 130
504 133
493 128
505 111
496 120
489 108
492 131
491 130
492 132
493 133
501 104
500 103
493 109
492 108
491 107
490 106
490 105
490 104
504 109
503 122
503 131
506 127
487 132
496 110
496 119
495 118
499 115
507 128
507 129
496 128
499 124
488 124
487 123
486 122
485 121
486 121
485 120
485 119
484 118
488 133
494 117
499 133
489 107
488 106
487 105
500 107
499 106
498 105
497 104
498 104
497 103
500 116
489 116
488 115
487 114
486 113
486 112
485 111
486 111
485 110
484 109
485 114
485 115
485 116
486 117
486 116
492 112
492 121
491 125
504 104
494 130
503 108
503 117
495 113
484 113
483 112
503 126
495 122
484 122
483 121
482 120
482 119
482 118
481 117
481 121
481 122
482 123
482 124
480 116
479 115
479 114
478 113
478 112
478 116
478 117
478 118
479 119
477 115
476 114
477 119
477 120
478 121
478 122
478 123
479 124
479 123
477 124
480 125
481 126
481 127
482 128
482 129
481 130
481 131
481 132
482 133
482 134
483 135
481 135
481 136
482 137
482 138
482 139
480 135
480 130
480 134
479 133
478 132
478 131
481 116
482 115
483 116
482 114
481 113
481 112
476 123
475 122
475 121
474 120
474 119
473 118
474 123
474 124
474 125
475 126
473 122
472 121
471 120
471 119
470 118
470 117
470 121
470 122
469 120
468 119
467 118
467 117
473 117
473 126
472 126
473 127
474 128
474 129
470 116
471 115
471 114
469 115
473 121
480 111
479 110
479 109
478 108
478 107
479 106
479 105
478 104
479 104
480 120
480 129
479 128
478 127
478 126
477 128
477 129
477 105
476 105
477 114
477 123
469 119
481 111
482 110
482 109
481 108
481 107
483 130
483 139
473 116
474 115
474 114
473 113
473 112
474 111
475 112
474 110
483 117
506 122
487 118
476 118
475 117
506 131
495 131
484 131
484 132
485 133
485 134
468 114
476 127
487 127
486 127
486 126
485 125
485 124
496 105
495 104
507 105
496 114
496 115
499 110
488 110
487 109
486 108
486 107
485 106
485 105
484 104
507 123
480 106
499 119
488 119
480 115
499 128
488 128
508 106
480 124
480 133
500 111
477 109
477 110
476 109
475 108
475 107
492 107
493 106
494 107
493 105
492 104
477 118
469 114
502 121
469 123
469 124
469 125
470 126
468 123
467 123
467 122
467 121
502 120
491 120
472 116
491 129
502 129
494 125
483 125
483 126
484 127
472 125
471 124
503 103
483 134
475 130
503 112
503 113
504 114
504 115
495 108
484 108
483 107
506 108
503 121
487 104
476 104
495 117
484 117
503 130
487 113
476 113
495 126
484 126
506 126
487 122
476 122
484 135
468 118
476 131
487 131
496 109
507 109
488 105
499 105
496 118
499 114
488 114
480 110
499 123
480 119
498 127
477 104
479 132
490 132
502 106
491 106
502 115
491 115
483 111
494 111
491 124
494 120
472 120
483 120
491 133
502 133
475 116
483 129
494 129
503 107
475 125
483 138
503 116
495 112
484 112
487 108
476 108
495 121
506 121
484 121
487 117
476 117
495 130
506 130
487 126
476 126
507 104
468 122
496 104
488 109
499 109
480 105
510 106
480 114
498 122
479 118
490 118
498 131
479 127
490 127
471 123
491 110
502 110
483 106
482 105
482 104
494 106
502 119
491 119
494 115
472 115
483 115
491 128
502 128
475 111
494 124
483 124
472 124
475 120
494 133
483 133
503 111
475 129
495 107
484 107
506 107
484 116
495 116
476 112
487 112
476 121
487 121
468 117
486 125
499 104
478 130
479 113
479 122
471 118
479 131
490 131
471 127
491 105
502 114
483 110
475 106
472 119
494 119
483 119
475 115
483 128
475 124
482 132
476 107
487 107
486 120
467 116
478 125
498 103
490 108
479 108
479 117
471 113
479 126
471 122
501 132
491 109
494 105
483 105
472 114
483 114
475 110
475 119
505 120
497 116
505 129
482 127
482 136
486 106
486 115
478 111
486 124
467 120
478 120
486 133
478 129
498 107
498 116
490 112
479 112
498 125
490 121
479 121
471 117
490 130
471 126
501 127
502 104
491 104
493 123
504 132
493 132
494 109
483 109
485 128
475 105
481 139
480 139
480 138
505 106
475 114
482 113
497 111
482 122
505 124
474 118
497 120
482 131
497 129
474 127
486 110
478 106
486 119
467 115
478 115
486 128
478 124
478 133
498 111
489 130
490 107
479 107
490 116
479 116
501 113
471 121
493 118
504 118
501 131
481 125
470 125
494 104
485 123
481 134
485 132
482 108
505 110
506 110
497 106
505 119
482 117
474 113
497 115
505 128
482 126
474 122
497 124
482 135
497 133
509 107
486 105
486 114
478 110
486 123
467 119
478 119
478 128
498 106
500 125
489 125
494 108
477 132
490 111
492 130
501 108
493 104
501 117
504 113
493 113
501 126
485 109
504 122
481 120
493 122
470 120
485 118
493 131
504 131
481 129
473 125
485 127
481 138
505 105
482 112
497 110
482 121
505 123
474 117
497 119
482 130
497 128
474 126
496 132
486 109
478 105
486 118
478 114
489 111
508 124
500 120
489 120
492 116
489 129
477 127
500 129
492 125
501 103
501 112
493 108
481 106
501 121
492 129
481 110
504 112
485 108
504 121
481 119
470 119
473 115
485 117
481 128
473 124
485 126
481 137
482 111
484 130
484 139
489 133
474 116
496 113
507 122
480 123
471 125
480 132
477 108
492 106
477 117
477 126
469 122
492 133
481 105
493 107
504 116
470 114
481 114
485 112
500 133
481 123
470 123
473 119
503 120
473 128
503 129
482 106
484 125
484 134
476 130
488 104
496 117
488 113
499 113
507 126
480 109
484 114
500 124
488 122
469 118
480 118
488 131
499 131
480 127
500 105
489 105
480 136
477 112
506 123
489 114
492 120
500 114
492 110
489 123
477 121
492 119
469 117
477 130
492 128
491 132
502 132
481 109
485 107
481 118
483 137
472 117
473 114
503 115
484 111
473 123
503 124
484 120
495 120
506 120
503 133
476 116
487 116
506 129
484 129
495 129
487 125
476 125
484 138
468 121
496 103
496 112
488 108
499 108
496 121
507 121
480 104
499 117
488 117
507 130
496 130
480 113
499 126
488 126
508 104
480 122
480 131
477 107
500 109
489 109
492 105
477 116
492 114
477 125
469 121
502 127
481 104
483 123
472 123
494 132
483 132
475 128
503 110
506 106
495 106
484 106
503 119
484 115
495 115
503 128
487 111
476 111
506 124
484 124
487 120
476 120
484 133
495 133
468 116
487 129
476 129
496 107
507 107
499 103
496 116
488 112
499 112
507 125
480 108
499 121
488 121
480 117
480 126
489 104
500 104
477 111
479 130
492 109
469 116
491 113
502 113
491 122
502 122
483 118
472 118
494 118
502 131
491 131
472 127
494 127
483 127
503 105
475 123
483 136
503 114
484 110
495 110
503 123
476 106
487 106
506 119
495 119
484 119
503 132
476 115
487 115
484 128
506 128
495 128
487 124
476 124
468 120
487 133
499 107
488 107
499 116
488 116
480 112
480 121
498 120
498 129
477 106
490 125
479 125
479 134
491 108
502 108
483 104
502 117
491 117
494 113
472 113
483 113
502 126
491 126
475 109
472 122
483 122
494 122
475 118
494 131
483 131
475 127
495 105
485 113
484 105
483 108
504 126
477 122
485 104
503 118
470 115
493 117
504 117
481 115
495 114
501 130
487 110
476 110
481 124
493 126
470 124
484 123
473 120
485 122
487 119
476 119
481 133
468 115
485 131
473 129
476 128
487 128
505 109
482 107
468 124
497 105
482 116
486 132
474 112
497 114
482 125
480 107
474 121
474 130
498 115
479 111
496 127
507 127
486 104
488 123
479 120
490 120
498 133
471 116
488 132
499 132
490 129
479 129
478 109
480 128
489 106
500 106
502 103
480 137
489 115
477 113
500 115
502 112
491 112
492 111
491 121
475 104
477 131
502 130
475 113
