650 365
649 364
648 364
651 366
652 367
650 364
651 363
650 367
653 366
647 365
649 368
648 367
647 368
646 367
649 365
652 364
653 363
654 364
655 363
656 362
657 363
658 362
654 367
645 368
655 366
656 365
644 369
643 368
643 367
648 369
655 368
656 367
647 364
646 363
647 362
645 364
644 363
644 365
643 365
658 364
652 363
643 369
654 369
645 366
646 365
648 362
649 361
648 360
649 359
648 358
655 361
654 360
655 359
654 358
655 357
656 356
657 356
656 358
658 355
657 354
658 353
659 354
660 353
659 356
660 355
657 358
656 360
658 357
647 357
646 356
645 355
647 355
645 357
644 358
643 358
642 370
653 370
652 370
656 369
644 367
647 366
652 365
643 362
654 362
645 359
646 358
648 355
660 357
654 371
643 371
644 372
645 371
646 370
647 371
645 373
646 372
644 374
643 374
642 375
643 376
642 377
647 373
643 378
645 375
646 374
648 371
642 379
641 380
640 379
639 378
640 377
639 376
644 376
640 381
643 380
644 381
645 380
646 379
647 380
645 382
646 381
644 383
643 383
642 384
643 385
642 386
643 387
641 387
641 371
640 386
639 385
640 384
640 370
652 368
639 369
642 388
646 376
647 359
658 359
638 377
638 386
641 382
650 360
650 369
650 370
653 365
642 365
642 374
642 383
654 357
653 356
643 357
642 356
654 366
643 366
646 362
643 375
646 371
646 380
647 354
658 354
645 384
646 385
657 367
658 368
649 363
649 372
641 377
661 355
641 386
653 360
650 373
650 374
653 369
642 369
641 368
642 378
662 356
662 357
642 387
643 361
642 360
654 361
646 357
646 366
645 370
645 379
657 353
657 362
649 358
649 367
638 376
637 375
641 372
638 385
637 384
641 381
650 359
642 355
653 355
650 368
653 364
642 364
641 363
642 373
654 356
660 354
645 365
645 374
648 370
645 383
648 379
657 357
657 366
649 362
649 371
641 367
649 380
650 379
650 378
649 377
649 381
650 382
650 383
649 376
641 376
661 354
662 353
641 385
650 363
642 359
641 358
653 359
642 368
653 368
656 361
656 370
657 371
657 372
658 373
644 377
644 386
645 360
660 358
661 359
661 360
662 361
662 362
661 363
661 364
661 365
662 366
660 363
648 356
645 369
648 365
645 378
648 374
637 374
645 387
645 388
637 383
638 382
638 381
638 380
637 379
657 361
649 357
657 370
649 366
641 362
649 375
638 375
653 354
654 353
655 354
642 354
643 353
641 353
660 362
637 378
636 377
635 376
634 375
634 374
648 378
637 387
637 388
637 389
638 390
638 391
641 357
640 356
639 355
641 366
663 363
640 388
664 364
664 365
665 366
665 367
666 368
667 369
667 370
668 371
668 372
669 373
669 374
669 372
633 376
633 377
634 378
634 379
634 380
635 381
633 381
633 382
634 383
634 384
635 385
632 375
633 385
633 386
632 384
631 384
631 383
630 382
630 381
629 380
630 385
630 386
630 387
631 388
629 384
629 379
629 388
629 389
630 390
630 391
632 389
633 390
634 389
635 390
634 388
633 391
629 383
636 391
644 385
660 366
660 367
660 368
661 369
662 370
662 371
661 368
663 372
664 373
664 374
665 375
665 376
637 373
638 372
638 371
637 370
637 369
648 373
629 378
630 377
631 378
631 379
630 376
649 356
650 355
651 375
636 386
651 384
628 382
627 381
641 361
652 358
651 357
663 358
663 367
652 376
652 377
653 378
653 379
654 380
652 385
653 384
654 385
653 383
652 382
652 386
653 387
653 388
652 381
640 383
632 379
664 359
665 358
666 359
665 357
665 356
664 360
665 361
665 362
666 363
664 355
667 360
668 361
669 360
670 361
669 359
668 358
669 358
668 362
668 363
669 364
669 363
668 357
667 356
671 362
632 388
644 353
656 355
667 355
666 354
665 353
664 368
664 369
664 370
665 371
656 364
644 362
667 364
667 365
668 366
668 367
669 368
669 369
670 370
671 371
672 370
673 371
673 370
672 369
671 372
672 373
672 374
672 375
673 375
671 376
671 377
674 372
675 373
676 372
676 371
675 370
675 369
676 370
677 369
675 368
676 367
676 366
675 365
675 364
674 363
673 362
673 361
672 360
672 359
671 358
674 367
673 366
672 365
673 365
672 364
656 373
656 374
656 375
657 376
657 375
667 373
667 374
667 375
668 376
668 377
669 378
669 377
667 378
667 379
668 380
668 381
668 382
667 383
667 384
670 379
644 371
633 380
644 380
666 377
645 354
655 386
645 363
647 382
648 383
648 384
649 385
649 386
650 387
650 388
648 387
648 388
648 389
651 389
648 359
648 368
639 387
678 369
670 365
659 365
651 361
659 374
670 374
636 372
635 372
635 371
651 370
636 381
628 377
651 379
636 390
671 357
670 356
669 355
672 356
673 357
673 356
669 354
672 355
673 354
673 353
668 353
672 354
668 352
671 353
674 358
675 359
675 360
676 361
677 360
676 362
678 360
651 388
663 353
671 366
671 367
674 362
640 360
639 360
639 359
638 358
638 357
638 361
637 360
637 359
652 362
663 362
671 375
652 371
652 372
653 373
653 374
654 375
654 376
655 377
656 378
656 379
657 380
657 381
658 382
659 383
660 382
661 383
661 382
660 381
659 384
660 385
660 386
660 387
661 388
662 389
661 387
663 390
664 389
665 389
664 388
663 391
664 387
663 386
659 388
659 389
647 387
660 390
660 391
663 385
664 384
665 385
664 383
663 382
663 381
662 380
661 379
661 378
660 377
660 376
666 386
667 387
667 388
667 389
668 390
668 391
674 371
640 369
663 371
640 378
652 380
663 380
664 379
665 380
664 378
663 377
663 376
662 375
661 374
661 373
660 372
660 371
659 370
632 374
640 387
664 354
632 383
662 384
675 363
667 359
656 359
644 357
654 389
643 389
644 390
644 366
633 375
644 375
655 372
666 372
655 381
666 381
647 377
658 377
666 390
666 391
655 390
656 389
657 390
657 389
656 388
639 373
640 374
647 386
639 382
659 360
670 360
639 391
651 356
670 369
659 369
651 365
670 378
659 378
659 379
636 376
651 374
659 387
658 386
657 386
657 385
656 384
656 383
636 385
671 352
670 351
651 383
628 381
671 361
628 390
627 390
626 389
626 388
625 387
625 386
625 390
625 391
626 392
628 391
625 385
626 384
626 383
625 382
624 389
674 357
640 355
663 357
652 357
671 370
663 366
674 366
652 366
640 373
640 382
677 368
632 378
662 379
632 387
667 354
656 354
662 388
654 384
665 384
643 384
644 361
635 380
655 358
666 358
646 389
646 390
635 389
627 385
627 386
628 386
655 367
666 367
658 363
647 363
666 376
655 376
647 372
658 372
666 385
655 385
639 368
658 381
647 381
639 377
658 390
647 390
624 388
670 355
659 355
678 368
679 367
680 368
679 366
680 365
680 364
679 363
679 362
680 363
678 364
677 364
639 386
678 365
670 364
659 364
651 360
659 373
636 371
670 373
651 369
636 380
651 378
636 389
671 356
628 385
640 359
652 361
674 361
663 361
661 391
640 368
631 387
662 365
677 363
662 374
673 374
654 370
665 370
643 370
662 383
665 379
654 379
643 379
644 356
646 375
635 375
654 388
643 388
665 388
666 353
655 353
646 384
635 384
666 362
627 380
655 362
647 358
658 358
627 389
655 371
666 371
639 354
647 367
658 367
655 380
666 380
647 376
658 376
655 389
666 389
639 372
647 385
658 385
670 350
678 363
639 381
624 392
623 392
623 391
659 359
670 359
639 390
651 355
659 368
670 368
651 364
636 375
651 373
628 380
669 381
650 377
661 377
674 356
640 354
669 390
650 386
661 386
653 382
631 382
642 382
662 360
673 360
631 391
643 356
673 369
634 387
662 369
654 365
677 367
665 365
662 378
646 361
654 374
665 374
662 387
635 370
654 383
665 383
635 379
666 357
635 388
646 388
666 366
627 384
655 375
666 375
639 358
658 371
639 367
658 380
624 387
670 354
657 384
670 363
651 359
636 370
638 389
649 389
669 367
669 376
661 372
650 372
650 381
661 381
631 377
653 377
661 390
673 355
634 373
662 355
653 386
631 386
662 364
673 364
634 382
643 360
665 360
677 362
662 373
673 373
634 391
665 369
677 371
662 382
654 378
665 378
635 374
654 387
665 387
655 352
646 383
635 383
666 361
627 379
623 390
627 388
666 370
668 389
658 366
639 362
639 371
672 368
657 379
651 354
657 388
669 353
638 384
649 384
630 380
669 362
661 358
650 358
641 389
641 390
641 391
642 391
630 389
669 371
661 367
669 380
642 363
650 376
661 376
653 372
673 359
642 372
650 385
661 385
653 381
642 381
631 381
634 377
665 355
662 359
631 390
642 390
654 355
643 355
634 386
673 368
662 368
677 366
669 370
643 364
665 364
634 381
662 377
646 360
643 373
654 373
665 373
646 369
654 382
665 382
646 378
635 378
655 356
666 356
668 375
627 383
668 384
658 361
647 361
660 380
639 357
660 389
626 387
657 365
680 367
672 363
657 374
638 370
672 372
649 370
657 383
638 379
649 379
641 375
669 357
649 388
638 388
661 353
669 366
630 384
641 384
661 362
650 362
669 375
653 358
642 358
650 371
661 371
653 367
642 367
661 380
650 380
653 376
642 376
631 376
661 389
650 389
634 372
662 354
642 385
631 385
653 385
662 363
673 363
664 382
654 359
665 359
643 359
677 361
634 390
646 355
664 391
654 368
665 368
656 387
646 364
676 365
646 373
635 373
668 370
645 377
668 379
660 375
645 386
637 382
648 382
626 382
660 384
657 360
637 391
626 391
672 358
638 356
629 387
657 369
672 367
657 378
672 376
649 374
638 374
657 387
669 352
641 370
638 383
649 383
641 379
630 379
669 361
661 357
650 357
630 388
641 388
653 353
642 353
650 366
661 366
653 362
642 362
650 375
661 375
642 371
653 371
631 380
642 380
653 380
662 358
634 376
673 358
664 377
654 354
643 354
665 354
634 385
664 386
665 363
667 382
656 382
646 359
676 360
644 389
633 389
667 391
668 356
676 369
679 365
668 365
660 361
645 372
668 374
660 370
645 381
668 383
637 377
648 377
660 379
645 390
657 355
626 386
648 386
637 386
660 388
672 353
657 364
629 382
680 366
649 360
672 362
638 360
629 391
657 373
641 356
649 369
638 369
672 371
657 382
641 365
638 378
649 378
641 374
669 356
638 387
649 387
641 383
630 383
669 365
661 361
650 361
653 357
642 357
661 370
652 389
663 389
642 366
664 363
653 375
664 372
675 372
656 368
667 368
664 381
667 377
656 377
646 354
664 390
644 384
633 384
667 386
656 386
676 364
645 358
668 360
625 389
660 356
645 367
679 369
668 369
660 365
648 363
668 378
645 376
648 372
660 374
637 372
645 385
626 381
637 381
660 383
648 381
657 359
629 377
637 390
626 390
649 355
672 357
657 368
629 386
672 366
657 377
641 360
649 373
638 373
669 351
641 369
649 382
641 378
630 378
671 379
650 356
661 356
663 375
652 375
652 384
663 384
653 361
642 361
640 391
664 358
675 358
664 367
675 367
667 363
656 363
664 376
656 372
667 372
644 370
664 385
667 381
633 379
644 379
656 381
676 359
667 390
656 390
644 388
633 388
668 355
676 368
625 384
679 364
645 362
668 364
660 360
637 358
668 373
660 369
660 378
637 376
648 376
645 389
637 385
626 385
648 385
672 352
629 381
659 382
638 359
672 361
629 390
641 355
638 368
651 387
641 364
671 365
641 373
671 374
674 370
663 370
663 379
652 379
652 388
663 388
664 353
632 382
675 362
664 362
632 391
667 358
675 371
664 371
667 367
664 380
656 376
667 376
633 374
633 383
656 385
667 385
676 363
668 359
625 388
679 368
668 368
660 364
660 373
637 371
648 380
637 380
626 380
670 377
659 377
629 385
636 384
659 386
671 351
651 382
641 359
671 360
628 389
652 356
663 356
671 369
663 365
674 365
671 378
674 374
652 374
640 372
663 374
652 383
663 383
632 377
640 390
664 357
632 386
656 353
667 353
675 366
664 366
644 360
667 362
664 375
656 371
667 371
644 378
656 380
633 378
667 380
644 387
633 387
668 354
625 383
655 384
666 384
645 361
625 392
660 359
637 357
648 357
647 389
658 389
648 366
678 367
659 363
648 375
670 372
659 372
651 368
636 379
659 381
651 377
659 390
636 388
641 354
671 355
628 384
651 386
671 364
652 360
674 360
640 358
663 360
671 373
674 369
640 367
652 369
663 369
640 376
663 378
652 378
663 387
652 387
640 385
632 381
664 361
675 361
632 390
656 357
667 357
662 391
644 355
644 364
667 366
656 366
644 373
633 373
655 370
644 382
655 379
666 379
645 356
647 375
658 375
666 388
655 388
647 384
658 384
648 361
639 380
678 362
624 391
659 358
670 358
639 389
670 367
659 367
670 376
659 376
636 374
651 372
636 383
659 385
671 350
628 379
651 381
671 359
628 388
652 355
663 355
640 353
671 368
640 362
674 364
663 364
652 373
674 373
663 373
640 371
640 380
632 376
640 389
664 356
632 385
662 386
643 382
667 361
644 359
643 391
665 391
644 368
646 387
635 387
655 365
666 365
666 374
655 374
627 392
647 370
658 370
666 383
655 383
647 379
658 379
639 375
658 388
624 386
647 388
659 353
670 353
639 384
678 366
670 362
659 362
651 358
659 371
670 371
651 367
636 378
670 380
659 380
651 376
636 387
671 354
628 383
651 385
671 363
628 392
652 359
674 359
663 359
640 357
640 366
663 368
674 368
640 375
673 372
662 372
677 370
632 380
662 381
665 377
654 377
643 377
644 354
662 390
665 386
643 386
654 386
646 382
635 382
655 360
666 360
627 378
623 389
635 391
658 356
647 356
666 369
627 387
655 369
658 365
655 378
666 378
639 361
647 374
658 374
655 387
666 387
639 370
658 383
647 383
639 379
678 361
624 390
659 357
670 357
678 370
639 388
659 366
670 366
651 362
670 375
659 375
636 373
651 371
636 382
628 378
651 380
669 379
628 387
652 354
663 354
650 384
661 384
640 361
653 389
642 389
631 389
662 367
673 367
654 363
677 365
643 363
662 376
665 372
654 372
643 372
662 385
646 368
665 381
643 381
654 381
646 377
635 377
643 390
665 390
654 390
655 355
666 355
646 386
635 386
655 364
627 382
666 364
647 360
658 360
655 373
627 391
666 373
639 356
647 369
658 369
666 382
655 382
647 378
658 378
639 374
658 387
670 352
639 383
659 361
