103 392
104 393
103 391
105 393
102 390
101 390
104 392
103 390
104 389
103 393
106 392
100 391
102 394
101 393
100 394
99 393
102 391
105 390
106 389
107 393
99 392
101 389
100 388
102 388
103 387
104 386
105 387
106 386
107 387
108 386
109 385
110 386
111 385
112 384
113 385
114 384
113 386
115 383
112 386
114 387
114 383
104 391
115 386
116 384
112 383
99 389
106 388
98 390
98 388
98 387
109 387
110 388
102 393
105 392
107 389
108 388
99 394
97 386
97 385
114 385
115 384
109 388
111 388
108 389
99 386
100 385
99 385
112 388
101 387
98 385
113 382
99 395
99 396
100 396
103 394
106 390
97 387
98 397
98 398
99 399
100 389
102 386
116 385
100 398
102 395
105 394
106 395
107 396
108 395
106 397
108 397
99 387
98 400
103 396
101 396
104 395
100 400
102 397
103 389
104 388
99 401
98 402
101 398
104 397
104 398
103 399
102 400
105 399
103 401
104 400
102 402
101 403
100 403
106 399
106 394
110 385
111 384
100 393
100 402
102 399
98 386
112 385
114 382
113 384
107 398
108 399
101 391
104 390
106 387
99 403
98 404
98 405
101 400
104 399
110 387
109 389
100 386
111 386
100 395
102 392
97 405
108 387
100 404
102 401
112 387
98 406
99 405
101 402
100 397
105 396
101 386
113 388
115 385
108 396
98 403
99 402
101 399
103 402
104 401
106 398
97 404
102 398
107 399
105 400
98 396
108 398
101 392
105 397
98 399
99 398
101 395
99 404
114 386
101 401
103 386
104 394
103 395
106 391
103 398
100 387
111 387
106 400
113 383
100 390
102 387
100 399
97 406
102 396
105 386
105 389
107 386
96 386
105 395
112 382
98 389
99 388
105 398
107 395
113 387
101 385
99 391
99 397
101 388
101 394
104 387
98 401
99 400
101 397
99 406
103 388
103 397
110 384
104 396
106 393
109 386
111 383
103 400
106 396
100 392
102 389
100 401
105 388
96 385
105 391
107 388
107 394
99 384
99 390
107 397
