248 288
248 287
249 287
250 286
249 285
251 286
252 287
253 286
250 284
251 283
252 284
253 283
247 288
250 287
249 288
254 284
255 283
254 287
254 288
253 289
252 290
251 289
250 290
249 291
248 290
247 291
246 290
255 289
256 288
257 289
258 288
259 287
256 284
255 286
246 292
245 293
244 292
243 293
248 289
252 289
253 288
244 294
250 289
254 289
256 286
255 288
243 295
242 295
246 294
248 291
259 288
252 282
252 291
253 290
244 296
257 290
258 291
254 291
255 290
246 287
245 286
244 285
245 284
246 283
247 284
246 285
244 287
243 288
242 288
248 284
243 297
242 297
241 298
240 297
240 299
239 300
238 300
242 299
243 300
244 301
245 300
246 299
243 302
246 301
244 303
243 304
242 304
241 305
240 304
240 306
239 307
238 307
242 306
240 308
241 307
239 309
238 309
242 308
244 305
240 301
241 300
240 310
241 309
243 306
259 290
253 292
252 293
251 293
242 292
244 289
239 302
238 302
242 301
257 283
258 284
244 298
239 311
238 311
237 312
238 313
239 314
240 313
241 312
242 313
240 315
241 314
239 316
238 316
242 315
240 317
241 316
243 313
244 312
243 311
239 318
238 318
237 319
238 320
238 321
237 321
236 322
235 321
234 320
242 317
243 318
244 319
243 320
244 317
245 316
244 315
245 314
234 322
238 322
241 318
242 310
246 289
239 323
233 319
245 302
246 303
237 307
245 320
245 321
257 285
237 316
249 290
260 290
238 299
241 295
238 308
241 304
238 317
241 313
261 291
261 292
253 287
242 287
241 286
242 296
246 284
244 314
233 323
245 288
236 319
245 297
245 306
237 302
245 315
237 311
237 320
238 303
238 304
241 299
241 308
253 282
242 291
241 290
253 291
244 300
244 318
233 318
256 283
245 283
245 292
236 323
236 324
237 325
245 301
237 306
236 305
245 319
257 284
237 315
236 314
237 324
249 289
260 289
241 285
238 298
237 297
241 294
241 303
240 307
240 316
243 312
243 321
244 295
244 304
244 313
233 322
232 321
244 322
244 323
245 324
245 325
256 287
245 287
236 318
248 283
245 296
248 292
248 293
249 294
249 295
250 296
245 305
237 301
236 300
237 310
236 309
257 288
249 284
249 293
260 293
260 294
260 295
241 289
239 319
255 291
256 292
257 293
257 294
257 295
256 296
256 297
257 298
257 299
240 302
240 311
243 307
240 320
240 321
241 322
241 323
252 285
243 316
252 294
252 295
253 296
253 297
254 298
244 290
244 299
236 304
233 317
232 316
236 313
256 291
245 291
256 300
255 300
237 296
238 295
238 294
237 293
237 292
236 295
248 296
248 297
249 298
249 299
249 300
248 301
248 302
259 293
241 284
240 288
255 295
240 324
240 325
232 320
231 319
230 318
229 317
229 316
229 315
230 314
230 313
229 312
252 298
252 299
251 298
236 299
235 298
234 297
234 296
233 295
233 294
234 293
235 293
234 292
232 293
236 308
236 317
237 291
238 290
238 289
237 288
237 287
236 286
236 290
235 289
234 288
234 287
262 293
240 283
255 299
240 319
243 315
232 315
233 314
234 315
233 313
232 312
232 311
243 324
243 325
232 324
232 325
232 326
233 327
233 328
232 329
233 289
233 290
232 288
231 287
230 286
231 286
230 285
229 284
229 283
230 284
229 287
228 286
227 285
227 284
226 283
229 288
230 289
230 290
230 291
231 291
229 292
229 293
230 294
230 295
231 296
226 282
229 296
229 297
229 298
230 299
230 300
231 301
231 300
229 301
229 302
229 303
230 304
230 305
231 305
230 303
232 302
233 303
234 302
234 301
233 300
233 304
233 299
228 300
232 297
232 306
232 307
233 308
233 309
236 285
235 284
234 284
234 283
234 282
233 281
233 285
233 280
234 279
235 280
235 279
234 278
234 277
233 276
236 281
237 282
238 281
238 280
237 283
238 284
238 285
239 286
238 279
237 278
233 298
246 317
236 294
246 326
236 303
247 300
237 277
238 276
239 277
238 275
237 274
237 273
236 276
235 275
234 274
235 274
234 273
235 307
234 306
248 286
229 282
230 281
231 282
231 281
230 280
229 279
229 278
228 277
227 276
226 276
227 275
235 316
247 318
247 319
248 320
248 321
249 322
235 325
235 326
247 327
248 326
249 327
248 325
248 324
247 324
247 323
250 328
251 329
252 328
252 327
251 326
252 326
251 330
251 331
252 332
252 333
252 331
251 325
250 324
251 334
251 335
252 336
252 337
250 333
253 338
254 339
255 338
256 339
256 338
255 337
254 340
255 341
255 342
255 343
256 343
254 344
254 345
255 346
255 347
256 348
254 348
254 349
253 347
252 346
251 345
252 345
251 344
250 343
250 342
250 346
250 347
251 348
251 349
251 350
252 351
252 350
250 351
250 352
251 353
251 354
252 355
253 352
254 353
255 352
256 352
255 351
254 354
253 356
253 357
254 358
255 357
256 357
255 356
254 359
255 360
255 361
254 362
254 363
254 364
255 365
255 366
254 367
254 368
253 366
253 361
252 360
251 359
252 359
251 358
250 357
250 356
250 360
250 361
250 362
251 363
251 364
252 364
250 365
250 366
251 367
251 368
252 369
249 364
253 370
253 371
254 372
254 373
255 374
255 375
254 376
253 376
254 377
254 378
255 379
253 375
253 379
252 378
251 377
250 376
250 375
253 380
254 381
254 382
254 383
255 384
250 374
251 373
251 372
250 371
250 370
253 384
253 385
254 386
254 387
256 385
249 373
257 386
258 385
259 386
258 384
257 387
258 388
258 389
260 387
261 388
261 389
253 388
253 389
253 390
253 391
254 392
255 393
254 391
253 393
253 394
254 395
254 396
254 397
254 398
253 399
254 400
254 401
253 398
256 394
257 395
258 394
259 395
258 393
257 392
257 396
257 391
260 396
260 397
261 398
261 399
262 400
254 361
261 397
260 400
260 401
261 402
261 403
261 404
262 405
260 405
259 405
260 406
252 392
251 391
250 390
250 389
251 388
251 387
251 386
250 385
250 384
249 391
249 392
250 393
250 394
251 395
248 390
247 389
246 388
246 387
247 388
246 386
247 385
247 384
246 383
246 382
246 381
247 380
248 379
247 379
246 378
246 377
247 376
247 375
247 374
246 373
249 378
250 379
250 380
250 381
251 382
251 381
246 372
247 371
247 370
246 369
245 368
244 369
243 368
243 367
244 366
244 365
243 364
246 368
245 385
242 365
241 364
253 374
239 295
250 341
256 384
257 349
248 380
249 345
240 296
232 292
243 301
249 381
260 390
253 351
258 286
263 401
255 397
235 302
252 391
256 361
262 292
228 299
239 308
245 388
244 387
256 397
257 362
248 393
249 358
248 357
247 356
242 319
253 328
254 293
236 275
254 329
246 325
247 290
252 368
244 364
250 295
235 315
228 276
239 285
245 365
251 296
256 374
257 339
248 370
240 286
232 282
259 385
243 291
262 390
262 391
234 328
253 341
246 302
231 322
230 323
263 391
255 387
235 292
247 303
252 381
256 351
228 289
227 289
227 288
226 287
225 286
239 298
258 397
258 398
257 352
258 352
259 353
260 354
261 355
249 348
248 348
242 309
234 305
254 283
259 398
251 394
231 299
262 403
255 364
246 315
252 358
258 289
250 285
235 305
227 301
239 275
256 364
230 312
249 325
241 321
242 286
253 295
251 371
242 322
234 318
254 296
252 335
231 312
243 366
255 377
235 282
227 278
227 279
252 371
244 367
238 293
256 341
229 324
229 325
228 279
247 378
258 387
259 352
250 383
230 325
234 295
259 388
251 384
231 289
255 354
252 348
237 305
254 394
260 288
261 287
246 390
246 391
238 306
230 302
241 311
261 289
247 391
253 285
250 396
251 361
234 308
254 286
233 312
252 325
244 321
255 367
256 295
235 272
254 371
245 322
237 318
238 283
257 296
229 314
230 279
248 327
249 292
241 288
247 368
250 373
251 338
250 338
251 339
249 338
248 337
249 336
248 335
247 336
246 335
249 335
230 315
242 289
234 285
253 298
251 374
231 279
255 344
261 387
240 364
239 363
238 362
237 362
236 363
253 383
233 325
252 338
243 369
226 286
245 299
237 295
229 291
254 384
246 380
258 354
258 355
250 350
238 296
230 292
241 301
247 381
259 355
250 386
251 351
257 394
249 390
260 399
233 302
236 307
256 285
261 400
253 396
246 357
246 358
237 308
238 273
229 304
257 286
248 317
260 291
247 358
250 363
251 328
255 298
234 275
240 318
232 314
252 292
243 323
244 288
242 364
253 373
254 338
233 315
244 324
245 289
236 320
237 285
256 298
229 281
248 294
254 374
246 370
247 335
251 294
252 342
242 307
235 271
234 307
248 373
249 318
247 394
235 270
250 318
235 269
246 393
238 286
250 340
230 282
241 291
240 295
251 341
257 384
249 380
231 278
234 311
253 324
252 323
231 277
231 276
260 389
261 354
232 327
233 292
225 288
224 288
225 289
236 297
261 390
253 386
254 351
226 289
237 298
250 317
251 316
252 315
229 294
245 387
250 353
251 318
264 400
265 401
266 402
266 401
265 403
256 396
257 361
263 292
248 392
232 304
257 397
249 393
236 274
260 402
253 363
254 328
233 305
246 324
236 310
237 275
235 314
247 325
250 330
251 295
256 373
257 372
239 320
240 285
232 281
243 290
257 374
258 375
259 376
260 377
259 375
258 377
261 377
249 370
241 366
241 367
253 340
232 317
233 282
244 291
231 321
236 287
263 390
242 367
254 341
246 337
247 302
252 380
235 327
228 288
239 297
245 377
244 377
243 377
242 377
241 377
241 376
242 375
264 390
265 391
265 390
266 389
266 391
256 386
257 351
248 382
249 347
228 324
227 324
227 323
228 322
227 321
226 322
228 321
260 356
260 357
240 298
232 294
259 397
224 290
243 303
249 383
262 402
261 357
262 358
262 357
263 356
264 355
263 358
264 354
253 353
246 314
263 403
255 399
235 304
227 300
247 315
248 315
248 314
249 315
252 393
239 274
240 273
259 289
251 285
256 363
262 294
248 359
248 360
228 301
239 310
240 275
241 276
245 390
257 364
258 365
258 364
259 363
259 365
260 366
261 365
260 367
261 367
262 368
263 369
263 368
262 370
264 367
265 368
266 369
266 368
265 370
266 371
267 371
268 371
269 371
270 372
270 371
271 372
269 373
269 374
270 374
268 370
248 395
249 360
242 321
234 317
253 330
254 295
231 311
236 277
255 376
235 281
254 331
255 332
255 331
256 331
246 327
247 292
252 370
250 297
256 340
235 317
228 278
239 287
245 367
237 363
256 376
257 341
258 342
259 343
260 344
260 345
261 345
262 345
263 346
263 345
264 345
265 345
266 346
259 342
262 347
262 348
263 348
265 347
265 348
266 348
267 349
268 348
258 344
268 347
261 344
267 350
267 351
264 344
264 343
264 342
230 324
248 372
249 337
268 350
269 351
270 351
271 350
270 349
271 349
260 346
232 284
259 387
251 383
262 392
262 393
263 357
253 343
246 304
252 347
243 378
243 379
231 324
263 393
235 294
227 290
227 291
252 383
244 379
264 357
265 358
266 358
256 353
248 349
248 350
249 314
228 291
261 288
247 390
266 403
267 404
268 404
268 403
258 399
258 400
259 364
250 395
270 373
249 350
262 369
242 311
254 285
259 400
251 396
271 374
272 375
273 374
263 370
256 330
256 329
256 328
257 329
257 328
258 376
257 331
258 332
258 331
259 330
259 332
260 333
261 332
260 334
261 334
262 335
263 336
263 335
262 337
264 334
263 333
264 333
265 335
266 336
264 332
266 335
265 337
265 338
266 338
267 339
267 340
267 341
268 340
269 341
259 377
271 351
272 352
273 352
274 352
275 353
275 352
276 353
274 354
274 355
275 355
277 354
278 353
277 355
278 355
273 351
276 352
275 354
276 355
278 354
263 347
274 356
274 357
275 357
227 280
265 392
265 393
245 334
244 334
243 334
242 334
244 333
264 347
248 339
266 393
267 394
268 393
269 394
270 395
270 394
271 395
272 395
273 395
273 394
269 396
271 394
270 396
273 396
274 397
275 398
272 397
272 398
273 397
275 397
276 396
276 398
277 398
278 398
274 399
274 400
275 400
277 399
277 400
278 400
279 401
280 402
281 403
280 401
279 403
282 403
283 402
284 402
282 401
283 404
284 405
284 404
285 404
286 404
287 405
287 404
286 406
285 403
284 406
259 354
262 359
262 360
263 360
240 376
239 376
239 375
239 374
239 373
240 372
239 371
238 372
237 371
240 371
240 374
238 371
237 373
236 374
236 373
237 374
238 374
240 373
236 375
273 373
273 372
248 316
246 392
247 357
266 370
258 366
258 367
269 375
269 376
249 317
247 393
259 367
270 376
263 337
255 333
255 334
266 347
277 356
277 357
269 352
269 353
276 397
287 406
259 344
278 357
251 340
270 353
262 349
268 392
268 391
239 365
280 403
272 399
272 400
243 335
243 336
263 350
242 376
265 359
265 360
225 323
226 288
244 336
266 360
267 361
267 362
268 360
269 361
270 362
270 361
271 360
270 359
271 359
271 362
269 363
270 364
271 361
267 363
270 363
271 364
272 365
272 364
273 364
274 365
274 364
275 365
276 365
277 365
278 365
274 366
274 367
275 367
277 366
277 367
278 367
279 368
280 369
281 368
282 368
280 368
283 368
273 363
273 362
273 361
258 356
251 317
264 399
264 398
269 365
235 372
234 371
235 370
234 373
233 370
233 369
232 368
233 368
232 370
231 367
230 368
229 369
229 370
230 370
231 366
231 365
259 357
272 376
272 377
228 369
227 369
227 368
227 367
227 366
228 365
227 364
226 365
225 365
225 364
228 364
228 367
226 364
225 366
225 367
226 367
228 366
268 405
269 406
267 406
270 406
271 405
270 404
271 404
261 366
252 317
253 318
254 318
255 319
256 319
256 318
257 317
256 316
257 316
257 319
258 319
259 320
260 321
260 322
261 322
259 319
258 321
258 322
259 322
261 321
257 318
260 323
260 324
261 324
262 325
262 324
263 323
264 322
263 325
264 324
256 320
255 321
255 322
259 321
262 326
262 327
263 327
255 323
264 291
263 290
264 289
273 376
274 377
275 377
276 376
277 375
278 376
275 375
278 375
277 377
277 378
278 378
279 378
280 379
281 380
281 381
282 381
280 378
276 375
279 380
279 381
280 381
282 380
283 379
283 381
284 382
285 381
278 377
281 382
281 383
282 383
284 383
284 384
285 383
286 384
287 384
288 385
289 385
289 384
290 385
291 385
292 386
293 387
294 388
292 385
291 387
291 388
292 388
294 387
290 384
293 389
293 390
289 386
288 387
288 388
292 387
288 389
277 379
280 380
291 389
291 390
292 390
265 372
226 301
266 337
258 333
258 334
269 342
269 343
247 360
246 360
259 334
270 343
257 373
260 378
260 379
242 366
261 379
262 380
263 379
262 381
263 378
264 378
265 378
266 379
266 378
263 381
265 380
265 381
266 381
264 377
263 380
266 380
262 382
265 382
265 383
266 383
267 384
267 383
268 383
269 384
269 383
270 384
271 383
271 382
271 384
272 385
273 385
273 384
269 385
269 386
270 386
273 386
274 387
274 388
275 388
272 387
275 387
276 386
275 385
277 387
277 388
278 388
276 385
276 388
278 387
274 389
277 389
277 390
278 390
279 391
279 390
280 389
280 391
281 392
282 391
281 393
283 391
284 392
285 392
285 391
282 393
285 393
286 394
287 395
284 394
284 395
287 394
280 390
276 387
279 392
279 393
268 382
268 381
268 380
280 393
273 353
272 354
272 355
265 349
265 350
283 403
275 399
267 395
267 396
247 337
266 350
264 389
264 388
264 387
276 400
235 362
234 363
234 362
228 323
272 366
272 367
238 373
230 369
249 382
268 395
241 378
241 379
260 391
261 356
225 290
271 406
263 402
242 379
283 380
294 389
273 366
286 385
286 386
247 314
226 291
258 323
258 324
231 369
250 319
250 320
276 377
287 386
279 382
259 324
245 389
251 320
264 402
256 398
257 363
248 394
249 359
268 372
267 373
267 374
260 368
260 369
261 333
280 383
249 395
282 392
261 369
253 365
254 330
265 339
283 393
275 389
276 354
267 385
267 386
245 366
250 332
251 297
264 379
256 375
257 340
276 390
248 371
268 349
239 322
240 287
272 356
232 283
238 363
278 399
243 292
257 376
249 372
268 385
241 368
281 404
281 405
261 346
253 342
233 284
244 293
271 396
231 323
236 289
263 392
282 405
255 388
255 389
274 401
274 402
275 366
254 343
247 304
248 305
248 306
252 382
244 378
264 356
275 402
276 367
227 325
228 290
239 299
226 366
245 379
264 392
237 375
256 388
257 353
229 371
229 372
248 384
249 349
268 362
260 358
261 323
240 300
253 319
253 320
232 296
259 399
238 376
243 305
230 372
271 373
262 404
290 386
282 382
274 378
274 379
253 355
254 320
246 316
258 290
263 405
255 401
283 383
275 379
235 306
267 375
227 302
247 317
252 395
239 276
259 291
244 391
243 391
245 356
244 355
244 354
245 355
245 354
244 356
250 322
251 287
264 369
256 365
257 330
248 361
248 362
249 326
260 335
260 336
239 312
240 277
278 389
270 385
249 362
281 394
281 395
242 323
261 336
234 319
253 332
254 297
246 293
271 386
231 313
263 382
282 395
255 378
275 356
235 283
267 352
267 353
247 294
252 372
244 368
250 299
245 333
236 364
236 365
264 346
256 342
276 357
235 319
248 338
267 388
228 280
239 289
266 392
245 369
285 405
277 401
277 402
237 365
278 366
257 343
269 397
269 398
230 326
248 374
249 339
268 352
241 335
241 336
242 300
259 389
278 402
251 385
270 398
271 363
231 290
262 394
263 359
242 336
255 355
274 368
274 369
240 375
246 306
232 371
232 372
252 349
243 380
243 381
231 326
263 395
264 323
255 391
275 369
235 296
233 372
225 368
265 404
265 405
244 381
285 382
264 359
256 355
257 320
248 351
249 316
260 325
261 290
247 392
266 405
258 401
259 366
278 379
250 397
250 398
251 362
270 375
289 388
262 371
262 372
281 384
261 326
234 309
253 322
259 402
251 398
271 376
231 303
263 372
255 368
235 273
267 342
267 343
252 362
245 323
264 336
256 332
257 297
248 328
247 369
239 279
266 382
285 395
258 378
258 379
277 391
278 356
257 333
269 387
269 388
230 316
270 352
249 329
241 325
242 290
234 286
253 299
239 364
259 379
251 375
270 388
271 353
231 280
263 349
255 345
274 358
240 365
246 296
233 326
252 339
243 370
244 335
235 286
227 282
254 385
273 398
233 362
232 362
232 361
232 360
265 394
265 395
266 359
226 323
245 336
277 368
277 369
238 297
256 345
269 364
230 293
249 306
250 305
251 305
252 305
235 371
241 302
247 382
266 395
258 391
259 356
278 369
250 387
251 352
270 365
262 361
262 362
263 326
242 303
228 368
234 299
239 377
292 389
252 316
231 293
284 385
284 386
263 362
223 289
222 289
264 290
255 358
261 401
253 397
273 375
252 352
265 371
226 300
245 313
264 326
237 309
238 274
256 322
257 287
229 305
248 318
249 283
260 292
246 394
247 359
266 372
285 385
258 368
258 369
259 333
238 310
250 364
269 377
230 306
270 342
262 338
262 339
241 315
261 293
234 276
280 392
259 369
272 388
272 389
251 365
271 343
272 344
272 343
273 343
274 344
274 345
274 346
275 346
276 345
277 346
263 339
255 335
261 378
233 316
252 329
244 325
245 290
236 321
237 286
256 299
248 295
254 375
273 388
246 371
265 384
266 349
258 345
258 346
237 322
277 358
238 287
269 354
269 355
229 318
228 319
230 283
249 296
276 399
241 292
247 372
279 404
279 405
259 346
250 377
278 359
279 360
251 342
270 355
257 385
262 351
268 394
234 289
280 405
272 401
232 328
233 293
243 337
244 302
236 298
255 348
242 378
261 391
234 374
234 375
253 387
254 352
233 329
273 365
265 361
265 362
226 290
244 338
245 303
231 368
237 299
229 295
254 388
246 384
287 385
266 362
258 358
259 323
250 354
251 319
264 401
230 296
262 328
262 329
235 374
227 370
280 382
240 309
272 378
272 379
232 305
251 355
252 283
243 314
257 398
263 329
249 394
260 403
261 368
253 364
233 306
252 319
236 311
237 276
256 289
283 392
248 285
253 400
252 401
254 365
273 378
246 361
247 326
266 339
258 335
258 336
238 277
250 331
269 344
249 286
276 389
247 362
279 394
279 395
239 321
259 336
250 367
249 368
251 332
257 375
249 371
268 384
260 380
260 381
280 395
240 322
232 318
233 283
252 296
236 288
282 404
242 368
261 381
234 364
234 365
253 377
254 342
273 355
246 338
246 339
265 351
226 280
225 280
237 289
229 285
283 405
248 298
275 401
276 366
267 397
267 398
246 374
245 375
247 339
258 348
250 344
245 378
264 391
256 387
235 364
276 402
248 383
228 325
268 361
272 368
232 295
224 291
238 375
257 388
230 371
249 384
255 315
254 316
268 397
241 380
241 381
261 358
253 354
254 319
233 296
236 301
263 404
242 381
255 400
283 382
275 378
254 355
286 387
286 388
247 316
252 394
258 325
231 371
250 321
264 368
276 379
228 302
287 388
279 384
240 276
272 345
272 346
245 391
251 322
264 404
256 400
257 365
248 396
249 361
255 292
268 374
260 370
261 335
240 312
253 331
272 381
273 382
274 381
232 308
252 286
243 317
271 385
236 278
282 394
261 371
274 390
274 391
273 392
272 391
271 392
253 367
254 332
273 345
247 293
265 341
237 279
250 298
283 395
275 391
276 356
235 318
267 387
279 361
279 362
278 363
239 288
250 334
251 299
264 381
237 364
256 377
257 342
268 351
260 347
260 348
239 324
280 362
281 362
240 289
272 358
232 285
278 401
238 365
243 294
257 378
270 397
249 374
241 370
281 406
242 335
261 348
253 344
233 286
246 305
271 398
236 291
231 325
263 394
255 390
234 367
235 368
236 367
274 403
275 368
235 295
267 364
267 365
266 366
247 306
233 371
252 384
258 315
244 380
236 376
236 377
235 378
234 377
233 378
264 358
256 354
276 369
267 400
268 401
269 400
228 292
239 301
226 368
266 404
245 381
237 377
256 390
257 355
229 373
248 386
289 387
249 351
268 364
242 312
261 325
253 321
232 298
259 401
251 397
230 374
231 375
232 374
271 375
231 302
262 406
290 388
263 371
282 384
274 380
275 345
254 322
246 318
247 283
265 331
252 361
258 292
243 392
243 393
250 288
264 335
283 385
275 381
276 346
235 308
267 377
286 390
239 278
252 397
244 393
285 394
264 371
238 319
256 367
257 332
248 363
249 328
268 341
241 324
260 337
260 338
240 279
272 348
273 349
274 348
232 275
259 378
278 391
270 387
271 352
262 383
262 384
261 385
281 396
242 325
261 338
234 321
253 334
254 299
246 295
271 388
231 315
263 384
255 380
274 393
275 358
235 285
267 354
267 355
266 356
227 281
247 296
233 361
252 374
244 370
245 335
250 301
236 366
264 348
256 344
248 340
248 341
228 282
239 291
266 394
258 390
277 403
237 367
278 368
257 345
229 363
269 399
248 376
249 341
241 337
242 302
234 298
259 391
278 404
270 400
271 365
231 292
262 396
263 361
274 370
240 377
232 373
243 382
264 325
256 321
288 390
288 391
287 392
267 367
268 368
269 367
233 374
265 406
244 383
285 384
236 379
235 380
234 381
235 381
233 381
232 381
232 380
233 380
232 382
235 382
236 383
237 384
234 383
234 384
235 383
237 383
238 382
238 384
239 384
240 384
236 385
236 386
237 386
239 385
239 386
240 386
238 383
234 385
234 386
231 379
230 378
231 378
231 377
230 380
229 380
228 379
227 379
227 378
227 377
227 376
228 375
226 375
228 377
225 376
224 377
224 376
225 377
223 376
226 377
224 378
224 379
225 379
223 375
226 376
237 385
229 381
229 382
238 386
230 382
222 377
240 385
233 382
225 378
236 387
226 379
228 378
239 387
224 380
235 384
227 380
227 381
228 381
238 385
230 381
222 376
234 387
231 381
223 377
226 378
237 387
229 383
229 384
230 384
231 385
232 384
232 383
233 384
225 380
226 381
277 380
277 381
257 322
260 327
258 403
259 368
278 381
250 399
270 377
271 342
289 390
262 373
262 374
261 375
263 338
228 380
274 347
251 400
263 374
264 375
265 374
255 370
275 348
267 344
232 386
231 387
230 388
231 388
231 389
273 387
264 338
256 334
266 384
258 380
258 381
257 382
259 345
278 358
269 389
270 354
249 331
262 350
281 363
281 364
239 366
239 367
280 404
259 381
271 355
262 386
263 351
282 364
274 360
240 367
232 363
252 341
225 324
224 325
225 325
244 337
273 400
265 396
266 361
226 325
245 338
258 357
277 370
277 371
269 366
235 373
259 358
278 371
269 402
270 367
262 363
263 328
222 290
222 291
255 324
255 325
254 326
268 406
228 370
252 318
284 387
284 388
283 389
223 291
273 377
265 373
264 328
265 329
265 328
231 380
277 347
277 348
256 324
247 361
266 374
258 370
259 335
278 348
269 379
270 344
262 340
262 341
261 342
235 386
227 382
280 394
272 390
271 345
263 341
274 350
261 380
273 354
226 279
273 390
247 338
265 386
266 351
258 347
277 360
269 356
269 357
268 358
229 320
276 401
235 363
279 406
279 407
278 408
259 348
270 357
262 353
255 314
268 396
260 392
260 393
280 407
272 403
225 291
243 339
295 386
242 380
261 393
234 376
273 367
265 363
265 364
264 365
231 370
276 378
247 351
287 387
266 364
279 383
258 360
259 325
251 321
264 403
269 369
256 399
262 330
235 376
268 373
280 384
272 380
238 387
257 400
230 383
249 396
255 327
261 370
273 344
265 340
222 378
222 379
242 393
241 393
240 394
240 395
239 396
238 395
238 394
237 396
236 396
240 396
241 397
242 398
243 399
243 400
244 400
242 397
241 399
241 400
242 400
244 399
245 398
244 397
245 397
245 400
246 401
247 401
248 402
249 401
248 403
249 403
243 401
244 402
246 402
246 403
247 403
242 399
245 399
237 395
248 404
248 405
238 396
249 405
250 406
251 405
251 404
252 404
253 404
254 404
252 403
251 406
241 401
252 405
244 401
236 397
236 398
245 402
237 398
247 402
239 397
239 398
240 398
243 403
246 404
246 405
247 405
249 404
242 401
245 401
237 397
248 406
238 398
240 397
243 402
244 403
236 399
236 400
235 401
237 400
255 403
256 404
257 405
247 404
239 399
239 400
240 400
246 406
246 396
238 397
249 406
241 402
241 403
240 404
242 403
241 392
283 394
275 390
246 363
265 376
266 341
252 406
258 337
231 383
223 379
269 346
264 380
276 391
279 396
280 361
272 357
245 403
237 399
238 364
257 377
262 343
268 386
241 369
260 382
260 383
261 347
272 393
238 400
271 397
241 405
240 406
239 407
241 407
239 406
238 405
237 404
240 407
238 404
237 406
236 406
237 407
238 407
239 408
240 409
238 406
237 408
238 408
239 409
237 409
242 370
282 406
261 383
234 366
273 357
246 340
246 341
247 305
265 353
258 314
231 360
230 360
229 361
230 361
275 403
276 368
267 399
227 326
227 327
247 341
258 350
259 315
245 380
264 393
237 376
256 389
257 354
262 320
248 385
268 363
228 327
260 359
260 360
291 383
290 382
291 381
291 380
291 379
292 378
293 378
293 377
292 376
291 375
294 378
295 378
296 379
296 378
297 377
297 379
292 375
295 380
295 381
296 381
298 380
299 379
298 381
299 381
300 382
301 383
301 382
300 384
291 377
302 381
294 377
297 378
301 384
293 379
296 380
297 381
299 380
292 377
295 382
295 383
296 383
298 382
298 383
299 383
294 379
297 380
290 376
289 376
288 377
288 376
296 382
288 378
288 379
297 383
289 378
299 382
291 378
292 379
295 384
302 382
298 384
298 385
299 385
293 380
293 381
294 381
287 378
286 377
297 382
289 377
290 378
296 384
288 380
288 381
287 382
299 384
292 381
295 376
294 375
294 380
287 377
298 386
238 377
257 390
230 373
249 386
290 387
241 382
260 395
261 360
254 321
265 330
263 406
255 402
283 384
234 379
275 380
254 357
267 376
246 353
286 389
233 383
252 396
258 327
259 292
244 392
250 323
251 288
264 370
236 388
256 366
276 381
287 390
279 386
239 313
240 278
226 380
272 347
245 393
256 402
257 367
229 385
229 386
228 387
227 387
228 388
227 389
226 387
225 387
224 387
223 386
222 386
222 385
223 384
222 383
221 382
220 383
220 384
221 384
223 383
219 383
218 382
219 381
218 380
217 383
217 384
219 380
221 383
224 388
225 389
228 389
253 329
220 385
220 386
221 386
223 385
216 382
216 381
215 380
216 380
215 382
214 379
213 380
215 381
219 382
222 387
212 379
225 388
226 389
218 384
221 385
213 381
214 381
227 390
223 387
215 383
226 388
218 383
219 384
211 380
210 380
211 381
212 381
225 390
214 380
228 390
221 387
224 382
216 383
220 379
212 380
226 390
210 381
219 386
249 363
255 294
268 376
242 324
260 372
261 337
253 333
232 310
233 275
252 288
244 284
230 386
271 387
236 280
231 314
263 383
282 396
274 392
253 369
254 334
240 399
247 295
265 343
252 373
243 404
243 405
250 300
222 381
229 277
275 393
235 320
276 358
267 389
228 281
279 363
239 290
298 376
244 405
245 370
285 406
264 383
236 401
237 366
256 379
257 344
229 362
248 375
249 340
268 353
214 382
260 349
260 350
280 364
240 291
272 360
232 287
259 390
238 367
278 403
243 296
270 399
230 363
249 376
262 395
290 377
241 372
242 337
261 350
293 382
293 383
253 346
271 400
231 327
263 396
255 392
275 370
235 297
294 383
267 366
286 379
285 379
233 373
252 386
258 317
225 369
224 370
225 370
244 382
236 378
264 360
256 356
262 287
257 321
276 371
248 352
248 353
260 326
279 376
239 303
266 406
226 370
245 383
258 402
237 379
278 380
257 357
229 375
248 388
289 389
249 353
255 284
268 366
281 385
281 386
242 314
260 362
261 327
234 310
253 323
259 403
251 399
271 377
231 304
236 270
290 390
263 373
282 386
255 369
274 382
275 347
254 324
246 320
247 285
232 385
252 363
224 381
258 294
243 394
242 395
243 395
264 337
256 333
275 383
235 310
276 348
267 379
233 386
225 382
244 395
251 291
264 373
277 392
277 393
256 369
257 334
230 317
248 365
247 366
268 343
260 339
259 340
247 406
253 300
232 277
259 380
278 393
243 286
251 376
270 389
271 354
262 385
282 363
274 359
234 323
253 336
239 401
238 402
239 402
240 366
246 297
252 340
271 390
231 317
243 371
243 372
263 386
283 364
255 382
274 395
275 360
235 287
267 356
227 283
240 402
247 298
233 363
273 399
252 376
226 324
244 372
245 337
264 350
236 368
297 384
256 346
248 342
248 343
228 284
239 293
247 383
266 396
258 392
277 405
276 406
237 369
250 388
278 370
229 365
269 401
270 366
249 343
289 379
234 300
239 378
239 379
259 393
251 389
270 402
271 367
231 294
262 398
263 363
223 290
255 359
274 372
293 385
240 379
232 375
224 371
224 372
252 353
243 384
242 385
264 327
256 323
235 300
288 392
248 319
254 399
233 376
246 395
225 372
266 373
285 386
236 381
277 382
277 383
257 324
269 378
248 355
249 320
235 385
260 329
261 294
247 396
258 405
259 370
250 401
278 383
251 366
270 379
271 344
262 375
263 340
281 388
255 336
228 382
234 313
274 349
220 378
252 330
231 307
244 326
255 372
242 402
275 350
235 277
221 379
267 346
232 388
273 389
224 384
265 385
245 327
264 340
277 359
237 323
238 288
256 336
229 319
288 405
289 406
290 405
248 332
247 333
249 297
241 293
300 379
247 373
266 386
258 382
259 347
277 395
250 378
238 324
278 360
251 343
269 391
230 320
270 356
262 352
235 398
234 399
281 365
280 366
242 294
234 290
280 406
239 368
239 369
272 402
251 379
292 380
271 357
238 409
243 338
231 284
262 388
263 353
255 349
295 385
274 362
261 392
240 369
232 365
252 343
243 374
244 339
245 304
237 300
296 386
288 382
254 389
273 402
246 385
247 350
246 349
246 348
265 398
266 363
226 327
258 359
277 372
276 373
250 355
238 301
269 368
257 314
230 297
235 375
241 306
260 319
227 371
227 372
247 386
258 395
259 360
250 391
251 356
270 369
262 365
257 399
222 292
221 293
263 330
255 326
228 372
260 404
239 381
233 307
252 320
284 389
244 316
236 312
256 290
242 392
261 405
234 388
234 389
267 336
253 401
254 366
273 379
246 362
265 375
266 340
245 317
231 382
237 313
277 349
277 350
238 278
223 378
256 326
269 345
257 291
248 322
254 402
246 398
247 363
266 376
258 372
259 337
278 350
250 368
251 333
269 381
270 346
262 342
235 388
234 280
280 396
240 323
272 392
232 319
252 297
238 399
263 343
255 339
241 404
242 369
261 382
253 378
273 356
233 320
219 385
265 352
226 281
245 294
236 325
237 290
296 376
242 405
229 286
283 406
248 299
234 401
233 401
232 402
232 403
233 403
231 402
230 401
230 400
231 400
229 402
229 403
230 403
230 402
233 402
228 401
227 400
227 399
226 398
228 400
225 399
224 399
225 400
226 400
228 399
224 401
227 401
223 398
222 398
226 399
224 400
225 401
221 398
220 398
231 401
223 397
222 399
222 400
223 400
226 401
224 402
224 403
223 404
225 403
227 402
227 403
228 403
220 399
220 400
219 401
218 402
218 403
219 403
218 404
217 405
217 406
218 405
216 405
215 405
215 404
215 403
215 402
216 401
216 403
214 402
213 403
213 402
216 402
219 405
217 407
214 401
213 400
214 400
214 399
218 407
213 404
213 405
216 404
219 404
212 401
211 401
215 406
216 407
218 406
214 403
213 406
221 400
216 406
231 403
223 399
219 406
211 402
210 403
211 403
209 403
208 403
212 403
215 408
222 401
215 398
210 404
210 405
211 405
225 402
226 403
214 405
228 402
221 399
224 404
217 401
209 402
220 401
212 402
215 407
216 408
208 404
208 405
207 406
206 406
207 407
209 405
223 401
216 398
217 398
217 399
218 398
211 404
212 405
254 379
246 375
247 340
265 388
266 353
258 349
277 362
276 363
238 291
250 345
269 358
229 322
230 287
262 319
235 365
276 403
241 296
228 326
299 386
226 402
259 350
272 369
272 370
291 382
251 346
262 355
257 389
263 320
249 385
255 316
228 362
227 362
268 398
260 394
261 359
272 405
273 405
273 406
274 405
233 297
292 383
284 379
244 306
236 302
295 388
242 382
261 395
234 378
254 356
273 369
219 398
265 365
258 326
231 372
237 303
222 403
221 404
229 299
276 380
241 273
242 274
242 272
243 272
243 271
243 270
243 269
243 268
243 267
244 266
245 267
246 267
247 268
248 269
249 270
247 267
246 269
246 270
247 270
249 269
242 266
241 266
245 266
244 268
247 269
240 265
239 265
239 264
240 263
246 271
241 267
241 268
242 268
245 268
244 270
247 271
239 266
239 267
240 267
242 267
241 269
241 270
242 270
244 269
245 270
240 266
244 272
239 268
250 268
242 269
245 269
241 271
244 271
240 268
243 273
250 267
250 266
251 266
252 265
253 265
254 265
255 266
255 265
255 267
253 266
254 267
256 266
254 266
251 268
252 268
253 267
242 271
245 271
238 268
237 268
260 286
287 389
247 353
279 385
258 362
259 327
245 392
250 358
251 323
264 405
215 400
256 401
257 366
262 332
248 397
248 398
227 374
255 293
268 375
234 270
214 404
260 371
280 386
272 382
232 309
233 274
257 402
230 385
249 398
236 279
255 329
241 394
261 372
253 368
254 333
233 310
273 346
265 342
210 406
209 407
236 315
237 280
222 380
256 293
229 276
275 392
254 369
246 365
266 343
211 407
212 408
213 408
258 339
277 352
244 404
250 335
251 300
223 381
269 348
264 382
230 277
256 378
276 393
279 398
280 399
280 363
239 325
240 290
299 376
272 359
232 286
245 405
251 336
237 401
238 366
257 379
230 362
249 375
268 388
241 371
260 384
261 349
253 345
232 322
233 287
252 300
271 399
236 292
242 372
248 266
234 368
274 404
253 381
294 382
254 346
273 359
286 378
265 355
226 284
252 385
258 316
231 362
229 289
249 267
275 405
262 286
262 285
262 284
263 284
263 285
261 284
260 284
264 284
265 285
265 286
264 287
266 286
267 285
267 287
267 286
268 286
268 285
267 288
266 285
265 287
276 370
241 263
242 264
267 401
227 328
287 379
279 375
225 404
226 369
259 317
260 317
250 348
245 382
217 400
264 395
237 378
256 391
229 374
257 356
262 322
263 287
248 387
249 352
268 365
260 361
280 376
281 376
282 376
240 303
272 372
232 299
238 379
230 375
236 269
249 388
290 389
241 384
282 385
261 362
253 358
254 323
246 319
218 400
265 332
258 293
237 270
238 271
239 270
283 386
255 404
275 382
235 309
276 347
267 378
286 391
246 355
213 407
247 320
233 385
252 398
258 329
225 381
259 294
244 394
250 325
251 290
264 372
256 368
276 383
248 364
268 342
279 388
239 315
226 382
272 349
232 276
245 395
278 392
243 285
257 369
229 387
248 400
249 365
255 296
268 378
281 397
214 407
260 374
261 339
253 335
254 300
233 277
244 286
271 389
236 282
231 316
263 385
255 381
274 394
275 359
254 336
240 401
247 297
252 375
243 406
244 371
251 267
264 349
275 395
276 360
235 322
267 391
228 283
233 398
232 398
231 398
230 398
279 365
239 292
298 378
245 372
236 403
235 403
235 404
264 385
237 368
277 404
256 381
229 364
257 346
248 377
249 342
268 355
241 338
241 339
260 351
240 293
272 362
232 289
259 392
252 267
278 405
238 369
243 298
270 401
230 365
271 366
290 379
262 397
241 374
242 339
261 352
274 371
293 384
253 348
240 378
266 287
258 283
271 402
243 383
263 398
223 325
255 394
283 376
284 377
275 372
235 299
294 385
221 401
267 368
286 381
233 375
239 269
252 388
225 371
259 284
244 384
250 315
245 349
244 350
244 349
236 380
264 362
256 358
257 323
262 289
248 354
249 319
228 296
227 296
260 328
239 305
247 395
240 270
226 372
217 403
258 404
237 381
250 400
278 382
257 359
229 377
270 378
289 391
249 355
281 387
242 316
260 364
261 329
234 312
253 325
254 290
246 286
251 401
271 379
231 306
236 272
263 375
282 388
209 404
255 371
274 384
275 349
235 276
221 378
267 345
246 322
247 287
232 387
252 365
224 383
258 296
259 297
243 396
245 326
250 292
264 339
256 335
235 312
276 350
288 404
267 381
300 378
205 406
204 406
203 406
203 407
204 407
202 406
233 388
279 355
280 356
225 384
226 385
227 384
266 385
217 380
245 362
277 394
238 323
256 371
257 336
269 390
230 319
248 367
249 332
268 345
242 293
239 403
240 368
232 364
243 373
263 388
250 269
296 385
275 362
267 358
232 400
233 365
273 401
265 397
226 326
244 374
245 339
236 370
264 352
297 386
260 318
226 362
266 398
259 359
277 407
278 372
243 265
229 367
269 403
270 368
289 381
262 364
281 377
228 371
261 319
253 315
239 380
265 289
271 369
263 365
223 292
282 378
274 374
220 403
240 381
232 377
224 373
243 386
264 329
256 325
246 397
239 272
225 374
266 375
285 388
212 404
258 371
277 384
278 349
257 326
269 380
270 345
215 409
235 387
260 331
227 383
247 398
259 372
271 356
250 403
278 385
291 404
270 381
271 346
262 377
263 342
208 406
281 390
228 384
274 351
220 380
243 363
242 404
221 381
234 400
267 348
274 361
273 391
224 386
265 387
266 352
277 361
297 376
229 321
248 334
300 381
266 388
259 349
277 397
278 362
269 393
230 322
270 358
262 354
235 400
281 367
253 305
239 370
246 266
272 404
292 382
284 378
243 340
263 355
295 387
261 394
232 367
273 368
224 363
243 376
244 341
222 402
256 315
288 384
241 272
260 285
273 404
247 352
265 400
266 365
285 378
258 361
259 326
277 374
223 403
269 370
215 399
262 331
235 377
242 273
227 373
261 286
234 269
280 385
259 362
216 400
257 401
262 367
263 332
249 397
255 328
228 374
239 383
252 322
284 391
242 394
253 403
273 381
246 364
265 377
266 342
211 406
258 338
278 395
231 384
277 351
223 380
269 347
230 276
276 392
246 400
247 365
279 397
212 407
258 374
259 339
245 404
278 352
270 348
262 344
227 386
268 387
280 398
272 394
238 401
295 377
241 406
242 371
270 391
261 384
273 358
265 354
231 361
209 381
242 407
249 266
234 403
275 404
247 342
266 355
258 351
298 387
259 316
277 364
269 360
264 394
262 321
276 405
263 286
235 367
227 363
272 371
291 384
238 378
263 322
228 385
249 387
255 318
268 400
241 383
261 361
218 399
284 381
264 286
237 269
242 384
234 380
273 371
246 354
219 400
265 367
258 328
231 374
238 270
276 382
241 275
232 279
287 391
247 355
279 387
259 329
245 394
256 403
257 368
262 334
248 399
268 377
214 406
260 373
280 388
272 384
257 404
230 387
249 400
241 396
261 374
207 403
254 335
273 348
265 344
222 382
275 394
276 359
267 390
246 367
286 403
266 345
279 364
298 377
258 341
203 405
204 404
244 406
250 337
245 371
264 384
236 402
269 350
215 379
256 380
276 395
268 354
279 400
280 365
240 292
299 378
272 361
237 403
252 266
238 368
257 381
229 399
230 364
249 377
268 390
241 373
242 338
260 386
261 351
271 401
263 397
242 374
248 268
274 406
234 370
275 371
294 384
286 380
265 357
252 387
258 318
231 364
282 365
283 366
250 314
264 361
275 407
262 288
276 372
241 265
267 403
287 381
279 377
239 304
240 269
226 371
217 402
245 384
251 315
264 397
237 380
256 393
229 376
257 358
263 289
248 389
249 354
255 285
268 367
260 363
221 292
261 328
240 305
272 374
232 301
259 404
238 381
230 377
271 378
236 271
241 386
282 387
261 364
274 383
253 360
254 325
246 321
247 286
265 334
258 295
237 272
250 291
283 388
275 384
276 349
235 311
267 380
286 393
213 409
247 322
233 387
205 405
252 400
225 383
259 296
244 396
250 327
217 379
251 292
264 374
256 370
257 335
248 366
268 344
260 340
301 378
302 379
239 317
226 384
272 351
232 278
244 265
278 394
243 287
229 389
257 371
270 390
249 367
214 409
260 376
261 341
234 324
206 405
253 337
233 279
246 298
218 379
271 391
236 284
231 318
290 404
263 387
255 383
283 365
274 396
275 361
235 288
267 357
240 403
246 334
247 299
233 364
252 377
244 373
251 269
264 351
236 369
256 347
297 385
276 362
235 324
267 393
227 320
228 285
233 400
279 367
239 294
266 397
245 374
236 405
237 370
277 406
243 264
256 383
229 366
257 348
249 344
289 380
268 357
242 305
260 353
253 314
232 291
259 394
224 287
265 288
278 407
251 390
270 403
230 367
271 368
231 295
290 381
262 399
263 364
282 377
242 341
241 341
274 373
253 350
220 402
293 386
254 315
240 380
232 376
252 354
258 285
243 385
263 400
231 283
255 396
283 378
275 374
235 301
221 403
267 370
286 383
233 377
252 390
239 271
225 373
259 286
205 404
244 386
285 387
264 364
236 382
238 312
256 360
262 291
257 325
248 356
249 321
241 317
260 330
220 294
219 294
218 293
219 293
217 294
216 294
217 295
247 397
240 272
226 374
259 371
278 384
250 402
229 379
270 380
249 357
216 409
262 376
281 389
242 318
261 331
228 383
234 314
253 327
254 292
246 288
251 403
292 404
271 381
263 377
282 390
209 406
255 373
274 386
234 316
275 351
235 278
221 380
267 347
240 393
247 289
232 389
224 385
252 367
258 298
243 398
244 363
250 294
264 341
256 337
288 406
248 333
228 275
300 380
239 284
225 386
266 387
245 364
217 382
258 383
277 396
278 361
238 325
269 392
257 338
230 321
248 369
249 334
235 399
281 366
260 343
301 381
234 291
259 384
278 397
251 380
270 393
271 358
231 285
262 389
263 354
281 402
282 367
255 350
234 327
274 363
293 376
239 405
240 370
247 266
232 366
215 295
215 296
252 344
224 362
243 375
244 340
255 386
296 387
256 314
275 364
235 291
288 383
267 360
227 287
254 390
273 403
233 367
224 398
265 399
225 363
244 376
245 341
285 377
236 372
277 373
223 402
256 350
257 315
230 298
248 346
260 320
261 285
247 387
266 400
258 396
259 361
278 374
250 392
251 357
269 405
270 370
289 383
216 399
262 366
263 331
222 293
281 379
228 373
234 304
253 317
239 382
251 393
252 321
271 371
231 298
284 390
263 367
255 363
274 376
220 405
261 406
240 383
253 402
232 379
273 380
252 357
224 375
245 318
264 331
237 314
256 327
257 292
248 323
254 403
246 399
247 364
266 377
212 406
285 390
258 373
259 338
277 386
238 315
250 369
278 351
269 382
230 311
270 347
249 324
235 389
241 320
242 285
227 385
234 281
247 400
208 381
253 294
280 397
259 374
250 405
251 370
270 383
271 348
231 275
262 379
263 344
255 340
228 386
274 353
220 382
239 395
246 291
233 321
252 334
243 365
284 403
215 294
245 295
224 361
236 326
296 377
242 406
248 300
234 402
227 277
213 379
254 380
273 393
246 376
265 389
266 354
236 362
277 363
238 292
269 359
229 323
230 288
248 336
249 301
276 404
235 366
241 297
218 295
300 383
247 377
266 390
258 386
259 351
278 364
250 382
251 347
269 395
270 360
262 356
235 402
263 321
242 298
255 317
227 398
228 363
268 399
234 294
239 372
246 268
272 406
292 384
231 288
284 380
264 285
255 353
242 383
261 396
253 392
232 369
273 370
219 399
265 366
231 373
237 304
238 269
222 404
256 317
229 300
288 386
241 274
254 393
260 287
246 389
247 354
265 402
266 367
285 380
258 363
259 328
277 376
238 305
250 359
251 324
269 372
264 406
230 301
215 401
262 333
235 379
241 310
242 275
227 375
253 284
280 387
240 314
272 383
251 360
243 319
257 403
263 334
249 399
255 330
228 376
241 395
261 373
233 311
273 347
252 324
243 355
284 393
210 407
244 320
245 285
236 316
237 281
256 294
242 396
253 405
254 370
214 297
273 383
246 366
265 379
266 344
258 340
231 386
277 353
237 317
238 282
250 336
223 382
229 313
269 349
230 278
276 394
241 287
247 367
287 403
218 294
279 399
259 341
299 377
204 405
250 372
245 406
251 337
270 350
237 402
216 379
262 346
257 380
227 388
268 389
260 385
280 400
272 396
232 323
233 288
252 301
238 403
244 297
230 399
236 293
295 379
243 341
242 373
248 267
261 386
234 369
253 382
254 347
273 360
233 324
265 356
226 285
245 298
231 363
237 294
229 290
249 268
275 406
267 402
246 379
287 380
266 357
258 353
259 318
250 349
251 314
264 396
269 362
256 392
262 323
276 407
235 369
263 288
242 265
227 365
280 377
272 373
232 300
291 386
238 380
257 393
263 324
230 376
249 389
255 320
268 402
241 385
260 398
261 363
253 359
233 301
218 401
252 314
265 333
217 293
236 306
264 288
237 271
242 386
283 387
234 382
253 395
254 360
246 356
286 392
219 402
247 321
265 369
252 399
258 330
231 376
259 295
238 272
250 326
276 384
241 277
287 393
279 389
226 383
259 331
272 350
245 396
251 327
262 336
257 370
229 388
248 401
249 366
255 297
268 379
214 408
260 375
261 340
206 404
272 386
232 313
233 278
243 322
230 389
249 402
236 283
241 398
261 376
207 405
253 372
254 337
273 350
246 333
219 379
265 346
237 284
222 384
229 280
275 396
276 361
235 323
267 392
286 405
247 334
233 399
279 366
258 343
298 379
250 339
245 373
264 386
236 404
256 382
257 347
248 378
228 320
268 356
260 352
279 402
280 367
240 294
272 363
232 290
291 376
237 405
238 370
278 406
243 299
257 383
229 401
230 366
249 379
290 380
241 375
242 340
260 388
261 353
207 382
253 349
254 314
233 291
225 287
266 288
271 403
236 296
263 399
283 377
255 395
248 270
234 372
275 373
221 402
254 350
294 386
267 369
286 382
252 389
258 320
259 285
244 385
250 316
223 362
264 363
256 359
262 290
276 374
267 405
228 297
287 383
279 379
239 306
240 271
226 373
245 386
217 404
237 382
256 395
229 378
257 360
263 291
248 391
249 356
255 287
268 369
260 365
261 330
253 326
232 303
251 402
230 379
271 380
236 273
263 376
282 389
274 385
253 362
254 327
246 323
265 336
252 366
258 297
243 397
250 293
283 390
275 386
235 313
276 351
267 382
286 395
205 407
233 389
279 356
239 283
252 402
225 385
244 398
217 381
250 329
245 363
264 376
256 372
257 337
248 368
249 333
268 346
260 342
301 380
240 284
226 386
272 353
232 280
259 383
278 396
243 289
270 392
289 405
249 369
281 401
241 365
282 366
261 343
206 407
234 326
293 375
253 339
239 404
246 300
218 381
271 393
231 320
263 389
282 402
283 367
255 385
274 398
302 380
275 363
235 290
294 376
267 359
240 405
227 286
246 336
247 301
206 382
232 401
233 366
216 295
252 379
225 362
244 375
245 340
250 306
264 353
236 371
297 387
256 349
276 364
227 322
228 287
279 369
239 296
225 398
266 399
226 363
245 376
277 408
237 372
278 373
243 266
257 350
269 404
229 368
248 381
249 346
289 382
268 359
281 378
260 355
261 320
234 303
253 316
259 396
224 289
251 392
244 267
270 405
271 370
231 297
262 401
290 383
263 366
282 379
255 362
274 375
293 388
220 404
254 317
240 382
232 378
224 374
252 356
258 287
243 387
250 283
264 330
255 398
275 376
235 303
267 372
227 299
213 401
233 379
239 273
225 375
285 389
251 284
236 384
264 366
277 385
238 314
256 362
257 327
248 358
249 323
241 319
260 332
247 399
240 274
253 293
260 341
301 379
259 373
278 386
250 404
251 369
270 382
259 382
271 347
251 378
262 378
281 391
208 407
242 320
289 404
262 387
263 352
220 381
254 294
239 394
234 325
195 328
195 329
196 328
194 329
193 330
192 329
192 328
193 329
194 328
194 331
191 329
195 332
197 329
198 329
199 330
200 329
201 328
202 329
203 328
196 331
198 328
199 327
200 326
201 327
202 326
203 325
197 332
198 332
197 333
201 325
199 333
200 332
201 331
202 324
202 323
201 322
200 321
202 332
200 325
199 324
202 322
201 324
200 334
201 333
192 330
203 330
194 327
199 326
199 335
196 327
197 326
196 325
195 331
197 328
200 327
201 326
198 336
197 335
201 335
203 332
199 328
195 324
194 325
200 320
195 333
197 330
193 326
192 325
191 324
190 323
191 322
189 324
188 324
192 323
190 325
189 326
188 326
199 321
190 327
191 326
195 326
200 322
198 322
197 321
196 320
197 323
201 321
196 334
198 331
201 330
189 328
188 328
187 329
186 328
192 327
203 327
202 331
193 328
199 323
199 332
190 329
191 328
204 331
205 332
197 325
198 324
201 323
197 334
196 336
198 333
201 332
200 336
202 333
203 334
199 325
188 325
190 322
199 334
195 321
194 322
193 321
204 333
195 330
186 327
186 326
185 326
184 326
183 327
182 328
181 329
180 329
184 328
182 330
183 329
184 330
180 330
180 331
181 331
182 332
197 327
196 329
187 326
198 326
189 323
197 336
198 335
193 323
202 335
183 331
185 328
188 327
191 323
180 332
195 323
197 320
196 322
204 335
206 332
207 332
205 334
186 329
187 328
189 325
200 331
202 328
193 325
194 324
199 320
185 330
191 325
195 325
197 322
196 324
198 321
201 320
195 334
192 322
200 335
201 334
203 331
183 328
184 327
190 324
199 336
181 330
204 332
182 329
205 331
198 325
187 325
198 334
200 328
198 323
202 325
193 322
192 324
194 321
202 334
201 336
193 331
203 333
194 330
183 330
185 327
184 329
188 329
199 329
190 326
195 322
196 321
204 334
181 332
182 331
205 333
196 330
198 327
187 327
196 333
198 330
203 326
193 324
189 327
200 324
189 329
197 331
200 330
202 321
202 327
201 329
192 326
200 333
194 323
202 330
193 327
203 329
194 326
203 335
194 332
199 322
185 329
191 327
199 331
190 328
196 323
204 330
198 320
195 327
197 324
196 326
196 332
196 335
200 323
177 320
177 319
178 319
179 318
180 318
176 321
176 322
175 321
178 318
177 321
181 319
181 320
182 319
180 321
179 321
182 318
180 320
178 321
181 318
176 320
179 320
182 320
182 317
178 320
181 321
179 319
178 317
180 319
