614 160
613 161
612 162
614 161
615 162
616 161
612 160
611 159
613 159
614 158
612 163
613 162
615 159
616 158
617 162
618 161
617 159
618 158
619 162
620 161
621 160
622 159
623 158
624 159
625 158
623 160
623 157
624 156
626 159
611 158
610 160
609 161
624 161
616 157
617 156
618 155
608 162
607 161
607 163
622 161
613 158
617 158
627 160
626 161
619 155
618 157
620 154
619 153
620 152
621 151
622 150
621 153
623 150
622 152
609 163
620 163
611 160
610 162
625 162
624 163
614 162
616 159
621 155
622 154
608 164
607 165
613 160
612 164
611 165
613 165
623 164
622 163
626 163
628 160
617 160
627 162
619 157
629 159
628 158
629 157
628 156
629 155
630 154
631 155
630 156
630 158
632 155
618 159
620 156
609 165
611 162
610 164
625 155
624 154
626 154
627 153
626 152
624 165
625 164
614 164
630 160
606 160
605 159
605 161
622 156
608 166
607 167
606 167
605 166
605 168
604 169
603 170
605 170
606 169
607 170
608 169
609 168
610 167
609 170
611 167
610 169
608 171
607 172
606 172
605 173
604 174
605 175
606 174
604 176
609 172
610 171
605 177
607 174
606 176
608 173
604 178
603 179
602 179
610 173
611 174
612 173
622 165
622 166
622 167
622 168
605 179
606 178
607 179
626 156
618 152
626 165
629 161
610 157
610 166
610 175
610 176
630 153
629 152
622 149
607 160
622 158
607 169
621 162
633 154
614 159
625 159
606 164
606 173
626 151
625 150
626 160
618 156
629 156
610 161
610 170
609 174
601 179
621 157
621 166
602 171
603 172
602 180
602 181
625 154
614 163
625 163
606 159
606 168
606 177
626 155
629 151
618 151
618 160
629 160
610 156
609 169
621 152
621 161
613 157
613 166
613 167
614 168
614 169
633 153
632 152
625 149
614 167
606 163
605 176
617 150
628 159
620 155
609 155
620 164
609 164
609 173
601 178
632 156
632 157
633 158
633 159
634 160
621 156
621 165
602 170
601 169
613 170
613 171
614 172
614 173
625 153
606 158
624 166
625 167
625 168
625 169
626 170
616 162
605 162
605 171
608 167
605 180
605 181
606 182
606 183
617 154
628 154
620 150
617 163
617 164
618 165
618 166
628 163
628 164
629 165
629 166
630 167
609 159
620 159
609 177
609 178
608 176
632 151
601 182
601 183
602 184
602 185
602 186
601 187
601 188
602 189
602 190
632 160
632 161
633 162
633 163
633 164
632 165
632 166
633 167
633 168
601 191
601 192
601 193
602 194
602 195
601 196
601 197
601 198
602 199
602 198
613 156
614 155
614 154
614 153
613 152
600 195
625 148
626 147
626 146
625 145
625 144
626 143
626 142
626 141
625 140
625 139
626 138
627 139
626 137
625 136
625 135
626 136
603 200
624 152
605 157
624 170
624 171
625 172
625 173
626 174
604 201
605 200
606 201
605 199
604 202
605 203
605 204
605 198
604 197
628 140
629 141
630 140
631 141
630 139
629 138
629 142
629 143
630 144
630 145
631 146
629 137
630 136
631 137
630 135
631 136
630 134
629 133
629 146
629 147
629 148
630 149
630 148
632 138
632 147
633 139
633 140
634 141
634 142
633 148
633 149
629 132
630 131
631 132
630 130
629 129
629 128
630 129
628 145
632 142
633 143
633 144
633 145
634 146
629 127
628 131
627 130
605 184
605 185
604 183
617 149
618 148
619 148
618 147
618 146
617 145
628 149
608 180
608 181
609 182
609 183
609 154
610 153
611 153
610 152
610 151
609 150
628 167
628 168
627 167
617 167
617 168
617 169
618 170
616 166
632 137
601 168
600 167
599 166
599 165
602 167
598 164
602 166
598 163
598 167
598 168
597 167
602 165
601 164
597 162
607 202
608 203
609 202
610 203
609 201
608 200
608 204
609 205
609 206
609 207
608 199
608 208
608 209
609 210
609 211
611 204
612 205
613 204
614 205
613 203
612 202
612 206
612 201
615 206
615 207
616 208
616 209
617 210
617 211
616 212
616 213
616 214
617 215
615 211
615 215
615 216
616 217
616 218
617 219
617 220
615 210
615 219
615 220
615 221
616 222
616 223
618 212
619 213
618 221
619 222
608 198
609 197
609 196
608 195
608 194
609 193
610 194
609 192
609 191
608 190
611 195
612 196
613 195
614 196
613 194
612 197
613 198
613 199
615 197
616 198
617 197
618 198
617 196
616 195
616 199
617 200
617 201
617 202
616 194
616 203
616 204
617 205
617 206
615 202
619 199
615 201
616 193
617 192
617 191
616 190
616 189
615 188
614 187
613 186
613 185
614 186
613 184
612 183
612 187
611 187
615 192
614 191
613 190
613 189
608 189
607 188
606 187
609 188
610 189
609 187
608 186
608 185
609 186
610 185
632 146
601 177
602 176
602 175
601 174
601 173
613 151
614 150
615 150
614 149
613 148
613 147
598 162
599 161
599 160
598 159
598 158
599 157
600 158
599 156
601 159
601 160
602 161
602 162
603 163
600 181
600 190
611 190
611 191
612 192
625 134
624 133
623 132
622 131
623 131
626 133
622 130
626 132
625 131
625 130
603 186
600 199
600 200
601 201
601 202
602 203
602 204
619 212
620 211
621 212
620 210
619 209
619 208
620 207
621 208
620 206
620 205
623 129
624 128
623 127
624 126
624 125
624 124
623 123
622 122
623 122
622 126
622 121
622 125
625 126
619 204
626 127
627 127
626 128
622 120
623 119
623 118
622 117
623 117
622 116
621 124
620 124
619 125
619 126
618 124
619 124
618 123
618 127
618 128
615 198
618 129
619 130
619 129
621 119
622 209
623 210
624 209
624 208
625 125
627 171
612 191
604 187
615 196
617 126
620 131
618 207
609 158
608 157
620 167
621 132
607 197
632 141
619 171
622 213
627 148
600 194
619 207
611 203
612 168
603 199
604 164
615 173
614 214
605 165
597 161
596 160
616 174
608 170
628 148
618 220
631 159
634 164
607 210
603 176
623 154
624 119
635 165
627 161
604 177
624 155
615 186
616 151
618 197
610 193
621 122
620 122
620 121
607 187
619 161
611 157
635 142
621 207
627 138
600 184
599 184
599 183
611 193
612 158
603 189
623 167
624 132
615 163
614 204
606 200
617 129
616 129
615 128
616 128
608 160
607 164
618 210
610 206
631 149
617 214
634 154
607 200
599 196
600 161
611 170
603 166
627 151
604 167
596 163
614 217
613 217
613 216
610 183
630 161
622 157
607 177
619 151
623 121
627 128
600 174
599 173
613 193
612 148
611 148
610 148
611 147
624 122
615 153
614 194
626 168
618 164
630 138
619 128
610 196
631 139
617 204
609 200
634 144
620 209
623 134
622 135
622 134
615 130
602 197
621 210
613 206
614 171
626 145
629 150
606 203
630 151
616 216
608 212
608 213
599 163
617 217
609 213
602 174
613 183
614 182
613 181
615 183
616 184
612 181
611 180
614 181
614 148
633 161
625 157
614 184
606 180
626 158
618 154
610 150
629 163
622 124
631 129
617 194
609 190
601 186
620 199
621 198
620 197
621 197
621 164
633 138
623 124
602 187
621 200
622 200
623 200
613 196
606 157
625 170
626 135
618 131
618 132
623 209
629 140
605 197
610 163
624 210
630 141
616 206
617 171
616 171
617 172
608 202
619 131
632 150
598 157
617 207
609 203
601 199
602 164
620 212
613 173
633 151
625 147
606 170
626 148
618 144
629 153
615 218
616 183
617 182
595 160
594 160
594 159
595 158
594 157
593 158
592 158
592 157
595 157
628 157
616 219
617 184
609 180
601 176
621 154
613 150
632 163
625 124
626 123
602 177
614 151
625 160
626 125
612 190
623 199
624 198
623 197
624 197
624 164
629 130
615 195
605 187
624 200
625 200
626 201
616 196
617 161
622 127
608 192
609 157
628 170
620 166
621 131
632 140
622 212
601 189
621 167
613 163
614 128
613 128
633 141
619 206
625 137
611 202
612 203
604 199
605 164
623 212
597 160
615 208
616 173
628 147
618 219
617 174
618 175
618 174
619 174
608 205
601 166
607 209
632 153
598 160
635 164
619 219
620 220
621 220
612 180
615 185
616 150
616 186
617 151
608 182
636 164
637 165
637 164
638 165
609 147
608 147
621 121
613 153
600 183
619 196
625 127
611 192
612 157
603 188
623 166
627 173
612 193
604 189
624 167
616 163
617 128
636 141
637 142
638 143
638 142
637 144
608 159
628 137
620 133
620 134
618 209
610 205
609 160
621 134
607 199
599 195
632 143
619 173
611 169
635 154
627 150
600 196
593 157
611 205
612 170
603 201
604 166
624 144
623 144
622 145
621 144
620 144
620 143
621 142
596 162
615 175
614 216
605 167
597 163
638 164
608 172
628 150
607 176
618 222
631 161
634 166
607 212
606 213
606 212
600 173
611 182
612 147
603 178
623 156
624 121
615 152
635 167
627 163
614 193
625 202
625 203
604 179
624 157
616 153
608 149
628 127
620 123
626 203
627 204
628 203
618 199
610 195
631 138
622 169
622 170
634 143
607 189
606 190
606 191
599 185
599 186
619 163
623 133
635 144
621 209
627 140
600 186
603 191
604 156
603 156
603 155
603 154
604 154
602 154
601 154
601 153
602 152
605 154
606 155
607 155
607 154
623 169
624 134
615 165
616 130
614 206
606 202
618 176
618 177
610 172
630 150
607 166
599 162
610 208
631 151
617 216
620 221
599 198
600 163
619 176
620 177
620 176
621 175
621 177
592 159
611 172
603 168
623 146
622 147
613 218
614 183
593 160
606 179
626 157
637 166
637 167
629 162
638 167
639 168
639 167
640 167
630 163
628 202
628 201
599 175
611 149
621 199
606 192
638 144
639 145
640 145
641 145
642 146
642 145
643 146
644 145
645 146
645 145
641 147
641 148
642 148
644 147
644 148
645 148
640 144
643 145
642 147
643 148
645 147
622 136
622 137
641 149
607 156
621 176
600 153
599 153
599 152
599 151
599 150
600 149
600 151
598 150
597 151
596 151
596 150
597 150
600 150
596 152
597 153
612 127
611 127
610 128
610 127
609 127
608 127
608 126
608 125
608 124
609 125
607 124
606 125
606 124
609 124
611 126
611 125
611 124
612 123
612 125
623 136
618 143
618 142
618 141
619 141
617 141
616 141
615 141
615 140
614 139
613 138
614 138
613 140
614 141
616 140
617 139
616 138
617 138
619 140
619 139
612 137
612 136
611 135
612 135
611 137
610 138
609 137
608 137
608 136
609 135
615 142
610 139
610 140
595 159
617 183
608 214
608 215
640 166
640 165
619 143
611 139
609 215
610 216
611 215
612 214
611 213
612 213
626 124
627 205
627 206
624 199
607 146
606 145
607 144
606 147
605 144
604 144
603 144
603 143
602 142
601 141
600 141
599 141
599 140
600 139
599 138
600 138
602 141
601 143
601 144
598 137
597 138
602 144
604 143
605 142
600 140
603 145
603 146
604 146
599 142
619 120
618 119
619 118
618 121
617 118
616 118
615 118
615 117
614 116
613 117
613 118
614 118
616 117
617 116
615 119
615 120
616 120
628 205
629 206
630 206
631 205
630 204
632 206
632 207
633 207
634 207
635 208
635 207
636 207
631 204
634 209
634 210
635 210
633 206
636 206
636 205
636 204
632 208
635 209
636 209
637 210
637 209
638 208
638 210
639 211
640 210
639 212
639 213
640 212
641 213
642 213
643 212
642 211
643 211
620 201
612 117
611 117
610 118
610 117
611 116
610 115
611 115
609 115
608 115
608 114
609 113
609 112
611 114
612 113
611 112
612 112
612 115
609 114
612 114
608 116
598 182
597 181
598 181
598 180
597 183
596 183
597 184
596 185
595 182
594 182
594 181
594 180
595 180
593 180
592 180
592 179
593 178
644 149
644 150
645 150
646 151
646 150
647 149
618 133
618 134
591 179
590 179
589 180
589 179
588 179
587 179
587 178
587 177
587 176
588 175
587 174
586 174
585 174
588 174
588 177
586 173
588 176
590 178
590 177
590 176
591 175
591 177
591 176
610 129
610 130
623 211
595 149
595 148
594 147
593 146
592 145
593 145
592 147
595 147
594 149
593 147
607 123
606 122
607 122
605 122
604 122
603 121
604 121
605 120
604 119
605 119
607 121
603 123
602 121
601 121
605 121
603 122
604 123
624 212
625 213
626 213
627 214
628 214
628 213
628 215
629 216
630 217
627 216
627 217
630 216
631 215
630 214
632 216
632 217
631 214
631 217
633 216
631 216
627 218
617 173
620 178
620 179
621 143
600 120
599 120
599 119
599 118
599 117
600 116
600 118
598 117
597 116
596 115
595 115
594 114
593 113
592 112
597 115
598 115
593 112
596 117
596 118
597 118
592 114
593 115
595 114
598 114
591 111
590 111
589 112
588 111
587 111
587 110
588 109
594 116
597 117
589 113
589 114
590 113
600 117
593 114
596 119
596 120
597 120
586 110
585 109
584 108
583 108
582 108
582 107
581 106
580 105
585 108
586 108
581 105
584 110
584 111
585 111
580 107
583 107
586 107
586 106
586 105
579 104
579 103
578 102
579 102
577 103
577 104
576 102
575 101
578 104
574 101
573 101
573 100
574 99
573 98
572 99
571 99
570 98
571 98
574 98
570 100
571 101
569 97
568 98
572 98
575 103
575 104
576 104
578 103
571 100
582 109
572 101
585 110
574 100
577 105
577 106
567 97
566 97
565 97
565 96
566 95
564 95
563 95
563 94
567 95
562 94
561 94
561 93
562 92
561 91
560 90
559 89
560 89
559 91
558 91
559 92
560 92
562 91
558 93
564 94
557 90
560 91
563 96
563 97
564 97
566 96
559 93
578 106
570 102
560 94
588 110
581 107
592 116
611 129
584 112
562 93
621 179
622 180
622 179
623 179
573 102
614 140
565 98
565 99
619 218
619 217
619 216
585 113
598 195
597 194
596 193
595 193
594 193
594 192
595 191
594 190
593 191
592 190
595 190
597 193
598 193
593 190
596 195
596 196
597 196
592 192
595 192
598 192
598 191
598 190
591 189
590 189
589 190
588 189
587 189
587 188
587 187
587 186
588 187
586 186
585 187
584 186
583 186
582 185
583 184
582 183
581 184
580 184
580 183
583 183
585 186
581 183
584 188
584 189
585 189
580 185
590 188
590 187
591 187
583 185
594 194
597 195
589 191
589 192
586 185
586 184
586 183
579 182
578 182
577 182
577 181
578 180
576 180
575 180
575 179
576 178
579 180
574 179
573 179
573 178
574 177
573 176
572 175
571 174
572 174
571 176
570 176
571 177
572 177
574 176
570 178
576 179
569 175
568 174
569 174
569 173
568 176
572 176
575 181
575 182
576 182
578 181
611 214
571 178
590 191
591 156
591 155
590 154
591 154
590 156
589 157
588 156
587 156
587 155
587 154
588 154
586 153
585 154
584 154
584 153
583 153
582 153
585 153
584 155
584 156
585 156
582 187
583 152
583 151
594 161
574 103
566 99
639 169
639 170
612 215
572 179
616 185
636 163
635 162
636 162
636 161
607 136
606 135
606 134
607 134
606 137
605 134
604 134
603 134
603 133
604 132
603 131
602 132
601 131
604 131
605 132
602 131
605 131
601 133
604 133
607 133
607 132
607 131
600 130
600 129
599 128
600 128
599 130
598 127
597 128
596 128
596 127
595 127
594 127
594 126
595 125
594 124
593 123
592 122
591 122
590 121
593 122
592 124
592 125
593 125
595 124
591 121
590 123
589 124
589 125
593 124
596 129
596 130
597 130
589 126
599 129
592 126
592 127
603 135
593 127
606 136
595 126
588 123
587 123
587 122
587 121
588 121
586 120
585 119
586 118
584 120
584 121
585 121
583 120
582 120
582 119
583 118
582 117
581 116
580 115
579 115
578 115
577 114
578 114
581 115
577 116
580 117
580 118
581 118
583 117
576 114
575 114
579 114
585 120
577 115
578 116
581 117
584 122
584 123
585 123
574 113
573 113
573 112
573 111
573 110
574 109
572 109
571 108
574 111
571 110
570 111
570 110
571 111
572 111
574 110
570 112
570 113
571 113
580 119
605 212
604 212
603 211
604 210
603 209
602 208
601 207
600 207
599 206
602 207
601 209
601 210
602 210
604 209
605 208
604 207
605 207
605 210
600 206
599 208
602 209
605 209
601 211
598 205
597 204
598 203
596 205
596 206
597 206
598 202
598 201
595 205
594 205
594 204
594 203
594 202
593 201
592 200
595 203
591 200
590 200
589 200
590 199
591 198
590 197
591 197
593 200
592 202
592 203
593 203
595 202
588 199
587 199
591 199
597 205
590 201
589 202
593 202
604 211
596 207
596 208
597 208
638 209
617 186
618 187
618 186
619 186
620 187
621 187
620 188
620 189
621 189
622 190
623 189
624 188
623 187
624 187
624 189
625 190
625 191
626 191
626 190
625 192
625 193
626 193
627 194
627 193
628 193
629 193
630 194
631 194
632 194
633 195
633 194
632 196
629 195
629 196
630 196
632 195
633 196
634 197
635 198
635 197
636 197
637 197
638 198
638 197
634 199
637 199
637 200
638 200
639 201
639 200
640 200
640 199
640 198
640 197
639 202
639 203
636 196
635 195
636 195
636 194
628 192
628 191
628 190
640 202
641 203
641 202
642 201
643 201
642 203
642 202
643 203
644 203
645 203
646 204
647 205
648 206
647 204
646 206
647 207
647 206
635 199
627 195
627 196
646 208
569 109
568 108
569 108
567 108
566 107
567 106
566 105
565 107
567 105
569 107
568 110
568 111
567 107
566 109
628 195
641 214
602 143
581 120
640 169
641 170
641 169
642 168
643 169
644 168
645 169
645 168
644 170
643 168
642 170
645 170
646 171
647 172
648 173
648 174
649 174
647 171
646 173
646 174
647 174
649 173
650 172
649 171
650 171
650 174
651 175
652 175
653 176
654 175
655 176
653 177
655 175
654 177
648 175
649 176
651 176
651 177
652 177
655 177
656 178
656 179
657 178
658 178
659 179
659 178
658 180
658 181
659 181
660 181
661 181
661 180
662 179
661 178
662 181
657 177
656 180
659 180
662 180
647 173
658 182
586 198
585 197
586 196
584 198
584 199
585 199
586 195
586 194
583 198
582 198
582 197
582 196
582 195
583 194
582 193
581 194
580 193
583 193
583 196
579 193
578 192
579 191
578 190
577 192
576 191
575 190
576 190
579 190
575 192
581 193
574 189
573 189
573 188
574 187
572 187
571 187
570 186
569 186
568 187
568 186
571 186
572 185
570 188
570 189
571 189
580 195
580 196
569 185
581 196
572 186
583 195
575 191
576 192
568 188
568 189
579 192
571 188
572 189
585 198
574 188
577 193
577 194
567 185
567 184
566 183
567 183
566 185
565 185
564 185
563 185
563 184
563 183
564 183
614 117
578 194
598 172
597 171
598 170
596 172
596 173
597 173
595 172
594 172
594 171
594 170
594 169
595 168
593 168
592 167
595 170
591 167
590 167
589 167
590 166
591 165
590 164
591 164
593 167
592 169
592 170
593 170
595 169
588 166
588 165
587 164
588 164
587 166
586 163
585 164
584 165
629 171
630 172
630 171
631 172
632 171
633 172
633 171
584 166
629 173
630 174
632 173
632 174
633 174
634 174
635 175
635 174
636 174
631 171
634 176
634 177
635 177
585 166
630 173
631 174
597 139
596 140
597 140
633 173
629 175
591 166
636 173
636 172
632 175
570 190
631 206
590 168
589 169
589 170
634 211
635 176
571 191
604 188
610 119
623 201
622 202
622 203
583 165
582 165
582 164
582 163
582 162
583 161
582 160
581 161
580 161
580 160
583 163
579 160
578 160
581 160
577 161
580 162
580 163
581 163
583 162
579 159
579 158
635 212
595 139
594 139
594 138
594 137
594 136
595 135
593 135
592 135
592 134
595 137
591 134
590 134
589 134
590 133
591 132
590 131
591 131
592 136
592 137
593 137
595 136
591 133
636 140
636 139
607 113
606 112
607 111
606 114
605 111
604 111
603 111
603 110
604 109
602 109
601 109
601 108
605 109
600 108
599 108
599 107
600 106
599 105
598 105
597 106
596 105
597 105
600 105
596 107
597 108
595 104
594 104
601 110
601 111
598 104
598 103
598 102
602 111
604 110
597 107
600 107
603 112
603 113
593 104
592 104
592 103
592 102
593 102
591 101
590 101
589 102
589 101
588 101
587 101
587 100
588 99
587 98
588 98
590 100
590 99
590 98
591 99
591 98
589 103
589 104
586 97
585 96
586 96
586 95
585 98
584 98
585 99
584 100
583 97
583 96
582 95
583 95
582 97
581 95
580 95
582 96
579 94
578 94
577 94
577 93
578 92
577 91
576 92
575 92
575 91
578 91
579 90
579 92
576 91
579 91
575 93
575 94
576 94
578 93
590 103
585 100
604 113
596 109
574 90
574 89
573 88
572 87
571 86
572 86
571 88
570 88
572 89
574 88
573 90
569 87
568 88
568 87
572 88
570 89
570 90
571 90
577 95
567 87
566 87
565 87
565 86
566 85
565 84
564 83
563 82
562 82
561 81
560 80
559 79
564 82
560 79
563 84
563 85
564 85
566 84
567 83
567 85
559 81
558 81
562 81
561 83
564 84
557 80
556 79
557 78
556 81
555 78
554 78
554 77
555 76
554 75
553 75
557 77
556 80
567 84
560 81
563 86
552 76
551 77
551 78
564 87
553 77
555 77
566 86
558 82
558 83
559 83
578 96
551 79
588 100
580 96
580 97
599 109
605 189
624 202
597 185
589 181
589 182
636 176
637 177
637 176
638 175
638 177
639 178
640 177
640 179
641 180
641 181
642 181
639 180
642 180
643 179
642 178
644 180
644 181
645 181
646 181
647 182
648 183
648 184
649 184
643 178
646 183
646 184
647 184
649 183
650 182
650 184
651 185
652 186
653 187
654 188
652 185
651 187
654 187
655 186
654 185
655 185
655 188
656 188
657 188
657 187
653 189
643 181
645 180
648 185
648 186
649 186
641 182
652 187
644 182
645 183
655 187
647 183
643 180
654 189
646 185
646 186
647 186
569 86
569 85
628 172
601 155
601 156
620 168
621 133
581 97
640 146
639 147
600 110
613 129
613 130
586 175
585 176
584 177
584 176
585 177
584 178
583 175
582 175
582 174
582 173
583 173
581 173
580 173
580 172
580 171
581 171
579 170
578 170
577 169
576 168
575 167
574 167
576 167
575 169
575 170
576 170
578 169
579 168
578 167
574 166
577 171
577 172
578 172
573 168
572 168
576 169
579 169
575 171
576 172
578 171
598 149
597 148
598 148
598 147
622 214
622 215
602 156
562 83
554 79
554 80
614 130
606 126
565 88
579 172
591 146
623 178
623 177
624 177
625 178
626 179
626 178
625 180
626 181
627 181
628 181
628 180
626 180
625 182
628 182
629 183
629 184
630 184
627 183
627 184
630 183
631 182
630 181
632 183
633 182
632 184
633 184
631 184
633 183
629 185
629 186
630 186
632 185
632 186
633 186
634 187
635 187
636 186
635 185
637 187
637 188
638 188
639 188
640 188
640 187
636 184
638 187
637 189
640 189
641 190
642 191
639 190
639 191
642 190
643 189
644 190
644 191
645 191
643 191
645 190
641 192
641 193
642 193
644 192
644 193
645 193
646 194
647 194
643 190
646 195
646 196
647 196
648 196
649 196
650 195
651 195
652 196
653 197
649 194
652 195
651 197
651 198
652 198
650 194
652 197
651 199
651 200
639 192
631 183
650 196
642 192
634 188
634 189
643 193
576 103
635 189
595 116
555 80
627 185
587 112
587 113
593 192
585 188
623 214
596 197
624 179
616 175
589 158
589 159
617 140
636 153
637 152
638 153
635 152
636 152
638 152
637 154
637 155
638 155
639 155
640 155
640 154
636 151
638 154
637 156
640 156
641 157
641 158
642 158
639 157
639 158
640 157
642 157
643 156
643 158
644 158
645 158
641 159
641 160
642 160
644 159
644 160
645 160
646 161
647 162
648 161
649 162
649 161
650 162
651 162
652 163
653 164
654 165
648 163
651 164
651 165
652 165
654 164
655 163
655 165
656 166
657 165
658 166
659 166
647 161
650 161
653 166
653 167
654 167
646 163
657 167
658 168
659 169
656 168
659 168
658 170
658 171
649 163
650 164
652 164
659 170
660 171
660 172
661 171
661 170
662 169
661 168
662 168
662 171
663 172
663 171
664 170
665 171
665 172
664 172
665 173
665 174
664 171
660 173
663 173
663 174
664 174
651 166
651 167
652 167
643 157
662 170
654 166
646 162
665 175
655 167
647 163
639 159
639 160
658 172
617 117
609 136
588 113
574 178
620 145
620 146
586 152
586 151
586 150
577 183
577 184
597 198
638 199
610 217
610 218
598 126
598 125
630 195
569 99
568 100
650 173
641 204
641 205
642 169
561 95
602 133
661 182
660 183
660 184
661 183
621 146
607 211
567 175
653 178
653 179
613 142
599 207
578 184
619 185
619 184
572 110
631 196
590 158
591 123
582 154
583 119
642 205
643 170
575 115
575 116
594 128
635 166
654 179
581 195
600 208
646 175
619 221
592 204
593 169
611 217
612 182
584 200
584 201
585 165
603 213
605 143
623 191
622 192
596 174
596 175
615 187
616 152
576 116
595 129
608 148
568 112
628 126
628 125
573 190
573 191
593 205
565 186
565 187
585 201
626 202
637 211
637 212
597 175
638 176
629 207
629 208
617 153
589 171
657 189
656 190
656 191
657 190
608 184
609 149
649 185
628 162
601 145
601 146
574 191
602 110
620 158
621 123
566 187
613 119
613 120
586 165
578 161
638 212
598 139
630 208
631 173
590 135
589 136
589 137
591 100
650 186
622 204
602 146
642 182
643 147
634 178
634 179
635 143
594 105
594 106
581 172
614 120
600 185
646 152
646 153
619 198
625 129
592 181
592 182
611 194
612 159
603 190
591 136
604 155
623 168
615 164
576 93
635 179
595 106
568 89
568 90
627 175
587 102
573 167
593 182
625 214
625 215
585 178
604 191
605 156
645 192
624 169
597 152
557 79
616 165
617 130
657 166
608 161
636 143
648 197
648 198
609 126
628 139
601 122
601 123
574 168
620 135
626 215
618 211
577 173
638 189
610 207
598 116
630 185
631 150
590 112
649 198
650 163
569 89
622 181
622 182
641 194
601 158
642 159
602 123
588 188
661 172
621 136
634 155
634 156
607 201
653 168
653 169
599 197
600 162
619 175
611 171
572 100
631 186
591 113
603 167
564 96
623 145
583 109
643 160
575 105
575 106
635 156
585 155
581 185
654 169
621 221
627 152
600 198
593 159
611 207
612 172
584 190
603 203
604 168
644 204
644 205
605 133
623 181
624 146
596 164
596 165
597 129
576 106
616 142
608 138
608 139
573 180
614 218
660 185
660 186
606 214
606 215
626 192
586 119
645 205
618 188
618 189
637 201
597 165
610 184
638 166
657 179
617 143
629 197
629 198
630 162
649 175
609 139
595 204
641 171
641 172
620 148
587 200
587 201
607 178
586 155
599 174
579 116
619 152
598 129
571 112
630 198
631 163
590 125
650 176
582 121
642 172
588 201
634 168
607 214
580 197
581 162
627 129
600 175
640 211
619 188
592 171
592 172
593 136
611 184
584 167
584 168
572 113
612 149
603 180
604 145
605 110
596 141
596 142
624 123
569 187
615 154
656 192
656 193
616 119
627 165
614 195
633 208
593 172
625 204
625 205
585 168
626 169
605 146
645 182
637 178
637 179
597 142
616 155
617 120
629 174
562 184
561 184
608 151
607 152
648 187
648 188
609 116
628 129
595 181
601 112
601 113
620 125
626 205
618 201
579 93
610 197
638 179
598 106
571 89
630 175
631 140
590 102
649 188
622 171
622 172
582 98
582 99
602 113
642 149
588 178
634 145
607 191
580 174
580 175
599 187
600 152
619 165
592 148
592 149
611 161
652 199
612 126
572 90
603 157
603 158
591 103
564 86
623 135
583 99
664 173
556 82
556 83
643 150
575 95
656 169
656 170
655 171
654 172
655 173
615 131
614 132
615 132
613 132
635 146
621 211
581 175
627 142
613 207
613 208
612 209
633 185
593 149
553 76
625 181
604 158
644 194
644 195
645 159
605 123
596 154
591 188
624 136
597 119
615 167
616 132
589 115
589 116
648 164
648 165
608 128
614 208
606 204
567 96
626 182
586 109
645 195
618 178
618 179
578 105
638 156
557 82
610 174
570 101
629 187
657 169
630 152
576 181
649 165
622 148
595 194
568 177
568 178
641 161
587 190
587 191
588 155
607 168
599 164
560 93
619 142
579 106
652 176
611 138
571 102
590 115
631 153
563 98
563 99
617 218
609 214
642 162
588 191
634 158
621 188
600 165
640 201
592 161
632 197
632 198
593 126
584 157
612 139
585 122
598 204
564 99
604 135
644 171
644 172
623 148
596 131
596 132
569 177
602 211
614 185
574 112
633 198
606 181
566 108
585 158
625 194
645 172
572 188
577 117
577 118
591 201
597 132
637 168
564 184
583 197
629 164
648 177
575 193
575 194
594 206
595 171
587 167
587 168
607 145
567 109
586 122
639 214
639 215
618 191
578 118
619 119
610 187
638 169
651 188
651 189
570 114
630 165
631 130
576 194
617 195
568 190
636 208
588 168
628 204
607 181
580 164
579 165
620 200
640 178
600 142
592 138
592 139
593 103
611 151
652 189
612 116
603 147
604 112
623 125
596 108
615 121
615 122
602 188
621 201
581 165
627 132
640 214
613 197
633 175
593 139
625 171
644 184
645 149
605 113
591 178
637 145
637 146
597 109
583 174
616 122
589 105
589 106
594 183
594 184
614 198
660 165
661 164
662 163
660 163
660 162
661 162
647 195
567 86
626 172
586 99
559 82
618 168
578 95
638 146
570 91
570 92
624 211
630 142
576 171
616 207
622 138
622 139
595 184
636 185
587 180
607 158
599 154
600 119
560 83
619 132
579 96
592 115
651 201
611 128
652 166
571 92
563 88
562 89
603 124
603 125
552 78
617 208
663 175
609 204
628 217
601 200
620 213
621 178
600 155
640 191
613 174
613 175
632 187
632 188
633 152
593 116
612 129
579 181
585 112
603 160
598 194
604 125
644 161
644 162
590 190
664 176
596 121
582 186
656 172
602 201
643 202
613 210
612 211
614 175
579 179
579 178
580 177
574 102
633 188
606 171
646 207
566 98
626 149
558 94
558 95
572 178
645 162
618 145
577 107
577 108
591 191
610 141
610 142
583 187
629 154
575 183
575 184
622 115
622 114
623 113
622 112
623 111
624 110
624 112
625 113
625 112
626 113
625 114
625 115
626 115
627 116
627 115
628 115
621 111
620 111
620 110
621 109
627 117
627 118
624 111
628 117
629 118
629 117
630 118
626 114
629 119
629 120
619 110
618 109
619 108
618 107
619 106
617 106
616 106
615 105
614 106
613 105
616 105
615 107
615 108
616 108
614 105
618 111
617 105
613 107
613 108
614 108
616 107
617 108
619 107
612 104
612 103
611 102
612 102
611 104
610 105
610 106
589 165
610 107
609 104
608 104
608 103
608 102
609 102
607 101
606 102
615 109
605 101
604 101
603 101
603 100
604 99
603 98
602 99
601 99
601 98
604 98
605 97
605 99
602 98
605 98
601 100
601 101
602 101
604 100
616 110
618 110
607 100
607 99
600 97
600 96
599 95
600 95
599 97
598 97
598 94
597 93
598 92
585 195
597 95
596 95
595 94
594 94
594 93
595 92
594 91
593 90
592 89
591 89
590 89
589 89
588 89
587 88
590 88
592 91
592 92
593 92
595 91
588 88
591 88
587 90
590 90
589 91
589 92
591 91
593 91
596 96
596 97
597 97
589 93
586 87
585 86
586 85
585 88
584 88
596 93
583 87
582 87
582 86
582 85
582 84
581 83
580 82
583 85
579 82
578 82
577 81
576 82
575 81
578 81
579 80
578 79
579 79
581 82
577 83
580 84
580 85
581 85
583 84
576 81
579 81
575 83
578 83
581 84
592 93
592 94
611 106
584 89
584 90
603 102
602 103
593 94
585 90
574 80
573 80
572 79
573 78
571 78
570 78
570 77
571 76
572 76
573 77
574 76
574 78
569 77
568 78
568 77
571 77
572 78
570 79
570 80
571 80
573 79
614 107
606 103
606 104
625 116
595 93
588 90
607 103
580 86
580 87
569 76
568 75
569 75
567 75
569 74
567 74
567 73
567 72
566 76
565 77
565 76
581 87
565 78
617 107
609 103
628 116
620 112
620 113
619 114
618 113
598 93
602 100
621 113
613 109
572 77
591 90
583 86
575 82
594 95
594 96
576 83
595 96
568 79
568 80
623 112
627 119
627 120
605 100
624 113
597 96
616 109
608 105
608 106
607 107
608 108
607 109
606 106
605 107
586 86
617 110
609 106
601 102
620 115
619 116
579 83
598 96
571 79
590 92
582 88
582 89
572 80
564 76
563 76
583 89
630 119
595 161
587 157
587 158
588 122
567 99
607 135
639 204
639 205
638 206
559 95
599 131
599 132
578 108
659 182
619 109
610 177
605 211
651 178
651 179
611 105
597 207
616 220
576 184
617 185
622 151
589 203
589 204
608 216
608 217
607 218
606 217
605 218
604 219
603 219
604 220
602 220
601 220
601 219
605 220
645 179
645 178
603 221
603 222
604 222
600 219
599 218
599 217
599 216
600 217
600 216
602 219
601 221
601 222
598 215
597 214
596 214
598 214
595 213
594 213
598 213
597 216
596 216
597 217
593 213
592 213
598 171
592 212
593 211
577 82
596 218
596 219
594 214
594 215
595 215
602 222
591 212
590 212
589 213
589 212
590 211
589 210
590 210
588 210
587 210
587 209
590 209
591 210
588 209
591 209
587 211
593 212
604 221
596 217
605 222
606 223
607 223
608 224
608 223
609 224
609 223
608 225
572 75
607 222
609 225
610 226
611 225
612 224
611 223
612 222
612 221
612 223
612 225
597 218
589 214
590 215
589 215
586 208
585 207
586 207
586 206
627 169
585 209
584 209
583 209
582 208
582 207
582 206
582 205
581 204
583 206
580 205
580 206
581 206
612 133
583 208
579 205
578 205
577 204
578 203
577 202
576 201
575 200
576 200
575 202
575 203
576 203
578 202
579 201
578 200
579 200
579 203
625 166
574 199
573 199
572 198
571 197
570 197
569 196
568 197
567 197
566 196
565 195
564 194
563 193
568 196
572 197
564 193
570 198
570 199
571 199
563 195
563 196
564 196
566 195
567 194
566 193
567 193
568 192
567 196
569 195
562 192
561 192
565 197
576 202
596 139
568 198
568 199
569 198
579 202
571 198
572 199
564 195
575 204
567 195
578 204
570 200
570 201
560 192
559 192
558 192
558 191
559 190
560 190
561 190
569 93
562 190
563 190
559 191
637 175
571 201
563 197
563 198
629 188
582 210
581 210
607 221
607 220
581 205
600 218
592 214
592 215
592 216
584 210
584 211
603 223
603 224
573 200
573 201
593 215
585 211
604 224
596 220
574 201
566 197
558 193
558 194
577 206
576 207
567 198
559 194
606 224
606 225
605 226
595 214
588 211
607 224
580 207
580 208
599 220
569 197
561 193
561 194
561 195
581 208
592 217
562 194
602 221
591 211
583 207
618 162
594 216
594 217
594 218
593 219
606 227
605 228
605 229
629 172
576 204
595 217
568 200
568 201
568 202
591 150
590 151
591 152
592 152
561 196
568 92
567 93
589 151
588 152
596 138
613 220
605 221
608 226
608 227
609 227
601 223
560 191
579 204
598 217
571 200
590 213
582 209
572 201
564 197
583 210
575 206
574 207
573 207
572 208
571 207
573 209
574 210
572 207
585 107
587 207
588 207
571 209
570 210
570 209
571 210
572 210
574 209
570 211
573 211
574 212
575 213
575 212
576 213
577 212
578 213
579 212
579 211
578 212
579 213
577 214
577 215
576 216
575 215
604 142
578 215
611 221
577 217
576 212
557 89
557 88
569 208
568 209
561 82
572 209
575 214
576 215
578 214
579 215
580 216
581 216
582 216
583 217
583 216
582 218
574 87
574 86
656 189
583 218
570 187
584 219
585 220
585 219
586 219
638 163
587 219
588 220
588 219
622 178
584 221
592 168
584 222
583 223
627 126
585 222
587 221
587 222
588 222
589 223
590 222
590 221
590 220
591 220
602 160
591 222
592 223
593 224
592 113
594 225
593 223
592 225
631 147
629 181
622 191
595 225
596 226
597 227
559 80
597 226
598 226
600 114
599 226
600 227
641 191
623 208
600 226
596 228
596 229
597 229
599 228
599 229
632 205
633 204
634 203
600 229
601 230
602 230
603 230
601 231
598 225
597 224
598 224
598 223
627 159
644 189
568 175
567 81
597 228
589 224
589 225
586 218
585 217
585 216
586 217
586 216
571 211
590 224
600 228
592 224
593 225
585 221
599 149
596 230
596 231
596 232
595 233
594 233
593 234
592 233
591 233
590 232
558 89
589 233
593 233
592 123
588 232
588 231
589 122
588 230
587 232
587 231
591 232
603 142
572 173
572 172
613 139
590 234
589 235
651 183
586 231
585 230
601 132
647 170
647 169
584 229
583 229
582 229
582 228
561 92
581 227
580 226
581 225
581 224
584 197
643 200
643 199
594 115
634 170
614 137
614 136
585 152
586 229
587 228
586 227
587 226
581 226
580 228
580 229
622 155
569 96
569 95
581 229
587 162
586 161
583 228
586 228
579 225
579 224
578 223
577 224
577 225
604 130
565 193
583 106
590 198
583 105
598 199
576 223
579 223
578 225
575 224
575 225
596 184
558 79
576 225
568 99
612 124
607 195
582 230
577 226
577 227
576 228
575 228
574 228
575 227
585 210
578 227
574 211
577 216
567 208
566 208
565 208
565 207
566 206
565 205
564 204
563 203
564 206
572 206
615 138
566 205
567 204
566 203
590 107
602 104
608 122
567 206
562 202
581 170
608 158
564 205
611 201
603 197
599 227
567 205
566 207
598 113
598 112
598 111
578 217
581 228
574 224
573 224
572 225
571 226
641 179
596 148
573 223
573 222
573 221
574 220
573 219
574 218
572 220
571 220
570 219
570 218
565 105
563 83
645 167
644 166
623 188
653 165
643 166
564 105
569 219
568 220
611 143
610 144
590 122
609 145
568 219
571 219
571 109
574 219
626 166
599 126
600 126
562 77
587 230
570 221
570 222
571 222
591 107
574 222
569 218
605 130
572 219
605 163
568 221
568 222
623 193
623 194
571 221
572 222
574 221
567 218
567 217
566 216
567 216
570 223
581 230
628 124
629 123
624 153
651 186
577 229
592 106
570 81
570 82
620 162
588 221
580 217
580 218
599 230
627 202
599 231
599 232
585 150
569 207
569 206
569 205
581 218
604 162
600 231
584 223
562 204
573 213
572 213
576 224
587 233
587 234
588 234
580 230
569 220
591 221
594 226
594 227
594 228
576 214
595 227
568 210
568 211
567 212
566 213
567 214
568 214
569 214
570 214
659 177
570 213
594 92
587 223
587 224
588 224
590 233
569 210
572 221
586 200
591 234
583 230
575 226
610 220
609 221
576 227
622 194
568 223
601 217
602 216
602 215
577 78
576 79
581 192
597 170
634 185
579 214
632 215
598 227
590 223
582 219
582 220
582 221
572 211
591 224
583 220
575 216
594 229
594 230
593 231
592 230
591 230
590 229
584 220
598 209
597 210
598 211
648 171
592 178
596 210
595 210
603 187
599 210
601 125
576 217
568 213
586 230
578 226
579 227
571 223
590 236
572 224
575 229
575 85
576 85
577 85
578 86
577 87
576 88
576 89
606 194
605 195
661 169
597 230
589 226
589 227
567 207
586 220
592 151
578 216
570 212
579 217
571 213
582 222
636 198
609 181
628 194
588 158
574 223
620 190
620 191
620 192
619 193
619 194
581 119
599 167
640 168
600 132
586 197
592 128
632 164
577 228
593 93
611 141
652 179
578 193
584 124
583 125
582 126
581 126
580 127
653 185
620 132
580 128
581 128
579 127
594 102
634 194
590 110
595 102
591 109
578 126
578 125
578 124
579 125
653 188
577 170
579 124
614 192
597 172
581 127
584 125
585 126
586 126
619 183
638 151
608 188
592 221
593 221
634 198
600 94
600 93
600 92
600 91
601 90
602 91
603 90
604 89
603 88
602 87
601 86
611 178
612 178
613 177
621 186
621 185
662 167
662 166
602 86
603 85
604 86
605 87
617 147
615 135
656 181
612 167
605 86
601 88
612 179
651 173
611 188
652 173
573 99
618 163
654 186
657 176
641 178
657 175
604 88
599 205
600 204
572 218
605 89
606 89
607 89
607 88
607 87
607 86
618 140
592 191
593 156
593 155
625 179
585 162
600 85
599 85
594 223
595 223
581 94
581 93
599 84
621 216
600 83
599 171
600 171
629 126
583 164
602 88
605 88
616 172
598 84
597 83
596 82
596 81
586 182
595 82
594 82
593 83
593 84
592 82
591 83
590 84
594 81
640 206
593 80
592 79
624 114
612 212
598 82
599 81
598 80
613 169
607 130
575 112
576 112
596 169
593 79
588 198
588 197
632 159
635 140
569 106
569 105
590 83
596 84
596 85
638 161
634 163
597 85
615 182
652 183
653 183
592 81
593 82
604 97
595 81
570 99
598 81
653 186
634 175
622 188
591 78
591 77
590 76
589 77
588 76
591 76
592 75
591 74
591 87
591 86
621 110
590 78
589 79
588 79
587 78
588 162
581 182
581 181
582 180
583 181
611 181
584 109
587 77
570 96
571 96
572 96
604 170
563 105
596 161
610 146
588 78
594 83
595 84
587 80
587 81
586 82
586 83
598 218
597 84
603 165
590 80
589 81
593 81
604 90
605 91
606 92
607 92
608 92
608 91
609 90
610 89
611 90
612 90
582 124
589 153
565 204
561 80
610 182
562 79
609 92
610 93
611 92
612 92
611 113
610 94
616 205
610 95
638 196
638 195
638 194
611 94
569 194
606 91
629 116
620 117
607 91
585 218
609 91
608 93
580 106
608 94
607 95
608 96
609 97
594 224
587 119
588 119
634 165
610 97
611 98
612 98
613 97
589 127
614 96
613 95
556 77
568 85
610 204
614 95
638 168
606 94
587 107
625 146
595 201
596 200
578 224
609 94
622 153
611 93
612 94
596 86
596 87
596 88
662 178
597 87
598 88
598 89
629 215
599 87
622 123
583 227
583 226
583 225
600 230
589 83
586 77
585 76
635 196
584 75
558 190
557 189
595 123
583 75
582 75
562 90
582 74
583 73
582 72
620 138
588 186
581 73
580 72
583 72
592 80
603 198
587 89
585 75
649 182
629 136
628 135
565 81
565 80
585 175
614 94
614 93
586 75
587 74
586 73
624 140
655 172
653 163
589 221
581 72
584 77
583 77
584 78
613 136
607 173
640 143
625 123
585 78
562 80
580 74
584 217
581 75
557 188
557 187
583 74
586 74
602 130
602 129
603 128
602 127
601 120
602 119
619 170
571 107
621 219
599 203
622 160
579 71
579 70
578 69
579 69
592 232
577 70
577 71
578 119
600 169
569 217
569 216
576 69
575 69
568 96
641 146
592 156
578 71
574 68
575 67
574 66
573 65
572 64
571 63
591 216
632 169
598 118
631 169
573 68
618 195
609 176
571 65
571 66
586 149
563 194
587 193
620 119
572 66
574 65
631 135
573 67
636 193
636 192
635 191
634 192
592 197
622 201
572 65
566 94
627 155
558 78
559 77
560 77
658 175
639 146
665 170
568 217
575 70
575 71
574 72
573 71
572 70
571 70
570 70
574 213
573 70
620 107
618 183
576 71
571 67
578 168
571 68
582 76
572 68
575 73
575 74
603 171
585 77
625 156
574 67
577 72
577 73
578 74
578 75
578 76
597 155
583 182
578 73
610 96
588 77
607 90
599 86
581 74
600 87
592 83
611 96
584 79
583 80
582 79
630 193
631 192
632 191
631 190
561 90
580 70
581 70
609 131
641 155
584 80
641 189
594 166
605 118
620 175
649 160
596 126
650 159
650 158
594 178
595 178
633 205
601 175
610 132
609 133
589 199
601 103
603 92
604 93
638 159
599 94
573 69
585 80
574 70
577 75
576 76
587 125
579 126
613 96
592 73
592 72
592 71
651 202
593 70
594 69
595 70
592 69
591 69
595 69
578 211
591 153
551 76
594 211
594 71
598 156
613 103
614 103
598 136
598 135
603 175
602 229
622 143
608 179
641 198
591 196
591 195
604 175
589 120
582 226
590 68
616 134
589 69
644 169
581 191
623 143
624 142
577 203
654 174
589 68
610 136
592 211
646 202
647 202
645 201
593 69
585 183
638 192
575 198
574 197
595 143
594 142
593 141
588 228
578 80
585 181
628 169
581 217
558 90
605 158
597 114
609 219
600 81
595 71
596 72
596 73
597 73
561 197
596 74
596 75
631 181
556 75
557 74
609 88
576 105
587 117
568 218
593 133
594 132
584 205
600 170
597 75
605 206
610 87
571 224
621 172
610 149
561 189
560 188
559 187
560 186
607 198
629 214
598 212
590 77
571 185
584 193
649 193
650 192
569 84
637 183
636 182
589 222
627 178
628 178
635 194
582 181
623 198
602 84
602 83
623 153
618 105
601 218
611 224
574 64
575 63
576 64
577 65
578 66
579 67
573 97
577 112
651 171
616 137
605 216
592 110
593 110
660 178
611 156
629 124
620 142
658 169
580 73
578 112
579 112
611 88
604 129
577 63
578 62
579 62
585 226
577 61
596 147
580 62
578 90
580 191
634 161
642 156
578 78
623 110
601 170
577 60
578 59
577 58
576 57
575 56
569 92
574 56
594 80
573 55
572 54
571 53
570 54
617 104
570 55
590 152
571 56
603 108
595 79
642 151
579 59
572 56
573 57
576 58
575 59
588 68
570 56
579 61
592 70
610 86
614 97
622 217
610 99
589 161
596 177
576 60
575 61
595 73
584 180
588 70
637 191
590 79
583 76
576 73
641 151
613 89
612 93
605 90
589 82
608 95
601 92
612 106
596 98
615 111
642 214
614 152
573 114
633 165
578 229
605 103
591 168
594 173
635 211
607 112
593 214
610 154
629 167
628 171
581 96
600 109
619 122
605 224
584 101
603 114
589 216
663 165
602 155
621 168
640 181
639 182
593 106
579 171
598 184
582 176
614 165
609 141
655 166
642 171
607 206
568 182
567 181
591 181
575 173
588 112
607 125
593 227
579 63
651 168
609 171
628 184
581 109
600 122
567 174
586 187
584 114
603 127
570 179
602 168
621 181
588 233
662 182
574 69
579 184
577 74
618 112
616 144
623 190
631 197
623 217
624 218
576 115
595 128
655 179
639 171
570 71
597 174
616 187
588 125
574 190
607 137
638 170
614 122
640 152
631 158
616 125
602 169
650 199
574 174
631 203
642 152
603 99
640 153
631 202
580 93
619 190
615 137
557 76
598 130
603 87
569 181
611 133
643 188
569 72
556 84
555 85
555 86
612 131
604 173
653 196
577 179
632 162
629 194
630 192
638 182
632 148
572 63
608 145
596 204
636 160
636 159
645 186
627 114
611 136
636 155
629 139
569 183
569 115
603 130
614 89
609 152
639 209
593 153
561 191
610 201
627 180
594 199
613 209
610 85
605 129
606 128
612 155
614 201
625 187
611 210
626 188
609 144
601 151
606 198
572 53
635 183
594 111
633 176
656 177
565 93
595 112
596 112
558 87
634 151
601 163
659 173
664 166
665 167
664 168
575 58
576 59
651 180
575 90
599 124
598 123
575 89
586 81
573 173
596 227
594 146
595 145
596 145
615 194
590 195
587 68
586 69
625 175
633 178
662 164
635 182
609 195
643 152
624 175
589 111
595 131
574 54
594 156
574 53
600 157
595 80
592 199
609 100
593 230
598 166
628 209
627 210
628 211
626 211
590 186
591 185
629 169
635 155
589 110
633 157
557 86
572 106
573 105
617 176
588 229
592 234
624 139
609 143
578 58
579 57
578 56
578 55
628 133
625 132
577 191
642 195
618 150
575 221
576 221
577 220
577 219
646 157
645 156
645 155
569 104
593 148
621 150
596 123
594 135
595 88
582 71
587 108
600 188
596 224
566 93
613 93
569 112
582 128
583 128
584 129
640 173
629 203
616 160
591 169
558 186
620 198
589 67
589 66
590 66
626 183
615 180
614 179
608 143
607 142
658 187
599 172
584 95
626 121
584 86
588 66
587 66
587 65
573 85
627 137
592 187
593 188
610 84
586 64
585 63
586 62
585 65
583 129
611 83
610 82
611 81
558 85
575 52
596 111
586 66
585 67
577 195
609 184
650 185
567 187
653 190
606 115
625 128
570 192
643 182
627 174
574 82
560 184
646 187
558 74
618 125
563 189
604 190
623 203
595 141
562 193
636 142
565 198
611 85
616 200
569 88
574 203
613 131
632 144
577 208
585 69
631 185
590 147
589 148
650 198
562 85
634 190
592 193
625 141
611 206
624 145
569 209
643 195
627 187
646 200
580 75
599 88
585 190
604 203
645 204
617 142
601 134
620 147
592 85
638 201
622 193
569 101
568 102
641 206
599 209
590 160
631 198
587 91
592 206
611 219
605 145
624 158
569 222
608 150
580 88
599 101
626 204
629 209
617 155
601 147
587 212
620 160
619 164
638 214
591 102
622 206
594 107
635 145
580 209
599 222
612 161
610 88
596 153
615 166
568 91
574 206
585 202
585 203
587 104
647 158
614 207
573 169
591 223
589 150
578 219
586 204
608 163
611 150
600 176
600 164
644 146
614 170
612 80
647 159
586 63
570 87
587 99
611 82
584 174
605 115
632 179
647 177
584 65
616 201
585 64
585 66
614 134
620 130
590 155
590 105
654 162
619 145
561 78
608 191
583 192
589 147
664 169
643 185
614 112
614 113
625 218
592 68
629 145
593 67
570 208
608 100
596 116
591 66
620 120
594 134
571 64
610 213
587 185
599 79
600 193
599 112
599 136
618 214
570 173
607 227
574 185
618 135
609 82
608 82
608 81
609 80
608 79
607 79
606 80
582 169
602 107
606 79
596 181
631 193
562 96
605 194
595 156
592 111
627 145
591 193
570 220
640 149
609 79
594 154
622 110
586 104
576 100
632 172
648 195
598 230
591 81
570 97
571 55
609 209
605 104
583 104
612 82
613 83
614 82
614 83
609 99
642 197
643 197
601 142
584 64
583 63
582 62
583 61
583 60
582 59
634 182
581 60
620 140
600 112
606 207
583 62
575 53
636 191
631 156
614 213
603 97
598 142
602 96
598 121
594 234
582 64
601 130
574 55
658 173
590 196
587 208
621 141
598 78
578 67
610 168
601 204
589 71
589 72
586 65
610 211
578 61
570 57
571 58
616 149
588 65
607 78
606 77
605 77
646 192
647 192
604 78
603 78
602 79
601 78
637 195
580 101
581 101
649 199
610 91
603 77
560 84
589 168
589 188
569 215
581 62
594 145
611 84
610 192
584 67
583 68
582 67
581 68
603 80
604 81
605 82
601 77
582 66
604 80
614 84
613 85
584 59
601 79
570 58
582 68
604 82
614 86
613 87
649 164
602 89
626 217
579 105
610 209
645 174
582 110
568 212
642 161
589 175
578 179
577 222
615 85
587 62
587 225
570 72
558 88
605 106
603 196
585 83
609 198
618 181
587 205
627 133
580 60
629 217
569 82
605 186
659 165
598 91
596 124
625 199
584 207
579 167
616 85
617 84
586 61
586 60
587 120
615 87
656 175
582 192
602 153
614 146
613 145
614 144
605 125
612 145
585 68
574 85
644 178
574 58
637 151
613 84
555 74
594 148
614 85
606 81
587 67
580 64
580 65
599 77
589 149
617 85
609 81
590 67
602 78
572 55
591 68
583 64
575 60
594 73
576 61
612 81
615 86
605 78
597 74
616 87
589 70
608 83
607 84
606 84
605 84
578 60
601 80
571 57
590 70
596 99
595 100
594 99
593 100
570 195
571 195
572 194
573 195
616 156
622 133
569 116
569 117
570 118
571 119
572 120
573 121
574 122
569 118
585 215
586 214
629 149
572 119
592 99
626 120
593 105
589 217
649 192
571 121
570 121
621 205
589 108
574 121
573 123
596 182
598 197
601 229
619 159
640 186
640 185
632 136
574 77
634 173
569 120
568 121
620 153
583 94
568 120
569 102
571 54
632 181
607 85
572 121
597 103
570 122
570 123
571 123
573 122
574 123
575 124
576 125
576 124
567 120
592 67
590 132
566 119
566 118
565 117
566 117
567 116
566 115
567 114
567 115
567 200
629 176
636 179
594 125
567 118
637 150
636 149
635 149
583 204
576 174
580 169
575 210
593 218
637 185
638 185
567 117
571 91
569 119
573 210
573 115
572 116
573 117
574 118
575 119
572 195
627 208
626 208
576 197
583 126
603 79
593 71
584 102
612 84
603 115
603 116
618 167
579 89
597 182
596 76
596 77
632 213
631 212
580 58
569 122
619 182
594 109
554 86
553 85
552 84
552 83
552 82
551 81
639 195
566 184
598 146
598 145
598 144
590 119
591 119
618 217
620 129
647 156
553 84
587 75
575 110
576 110
578 191
614 178
658 176
615 89
574 57
577 62
582 177
589 73
592 227
578 63
617 209
570 59
571 60
572 60
599 158
580 109
579 110
578 110
600 124
556 87
631 180
630 179
599 122
598 109
589 194
570 180
639 172
638 173
647 180
577 196
599 102
567 188
565 85
622 199
571 122
653 191
573 82
572 82
636 150
586 59
587 58
594 70
610 113
614 197
558 75
587 57
587 56
587 55
587 54
588 53
589 53
590 53
591 54
592 53
588 55
573 59
615 177
575 118
588 57
567 119
617 87
591 180
560 185
589 56
590 56
609 226
583 168
580 89
590 150
575 57
552 80
606 90
558 92
618 138
607 116
591 53
585 213
588 56
564 104
564 103
565 102
564 101
611 123
647 189
648 190
568 118
590 55
622 173
597 202
631 145
651 169
603 173
589 57
574 73
619 189
598 187
648 194
569 200
591 56
586 67
590 217
590 184
589 184
589 58
589 59
590 60
608 146
653 174
576 107
590 58
582 58
582 57
581 56
618 171
601 116
598 154
589 61
590 62
591 62
634 172
592 61
593 62
594 61
591 58
594 63
595 60
594 59
586 53
582 55
581 54
582 53
581 52
582 51
581 50
639 184
597 187
613 144
661 174
660 175
573 61
619 177
572 102
591 115
603 169
575 107
635 158
580 222
593 161
612 174
579 226
596 166
615 179
568 104
609 105
628 118
614 220
586 121
572 223
589 163
630 164
649 177
602 102
588 167
621 115
607 180
579 118
610 222
598 131
582 123
595 62
581 164
600 177
584 169
603 182
644 183
575 120
616 121
561 185
602 223
588 59
660 164
574 124
637 180
583 50
609 118
595 183
567 121
584 61
630 177
583 65
635 157
582 52
585 53
599 148
631 209
592 56
632 210
588 180
576 195
641 167
593 57
568 194
593 54
594 54
607 193
604 124
612 186
599 179
598 178
581 125
594 185
612 198
585 52
636 148
578 123
634 206
630 212
584 66
592 59
595 59
570 204
568 106
580 52
579 100
570 203
580 99
595 89
578 100
640 180
593 109
588 217
643 183
618 169
630 205
641 176
640 175
616 192
583 52
610 225
623 165
611 179
591 138
612 141
595 55
596 55
586 52
582 105
643 210
643 209
652 171
586 169
623 219
623 220
578 222
624 220
625 220
582 54
603 216
592 58
570 94
593 59
594 90
579 55
607 140
606 140
616 84
584 196
643 167
574 173
596 54
555 84
580 51
591 55
616 197
594 60
595 61
580 54
590 57
583 54
584 55
585 55
593 58
589 60
586 54
579 51
578 51
577 50
578 49
577 48
576 49
575 49
574 49
573 48
572 49
612 143
573 206
585 214
581 186
575 48
638 149
578 48
579 47
580 46
660 169
563 93
579 46
642 199
579 49
576 48
601 127
579 48
575 50
578 50
582 56
623 218
596 53
596 52
596 51
595 51
594 51
593 51
594 50
641 187
606 139
581 51
592 60
584 56
584 57
593 61
585 57
606 116
572 123
577 52
578 53
623 206
594 141
588 67
607 80
580 63
639 149
599 76
584 213
583 214
582 214
581 214
659 185
658 185
657 185
575 88
607 98
639 189
596 187
595 188
557 75
637 163
573 203
572 204
565 199
565 200
565 201
597 79
618 108
581 64
600 77
584 69
597 121
603 82
561 85
606 93
575 65
590 148
576 70
634 191
595 83
587 79
592 194
588 80
580 76
580 77
599 89
592 50
591 50
608 220
566 204
601 135
596 56
596 57
597 58
598 59
597 60
609 121
591 105
587 76
579 208
587 92
586 93
585 93
596 103
644 199
645 198
646 198
584 92
583 92
582 91
581 91
580 53
602 77
613 86
592 63
591 64
590 64
629 210
605 202
591 67
641 184
587 213
594 72
614 87
573 49
606 83
594 108
587 69
592 184
609 93
573 170
601 89
580 66
625 217
598 83
648 200
649 201
649 202
649 203
649 204
602 90
613 99
612 100
613 135
572 67
591 80
622 184
623 184
624 185
571 87
592 90
582 111
582 112
582 113
634 195
612 101
606 143
575 72
594 85
594 86
593 87
580 187
579 188
578 188
577 187
577 186
587 153
572 170
584 62
581 61
610 180
599 181
576 211
595 50
615 144
656 182
656 183
576 53
587 82
589 128
588 129
587 128
586 129
586 128
584 195
646 170
586 130
587 131
588 132
588 131
627 188
611 100
591 57
583 53
641 174
594 66
593 65
650 183
621 117
570 117
587 203
594 62
599 177
616 86
576 50
595 63
587 59
573 124
584 170
585 171
583 171
586 171
604 228
612 99
596 144
608 118
607 118
607 119
622 113
609 83
574 125
637 181
579 60
629 177
590 69
582 65
602 80
572 57
591 70
582 101
583 66
575 62
556 85
597 86
615 134
625 184
586 76
578 72
637 158
589 118
609 96
579 73
598 86
570 104
571 104
571 69
590 82
582 78
568 180
594 52
585 89
604 102
623 115
609 217
575 75
602 178
621 191
567 220
566 221
566 222
575 219
565 220
589 63
577 124
566 220
613 187
574 79
606 148
605 149
604 150
605 151
640 161
605 152
580 194
595 209
585 54
583 170
600 145
591 75
606 149
579 194
625 161
585 125
598 207
570 225
569 225
569 226
571 97
603 148
602 149
631 144
626 126
644 174
643 174
592 209
593 209
605 182
571 190
577 84
590 203
618 122
563 186
563 187
581 57
597 99
598 99
599 99
582 199
582 200
581 201
605 172
563 188
590 230
629 131
595 138
595 230
627 207
574 115
655 189
606 184
647 185
567 76
639 181
586 89
572 118
572 191
568 105
577 120
578 121
579 121
580 122
578 85
564 187
579 50
604 223
605 188
624 201
630 132
590 59
575 196
622 128
595 174
594 175
593 175
642 189
636 175
608 193
587 170
607 148
574 200
599 144
592 105
577 205
651 191
571 82
611 118
612 83
597 220
563 78
617 198
604 79
583 56
609 194
569 121
628 207
615 88
601 190
620 203
613 164
586 70
585 71
613 205
573 91
573 92
573 93
572 94
646 182
586 210
614 129
576 210
632 177
559 193
633 142
578 206
625 138
585 102
570 202
604 115
644 151
605 80
590 180
597 76
616 89
602 191
643 192
587 86
588 86
636 169
627 157
608 85
594 150
594 151
635 188
555 79
574 92
560 194
606 161
646 197
566 88
592 226
625 174
626 139
558 84
571 203
612 204
577 97
578 98
590 194
606 206
563 199
562 200
561 199
604 200
637 148
610 131
623 213
583 177
629 144
624 178
615 209
594 186
595 151
647 198
573 212
572 105
567 89
566 90
566 91
580 108
639 194
599 121
559 85
585 223
600 86
659 172
605 201
624 214
611 95
571 59
661 179
597 197
616 210
603 91
589 193
617 175
608 206
636 188
569 98
601 167
620 180
621 145
566 209
566 210
640 158
613 141
592 118
593 118
608 98
589 166
594 118
632 154
577 218
578 183
612 96
585 79
598 161
604 92
631 195
590 157
601 203
642 204
562 95
634 200
633 201
634 201
632 200
631 200
630 200
567 210
573 104
614 142
654 178
572 212
633 155
639 142
606 138
565 100
619 220
625 151
570 215
571 216
572 215
573 216
557 87
626 116
611 216
571 180
590 193
603 212
591 158
610 108
611 109
611 110
610 109
609 110
583 154
589 85
629 121
643 205
635 201
627 197
627 198
627 199
587 124
647 175
566 101
607 102
593 204
612 217
599 98
658 184
585 200
604 213
605 178
596 209
624 191
615 222
614 223
590 49
589 48
588 48
587 48
586 48
585 48
584 48
583 47
583 46
584 47
589 50
588 50
587 50
586 50
585 50
589 133
587 49
589 49
617 152
622 118
582 45
582 44
608 183
636 165
609 148
628 161
573 225
620 157
580 121
581 86
565 221
566 186
599 134
600 99
586 164
619 112
592 95
592 96
593 60
611 108
584 91
638 211
585 56
603 104
598 138
589 206
590 206
591 208
617 188
630 207
569 111
601 180
602 145
620 193
621 158
613 154
571 227
571 228
573 187
614 119
573 81
632 167
599 219
578 196
619 197
579 161
585 92
598 174
572 122
590 170
577 51
631 208
591 135
596 101
582 166
589 62
634 213
635 214
636 215
575 176
576 176
657 173
644 202
605 136
604 137
604 138
603 139
602 139
640 164
640 163
643 177
643 176
596 155
654 180
653 181
603 137
602 137
635 178
594 140
595 105
581 207
654 191
600 220
606 151
566 78
626 129
593 181
639 148
586 56
635 141
612 194
584 212
603 225
603 226
602 227
578 52
605 155
610 121
611 121
629 134
624 168
596 186
615 199
616 164
588 102
628 138
573 202
607 115
580 98
593 217
644 200
581 63
599 111
600 76
626 214
659 162
658 163
657 163
658 162
595 76
594 76
593 77
604 186
610 81
594 75
658 161
658 160
615 169
605 191
651 158
652 159
597 222
622 176
601 106
559 78
658 164
584 173
571 49
596 222
584 68
603 81
589 183
617 165
608 196
649 197
595 226
628 174
601 157
561 84
602 122
620 170
621 135
581 99
566 199
640 148
586 177
573 58
592 108
593 73
578 173
584 104
598 151
591 112
596 78
622 216
602 158
642 194
643 159
588 223
662 172
554 81
554 82
594 117
580 219
580 220
573 94
654 168
603 161
574 59
600 197
646 164
646 165
565 90
564 91
640 192
619 210
571 170
612 171
577 64
603 202
591 148
582 179
610 98
623 180
615 176
594 153
595 118
581 220
568 101
655 169
587 114
587 115
647 165
592 229
593 194
639 161
584 225
612 207
658 174
570 61
624 181
596 199
597 164
615 212
616 177
589 160
609 138
588 115
628 151
573 215
574 180
580 111
621 112
581 76
600 89
586 154
577 185
593 50
584 81
583 82
610 219
598 128
603 94
604 95
589 196
630 197
631 162
590 124
576 226
650 175
602 135
561 97
560 97
559 97
621 148
588 200
634 167
567 177
607 213
653 180
614 109
606 105
578 186
619 187
625 118
570 182
571 183
572 182
657 186
595 164
594 164
593 163
581 190
581 189
582 189
594 163
611 183
572 112
591 125
583 121
589 52
642 207
643 207
644 207
643 172
575 117
635 168
594 130
593 130
595 95
654 181
581 197
627 164
600 210
646 177
593 171
612 184
584 202
585 167
618 115
603 215
604 180
610 111
596 176
597 141
615 189
576 118
616 154
617 119
568 114
587 127
628 128
588 92
573 192
565 188
565 189
565 190
566 191
625 212
617 137
606 226
581 53
592 62
577 162
578 163
577 163
576 164
577 165
612 87
618 200
584 58
597 177
637 213
638 178
657 191
589 173
590 173
609 151
649 187
569 78
595 216
641 183
602 112
574 193
621 125
566 189
607 190
613 121
586 167
558 185
635 161
577 198
578 198
593 63
606 82
585 59
598 141
571 124
630 210
631 175
590 137
588 216
603 214
596 68
596 67
596 66
596 65
650 188
583 98
642 184
643 149
639 185
588 213
634 180
607 226
595 72
581 174
627 141
600 187
606 118
619 200
592 183
611 196
584 179
577 54
603 192
604 157
623 170
624 135
569 199
616 131
576 95
595 108
627 177
588 69
660 174
607 82
593 184
579 198
639 151
599 78
584 215
625 216
585 180
645 194
596 189
637 190
597 154
557 81
583 219
616 167
657 168
617 132
580 202
562 196
648 199
636 145
609 128
628 141
601 124
573 205
574 170
620 137
581 66
613 98
618 213
577 175
578 176
584 71
638 191
630 187
631 152
550 78
549 79
548 79
547 80
546 79
545 78
544 79
543 79
542 79
541 78
540 78
539 78
598 85
602 115
538 78
537 78
537 77
538 76
539 76
592 130
540 77
541 76
584 84
620 181
566 181
565 181
574 208
562 100
561 101
562 102
570 85
571 84
615 112
597 179
613 149
563 81
624 186
631 168
580 180
625 219
561 103
588 64
640 159
616 116
542 80
581 49
538 77
616 104
578 122
626 150
594 121
621 196
580 83
586 114
622 187
560 101
541 77
540 79
562 103
541 80
536 76
535 75
536 75
535 77
590 153
534 74
534 73
533 72
534 72
591 93
533 74
532 74
531 74
530 74
530 73
531 72
530 71
531 70
530 69
529 69
576 188
594 123
529 71
611 119
583 156
528 71
627 182
567 112
595 57
608 207
618 126
650 169
649 168
649 167
530 72
567 202
576 113
529 70
595 176
532 75
528 72
528 73
529 73
531 73
549 78
541 79
533 75
648 167
647 167
529 72
566 111
536 78
547 78
582 156
581 156
583 81
590 114
649 200
591 79
650 165
622 183
595 229
641 196
602 125
588 190
634 157
607 203
594 84
653 170
613 134
580 186
599 199
606 95
592 160
611 173
612 138
564 98
623 147
583 111
569 176
643 162
615 143
576 72
594 120
595 85
581 187
627 154
646 167
613 219
534 75
592 196
633 197
584 192
585 157
603 205
644 206
645 171
605 135
590 235
624 148
569 212
597 131
617 109
648 176
608 140
588 82
573 182
580 78
620 114
606 216
626 194
645 207
592 52
618 190
578 117
637 203
610 186
598 95
629 199
657 181
590 91
576 193
595 206
641 173
601 137
587 202
613 111
599 176
619 154
585 49
652 188
571 114
631 165
590 127
591 92
576 229
622 196
583 88
568 225
567 226
566 226
567 227
567 82
637 143
642 174
588 203
575 84
594 97
580 199
599 212
600 213
600 214
601 213
627 131
640 213
632 209
592 173
593 138
611 186
612 151
598 216
604 147
605 112
596 143
569 189
615 156
617 86
608 117
568 81
587 94
588 95
589 96
590 96
598 189
655 190
589 95
580 55
633 210
586 112
606 193
639 141
638 204
650 202
568 76
585 170
625 206
626 171
586 98
605 148
572 200
645 184
591 213
597 144
638 145
617 122
608 153
648 189
575 205
641 150
601 114
620 127
607 157
613 88
560 82
618 203
579 95
610 199
638 181
598 108
629 212
590 104
631 142
576 206
563 87
595 219
582 100
641 186
587 215
628 216
634 147
594 74
653 160
654 160
655 160
656 161
580 176
599 189
600 154
640 190
606 85
619 167
592 150
552 77
611 163
572 92
612 128
603 159
564 88
583 101
623 137
664 175
615 133
575 97
656 171
576 62
635 148
602 200
595 75
621 213
581 177
627 144
587 71
614 174
593 151
633 187
553 78
584 182
579 216
625 183
598 229
644 196
604 160
571 212
645 161
590 225
591 190
624 138
596 156
637 157
589 117
608 130
648 166
609 95
594 195
594 196
594 197
614 210
601 91
573 172
660 177
580 68
567 98
626 184
586 111
559 94
618 180
591 226
578 107
579 72
637 193
638 158
583 222
570 103
657 171
629 189
549 80
549 81
590 81
575 218
576 183
594 231
595 196
582 77
568 179
641 163
642 164
643 164
644 164
602 92
587 192
588 157
613 101
614 101
560 95
600 131
619 144
579 108
611 140
652 178
612 105
572 69
563 100
591 82
603 136
568 215
583 78
623 114
609 216
615 110
601 212
594 87
595 52
580 189
621 190
627 121
567 219
640 203
632 199
592 163
593 128
578 228
632 176
584 159
585 124
570 224
598 206
644 173
605 102
590 202
596 133
596 110
624 115
597 98
569 179
656 184
615 146
616 111
576 75
602 213
589 94
568 71
608 107
588 49
613 222
574 114
580 45
633 200
599 58
579 229
566 110
625 196
571 225
586 88
572 190
577 119
578 84
591 203
637 170
564 186
583 199
589 130
648 179
649 180
575 195
609 108
594 208
595 173
601 104
587 169
607 147
567 111
599 143
578 120
579 85
619 121
605 223
570 116
651 190
598 98
571 81
597 219
590 94
576 196
563 77
591 59
663 164
582 90
636 210
583 55
588 170
628 206
575 51
634 137
635 137
636 137
594 64
580 166
620 202
600 144
586 209
592 140
652 191
612 118
585 101
603 149
598 183
604 114
564 78
605 79
556 74
575 87
615 123
586 191
601 225
616 88
576 52
595 65
608 84
621 203
587 61
574 91
632 212
560 193
633 177
579 206
598 219
579 76
571 202
644 186
645 151
642 200
577 96
596 146
637 147
597 111
582 211
582 212
583 176
589 107
648 156
575 172
608 120
609 85
595 150
601 81
660 167
606 196
647 197
567 88
593 226
586 101
639 193
559 84
572 203
623 204
578 97
659 171
564 199
551 80
638 148
570 93
598 75
624 213
629 179
648 169
575 208
590 71
576 173
649 157
622 140
595 186
641 153
636 187
602 82
652 168
587 182
628 183
588 147
587 147
586 147
581 108
600 121
560 85
619 134
592 117
571 94
611 130
572 59
597 232
612 95
584 113
603 126
591 72
563 90
604 91
589 228
636 167
663 177
575 64
594 77
620 215
621 180
567 209
640 193
613 176
586 222
573 103
592 153
632 189
578 218
579 183
585 114
598 196
571 179
604 127
644 163
605 92
590 192
591 157
597 88
656 174
582 188
589 84
643 204
608 97
594 162
635 200
614 177
574 104
655 178
566 100
625 186
586 78
571 215
645 164
572 180
612 216
577 109
658 183
637 160
582 224
610 143
583 189
624 190
575 185
590 48
594 198
536 77
595 163
601 94
587 159
588 124
567 101
580 120
639 206
599 133
641 207
600 98
659 184
579 75
619 111
597 133
605 213
624 205
570 106
571 71
611 107
597 209
591 49
603 103
589 205
617 187
553 80
582 80
608 218
636 200
529 74
569 110
588 160
628 196
574 225
581 121
567 186
640 170
600 134
586 199
577 230
593 95
652 181
578 195
584 126
612 108
585 91
570 191
598 173
604 104
590 169
631 207
596 100
615 113
616 114
601 215
621 193
634 212
567 222
573 116
654 190
574 81
606 150
566 77
579 196
570 227
571 192
644 176
586 55
590 205
577 86
591 170
597 101
637 137
638 137
572 61
639 138
639 139
610 120
582 201
623 202
583 166
589 97
635 213
595 140
627 209
655 191
566 113
647 187
567 78
607 114
593 216
593 108
586 91
639 183
599 110
585 212
578 87
659 161
579 52
564 189
604 225
605 190
570 83
624 203
596 221
597 186
590 61
636 177
587 172
592 107
628 173
574 202
620 169
581 98
566 198
599 146
600 111
640 147
586 176
651 193
652 193
653 193
654 193
577 207
593 72
637 206
652 158
611 120
584 103
612 85
563 80
589 218
663 167
650 197
575 54
615 90
615 91
602 157
562 84
621 170
640 183
567 199
586 212
614 131
559 195
558 196
559 196
578 208
565 89
606 127
579 173
585 104
598 186
571 169
644 153
590 182
596 113
591 147
597 78
582 178
589 74
643 194
608 87
635 190
594 152
595 117
555 81
581 219
655 168
574 94
627 186
560 196
646 199
647 164
592 228
593 193
586 68
558 86
584 224
577 99
618 137
578 64
563 201
610 133
570 60
583 179
623 215
596 198
624 180
575 175
616 176
595 153
636 154
587 149
588 114
647 200
573 214
607 127
593 229
580 110
639 196
599 123
559 87
560 87
561 87
600 88
585 225
659 174
592 84
651 170
611 97
571 61
597 199
603 93
589 195
617 177
636 190
569 100
628 186
602 134
561 96
574 215
620 182
581 111
621 147
566 211
567 176
640 160
532 69
532 68
613 143
586 189
592 120
593 85
578 185
584 116
585 116
625 117
585 81
570 181
604 94
590 159
596 90
591 124
615 103
582 155
589 51
642 206
643 171
562 97
567 182
588 235
634 202
594 129
613 179
579 119
573 106
574 71
600 209
578 113
646 176
579 186
592 205
626 118
619 211
571 182
611 218
577 76
618 114
591 160
582 191
610 110
623 192
589 87
569 221
576 117
648 192
635 203
594 165
595 130
568 113
655 181
587 126
588 91
607 104
593 206
639 173
599 100
612 219
658 186
604 215
570 73
596 211
624 193
597 176
590 51
589 172
582 47
588 127
573 227
574 192
580 123
581 88
566 188
600 101
586 166
592 97
577 197
578 162
584 93
585 58
638 213
598 140
603 106
589 208
630 209
590 136
622 205
569 113
650 187
602 147
642 183
588 212
559 185
567 189
607 225
653 192
614 121
573 83
599 221
574 48
565 79
606 117
579 163
585 94
598 176
570 194
572 124
631 210
577 53
590 172
591 137
582 168
589 64
643 184
634 215
635 180
595 107
581 209
627 176
587 103
600 222
646 189
566 80
607 81
592 218
593 183
558 76
586 58
639 150
584 214
585 179
577 89
606 130
603 227
578 54
604 192
610 123
623 205
596 188
575 165
617 131
562 195
636 144
588 104
639 164
573 204
574 169
607 117
620 136
580 100
639 186
581 65
599 113
600 78
626 216
592 74
605 193
651 160
577 174
611 87
584 70
597 189
638 190
603 83
589 185
550 77
569 90
595 228
641 195
574 205
561 86
602 124
620 172
621 137
661 173
566 201
640 150
613 133
586 179
573 60
593 75
577 210
578 175
584 106
598 153
590 149
631 187
596 80
591 114
650 200
622 218
583 110
642 196
562 87
643 161
588 225
662 174
594 119
554 83
580 221
573 96
654 170
574 61
565 92
646 166
592 195
611 208
571 172
584 191
577 66
618 104
603 204
610 100
623 182
624 147
569 211
615 178
616 143
635 193
595 120
568 103
581 222
627 189
587 116
588 81
614 219
573 181
607 94
593 196
639 163
599 90
584 227
585 192
604 205
592 51
645 206
596 201
591 235
624 183
597 166
637 202
616 179
617 144
657 180
589 162
608 175
636 157
609 140
628 153
601 136
573 217
574 182
616 221
620 149
580 113
581 78
621 114
613 110
586 156
592 87
593 52
579 117
584 83
638 203
610 221
630 199
631 164
590 126
569 103
622 195
650 177
582 122
641 208
568 224
642 173
588 202
634 169
567 179
607 215
613 146
653 182
580 198
573 73
572 73
614 111
599 211
661 163
606 107
589 132
625 120
570 184
611 185
572 114
612 150
603 181
591 127
623 159
583 123
589 54
569 188
615 155
628 142
634 205
576 84
635 170
595 97
581 199
627 166
568 204
600 212
587 93
588 58
583 67
646 179
592 208
633 209
593 173
639 140
584 204
585 169
603 217
604 182
605 147
623 195
622 175
624 160
596 178
597 143
569 224
615 191
576 120
617 121
562 185
602 225
608 152
568 116
609 117
628 130
588 94
573 194
580 90
620 126
581 55
599 103
626 206
592 64
577 164
650 157
618 202
637 215
584 60
638 180
610 198
598 107
629 211
630 176
576 205
649 189
609 153
569 80
595 218
601 149
641 185
561 76
560 75
642 150
602 114
587 214
621 127
607 192
653 159
613 123
614 88
558 187
573 50
572 51
571 51
573 51
599 188
578 165
619 166
585 61
598 143
572 91
631 177
591 104
622 208
583 100
642 186
643 151
575 96
588 215
635 147
653 195
595 74
580 211
581 176
627 143
574 51
599 224
587 70
600 189
606 120
646 156
619 202
665 169
592 185
593 150
611 198
584 181
609 167
577 56
598 228
603 194
604 159
605 124
610 90
623 172
624 137
569 201
615 168
577 110
576 97
616 133
595 110
608 129
568 93
587 106
588 71
614 209
573 171
660 176
597 146
580 67
639 153
606 205
599 80
585 182
645 196
605 160
591 225
596 191
597 156
637 192
557 83
638 157
583 221
617 134
589 152
657 170
562 198
648 201
608 165
575 217
649 166
609 130
595 195
628 143
601 126
641 162
574 172
620 139
565 203
613 100
626 219
577 177
618 215
584 73
579 107
638 193
598 120
571 103
630 189
590 116
550 80
631 154
576 218
650 167
622 185
542 76
595 231
642 163
587 227
661 176
588 192
634 159
607 205
596 170
631 131
653 172
580 188
573 63
599 201
600 166
606 97
619 179
592 162
611 175
612 140
584 158
572 104
591 117
564 100
604 136
623 149
583 113
569 178
575 109
615 145
576 74
594 122
635 160
602 212
595 87
627 156
587 83
613 221
592 198
633 199
579 228
584 194
625 195
585 159
644 208
604 172
645 173
605 137
624 150
596 168
591 202
637 169
616 146
589 129
617 111
648 178
608 142
573 109
609 107
594 207
628 120
573 184
614 222
580 80
620 116
606 218
581 45
567 110
626 196
586 123
645 209
592 54
618 192
579 84
584 50
637 205
610 188
570 115
629 201
657 183
630 166
602 106
590 93
649 179
622 162
569 70
595 208
641 175
601 139
568 191
587 204
588 169
607 182
580 165
613 113
599 178
600 143
619 156
579 120
652 190
571 116
611 152
572 81
590 129
631 167
591 94
564 77
582 125
583 90
568 227
623 126
556 73
575 86
588 205
576 51
601 224
580 201
595 64
581 166
621 202
587 60
600 179
646 146
632 211
592 175
593 140
584 171
612 153
603 184
604 149
644 185
610 80
605 114
623 162
590 214
624 127
569 191
597 110
615 158
616 123
576 87
561 187
608 119
568 83
609 84
588 61
614 199
660 166
580 57
633 212
606 195
635 172
625 208
626 173
586 100
572 202
591 215
637 182
564 198
638 147
610 165
583 211
657 160
629 178
630 143
648 191
575 207
609 120
594 220
595 185
641 152
602 81
587 181
607 159
613 90
599 155
571 73
618 205
619 133
579 97
612 119
598 110
571 93
646 168
572 58
597 231
590 106
563 89
591 71
576 208
663 176
582 102
581 103
642 153
587 217
588 182
634 149
653 162
620 214
580 178
599 191
600 156
606 87
619 169
586 221
593 117
552 79
612 130
557 194
604 126
564 90
664 177
623 139
596 122
556 86
656 173
575 99
602 202
595 77
621 215
627 146
587 73
613 211
614 176
633 189
579 218
625 185
585 149
598 231
571 214
644 198
645 163
605 127
591 84
590 227
591 192
596 158
597 123
637 159
582 223
616 136
583 188
589 119
648 168
581 198
608 132
595 162
614 212
601 93
660 179
606 208
567 100
626 186
586 113
559 96
618 182
575 220
624 173
578 109
659 183
542 78
579 74
638 160
610 178
570 105
573 108
583 224
606 185
598 87
599 213
629 191
649 169
576 185
595 198
636 199
568 181
641 165
602 94
587 194
588 159
594 53
599 168
600 133
619 146
592 129
571 106
652 180
611 142
572 71
601 82
612 107
603 138
563 102
617 222
588 63
604 103
623 116
609 218
575 76
601 214
594 89
595 54
621 192
627 123
570 226
640 205
567 221
613 188
632 201
592 165
633 166
578 230
584 161
579 195
598 208
604 139
644 175
590 204
624 117
596 135
597 100
615 148
656 186
616 113
568 73
608 109
594 174
588 51
613 224
614 189
574 116
580 47
566 112
567 77
625 198
586 90
572 192
645 176
577 121
576 122
591 205
637 172
564 188
610 155
583 201
629 168
630 133
575 197
648 181
594 210
622 129
595 175
587 171
567 113
607 149
599 145
619 123
579 87
605 225
651 192
571 83
597 221
572 48
631 134
591 61
563 79
617 199
582 92
663 166
636 212
583 57
628 208
588 172
634 139
580 168
620 204
621 169
640 182
600 146
586 211
632 178
593 107
611 155
578 207
612 120
585 103
598 185
603 151
564 80
604 116
644 152
605 81
590 181
664 167
556 76
597 77
615 125
614 126
583 122
656 163
601 227
576 54
602 192
608 86
621 149
587 63
613 201
614 166
574 93
633 179
598 221
560 195
606 162
566 89
626 140
644 188
565 101
584 151
571 204
645 153
572 169
618 136
577 98
563 200
591 182
637 149
597 113
582 213
583 178
589 109
575 174
648 158
609 87
594 187
590 161
595 152
601 83
587 148
647 199
607 126
567 90
593 228
586 103
559 86
618 172
611 220
585 224
578 99
564 201
579 64
551 82
638 150
570 95
598 77
624 215
596 233
630 146
590 73
576 175
616 211
622 142
582 69
636 189
587 184
588 149
628 185
574 214
607 162
581 110
600 123
619 136
586 188
592 119
611 132
652 170
584 115
612 97
563 92
589 230
617 212
663 179
583 70
596 89
609 208
575 66
615 102
620 217
621 182
640 195
567 211
613 178
586 224
614 143
593 120
633 156
578 220
579 185
544 78
625 152
598 198
626 117
570 216
644 165
571 181
605 94
596 125
591 159
597 90
582 190
616 103
583 155
589 86
643 206
608 99
635 202
574 106
655 180
606 175
576 222
647 176
566 102
626 153
586 80
571 217
612 218
618 149
577 111
637 162
604 214
610 145
583 191
629 158
624 192
590 50
615 223
575 187
616 188
622 119
582 46
595 165
636 166
587 161
588 126
573 226
607 139
639 208
599 135
600 100
659 186
579 77
619 113
605 215
589 135
604 227
651 182
597 211
591 51
638 139
603 105
617 189
589 207
582 82
636 202
609 185
628 198
601 181
594 56
574 227
580 158
620 194
621 159
581 123
566 223
566 224
640 172
613 155
586 201
632 168
592 132
559 184
593 97
578 197
612 110
579 162
575 177
584 128
570 193
598 175
604 106
590 171
596 102
615 115
582 167
602 182
634 214
567 224
613 191
573 118
614 156
654 192
574 83
633 169
600 221
606 152
577 101
646 188
566 79
625 165
626 130
571 194
586 57
612 195
577 88
591 172
637 139
595 155
610 122
582 203
629 135
589 99
615 200
635 215
594 177
595 142
627 211
655 193
588 103
567 80
559 76
578 89
659 163
579 54
605 192
610 158
651 159
596 223
611 86
571 50
597 188
590 63
576 165
622 132
617 166
608 197
609 162
628 175
574 204
620 171
581 100
566 200
600 113
586 178
632 145
592 109
577 209
593 74
578 174
652 160
611 122
584 105
585 70
598 152
603 118
589 220
604 83
663 169
596 79
601 194
602 159
562 86
662 173
567 201
613 168
614 133
573 95
574 60
633 146
565 91
578 210
606 129
579 175
625 142
585 106
598 188
570 206
571 171
644 155
591 149
597 80
589 76
643 196
608 89
647 166
635 192
595 119
555 83
582 83
581 221
574 96
655 170
547 79
606 165
646 201
566 92
607 93
593 195
639 162
612 208
584 226
618 139
585 191
604 204
605 169
610 135
570 62
624 182
615 213
616 178
622 109
608 174
636 156
587 151
588 116
628 152
607 129
574 181
580 112
639 198
581 77
599 125
600 90
585 227
659 176
605 205
592 86
651 172
611 99
597 201
584 82
638 202
603 95
589 197
617 179
608 210
609 175
628 188
601 171
574 217
602 136
620 184
581 113
567 178
640 162
532 71
573 72
614 110
632 158
578 187
584 118
625 119
570 183
598 165
604 96
631 199
591 126
596 92
597 57
582 157
582 158
602 172
642 208
643 173
562 99
634 204
635 169
594 131
654 182
600 211
565 104
646 178
606 142
592 207
571 184
612 185
584 203
618 116
591 162
604 181
610 112
583 158
629 125
569 223
615 190
576 119
635 205
594 167
595 132
568 115
627 201
655 183
588 93
647 179
573 193
607 106
593 208
639 175
658 188
585 204
604 217
570 75
624 195
596 213
597 178
637 214
616 191
589 174
582 49
608 187
569 79
628 165
601 148
574 194
580 125
621 126
581 90
566 190
600 103
613 122
586 168
632 135
577 199
593 64
578 164
585 60
638 215
630 211
590 138
631 176
650 189
622 207
601 184
642 185
562 76
588 214
634 181
567 191
580 210
653 194
614 123
574 50
599 223
633 136
606 119
619 201
665 168
570 196
611 197
577 55
590 174
591 139
603 193
582 170
623 171
643 186
576 96
594 144
595 109
654 195
581 211
587 105
600 224
646 191
566 82
607 83
592 220
593 185
639 152
584 216
658 165
603 229
604 194
610 125
623 207
596 190
624 172
615 203
616 168
617 133
562 197
636 146
609 129
588 106
574 171
580 102
581 67
565 202
599 115
600 80
626 218
592 76
577 176
611 89
597 191
584 72
610 210
598 119
589 187
630 188
550 79
650 166
641 197
601 161
561 88
602 126
620 174
661 175
621 139
607 204
653 171
573 62
586 181
599 200
578 177
606 96
619 178
585 73
598 155
572 103
631 189
591 116
622 220
583 112
642 198
643 163
588 227
575 108
662 176
635 159
554 85
595 86
580 223
581 188
574 63
600 201
565 94
606 132
619 214
593 162
612 175
577 68
618 106
603 206
604 171
610 102
624 149
596 167
569 213
616 145
576 109
595 122
608 141
627 191
587 118
628 119
588 83
614 221
573 183
607 96
593 198
580 79
639 165
599 92
585 194
626 195
645 208
596 203
597 168
637 204
584 49
616 181
589 164
629 200
657 182
617 146
608 177
649 178
609 142
595 207
628 155
601 138
574 184
620 151
621 116
581 80
613 112
586 158
577 189
584 85
610 223
638 205
598 132
571 115
630 201
590 128
631 166
576 230
596 59
622 197
650 179
568 226
641 210
642 175
588 204
634 171
607 217
594 98
653 184
580 200
573 75
600 178
606 109
619 191
592 174
625 122
612 152
603 183
591 129
604 148
610 79
623 161
607 184
569 190
575 121
615 157
576 86
602 224
561 186
595 99
568 82
627 168
587 95
588 60
592 210
633 211
580 56
584 206
612 188
625 207
604 184
645 185
596 180
624 162
591 214
597 145
615 193
617 123
562 187
608 154
609 119
594 219
588 96
628 132
573 196
601 115
620 128
580 92
565 192
592 66
577 166
618 204
610 200
589 177
629 213
630 178
631 143
649 191
622 174
595 220
568 203
602 116
587 216
661 165
621 129
588 181
634 148
607 194
653 161
613 125
614 90
573 52
558 189
599 190
606 86
619 168
611 164
572 93
631 179
591 106
622 210
564 89
583 102
623 138
642 188
643 153
575 98
576 63
531 69
634 184
580 213
581 178
621 214
587 72
600 191
646 158
593 152
611 200
553 79
612 165
584 183
585 148
644 197
604 161
605 126
610 92
590 226
623 174
596 157
597 122
569 203
615 170
576 99
616 135
568 95
608 131
588 73
614 211
580 69
599 82
585 184
626 185
572 214
591 227
637 194
597 158
557 85
530 68
617 136
589 154
657 172
629 190
630 155
648 203
609 132
594 232
595 197
601 128
641 164
602 93
620 141
607 171
613 102
586 148
560 96
579 109
598 122
571 105
630 191
590 118
576 220
563 101
617 221
582 114
568 216
583 79
641 200
642 165
587 229
588 194
607 207
594 88
580 190
595 53
627 122
640 204
600 168
606 99
619 181
592 164
593 129
611 177
584 160
612 142
564 102
623 151
583 115
596 134
624 116
569 180
615 147
656 185
575 111
616 112
602 214
568 72
627 158
587 85
613 223
614 188
593 165
579 230
625 197
585 161
626 162
644 210
645 175
605 139
591 204
597 135
637 171
616 148
583 200
589 131
617 113
608 144
648 180
609 109
594 209
628 122
601 105
573 186
620 118
606 220
581 47
565 182
626 198
586 125
572 227
618 194
584 52
579 86
637 207
610 190
638 172
630 168
590 95
631 133
649 181
591 60
622 164
568 193
641 177
636 211
587 206
588 171
634 138
594 65
580 167
613 115
599 180
579 122
619 158
652 192
571 118
611 154
572 83
591 96
603 150
564 79
582 127
623 128
615 124
656 162
601 226
594 101
635 139
580 203
595 66
581 168
621 204
627 135
646 148
613 200
592 177
593 142
579 207
598 220
644 187
604 151
605 116
645 152
590 216
624 129
597 112
569 193
615 160
648 157
608 121
609 86
660 168
580 59
633 214
606 197
625 210
626 175
586 102
645 188
591 217
637 184
564 200
583 213
598 76
657 162
629 180
575 209
648 193
590 72
609 122
649 158
622 141
594 222
595 187
641 154
601 118
597 233
587 183
588 148
613 92
560 86
579 99
619 135
611 131
652 169
571 95
590 108
563 91
591 73
622 177
589 229
582 104
663 178
568 206
583 69
642 155
588 184
594 78
620 216
599 193
640 194
586 223
632 190
592 154
552 81
593 119
584 150
612 132
602 128
585 115
544 77
564 92
604 128
605 93
623 141
556 88
597 89
576 66
621 217
613 213
574 105
633 191
553 82
579 220
585 151
598 233
586 79
572 181
645 165
591 194
637 161
597 125
582 225
583 190
589 121
575 186
648 170
608 134
601 95
587 160
620 108
606 210
607 138
567 102
639 207
586 115
572 217
618 184
578 111
605 214
638 162
651 181
570 107
571 72
575 222
590 85
576 187
595 200
582 81
636 201
608 219
568 183
587 196
628 197
588 161
594 55
574 226
580 157
581 122
599 170
600 135
640 171
592 131
593 96
652 182
611 144
612 109
584 127
603 140
563 104
604 105
609 220
615 114
575 78
601 216
595 56
621 194
581 158
627 125
640 207
567 223
587 52
632 203
593 132
584 163
579 197
585 128
598 210
604 141
571 193
644 177
596 137
591 171
597 102
637 138
582 202
583 167
616 115
589 98
602 217
608 111
594 176
655 192
580 49
647 188
566 114
567 79
586 92
559 75
577 123
578 88
591 207
637 174
579 53
564 190
604 226
570 84
583 203
624 204
629 170
575 199
594 212
595 177
641 144
636 178
587 173
607 151
613 82
599 147
579 66
560 76
605 227
651 194
570 120
571 85
612 86
597 223
572 50
591 63
603 117
589 219
663 168
582 94
636 214
583 59
628 210
575 55
594 68
580 170
621 171
640 184
600 148
586 213
632 180
578 209
612 122
579 174
585 105
570 205
603 153
604 118
644 154
605 83
590 183
556 78
596 114
656 165
615 127
576 56
589 75
608 88
555 82
574 95
560 197
633 181
579 210
625 177
571 206
572 171
590 219
577 100
563 202
591 184
578 65
610 134
582 215
583 180
623 216
648 160
609 89
594 189
595 154
601 85
587 150
647 201
607 128
567 92
639 197
559 88
578 101
659 175
564 203
598 79
624 217
571 62
597 200
590 75
576 177
617 178
622 144
588 151
628 187
548 78
574 216
620 183
581 112
566 212
600 125
532 70
586 190
619 138
592 121
577 221
593 86
611 134
652 172
584 117
585 82
589 232
596 91
615 104
575 68
601 206
562 98
620 219
621 184
567 213
613 180
586 226
533 71
573 107
614 145
632 193
606 141
565 103
579 187
544 80
585 118
598 200
626 119
644 167
605 96
577 77
591 161
597 92
583 157
589 88
643 208
608 101
635 204
627 200
655 182
574 108
647 178
566 104
607 105
593 207
639 174
612 220
572 184
577 113
604 216
610 147
570 74
596 212
624 194
590 52
575 189
582 48
595 167
636 168
587 163
588 128
573 228
607 141
580 124
639 210
581 89
599 137
600 102
619 115
592 98
605 217
651 184
571 75
611 111
584 94
597 213
603 107
589 209
608 222
583 49
569 114
628 200
602 148
574 229
594 58
620 196
566 225
640 174
567 190
573 84
586 203
632 170
559 186
593 99
578 199
579 164
585 95
598 177
604 108
631 211
596 104
589 65
608 78
634 216
594 143
635 181
654 194
573 120
560 187
600 223
606 154
565 116
646 190
566 81
592 219
571 196
558 77
577 90
603 228
591 174
563 192
637 141
604 193
610 124
575 166
594 179
595 144
627 213
588 105
647 191
593 220
639 187
599 114
600 79
579 56
604 229
651 161
596 225
624 207
571 52
597 190
590 65
603 84
589 186
582 61
636 181
569 91
628 177
620 173
581 102
621 138
566 202
600 115
640 151
586 180
577 211
593 76
652 162
584 107
612 89
585 72
603 120
570 172
604 85
631 188
622 219
650 201
562 88
588 226
621 174
634 193
662 175
567 203
554 84
614 135
654 171
574 62
606 131
579 177
571 173
644 157
611 209
577 67
591 151
597 82
582 182
610 101
623 183
589 78
643 198
576 108
595 121
581 223
627 190
646 203
647 168
539 77
593 197
586 72
599 91
584 228
612 210
658 177
585 193
578 68
604 206
610 137
624 184
596 202
616 180
622 111
636 158
588 118
573 218
574 183
580 114
581 79
599 127
585 229
586 157
619 105
592 88
651 174
593 53
577 188
611 101
597 203
617 181
596 58
650 178
641 209
602 138
620 186
566 215
607 216
567 180
532 73
573 74
586 193
593 89
578 189
606 108
625 121
585 85
570 185
572 115
590 163
631 201
591 128
596 94
597 59
582 159
583 124
589 55
642 210
562 101
643 175
594 133
635 171
595 98
581 200
654 184
574 75
565 106
606 144
646 180
626 122
593 174
586 49
611 222
618 118
577 80
603 218
610 114
623 196
583 160
596 179
576 121
595 134
562 186
568 117
627 203
587 130
647 181
607 108
580 91
593 210
565 191
639 177
599 104
585 206
626 207
592 65
596 215
597 180
589 176
636 171
649 190
569 81
601 150
561 77
574 196
581 92
621 128
566 192
613 124
558 188
586 170
592 101
593 66
577 201
578 166
584 97
585 62
630 213
631 178
596 71
650 191
615 84
602 151
642 187
562 78
662 165
634 183
594 110
580 212
654 161
573 87
614 125
599 225
574 52
559 189
565 83
606 121
619 203
592 186
611 199
577 57
603 195
582 172
623 173
569 202
576 98
635 184
561 198
555 75
595 111
581 213
568 94
655 162
588 72
646 193
592 222
593 187
558 80
639 154
612 200
584 218
658 167
604 196
645 197
624 174
596 192
597 157
615 205
557 84
616 170
617 135
562 199
648 202
628 144
588 108
573 208
580 104
581 69
600 82
592 78
618 216
577 178
611 91
584 74
610 212
589 189
531 68
630 190
550 81
590 117
576 219
650 168
569 94
622 186
542 77
595 232
641 199
588 193
661 177
613 137
653 173
573 64
614 102
599 202
606 98
619 180
570 175
611 176
631 191
591 118
543 78
583 114
643 165
535 74
634 196
580 225
587 84
600 203
593 164
611 212
612 177
585 160
603 208
644 209
610 104
605 138
623 186
624 151
597 134
616 147
576 111
617 112
568 107
588 85
628 121
573 185
580 81
606 219
581 46
585 196
626 197
586 124
605 174
572 226
592 55
618 193
584 51
638 171
629 202
657 184
617 148
569 71
601 140
574 186
602 105
621 118
566 182
607 183
613 114
586 160
593 56
584 87
638 207
598 134
571 117
630 203
590 130
596 61
591 95
650 181
641 212
583 91
642 177
588 206
607 219
635 138
594 100
614 115
581 167
599 215
627 134
600 180
646 147
606 111
592 176
611 189
612 154
584 172
577 47
603 185
623 163
583 127
569 192
575 123
616 124
602 226
561 188
595 101
568 84
581 203
627 170
587 97
588 62
614 200
647 148
633 213
593 177
639 144
584 208
625 209
585 173
645 187
597 147
583 212
617 125
657 161
562 189
636 138
608 156
594 221
628 134
573 198
601 117
580 94
581 59
565 194
613 91
626 210
577 168
618 206
579 98
610 202
638 184
630 180
576 209
595 222
582 103
568 205
602 118
642 154
587 218
588 183
661 167
634 150
607 196
613 127
580 179
614 92
573 54
599 192
606 88
611 166
572 95
603 162
591 108
623 140
643 155
575 100
615 136
634 186
576 65
635 151
594 113
595 78
580 215
581 180
627 147
646 160
613 212
592 189
593 154
633 190
553 81
579 219
584 185
598 232
604 163
605 128
590 228
623 176
596 159
624 141
597 124
615 172
576 101
608 133
568 97
609 98
588 75
573 175
660 180
580 71
606 209
626 187
546 78
645 200
572 216
591 229
637 196
610 179
530 70
629 192
657 174
589 156
630 157
648 205
576 186
609 134
649 170
595 199
641 166
602 95
587 195
621 108
613 104
599 169
579 111
619 147
610 215
598 124
531 71
572 72
590 120
591 85
563 103
622 189
582 116
642 167
588 196
575 77
580 192
581 157
627 124
587 51
606 101
632 202
592 166
593 131
612 144
584 162
572 108
585 127
604 140
605 105
596 136
624 118
569 182
656 187
615 149
575 113
576 78
608 110
568 74
587 87
588 52
614 190
574 117
580 48
633 203
606 186
585 163
626 164
605 141
572 193
645 177
577 122
591 206
637 173
597 137
638 138
583 202
617 115
648 182
609 111
601 107
565 184
606 222
607 150
626 200
613 81
586 127
618 196
584 54
579 88
638 174
570 119
598 101
629 205
630 170
590 97
576 199
595 212
582 93
568 195
636 213
583 58
602 108
642 144
588 173
634 140
607 186
594 67
599 182
600 147
606 78
619 160
652 194
571 120
572 85
612 121
603 152
564 81
604 117
623 130
656 164
615 126
601 228
576 55
602 193
594 103
595 68
621 206
587 64
613 202
593 144
633 180
579 209
584 175
625 176
598 222
604 153
571 205
645 154
590 218
591 183
624 131
596 149
616 127
648 159
608 123
594 188
601 84
614 203
660 170
580 61
606 199
567 91
626 177
618 173
591 219
637 186
564 202
579 65
583 215
657 164
629 182
624 216
630 147
575 211
590 74
582 70
595 189
641 156
602 85
588 150
613 94
599 159
560 88
619 137
579 101
572 62
631 148
603 129
617 213
589 231
663 180
582 106
568 208
583 71
601 205
634 153
620 218
580 182
621 183
600 160
640 196
533 70
586 225
632 192
593 121
578 221
584 152
612 134
585 117
570 217
605 95
597 91
615 139
576 68
602 206
613 215
614 180
574 107
633 193
579 222
566 103
625 189
545 80
571 218
572 183
537 76
590 231
578 77
597 127
582 227
589 123
575 188
648 172
609 101
594 201
595 166
601 97
567 104
586 117
659 187
579 78
570 109
571 74
597 212
590 87
591 52
576 189
617 190
568 185
583 48
636 203
608 221
587 198
588 163
628 199
594 57
620 195
580 159
581 124
600 137
586 202
619 150
592 133
593 98
652 184
611 146
612 111
604 107
623 120
609 222
575 80
615 116
602 183
595 58
640 209
567 225
613 192
573 119
614 157
574 84
633 170
593 134
606 153
579 199
626 131
644 179
605 108
590 208
591 173
563 191
637 140
597 104
582 204
583 169
589 100
608 113
627 212
655 194
574 120
606 189
647 190
566 116
626 167
586 94
572 196
577 125
659 164
564 192
610 159
638 141
570 86
583 205
624 206
630 137
575 201
576 166
616 202
582 60
595 179
636 180
587 175
628 176
607 153
560 78
619 127
651 196
652 161
597 225
572 52
612 88
603 119
591 65
604 84
617 203
663 170
609 199
628 212
601 195
620 208
621 173
586 215
632 182
592 146
593 111
633 147
579 176
625 143
570 207
644 156
604 120
605 85
590 185
597 81
615 129
656 167
602 196
608 90
594 155
574 97
606 166
592 231
626 144
586 71
571 208
645 157
577 102
563 204
591 186
637 153
582 217
575 178
615 214
648 162
594 191
601 87
587 152
588 117
647 203
567 94
593 232
639 199
559 90
585 228
579 68
624 219
616 215
603 96
617 180
622 146
589 198
582 73
608 211
588 153
628 189
601 172
548 80
620 185
581 114
540 76
566 214
600 127
532 72
586 192
593 88
577 223
652 174
584 119
585 84
603 132
589 234
590 162
609 212
615 106
601 208
642 209
602 173
567 215
613 182
654 183
533 73
614 147
574 74
633 160
579 189
618 117
577 79
591 163
597 94
582 194
583 159
589 90
594 168
635 206
595 133
655 184
587 129
566 106
567 71
639 176
586 84
658 189
585 205
618 153
604 218
605 183
598 58
570 76
624 196
590 54
617 157
582 50
636 170
587 165
628 166
588 130
574 195
607 143
580 126
599 139
600 104
619 117
592 100
605 219
577 200
597 215
584 96
603 109
617 193
589 211
583 51
596 70
609 189
650 190
615 83
601 185
602 150
621 163
640 176
567 192
586 205
614 124
573 86
559 188
633 137
593 101
565 82
578 201
579 166
625 133
585 97
598 179
631 213
590 175
596 106
582 171
643 187
608 80
654 196
581 212
627 179
655 161
560 189
600 225
565 118
606 156
647 157
566 83
593 186
626 134
612 199
577 92
618 130
578 57
604 195
610 126
583 172
575 168
615 204
616 169
595 146
636 147
627 215
588 107
647 193
607 120
593 222
580 103
599 116
659 167
579 58
605 196
592 77
651 163
597 192
603 86
617 170
582 63
636 183
608 201
609 166
628 179
601 162
561 89
621 140
581 104
632 149
577 213
593 78
578 178
612 91
585 74
570 174
604 87
596 83
650 203
543 77
602 163
535 73
662 177
613 172
580 224
654 173
600 202
633 150
646 169
565 95
606 133
619 215
611 211
571 175
612 176
577 69
603 207
582 184
610 103
623 185
589 80
615 181
594 158
555 87
627 192
655 174
588 84
646 205
607 97
539 79
593 199
639 166
599 93
584 230
658 179
578 70
604 208
597 169
615 217
616 182
608 178
588 120
573 220
580 116
581 81
586 159
577 190
593 55
611 103
610 224
585 51
598 133
589 201
621 130
630 202
609 179
596 60
650 180
622 198
641 211
642 176
561 102
602 140
614 114
573 76
599 214
606 110
619 192
585 87
598 169
572 117
590 165
591 130
582 161
642 212
575 122
634 208
635 173
581 202
600 215
587 96
606 146
647 147
593 176
639 143
586 51
612 189
618 120
585 172
578 47
603 220
604 185
610 116
605 150
569 227
576 123
617 124
562 188
568 119
608 155
588 97
573 197
607 110
581 58
639 179
599 106
585 208
626 209
577 167
611 80
584 63
638 183
589 178
609 156
569 83
595 221
601 152
641 188
561 79
574 198
602 117
620 165
661 166
566 194
613 126
614 91
573 53
586 172
632 139
593 68
584 99
604 77
630 215
622 211
650 193
583 103
643 154
588 218
594 112
554 76
635 150
580 214
654 163
614 127
573 89
581 179
600 192
646 159
606 123
619 205
592 188
584 184
612 166
577 59
623 175
569 204
615 171
635 186
595 113
581 215
655 164
587 109
588 74
647 160
573 174
593 189
639 156
599 83
585 185
604 198
645 199
624 176
591 228
596 194
597 159
589 155
562 201
608 168
648 204
628 146
601 129
574 175
581 71
565 206
600 84
577 180
618 218
584 76
610 214
603 89
631 157
649 205
650 170
582 115
641 201
601 165
642 166
588 195
634 162
607 208
653 175
614 104
573 66
599 204
606 100
570 177
572 107
603 174
591 120
583 116
623 152
543 80
535 76
576 77
635 163
580 227
595 90
654 176
600 205
646 172
592 201
593 166
633 202
603 210
605 140
596 171
597 136
615 184
617 114
568 109
588 87
628 123
581 48
606 221
565 183
599 96
626 199
592 57
572 228
637 208
584 53
610 191
598 100
629 204
630 169
609 146
576 198
569 73
595 211
621 120
607 185
613 116
586 162
579 123
572 84
631 170
591 97
583 93
642 179
643 144
588 208
595 67
580 204
581 169
627 136
600 182
646 149
606 113
619 195
632 214
593 143
612 156
577 49
604 152
610 83
605 117
624 130
615 161
575 125
576 90
616 126
602 228
595 103
568 86
627 172
614 202
607 77
633 215
593 179
625 211
626 176
572 205
645 189
605 153
591 218
597 149
617 127
562 191
609 123
649 159
628 136
601 119
565 196
626 212
618 208
638 186
630 182
590 109
649 195
650 160
595 224
568 207
602 120
587 220
588 185
634 152
594 79
580 181
573 56
599 194
600 159
619 172
592 155
611 168
572 97
603 164
591 110
564 93
623 142
656 176
575 102
612 169
579 221
576 67
602 205
635 153
621 218
627 149
613 214
633 192
553 83
584 187
625 188
545 79
604 165
644 201
645 166
624 143
597 126
615 174
616 139
608 135
594 200
573 177
601 96
614 215
660 182
620 109
606 211
567 103
626 189
586 116
546 80
645 202
618 185
591 231
637 198
610 181
598 90
570 108
630 159
575 223
590 86
649 172
568 184
641 168
602 97
587 197
607 175
613 106
600 136
579 113
619 149
611 145
572 74
631 160
603 141
582 118
583 83
575 79
621 195
581 159
600 172
640 208
587 53
632 204
584 164
612 146
585 129
603 177
564 106
590 207
623 155
624 120
569 184
615 151
576 80
602 218
608 112
588 54
574 119
580 50
564 191
606 188
638 140
625 201
