53 219
52 220
53 220
54 219
52 219
51 218
52 217
54 220
53 218
54 217
55 221
53 221
56 220
57 219
55 218
56 217
57 216
58 217
59 216
60 215
60 214
59 213
58 212
57 213
56 214
55 213
55 212
55 211
54 211
53 211
53 212
54 214
53 215
52 214
56 211
57 210
58 214
51 217
50 219
52 216
57 212
53 217
55 214
54 216
49 218
49 217
56 213
56 222
58 216
60 213
51 219
52 218
53 210
52 209
51 208
53 208
54 207
51 210
54 209
54 218
56 215
58 218
52 211
51 212
51 221
50 221
48 216
49 215
47 217
50 214
58 211
50 207
49 208
48 207
47 208
58 220
60 217
51 214
59 219
60 220
50 216
52 213
52 222
52 223
51 224
53 224
54 223
52 225
51 226
50 226
53 226
54 225
52 227
51 228
50 228
54 227
50 223
49 224
48 223
48 225
47 226
46 226
50 225
48 209
47 210
46 210
45 211
46 212
44 212
43 211
43 213
45 213
44 214
43 215
49 210
45 215
47 212
44 216
43 217
42 217
41 216
41 218
40 219
39 218
39 220
41 220
42 219
43 220
44 219
45 220
46 219
44 221
43 222
45 222
47 219
44 223
43 224
42 224
41 223
41 225
42 226
45 224
43 226
44 225
40 221
39 222
45 217
43 210
42 212
41 211
41 213
44 209
45 208
41 222
43 219
42 221
44 218
44 227
44 228
57 221
58 222
58 223
46 221
48 218
53 214
40 214
39 215
39 216
54 213
48 227
48 228
45 210
56 210
47 207
49 226
40 223
54 222
56 219
58 213
59 212
51 207
50 209
55 223
56 224
60 219
59 221
50 218
52 215
41 215
43 212
42 214
44 211
47 228
46 228
50 227
52 224
41 224
42 223
44 220
46 214
57 214
48 211
53 207
57 223
46 223
48 220
48 221
39 217
49 219
40 216
54 215
56 212
45 212
49 228
54 224
55 216
58 215
51 209
59 214
50 211
53 228
52 208
55 225
58 224
60 221
47 221
59 223
50 220
41 217
43 214
42 216
44 213
52 226
42 225
46 207
44 222
46 216
48 213
49 212
54 208
46 225
57 225
48 222
39 219
49 221
40 218
55 209
47 214
50 213
52 210
55 227
56 226
45 226
47 223
50 222
41 219
42 218
44 215
42 227
57 209
44 224
46 209
51 223
57 218
46 218
48 215
49 214
46 227
54 210
48 224
39 221
49 223
40 220
58 210
53 223
55 220
58 219
45 219
47 216
59 218
50 215
41 212
52 212
45 228
42 211
47 225
44 208
50 224
42 220
44 217
51 216
57 211
46 211
51 225
48 208
49 207
43 221
57 220
46 220
48 217
39 214
49 216
40 213
48 226
49 225
40 222
53 216
47 209
59 211
50 208
53 225
55 222
45 221
56 221
47 218
59 220
50 217
42 213
47 227
44 210
42 222
46 213
51 227
48 210
49 209
41 226
43 223
57 222
46 222
48 219
40 215
49 227
53 209
40 224
55 215
45 214
47 211
53 227
50 210
52 207
55 224
54 226
56 223
45 223
47 220
59 222
42 215
51 211
51 220
43 216
57 215
46 215
48 212
52 228
49 211
43 225
57 224
46 224
49 220
40 217
55 208
55 217
56 216
45 216
47 213
59 215
50 212
55 226
45 225
56 225
47 222
60 216
51 213
43 209
46 208
51 222
41 221
52 221
43 218
57 217
46 217
48 214
49 213
43 227
57 226
44 226
49 222
53 213
55 210
54 212
45 209
56 209
39 223
53 222
55 219
54 221
56 218
45 218
59 217
47 215
47 224
45 227
42 210
58 221
60 218
51 215
41 214
