228 339
229 338
230 338
231 337
231 336
227 340
230 339
232 336
233 335
234 334
235 335
236 334
230 336
231 340
232 339
233 338
234 337
235 338
236 337
237 335
238 334
226 341
225 340
239 333
240 334
241 333
224 341
239 332
240 331
241 330
228 341
229 340
233 340
235 337
238 336
241 332
227 342
230 341
231 342
237 337
239 334
228 343
229 342
233 333
235 339
236 338
241 334
227 344
226 344
225 343
225 345
226 346
231 335
230 334
229 333
228 332
227 331
229 331
230 330
227 333
239 330
230 332
228 334
238 329
237 328
238 327
237 326
238 325
239 325
240 324
241 325
227 335
226 335
225 336
226 337
225 338
226 330
237 330
239 327
223 340
222 341
237 339
226 339
228 336
239 336
229 335
229 344
238 331
225 331
224 332
236 331
235 330
235 332
236 340
235 341
227 337
227 346
223 333
222 332
222 334
224 334
226 332
237 332
239 329
223 342
222 343
221 343
220 344
219 345
218 346
220 346
217 345
216 344
215 343
214 342
213 341
216 342
226 342
217 341
216 340
214 344
218 341
217 343
212 340
211 341
210 342
209 343
209 344
208 345
207 346
206 345
206 347
209 346
207 348
208 347
210 344
206 349
210 346
215 345
214 346
209 341
208 340
207 339
206 338
218 343
221 345
205 346
233 337
225 333
236 333
225 342
236 342
236 343
237 344
237 325
236 324
226 334
237 334
229 330
237 343
214 341
229 339
206 337
206 346
240 326
241 327
240 335
241 336
221 331
221 340
232 340
224 336
213 345
224 345
205 350
233 332
232 331
236 328
233 341
233 342
225 337
225 346
217 342
237 329
226 329
225 328
229 334
228 338
228 347
220 343
240 330
221 335
222 336
232 335
224 331
221 344
224 340
213 340
205 336
205 345
233 336
225 332
236 332
236 341
225 341
217 346
237 324
206 336
228 333
228 342
209 347
220 347
240 325
232 330
221 330
221 339
220 338
224 335
224 344
213 344
233 331
205 349
236 327
225 327
226 326
226 325
225 324
225 323
224 326
236 336
235 340
216 345
227 345
239 328
239 337
228 337
228 346
209 342
220 342
240 329
240 338
240 339
240 340
241 341
232 334
221 334
220 333
224 330
232 343
232 344
232 345
233 346
233 347
232 348
232 349
232 350
233 350
224 339
213 339
205 335
231 347
205 344
225 322
226 321
226 320
225 319
225 318
224 317
224 321
235 326
235 344
239 341
239 342
240 343
240 344
220 337
219 336
224 316
221 329
220 328
219 327
232 329
233 328
233 327
232 326
232 325
234 348
235 349
224 325
223 324
205 339
205 340
205 341
206 342
207 343
206 341
223 338
212 338
204 343
227 326
235 348
236 347
237 348
236 346
228 327
229 326
230 327
229 325
228 328
220 332
219 331
218 330
217 329
218 329
217 328
217 327
216 326
220 341
232 324
233 323
234 343
224 320
231 328
231 346
212 342
204 338
203 337
204 347
203 346
235 325
227 321
235 334
227 330
216 330
215 329
214 328
214 327
213 326
216 331
217 332
217 333
217 334
218 334
213 325
212 324
216 335
235 343
216 339
217 338
218 339
217 337
215 338
214 337
213 336
214 336
213 335
213 334
214 333
214 332
213 331
214 331
213 330
212 333
211 332
227 339
208 344
238 345
239 346
239 347
240 348
240 349
239 350
239 351
239 352
240 353
240 354
239 355
239 356
228 322
229 321
230 322
230 323
229 320
228 319
228 323
228 318
238 354
237 353
236 352
236 351
239 331
228 331
241 350
220 327
221 326
222 327
221 325
220 324
220 323
219 322
242 324
243 325
243 326
244 327
244 328
245 329
245 330
244 331
244 332
244 333
245 334
243 330
243 334
243 335
244 336
244 337
245 338
245 339
243 329
246 331
246 340
247 341
247 342
248 343
248 344
243 324
246 335
247 336
247 337
247 338
248 339
249 345
250 346
251 345
252 346
252 345
251 344
250 343
250 347
251 348
251 349
251 350
252 351
252 350
250 342
250 351
250 352
251 353
251 354
252 355
253 352
254 353
255 352
256 352
255 351
254 354
253 347
253 356
253 357
254 358
255 357
256 357
255 356
254 359
255 360
255 361
254 362
253 361
252 360
251 359
252 359
251 358
250 357
250 356
250 360
250 361
250 362
251 363
249 359
254 348
255 347
256 348
255 346
254 345
254 349
254 344
255 343
256 343
255 342
255 341
254 340
254 339
253 338
254 357
250 341
251 340
252 341
252 342
251 339
250 338
250 337
257 349
258 350
259 349
259 348
258 347
258 351
258 352
258 346
259 345
260 345
257 358
257 359
242 333
261 346
261 347
262 348
263 347
264 347
263 346
262 349
262 350
263 351
264 352
263 350
261 351
265 348
266 347
267 348
267 349
265 349
266 350
266 351
268 349
234 329
253 342
219 340
242 342
243 343
244 342
245 343
244 341
243 340
243 344
243 345
244 346
244 347
245 348
243 339
243 348
243 349
244 350
244 351
246 349
246 350
247 351
247 352
248 353
242 338
242 347
246 344
246 345
247 346
247 347
248 348
246 353
246 354
247 355
247 356
247 357
246 358
245 357
244 356
244 355
243 354
243 353
246 359
247 360
247 361
242 352
249 354
234 338
242 351
253 351
211 345
234 347
222 345
253 360
231 323
223 319
222 318
222 317
221 316
221 315
231 332
223 328
231 341
254 343
246 339
212 337
211 336
210 335
210 334
209 333
209 332
208 331
207 330
207 329
206 328
206 327
223 337
215 333
212 346
246 348
223 346
215 342
204 342
203 341
202 340
202 339
201 338
201 337
200 336
199 335
199 334
198 333
198 332
197 331
197 334
245 352
235 329
227 325
216 325
217 324
218 325
218 324
217 323
215 324
256 361
248 357
216 334
227 334
208 330
209 329
210 330
210 329
211 328
211 327
210 326
210 325
209 324
209 328
209 323
208 322
209 327
208 326
207 325
206 324
207 324
212 328
227 343
257 344
208 339
209 338
210 339
209 337
208 336
208 335
207 334
206 333
206 332
205 331
204 331
203 332
202 331
202 330
205 330
204 329
201 332
200 332
201 333
201 334
202 335
202 334
204 333
249 340
238 340
257 353
257 354
258 355
260 349
238 349
249 349
230 345
241 345
220 322
221 321
222 322
221 320
220 319
220 318
209 322
249 358
241 354
242 328
219 326
234 324
242 337
219 335
261 350
234 333
200 331
222 331
211 331
253 346
219 344
242 346
211 340
222 340
234 342
242 355
242 356
242 357
243 358
243 359
253 355
203 336
203 345
231 327
223 323
246 334
212 332
223 332
231 345
215 328
223 341
212 341
204 337
215 337
264 351
196 333
204 346
215 346
256 347
245 347
235 324
226 343
245 356
227 320
256 356
237 352
248 352
227 329
216 329
229 348
248 361
208 325
238 326
208 334
238 335
257 348
268 348
269 347
241 331
230 331
249 344
238 344
257 357
207 338
241 340
230 340
218 338
238 353
249 353
230 349
207 347
241 349
249 362
210 343
219 321
242 332
219 330
222 326
234 328
211 326
219 339
242 341
253 341
222 335
211 335
200 335
253 350
203 331
222 344
234 346
211 344
231 322
203 340
223 318
252 354
231 331
223 327
212 327
215 323
244 359
223 336
212 336
215 332
204 332
245 333
264 346
215 341
204 341
256 342
245 342
226 338
237 338
248 338
245 351
256 351
214 345
248 347
237 347
227 324
256 360
229 343
248 356
238 330
257 343
241 326
230 326
249 339
238 339
257 352
207 333
230 335
241 335
218 333
260 348
238 348
249 348
230 344
218 342
241 344
207 342
249 357
210 338
241 353
210 347
242 327
219 325
222 321
219 334
242 336
255 355
211 330
234 332
222 330
219 343
222 339
234 341
211 339
252 340
203 335
252 349
203 344
231 326
244 345
267 347
233 345
252 358
223 322
244 354
223 331
236 350
215 327
245 328
226 324
245 337
264 350
196 332
237 333
226 333
245 346
256 346
229 329
237 342
214 340
248 342
256 355
245 355
237 351
248 351
229 347
248 360
230 321
218 328
207 328
238 343
249 343
210 324
251 362
207 337
218 337
241 339
210 333
199 333
241 348
230 348
219 320
222 316
240 352
219 329
255 350
211 325
234 327
222 325
219 338
243 357
255 359
211 334
200 334
203 330
252 344
203 339
244 340
223 317
252 353
233 349
244 349
267 351
252 362
236 345
244 358
226 319
245 332
226 328
214 326
256 341
245 341
229 324
214 335
248 337
256 350
245 350
206 331
237 346
248 346
206 340
248 355
259 352
207 323
230 325
218 323
249 338
251 357
218 332
207 332
210 328
207 341
210 337
240 347
263 349
219 324
255 345
222 320
240 356
255 354
243 352
222 329
211 329
233 326
244 326
245 325
252 339
203 334
244 335
252 348
233 344
244 344
252 357
202 338
244 353
217 336
236 349
245 327
226 323
245 336
229 319
214 330
256 345
245 345
206 326
229 328
237 341
248 341
214 339
229 337
206 335
248 350
198 331
206 344
229 346
259 347
238 324
251 343
230 320
251 352
230 329
207 327
218 327
241 329
210 323
251 361
218 336
207 336
199 332
210 332
240 333
210 341
240 342
232 338
243 338
255 340
221 338
222 315
240 351
221 347
232 347
255 349
243 347
222 324
224 343
213 343
255 358
243 356
225 317
205 348
233 330
244 330
252 343
236 326
225 326
233 339
244 339
217 322
252 352
236 335
202 333
225 335
244 348
233 348
217 331
225 344
236 344
244 357
217 340
226 318
245 331
247 350
226 327
214 325
237 327
229 323
247 359
237 336
226 336
248 336
214 334
250 355
229 332
206 330
214 343
229 341
206 339
198 335
251 338
206 348
259 351
228 345
239 345
251 347
262 347
218 322
207 322
239 354
251 356
224 329
218 331
210 327
240 328
221 324
240 337
232 333
221 333
243 333
263 348
240 346
213 329
243 342
232 342
221 342
255 344
240 355
213 338
224 338
255 353
243 351
205 334
205 343
233 325
244 325
252 338
225 321
233 334
244 334
225 330
236 330
244 343
233 343
217 326
202 337
225 339
236 339
217 335
236 348
266 349
217 344
258 345
247 345
226 322
229 318
247 354
258 354
214 329
250 350
229 327
206 325
214 338
250 359
206 334
206 343
259 346
251 342
228 340
239 340
209 336
220 336
251 351
239 349
262 351
220 345
209 345
251 360
221 319
240 332
243 328
221 328
232 328
240 341
224 324
243 337
221 337
232 337
240 350
224 333
213 333
232 346
221 346
243 346
255 348
205 329
213 342
224 342
243 355
205 338
254 352
244 329
205 347
233 329
236 325
254 361
225 325
244 338
246 357
225 334
202 332
217 330
202 341
217 339
247 340
226 317
235 347
247 349
258 349
269 349
214 324
216 343
250 345
247 358
229 322
250 354
206 329
208 348
239 326
228 326
198 334
239 335
228 335
259 350
220 331
209 331
239 344
228 344
262 346
251 346
220 340
209 340
251 355
239 353
201 336
240 327
221 323
232 323
240 336
224 319
232 332
221 332
243 332
240 345
213 328
224 328
221 341
243 341
232 341
224 337
213 337
243 350
205 333
224 346
213 346
254 347
265 347
233 324
244 324
205 342
246 343
225 320
254 356
246 352
225 329
236 329
217 325
202 336
247 335
235 333
266 348
235 342
247 344
258 344
216 338
250 340
227 338
235 351
258 353
247 353
227 347
250 349
208 343
250 358
228 321
228 330
209 326
220 326
239 339
251 341
220 335
209 335
197 333
239 348
201 331
221 318
242 350
221 327
243 327
232 327
224 323
253 359
221 336
243 336
213 332
205 328
254 342
205 337
246 338
254 351
265 351
231 349
212 345
223 345
246 347
254 360
246 356
204 350
203 350
203 349
235 328
216 324
247 339
216 333
247 348
258 348
235 346
269 348
208 329
250 344
208 338
250 353
228 325
220 321
209 330
220 330
239 343
220 339
209 339
201 335
261 349
253 345
242 345
221 322
224 318
242 354
253 354
243 331
234 350
213 327
224 327
205 332
212 331
246 333
254 346
231 344
265 346
246 342
254 355
222 323
215 336
204 336
246 351
204 345
246 360
227 319
247 334
227 328
216 328
258 343
247 343
208 324
216 337
250 339
235 350
208 333
250 348
216 346
268 347
257 347
208 342
257 356
228 320
238 352
249 352
260 352
228 329
249 361
220 325
209 325
239 338
241 357
197 332
209 334
220 334
242 331
201 339
242 340
253 340
221 317
234 336
242 349
253 349
211 343
234 345
242 358
253 358
224 322
231 330
203 348
223 326
246 328
212 326
231 339
254 341
246 337
212 335
223 335
231 348
265 350
254 350
215 331
212 344
246 346
223 344
204 340
215 340
246 355
204 349
235 327
227 323
245 359
216 323
256 359
235 336
227 332
216 332
235 345
208 328
227 341
216 341
257 342
208 337
238 338
257 351
268 351
208 346
238 347
249 347
260 347
239 324
228 324
230 343
241 343
220 320
249 356
241 352
220 329
242 326
242 335
219 333
261 348
234 331
242 344
219 342
253 344
222 338
234 340
211 338
242 353
253 353
234 349
253 362
231 325
203 343
223 321
231 334
223 330
212 330
246 332
231 343
215 326
212 339
246 341
223 339
204 335
215 335
264 349
196 331
215 344
204 344
227 318
245 354
256 354
235 331
237 350
227 327
216 327
248 359
208 323
227 336
216 336
208 332
238 333
257 346
208 341
238 342
249 342
257 355
241 338
260 351
249 351
238 351
241 347
230 347
218 345
207 345
249 360
241 356
242 330
219 328
234 326
211 324
253 339
242 339
219 337
234 335
211 333
222 333
200 333
242 348
219 346
253 348
222 342
211 342
234 344
203 338
223 316
203 347
231 329
267 350
246 327
223 325
252 361
212 325
231 338
212 334
223 334
246 336
215 330
204 330
223 343
212 343
215 339
204 339
245 340
204 348
256 349
245 349
248 345
226 345
237 345
256 358
245 358
227 322
237 354
248 354
208 327
238 328
241 324
260 346
230 324
238 337
249 337
268 350
257 350
207 331
230 333
238 346
249 346
207 340
218 340
241 342
230 342
249 355
238 355
210 336
199 336
207 349
241 351
210 345
219 323
242 325
222 319
242 334
219 332
234 330
222 328
219 341
253 343
242 343
255 362
211 337
200 337
234 339
222 337
203 333
211 346
222 346
252 347
231 324
203 342
223 320
252 356
231 333
244 352
223 329
212 329
215 325
245 326
204 334
215 334
245 335
264 348
226 331
237 331
256 344
245 344
237 340
248 340
226 340
245 353
256 353
229 336
248 349
237 349
229 345
248 358
238 332
257 345
218 326
207 326
241 328
230 328
238 341
249 341
241 337
230 337
207 335
218 335
249 350
238 350
260 350
210 331
199 331
230 346
207 344
241 346
218 344
242 329
210 340
241 355
234 325
