713 534
712 534
711 535
714 534
715 535
716 535
717 534
715 533
716 532
713 533
715 536
717 531
718 532
719 531
718 535
719 534
710 534
720 532
721 531
722 530
723 531
724 530
725 529
726 530
727 529
728 530
725 528
726 527
727 526
714 537
716 534
717 533
719 530
720 529
719 528
722 529
726 529
728 526
727 528
729 525
728 524
729 523
730 524
731 523
718 534
720 531
712 536
725 530
730 526
731 525
716 536
717 535
719 532
722 531
726 531
728 528
727 530
718 527
717 526
716 525
718 525
716 527
715 528
714 528
729 527
715 537
718 536
719 537
720 538
719 539
720 533
725 532
714 532
716 529
717 528
731 527
719 525
720 524
719 523
718 523
720 522
719 521
720 520
716 538
717 537
721 528
722 527
723 526
732 528
733 527
734 526
733 525
735 525
735 527
736 528
737 527
738 526
739 527
737 529
738 528
736 530
735 530
739 529
740 530
741 531
737 531
738 530
742 530
743 531
736 532
737 533
735 532
734 533
733 532
733 534
732 535
731 534
735 534
733 536
732 537
734 535
714 535
739 531
731 536
740 532
741 533
727 523
726 522
725 521
726 520
727 519
726 518
728 519
727 521
729 518
728 517
729 516
728 515
729 514
730 515
730 519
721 537
724 533
733 529
736 525
733 538
725 534
736 534
717 530
717 539
717 540
718 541
726 517
725 516
737 526
726 526
725 525
729 522
718 522
717 521
718 531
729 531
729 532
710 536
710 537
720 540
740 527
744 530
744 529
732 523
721 523
722 524
721 532
732 532
724 528
713 528
721 541
721 542
713 537
733 524
725 520
733 533
714 529
714 530
736 529
717 525
714 538
714 539
729 517
743 528
720 535
709 535
740 531
721 527
732 527
721 536
732 536
724 532
713 532
725 515
733 528
744 528
736 524
725 524
724 523
717 520
736 533
717 529
739 526
731 531
728 516
728 525
720 521
720 530
743 532
743 533
744 534
720 539
712 535
740 526
732 522
721 522
732 531
713 527
712 526
724 527
721 540
713 536
735 533
725 519
724 518
717 524
739 530
716 528
731 526
716 537
731 535
719 533
719 542
728 520
728 529
743 527
720 525
709 534
708 533
720 534
720 543
720 544
721 545
721 546
732 526
721 526
724 522
724 531
713 531
712 530
735 528
738 533
715 540
739 525
716 523
731 521
739 534
739 535
740 536
740 537
740 535
731 530
716 541
716 542
717 543
717 544
728 533
728 534
728 535
729 536
727 533
712 525
709 538
709 539
709 540
710 541
708 537
732 521
733 520
733 519
732 518
732 517
733 516
733 515
724 517
735 523
731 516
739 538
739 539
739 540
740 540
738 537
737 536
708 532
707 531
706 531
706 530
706 529
705 528
705 532
705 533
706 534
706 535
705 527
705 536
705 537
705 538
706 539
706 540
707 540
705 541
705 542
705 543
706 544
706 543
704 540
704 535
704 544
716 545
716 546
716 547
717 548
717 549
718 550
719 551
719 552
720 553
720 554
721 555
720 552
721 551
721 550
720 549
720 548
719 547
716 550
716 551
715 549
714 548
713 547
713 546
712 545
712 544
712 548
712 549
713 550
713 551
719 546
719 555
719 556
720 557
720 558
720 559
721 560
721 559
719 560
719 561
720 562
720 563
721 564
719 564
719 565
719 566
712 543
713 542
714 543
714 544
713 541
712 540
712 539
711 547
710 546
715 544
718 564
708 541
708 542
709 543
709 544
719 541
719 550
722 552
712 529
722 561
711 542
723 553
723 554
724 555
724 556
725 557
727 514
735 536
735 537
736 538
736 539
737 540
715 530
738 532
727 532
715 539
738 541
738 542
739 543
739 544
740 545
740 546
741 547
742 548
743 547
744 548
704 539
715 548
716 522
715 521
714 521
714 520
713 519
713 518
714 519
713 522
713 523
714 524
714 525
712 521
712 520
711 519
739 524
738 523
737 522
736 521
736 520
737 521
736 519
737 518
737 517
736 516
736 515
738 519
739 520
739 521
740 522
740 521
735 518
731 520
716 531
719 527
731 529
716 540
718 559
717 558
716 559
715 559
716 560
716 561
717 562
715 558
714 557
713 556
713 555
712 554
712 553
715 562
714 562
715 563
716 564
716 565
716 566
717 567
715 567
715 557
716 556
716 555
715 554
714 553
715 553
719 536
708 536
728 514
730 533
719 545
720 519
721 518
721 517
720 516
719 518
718 518
718 517
722 538
722 547
736 535
712 524
722 556
722 557
734 521
723 521
722 520
742 534
742 535
743 536
743 537
743 538
742 539
722 565
723 564
723 563
734 530
711 528
710 528
710 527
709 529
709 530
708 528
708 527
707 526
723 530
723 539
723 540
724 541
724 542
725 543
725 544
726 545
724 545
724 546
724 547
725 548
724 549
724 550
724 551
725 552
725 553
723 545
723 549
727 546
727 547
728 548
728 549
729 550
728 547
723 544
727 550
727 551
727 552
728 553
728 552
726 554
727 555
730 551
731 550
732 551
733 552
732 550
731 549
731 548
730 547
711 537
734 539
734 540
735 541
735 542
736 543
736 544
737 545
738 546
738 547
739 548
735 545
735 546
735 547
736 548
736 549
735 550
735 551
734 549
733 548
733 547
732 546
731 545
732 545
731 544
731 543
732 542
733 543
732 541
731 540
732 540
731 539
734 544
730 542
729 541
711 546
734 548
723 548
711 555
710 555
709 554
709 553
708 552
708 551
708 555
708 556
709 557
709 558
709 559
708 560
708 561
709 562
709 563
708 564
708 565
708 566
709 567
711 556
708 550
709 549
709 548
708 547
708 546
707 554
706 553
705 552
705 551
704 553
704 554
705 555
705 556
705 557
706 558
704 558
704 559
705 560
705 561
706 562
706 563
703 552
702 551
701 550
701 549
702 550
701 548
702 547
702 546
701 545
701 544
701 543
702 542
702 541
701 540
702 539
702 538
702 537
702 536
701 535
701 539
701 534
702 533
701 532
701 531
702 532
712 556
701 530
702 531
700 547
704 562
704 563
703 561
702 560
701 559
702 558
701 558
707 563
701 529
700 542
700 551
703 547
700 560
700 561
701 562
701 563
701 564
702 565
703 566
700 565
700 566
699 559
698 558
703 565
704 548
705 547
706 548
706 549
705 546
704 549
704 557
703 556
702 556
702 555
701 554
701 553
710 564
711 565
712 564
713 565
712 563
712 562
711 566
712 567
711 561
712 560
712 559
713 560
712 558
711 560
707 549
707 558
700 528
703 533
700 546
699 545
698 545
698 544
698 543
697 542
697 546
697 547
698 548
698 549
696 545
697 541
698 540
698 539
697 538
697 537
698 536
699 536
698 535
698 534
698 533
698 532
698 531
699 531
698 530
697 533
696 540
695 539
694 539
695 538
695 537
694 537
693 536
694 536
693 540
694 541
694 542
695 543
693 535
694 534
693 533
694 533
695 534
694 532
695 533
693 531
694 530
695 530
695 529
694 528
694 531
693 530
693 539
696 531
697 532
697 550
697 551
698 552
698 553
698 554
697 552
697 555
697 556
696 554
696 549
695 548
694 547
693 546
694 546
693 545
692 544
694 545
693 544
693 548
693 549
693 550
694 551
695 552
694 550
693 534
692 538
692 547
696 535
696 544
696 553
697 536
699 554
700 537
692 533
691 532
690 533
690 534
690 535
691 536
713 561
689 533
688 533
687 534
687 535
688 536
686 533
686 532
686 531
686 530
686 529
687 530
688 531
686 528
687 529
688 528
686 536
686 537
686 538
687 539
689 532
703 551
715 525
728 554
702 561
732 529
685 531
689 528
690 529
727 536
714 566
685 539
684 538
696 548
716 526
730 546
722 542
734 516
707 562
699 558
723 543
735 517
738 522
703 564
726 536
704 529
715 538
726 553
725 541
726 540
718 549
710 545
730 523
722 519
741 532
742 531
736 536
725 539
729 545
729 544
723 527
683 537
683 536
682 535
728 543
707 539
699 535
691 531
722 555
723 520
742 533
734 529
700 536
692 532
711 545
737 525
726 541
712 519
719 529
728 544
725 538
724 537
703 529
726 550
690 530
724 529
724 536
725 535
682 534
683 533
736 527
721 565
683 532
683 531
682 530
683 529
684 529
727 542
682 529
727 537
727 538
728 539
728 538
705 535
685 540
686 541
681 533
703 541
714 556
706 552
685 529
680 532
717 561
718 526
737 539
679 531
678 532
729 535
695 542
687 538
737 524
724 539
720 555
700 543
719 549
711 548
686 542
686 543
687 544
718 562
710 558
726 519
701 560
738 543
687 543
733 544
717 545
707 537
710 533
710 532
678 533
679 534
679 535
679 536
680 536
711 532
730 536
720 537
723 518
740 547
678 537
722 532
703 549
705 553
719 562
737 532
723 536
722 562
677 536
676 535
676 534
677 535
735 515
675 533
675 532
674 531
674 534
741 545
688 539
707 552
680 535
699 548
691 544
711 522
710 523
702 559
681 536
714 533
705 564
705 565
733 546
684 541
725 542
717 538
737 516
673 531
672 532
672 531
706 565
726 543
718 539
710 535
729 548
695 555
694 555
693 555
692 555
691 554
694 554
741 522
707 529
734 519
721 549
713 545
733 523
724 554
703 531
714 546
706 542
725 555
698 538
717 551
695 532
687 528
710 548
722 522
709 552
688 529
720 561
699 538
740 539
712 557
691 534
702 549
721 562
713 558
714 523
705 554
736 541
705 566
694 556
683 535
736 517
695 557
696 558
694 544
686 540
690 554
689 555
706 555
698 551
726 533
718 529
729 538
676 532
683 542
695 545
687 541
728 542
679 537
709 565
701 561
735 538
703 548
671 531
726 546
692 543
712 537
707 536
690 544
710 524
692 542
710 525
691 541
721 539
693 557
693 558
713 535
732 548
705 531
724 544
736 518
702 562
690 540
690 539
714 536
728 518
693 559
706 532
694 560
725 545
717 541
737 519
711 530
690 553
689 552
690 552
690 551
729 515
694 557
743 535
709 542
701 538
720 551
721 516
712 547
691 550
690 549
740 529
732 525
724 521
722 515
683 541
714 554
694 561
690 528
732 547
682 540
721 552
713 548
700 544
710 522
695 549
693 554
690 548
689 543
711 529
710 551
671 530
670 529
718 546
722 516
681 539
680 540
679 540
689 542
733 526
680 541
705 544
724 557
679 539
678 540
725 522
696 536
681 534
697 544
690 543
691 533
682 539
674 535
722 544
741 548
696 559
675 536
674 537
675 538
744 535
676 539
717 518
736 531
675 537
689 538
707 550
689 547
698 541
695 540
697 560
698 561
739 542
731 538
697 561
709 525
689 556
697 545
716 558
689 557
708 554
687 531
690 558
728 532
719 563
720 528
743 548
737 537
690 557
693 553
680 538
690 538
674 530
726 551
699 542
682 543
682 544
682 545
683 546
692 552
681 546
680 545
683 545
682 547
682 548
683 548
709 555
701 551
720 564
721 529
693 547
713 525
732 538
724 534
690 541
682 537
674 533
735 549
727 545
704 561
683 547
684 545
679 544
678 545
677 545
683 538
696 557
675 534
719 540
731 551
697 558
689 554
708 567
709 532
705 540
676 544
676 543
675 542
676 542
674 543
674 544
675 544
728 545
701 528
702 527
720 541
740 519
732 515
678 544
723 552
702 529
693 560
713 538
705 534
715 547
739 532
731 528
697 535
716 548
741 519
742 520
689 531
708 544
728 522
719 553
740 518
740 517
720 518
709 545
722 564
701 541
677 533
682 549
682 550
693 537
721 519
712 550
683 551
684 551
724 524
711 554
690 531
735 539
727 535
738 544
672 530
738 520
707 527
684 544
719 559
718 533
734 532
674 545
735 519
730 530
714 540
683 550
675 546
675 547
676 548
677 547
743 519
744 520
745 521
745 520
744 522
743 523
745 523
746 523
747 523
674 546
685 538
704 551
696 547
715 560
739 545
731 541
697 548
689 544
708 557
709 522
707 561
712 527
678 534
670 530
723 542
734 551
735 516
745 522
669 531
681 545
700 558
744 518
692 554
738 521
711 567
668 531
667 530
668 529
684 550
685 549
703 563
674 536
727 548
739 522
685 551
686 551
687 551
731 518
704 564
696 560
708 534
719 543
722 554
723 519
686 552
686 553
742 532
734 528
700 535
711 544
687 553
745 517
667 529
668 530
744 524
744 525
726 532
678 547
702 557
679 548
679 547
679 549
680 548
743 525
703 540
691 555
744 519
675 541
676 545
688 550
718 551
674 540
673 541
688 549
673 540
723 555
687 548
735 529
686 547
727 525
738 534
672 541
671 541
670 541
670 540
671 539
670 538
669 538
668 539
667 538
668 538
671 538
667 540
667 541
668 541
666 537
665 537
664 536
663 535
664 535
663 537
685 528
704 541
696 537
715 550
719 520
718 561
710 557
689 534
730 535
707 551
699 547
711 521
723 532
734 541
681 535
700 548
711 557
684 540
703 553
715 527
673 530
706 564
685 541
726 542
677 537
696 550
729 547
708 524
695 554
741 521
707 528
730 548
742 522
688 551
734 518
707 564
680 547
699 560
691 556
711 534
668 540
672 537
664 538
703 530
669 537
681 548
727 515
692 557
714 555
671 540
663 536
664 537
686 546
667 542
668 543
667 543
668 544
738 524
725 554
669 545
704 531
737 528
662 534
661 534
660 535
660 534
659 534
658 534
658 533
659 532
658 531
657 531
656 532
656 531
659 531
661 533
662 532
673 543
672 544
672 543
665 539
726 555
710 547
730 525
722 521
741 534
707 541
699 537
723 522
734 531
721 561
700 538
692 534
733 535
684 530
703 543
736 540
714 558
706 554
698 550
717 563
718 528
737 541
729 537
695 544
687 540
710 560
730 538
688 541
680 537
699 550
672 533
672 534
691 546
711 524
660 536
660 537
661 536
656 533
656 534
685 550
667 532
659 533
678 546
670 542
670 543
671 543
663 539
674 548
743 517
689 546
709 524
678 536
670 532
681 547
692 556
684 552
684 553
704 530
662 533
673 542
665 538
685 553
677 549
696 562
666 539
658 535
659 536
703 542
723 557
735 531
727 527
738 536
685 530
704 543
687 537
660 531
657 534
671 545
672 546
661 531
667 533
696 539
715 552
683 554
719 522
718 563
710 559
730 537
682 554
722 533
722 534
741 546
683 555
683 556
688 540
707 553
699 549
691 545
668 534
669 535
711 523
723 534
734 543
681 537
668 535
691 530
660 530
671 535
663 531
664 531
700 550
740 528
671 544
687 549
663 540
682 553
674 549
746 517
692 546
674 550
673 551
673 552
673 553
674 554
675 555
672 554
675 554
676 553
675 552
676 552
676 555
677 555
678 555
678 554
674 556
676 554
675 556
678 556
679 557
679 558
680 558
677 557
677 558
678 557
680 557
681 556
681 558
682 558
683 558
679 559
679 560
680 560
682 559
682 560
683 560
684 561
685 562
686 561
687 562
687 561
688 562
689 562
690 562
690 561
686 563
685 561
688 561
684 563
687 563
688 564
689 564
690 564
691 564
692 565
692 564
690 563
671 553
670 553
670 552
670 551
670 550
671 549
671 551
669 550
668 549
667 548
666 548
665 547
664 546
663 545
669 548
664 545
667 550
667 551
668 551
663 547
663 548
664 548
666 547
669 547
662 544
661 544
660 545
665 549
666 550
668 550
661 546
660 547
664 547
667 552
667 553
668 553
663 549
681 557
684 562
685 563
677 559
677 560
666 549
659 546
658 546
688 563
680 559
672 555
672 556
669 549
661 545
681 560
662 546
673 555
665 551
711 559
684 542
703 555
715 529
673 532
706 566
685 543
698 562
698 563
726 544
677 539
718 540
729 549
730 514
695 556
741 523
741 524
687 552
666 529
665 529
707 530
730 550
722 546
742 524
688 553
734 520
707 566
680 549
699 562
672 545
691 558
711 536
703 532
669 539
661 535
681 550
727 517
714 547
684 555
725 556
726 521
717 552
717 553
696 529
737 530
683 559
729 526
662 536
673 545
686 564
686 565
718 553
710 549
730 527
676 556
722 523
741 536
668 552
687 565
688 530
660 548
660 549
707 543
679 561
699 539
691 535
723 524
680 562
721 563
713 559
692 536
733 537
684 532
725 533
736 542
669 552
715 519
661 548
714 560
706 556
726 534
717 565
718 530
737 543
710 526
729 539
676 533
695 546
687 542
679 538
710 562
722 536
709 566
688 543
680 539
672 535
691 548
732 549
711 526
744 523
669 529
702 563
733 550
706 533
725 546
698 529
698 528
717 542
745 524
737 520
683 549
675 545
694 558
686 554
686 555
718 543
710 539
730 517
676 546
741 526
668 542
687 555
660 538
660 539
707 533
699 529
657 532
702 540
721 553
713 549
705 545
725 523
671 552
744 536
717 519
682 561
682 562
674 557
674 558
694 535
714 550
706 546
726 524
698 542
717 555
718 520
664 549
683 562
729 529
675 558
667 554
695 536
687 532
709 556
701 552
720 565
721 530
712 561
713 526
732 539
724 535
690 542
682 538
702 553
713 562
714 527
705 558
733 540
725 536
717 532
736 545
683 539
675 535
694 548
667 531
686 544
731 552
710 529
697 559
743 526
676 536
668 532
709 533
728 546
679 541
678 542
720 542
712 538
740 520
661 550
660 551
659 552
732 516
701 565
702 530
693 561
721 543
713 539
732 552
733 517
724 548
671 542
664 552
744 526
690 555
736 522
663 538
670 549
686 556
682 551
687 557
674 547
660 540
706 536
661 541
662 542
726 514
679 553
678 552
679 551
739 533
664 539
656 535
729 519
675 548
716 549
671 554
663 550
682 563
682 564
670 555
667 544
666 545
708 545
728 523
719 554
683 565
684 565
709 546
701 542
674 559
721 520
693 538
696 556
675 551
664 551
665 548
683 564
667 547
675 560
675 561
676 562
686 560
685 559
712 551
740 533
668 548
660 544
678 561
669 542
745 537
693 563
694 564
694 565
664 532
692 562
664 533
685 564
664 541
664 542
664 543
667 537
686 550
667 546
689 561
659 538
702 552
678 551
670 547
659 547
678 560
670 556
670 557
671 558
671 559
671 548
663 544
721 556
682 557
663 553
663 554
663 555
664 556
662 552
665 557
666 558
669 558
662 555
661 554
695 565
663 557
663 558
664 558
666 557
662 554
665 559
665 560
666 560
667 561
668 561
669 560
670 561
671 562
671 561
670 563
661 556
660 557
660 558
662 557
664 557
667 562
667 563
668 563
660 559
671 563
672 564
673 564
674 564
675 565
675 564
676 565
674 566
674 567
675 567
673 563
676 564
675 566
676 567
677 568
677 567
678 567
678 566
678 565
663 559
663 560
674 568
664 560
677 569
677 570
666 559
659 556
659 555
658 554
659 554
658 556
657 553
656 552
657 551
656 554
655 551
655 550
655 549
658 555
678 569
679 570
679 569
680 568
681 568
680 569
669 559
662 556
673 565
672 566
665 561
665 562
666 562
676 566
668 562
658 548
657 552
669 562
661 558
665 541
672 558
664 559
656 555
656 556
675 568
676 569
657 555
678 568
670 564
670 565
671 565
663 561
659 545
678 558
724 525
670 554
690 532
702 543
735 540
705 548
725 526
738 545
671 555
717 522
663 551
704 552
674 560
673 561
715 561
694 538
686 534
739 546
731 542
697 549
743 516
716 562
689 545
708 558
709 523
728 536
719 567
666 561
712 528
658 557
658 558
678 535
670 531
701 555
700 556
721 533
693 551
713 529
659 558
700 559
724 538
671 532
690 545
682 541
727 549
739 523
685 552
731 519
664 529
663 529
704 565
677 548
696 561
716 539
667 534
666 535
708 535
719 544
666 538
697 562
743 529
689 558
688 559
709 536
720 545
693 528
712 541
740 523
732 519
659 535
678 548
724 515
670 544
723 556
681 559
738 535
684 564
663 541
704 542
696 538
715 551
662 545
673 554
739 536
665 550
685 565
731 532
677 561
697 539
716 552
689 535
708 548
719 557
666 551
658 547
723 533
742 546
693 541
734 542
671 564
674 569
664 561
667 557
656 557
675 570
668 558
660 554
679 567
657 557
667 556
659 557
661 537
730 520
665 543
677 551
678 570
710 552
675 557
670 566
671 567
671 568
670 569
682 567
674 563
738 525
661 560
661 561
676 563
664 555
718 552
656 551
669 541
661 542
667 560
670 570
670 571
671 572
671 573
696 555
665 558
696 564
668 545
697 565
691 561
676 549
730 544
695 535
679 568
674 553
672 557
673 566
677 564
665 553
662 530
743 518
666 554
658 550
666 563
658 559
658 560
670 533
668 536
659 551
678 564
659 560
670 560
671 534
663 530
681 566
674 539
738 538
739 516
685 545
685 554
677 550
696 563
662 561
697 528
673 570
672 570
673 571
666 531
655 531
654 531
653 532
652 533
652 531
652 530
723 528
723 550
673 534
651 529
650 528
650 527
649 529
649 530
649 531
727 520
648 528
735 520
648 532
648 533
649 534
650 533
666 540
658 536
743 522
689 551
689 560
740 516
741 515
678 541
670 537
659 537
678 550
651 533
688 556
670 546
681 552
692 561
681 561
684 557
663 534
652 534
652 535
653 536
684 566
684 567
684 568
716 518
681 544
673 547
662 547
685 558
673 556
677 554
665 552
685 567
677 563
689 537
655 535
666 544
722 525
666 553
658 549
723 535
651 528
652 527
652 526
651 525
651 524
652 525
681 538
672 569
711 551
746 518
684 543
669 554
669 563
681 565
680 564
661 559
669 572
669 573
699 532
727 541
680 556
747 519
748 519
749 519
748 518
747 520
750 520
751 521
752 520
673 535
750 521
727 543
665 534
704 532
672 538
673 533
685 535
739 515
685 544
677 540
662 551
662 560
673 560
665 556
673 569
666 530
689 541
676 571
742 516
688 545
742 525
658 553
688 554
680 550
699 563
691 559
670 536
651 532
669 540
681 542
700 555
672 573
735 522
746 522
692 551
681 551
727 518
738 518
711 564
700 564
684 547
703 560
692 560
738 527
684 556
669 567
668 567
704 534
742 517
715 534
696 530
715 543
662 537
673 537
739 519
665 533
654 533
750 519
751 518
673 546
685 548
731 515
726 549
665 542
677 544
718 545
677 553
718 554
697 531
708 531
710 550
695 561
730 528
741 528
676 557
655 534
666 534
741 537
707 535
687 566
666 543
707 544
679 562
658 539
657 538
656 537
655 537
699 540
668 571
753 520
722 551
723 516
742 529
688 558
734 525
723 525
680 554
742 538
688 567
734 534
700 532
672 550
691 563
680 563
651 527
692 528
672 559
711 541
700 541
692 537
703 537
711 550
672 568
650 531
684 533
669 544
703 546
735 526
661 540
681 555
669 553
715 520
727 522
661 549
714 552
727 531
738 531
684 560
714 561
669 571
704 538
706 557
717 557
696 534
685 534
726 535
737 535
717 566
662 541
696 543
737 544
729 540
662 550
673 550
719 517
675 569
749 518
665 546
695 547
719 526
665 555
718 558
710 554
718 567
730 532
710 563
676 561
722 528
730 541
668 557
676 570
722 537
660 553
688 535
679 566
707 548
668 566
680 531
742 515
688 544
699 544
707 557
691 540
699 553
672 536
691 549
711 527
723 529
657 556
734 538
723 538
690 560
680 567
681 532
669 530
700 545
672 563
702 564
650 526
713 564
692 541
681 541
733 542
684 537
692 550
703 550
733 551
653 531
738 517
684 546
725 547
736 547
669 557
715 524
745 525
661 553
703 538
714 565
694 559
706 561
673 536
698 557
726 539
654 532
665 532
677 534
737 548
726 548
710 531
718 544
676 538
710 540
695 551
729 553
741 518
730 518
676 547
687 547
695 560
679 543
707 525
741 527
687 556
707 534
679 552
710 567
699 530
730 545
722 541
657 533
742 519
753 519
688 548
722 550
723 515
734 515
680 544
699 557
688 557
672 540
734 524
691 553
680 553
721 554
700 531
672 549
711 531
691 562
657 560
656 559
703 527
711 540
703 536
669 534
744 537
661 530
650 530
669 543
653 526
661 539
714 542
671 571
653 535
706 538
725 551
714 551
726 516
717 547
706 547
726 525
717 556
718 521
729 521
662 531
675 550
737 534
664 550
683 563
694 563
695 528
729 530
675 559
686 559
665 536
654 536
667 555
726 552
687 533
718 548
710 544
718 557
730 522
676 551
710 553
722 518
695 564
730 531
668 547
676 560
687 560
707 538
679 556
668 556
688 534
660 552
699 534
707 547
679 565
668 565
720 566
680 530
699 543
660 561
740 544
691 539
657 537
649 533
702 545
721 558
672 553
702 554
713 554
748 521
692 531
705 550
713 563
733 541
671 557
705 559
650 534
684 536
725 537
736 537
671 566
682 566
653 530
661 543
663 562
674 562
736 546
683 540
694 540
730 529
706 551
694 549
714 564
686 545
698 556
698 547
706 560
717 560
667 536
737 538
664 554
726 538
710 521
683 567
729 534
656 550
675 563
664 563
710 530
667 559
695 541
729 543
675 572
676 537
695 550
741 517
668 533
679 533
687 546
679 542
668 560
709 561
688 538
660 556
701 557
680 534
721 535
649 528
701 566
740 548
712 566
680 543
691 543
693 562
662 549
721 544
732 544
672 539
713 540
724 540
657 550
733 518
690 547
725 514
744 527
690 556
736 523
684 534
682 552
650 529
713 567
653 525
733 545
705 563
706 528
714 541
653 534
671 570
706 537
745 519
725 550
736 550
726 515
737 515
745 528
683 544
717 546
664 540
675 540
694 553
683 553
656 536
729 520
675 549
686 549
694 562
667 545
686 558
698 560
718 538
697 564
676 541
732 534
667 572
667 573
668 537
676 550
687 550
722 517
728 551
648 531
647 530
660 533
752 518
668 546
679 546
709 547
720 547
740 525
679 555
720 556
721 521
740 534
712 552
691 529
732 530
678 559
724 526
657 536
649 532
702 535
721 548
702 544
713 544
721 557
670 573
733 522
713 553
724 553
714 518
748 520
725 518
705 549
733 531
744 531
671 547
663 543
725 527
682 556
671 556
717 523
663 552
674 552
682 565
683 530
674 561
714 545
706 541
674 570
698 537
686 535
717 550
698 546
664 544
739 547
683 557
718 524
729 524
664 553
675 553
716 554
695 531
656 549
667 549
675 562
686 562
716 563
656 558
667 558
708 559
687 536
728 537
679 532
709 551
661 532
660 546
701 547
720 560
709 560
721 525
693 543
701 556
740 538
713 521
721 534
693 552
659 550
649 527
712 565
678 563
713 530
670 559
659 559
732 543
690 537
670 568
671 533
744 517
682 533
702 548
690 546
682 542
713 557
674 538
714 522
725 531
714 531
671 560
705 562
706 527
717 527
663 556
671 569
717 536
683 534
674 565
664 530
715 566
704 566
694 543
683 543
675 539
686 539
667 535
686 548
731 547
656 553
697 554
743 521
716 567
689 550
708 563
697 563
709 528
743 530
689 559
728 541
709 537
660 532
728 550
648 530
740 515
701 533
712 533
752 517
720 546
693 529
712 542
740 524
732 520
678 549
724 516
709 564
670 545
693 556
721 538
702 534
705 530
713 543
724 543
652 524
670 572
671 537
733 521
705 539
744 521
690 550
663 533
725 517
682 546
671 546
690 559
663 542
736 526
674 542
682 555
674 551
727 554
694 529
739 528
685 557
731 524
664 534
739 537
685 566
731 533
675 543
677 562
716 544
667 539
697 540
708 540
716 553
689 536
751 520
708 549
728 527
719 558
720 523
666 552
743 534
689 563
709 541
752 521
701 537
709 550
720 550
721 515
701 546
712 546
742 547
659 540
693 542
732 524
721 524
712 555
678 553
724 520
713 520
732 533
659 549
678 562
670 558
690 536
670 567
682 532
735 535
681 564
652 528
735 544
727 540
738 540
671 550
717 517
747 518
663 546
704 547
674 555
704 556
715 556
716 521
696 552
715 565
716 530
673 559
662 559
708 526
739 541
673 568
719 535
731 537
677 566
731 546
716 557
689 540
708 553
697 553
743 520
689 549
728 531
708 562
709 527
720 527
728 540
666 556
712 523
658 552
720 536
648 529
712 532
678 539
670 535
651 531
734 547
723 547
713 524
659 553
700 554
735 521
746 521
670 562
705 529
711 563
700 563
692 559
703 559
671 536
682 536
674 532
663 532
652 532
669 566
704 533
735 548
674 541
715 542
727 544
704 555
747 522
727 553
739 518
750 518
685 547
704 560
677 543
685 556
673 558
677 552
696 565
708 530
697 530
716 543
708 539
666 533
751 519
655 533
719 548
647 529
666 542
697 557
743 524
658 538
689 553
709 531
742 528
701 536
742 537
693 532
688 566
678 543
651 526
670 539
659 539
700 540
724 519
659 548
670 548
700 549
723 551
711 549
672 567
692 545
703 545
711 558
703 554
681 554
682 531
692 563
681 563
669 561
735 543
661 557
684 559
669 570
727 539
704 537
738 539
696 533
685 533
738 548
704 546
715 546
662 540
696 542
685 542
715 555
750 522
716 520
677 538
696 551
673 549
719 516
715 564
665 545
685 560
662 558
708 525
665 554
677 556
673 567
697 534
665 563
677 565
689 530
718 566
697 543
708 543
728 521
689 539
730 540
720 517
666 546
689 548
730 549
720 526
709 526
722 545
666 555
707 556
712 522
742 523
658 551
699 552
688 552
707 565
712 531
699 561
722 563
678 538
691 557
670 534
723 537
734 537
680 566
651 530
681 531
672 562
734 546
723 546
681 540
692 540
672 571
738 516
700 553
711 553
746 520
692 549
681 549
727 516
711 562
700 562
669 556
703 558
692 558
715 523
661 552
684 554
669 565
681 567
715 532
727 534
696 528
715 541
662 535
747 521
685 537
704 550
739 517
665 531
673 544
685 546
696 546
737 547
726 547
716 524
677 542
665 540
685 555
662 553
731 522
726 556
654 549
716 533
729 552
662 562
673 562
697 529
708 529
695 559
719 538
708 538
666 532
655 532
741 535
710 566
687 564
666 541
707 542
658 537
722 540
742 518
722 549
688 547
707 560
742 527
722 558
699 556
723 523
734 523
742 536
691 552
680 552
688 565
699 565
672 548
700 530
657 559
680 561
711 539
723 541
700 539
651 534
669 533
703 535
692 535
734 550
684 531
703 544
700 557
661 538
735 524
692 553
669 551
681 553
715 518
684 549
661 547
681 562
703 562
738 529
704 527
684 558
714 559
669 569
704 536
696 532
685 532
715 545
704 545
717 564
673 539
662 539
696 541
737 542
654 535
716 519
665 535
662 548
673 548
731 517
677 546
665 544
718 547
673 557
719 524
687 559
710 543
718 556
730 521
695 563
718 565
737 546
689 529
741 530
676 559
710 561
722 526
666 536
655 536
668 555
741 539
730 539
658 532
676 568
699 533
722 535
679 564
707 546
668 564
688 542
660 560
707 555
668 573
691 538
722 553
699 551
691 547
688 560
711 525
734 527
657 554
700 534
734 536
672 552
680 565
681 530
692 530
672 561
711 543
734 545
692 539
703 539
711 552
700 552
684 535
746 519
669 546
692 548
733 549
738 515
669 555
703 557
715 522
727 524
661 551
669 564
715 531
706 550
714 563
726 528
717 559
706 559
685 536
698 555
726 537
677 532
665 530
683 566
729 533
662 543
664 562
698 564
677 541
718 542
729 542
719 519
710 538
749 520
729 551
730 516
741 516
687 545
718 560
695 558
741 525
710 556
687 554
679 550
707 532
730 534
710 565
699 528
730 543
668 559
722 539
688 537
660 555
668 568
730 552
680 533
699 546
722 548
688 546
707 559
680 542
691 542
742 526
688 555
699 555
711 520
734 522
657 549
680 551
691 551
699 564
672 547
700 529
691 560
657 558
711 538
703 534
669 532
672 565
702 566
713 566
681 543
684 539
725 540
653 533
745 518
684 548
725 549
714 549
715 526
745 527
706 545
661 555
737 523
726 523
683 552
717 554
694 552
718 519
662 529
714 567
683 561
729 528
673 538
662 538
698 559
686 557
654 534
718 537
686 566
729 546
710 542
676 540
718 555
695 553
741 520
695 562
741 529
679 545
676 558
687 558
660 541
741 538
668 554
679 554
688 532
660 550
707 545
679 563
691 528
699 541
722 543
668 572
742 521
691 537
657 535
734 517
723 517
680 546
721 547
672 542
680 555
711 533
672 551
700 533
713 552
724 552
692 529
733 530
672 560
714 526
669 536
733 539
650 532
