188 179
189 178
190 178
191 177
192 177
187 179
186 180
189 179
192 178
193 176
192 175
191 174
194 175
195 174
196 173
197 174
198 173
193 179
194 178
195 177
196 176
197 177
198 176
199 175
200 176
200 177
201 178
200 179
190 177
195 173
194 172
195 171
196 170
193 173
197 170
196 172
198 169
197 168
198 167
199 168
198 178
187 178
202 178
201 180
200 181
193 175
203 177
202 176
203 175
204 174
205 173
204 176
206 173
205 175
194 174
185 180
184 180
183 181
182 182
181 181
181 183
183 183
184 182
199 182
190 179
204 178
206 175
195 175
205 177
196 174
198 171
182 184
181 185
200 174
201 173
200 172
200 183
202 180
193 177
201 182
203 179
192 179
194 176
183 185
184 184
196 167
195 166
194 165
193 164
194 163
195 162
196 161
195 164
196 163
193 166
197 163
196 165
198 162
194 167
193 168
192 168
195 168
199 184
198 185
197 184
196 183
195 184
194 183
193 182
194 181
195 180
196 179
196 181
194 185
198 164
204 180
180 180
179 181
191 180
190 181
205 179
206 180
207 179
208 180
182 186
194 161
181 187
180 187
190 182
196 185
196 186
195 187
196 188
195 189
194 190
196 190
197 191
196 192
192 182
197 193
200 167
201 166
200 165
193 161
192 161
207 172
208 173
207 181
199 177
188 177
191 173
199 186
191 182
180 182
200 169
200 170
192 165
200 178
203 174
192 174
200 187
200 188
192 183
192 184
184 179
196 162
196 171
181 182
187 180
195 193
199 163
207 176
207 177
199 172
191 168
199 181
188 181
188 182
180 186
179 185
200 164
192 160
200 173
192 169
192 170
193 170
203 178
184 183
196 166
195 170
195 179
206 179
198 175
195 188
198 184
179 180
198 193
207 171
206 170
199 167
207 180
199 176
188 176
187 175
191 172
199 185
191 181
180 181
200 168
192 164
191 163
192 173
203 173
184 178
202 177
194 182
183 182
194 191
195 165
206 174
198 170
195 183
198 179
195 192
179 184
199 162
207 175
199 171
191 167
188 180
199 180
191 176
180 185
191 185
191 186
191 187
192 188
202 172
202 181
194 177
183 177
194 186
183 186
195 169
206 169
198 165
195 178
206 178
198 174
187 174
187 183
187 184
188 185
188 186
188 187
187 188
187 189
188 190
188 191
198 183
179 179
198 192
199 191
200 192
199 190
198 189
198 188
187 192
187 193
187 194
188 195
188 196
187 197
187 198
188 199
188 200
207 170
179 188
179 189
180 190
180 191
180 192
181 192
179 193
179 194
180 195
180 196
199 166
179 197
179 198
179 199
180 200
180 201
181 201
179 202
179 203
179 204
180 205
180 204
191 162
186 196
191 171
189 201
178 201
190 184
202 167
206 182
206 183
206 184
207 185
207 186
206 187
206 188
206 189
207 190
207 191
207 189
205 187
205 182
179 183
186 191
201 189
202 190
202 191
203 192
191 166
189 196
178 205
190 170
205 168
204 167
204 166
203 165
203 164
190 188
190 189
191 190
191 191
192 192
192 193
205 186
204 185
203 184
203 183
202 185
202 186
190 197
191 196
192 197
191 195
190 198
182 193
182 194
183 195
183 196
184 197
184 198
183 199
183 200
183 201
184 202
182 198
202 171
203 170
204 171
203 169
182 202
182 203
183 204
183 205
183 176
184 175
185 175
184 174
182 175
181 174
180 173
181 173
180 172
180 171
179 170
179 174
178 173
179 175
180 176
180 177
181 178
202 189
203 188
194 194
194 195
194 196
195 197
206 168
207 167
207 166
208 187
193 198
187 173
188 172
189 173
188 171
187 170
187 169
186 168
188 168
189 168
188 167
188 166
187 165
187 164
186 163
185 162
184 161
185 161
188 163
189 164
184 160
188 162
187 161
187 160
186 159
188 161
185 203
179 169
180 168
181 169
181 168
180 167
179 166
179 165
178 164
179 178
186 177
209 179
210 180
211 179
212 180
211 178
210 177
210 181
210 182
211 183
211 182
210 176
210 175
211 174
212 175
211 173
210 172
210 171
211 170
212 171
211 169
211 168
210 167
209 175
213 172
214 173
214 174
215 175
215 176
214 177
214 178
214 179
215 180
213 177
213 181
213 182
214 183
214 182
209 170
201 175
197 186
209 188
209 189
210 190
201 184
178 182
177 181
177 180
176 180
176 179
176 178
175 177
175 181
174 180
173 179
173 178
172 177
172 176
172 180
172 181
172 182
173 183
175 182
176 183
176 184
177 185
171 180
171 175
189 182
186 195
185 194
184 193
189 191
186 204
187 203
188 204
188 205
187 202
186 205
189 200
178 200
177 199
176 199
175 200
175 201
176 202
176 203
175 204
174 205
173 206
172 205
172 204
175 206
176 207
176 208
177 209
177 210
175 205
171 203
175 209
175 210
178 210
174 208
171 202
174 203
177 208
190 165
178 209
179 208
180 209
180 210
179 207
190 174
213 176
182 170
205 172
190 183
182 179
171 179
170 178
169 177
169 176
168 175
167 175
168 174
168 178
168 179
169 180
169 181
169 182
168 183
168 184
169 185
169 186
168 187
168 188
168 189
169 190
169 191
168 192
167 187
170 192
167 182
166 181
167 191
166 190
170 187
205 181
190 192
190 193
182 188
182 189
183 190
184 189
184 188
183 191
205 190
205 191
171 188
172 187
173 188
172 186
173 187
172 185
171 189
172 190
172 191
171 184
202 166
182 197
194 162
183 162
183 163
184 164
184 165
184 166
185 166
183 167
183 168
184 169
184 170
185 171
182 161
181 160
202 175
183 171
183 172
194 171
194 180
183 180
181 210
182 211
183 211
183 210
183 209
182 208
182 212
182 213
182 207
175 176
176 175
177 176
176 174
175 173
175 172
174 171
173 170
173 169
172 168
172 167
172 171
172 172
173 173
173 174
172 166
173 165
174 166
173 164
172 163
171 170
175 167
175 168
176 169
176 170
177 171
216 177
217 178
218 178
219 178
219 177
218 176
219 175
219 174
220 173
219 173
218 172
218 171
217 175
218 175
217 170
217 179
217 180
218 181
219 182
219 183
219 184
218 185
218 186
219 187
218 180
217 184
218 170
219 169
219 168
218 167
219 166
219 165
219 164
218 166
221 172
222 173
222 174
223 175
217 165
217 174
217 183
220 184
221 185
221 186
217 169
216 168
215 167
215 166
214 165
214 168
213 169
214 169
213 168
220 170
221 169
222 170
223 171
222 169
223 170
222 168
221 167
224 172
224 173
225 174
226 175
226 176
226 177
225 178
225 179
224 177
225 173
226 172
226 171
225 170
216 173
225 169
220 179
221 171
170 179
213 167
212 166
186 178
221 180
222 179
223 180
222 178
221 177
221 181
222 182
222 183
221 176
224 181
224 176
225 168
224 167
223 166
217 164
217 173
175 185
174 185
175 186
175 187
176 188
175 189
176 189
177 190
175 190
175 191
178 191
193 184
208 182
187 159
188 158
189 159
190 160
193 193
174 189
208 191
185 189
208 178
185 198
174 176
179 164
180 163
181 164
181 165
181 163
180 162
179 161
220 165
174 207
186 172
197 172
209 174
220 174
177 203
201 170
178 168
177 167
177 166
176 165
176 164
176 163
177 162
177 161
175 163
174 162
209 183
209 184
210 185
211 185
210 186
211 187
211 188
212 189
220 183
186 181
197 181
201 179
189 177
167 177
178 177
197 190
186 190
201 188
167 186
166 185
165 184
165 183
164 182
164 181
164 185
164 186
165 187
164 188
165 188
164 180
165 179
165 178
178 186
189 186
186 199
186 200
212 190
170 182
221 166
189 195
221 175
170 191
178 204
213 171
190 169
224 171
171 165
182 165
205 167
224 180
213 180
182 174
171 174
170 173
205 176
190 187
171 183
182 183
212 184
213 185
213 186
213 187
214 188
214 189
214 187
223 184
182 192
171 192
184 211
185 212
184 213
202 170
204 189
215 189
194 166
183 166
181 196
175 162
196 194
175 171
181 205
216 172
215 171
177 172
227 172
228 173
229 172
229 171
228 174
208 168
216 181
208 177
174 175
193 188
185 184
174 184
208 186
193 197
166 180
185 193
186 158
166 189
177 189
185 202
189 172
174 202
173 201
178 172
197 167
209 169
186 167
220 169
177 198
178 163
201 165
189 163
185 211
186 210
185 209
185 208
184 207
186 209
187 208
187 207
185 207
186 208
186 176
197 176
220 178
209 178
177 207
201 174
186 185
186 186
209 187
220 187
197 185
178 181
167 181
189 181
201 183
197 194
186 194
170 177
178 190
189 190
167 190
201 192
170 186
189 199
178 199
190 164
213 166
182 160
190 173
170 204
169 204
168 203
170 205
193 189
170 206
170 207
171 208
172 209
171 207
167 204
166 205
166 206
167 206
168 207
168 208
168 209
169 209
168 206
167 210
167 205
189 165
170 210
193 171
167 209
166 208
170 209
165 206
164 205
163 206
163 207
163 208
164 209
164 210
165 211
226 168
210 178
222 184
215 172
166 207
182 169
171 169
205 171
212 170
171 178
182 178
193 180
212 179
223 179
169 208
204 175
184 206
212 188
204 184
215 184
215 185
216 186
183 161
219 179
196 180
181 191
196 189
181 200
193 165
216 167
181 209
193 174
216 176
173 205
174 170
185 170
178 171
208 172
193 183
216 185
208 181
185 179
174 179
193 192
165 210
177 175
185 188
208 190
174 188
177 184
166 184
185 197
197 162
186 162
185 206
174 206
197 171
186 171
209 173
177 202
201 169
189 167
178 167
197 180
166 211
178 176
167 176
189 176
197 189
170 172
178 185
189 185
167 185
219 186
170 181
200 182
189 194
190 159
170 190
200 191
190 168
192 187
203 187
182 164
171 164
192 196
182 173
171 173
184 192
212 174
223 174
169 203
204 170
215 170
223 183
184 201
212 183
215 179
181 177
204 179
172 208
184 210
196 175
204 188
181 186
215 188
196 184
173 182
181 195
193 160
196 193
173 191
181 204
216 171
193 169
227 171
174 165
208 167
185 165
193 178
216 180
173 209
162 209
161 209
162 210
162 211
163 212
174 167
209 180
163 213
164 213
162 214
161 214
160 213
184 163
165 180
160 212
160 211
162 215
181 179
161 213
185 174
208 176
174 174
165 205
193 187
177 170
174 183
185 183
208 185
193 196
177 179
166 179
185 192
186 157
166 188
177 188
185 201
186 166
209 168
197 166
220 168
189 162
201 164
178 162
197 175
186 175
188 194
189 171
219 172
188 203
178 180
167 180
189 180
219 181
180 199
191 199
170 176
222 177
211 177
180 208
170 185
200 186
211 186
203 182
192 191
169 189
203 191
184 187
212 169
223 169
204 165
215 165
212 178
223 178
184 196
169 207
215 174
181 172
172 203
184 205
212 187
173 168
204 183
215 183
161 212
173 177
181 190
173 186
181 199
216 166
165 182
185 160
181 208
165 191
164 191
164 190
165 192
216 175
227 175
173 204
208 171
174 169
185 169
177 165
174 178
185 178
165 209
177 174
185 187
174 187
187 206
176 206
177 183
166 183
218 184
207 184
186 161
166 192
177 192
179 211
199 189
188 189
210 189
178 166
189 166
219 167
188 198
200 163
201 162
191 194
180 194
219 176
211 172
222 172
180 203
219 185
203 168
222 181
211 181
168 210
169 175
200 190
211 190
184 173
169 184
192 186
203 186
160 215
160 216
159 215
192 195
212 173
172 189
223 173
184 191
204 169
181 167
215 169
184 200
212 182
223 182
173 163
181 176
215 178
184 209
172 207
173 172
204 187
215 187
173 181
181 194
183 213
173 190
165 186
185 164
208 166
174 164
195 196
185 173
174 173
165 204
177 169
230 172
176 201
187 201
177 178
166 178
218 179
164 208
176 210
188 175
179 206
207 188
218 188
217 188
210 184
188 184
189 161
178 161
199 193
188 193
180 189
191 189
219 171
188 202
211 167
222 167
180 198
191 198
219 180
192 163
203 163
222 176
211 176
184 159
184 158
180 207
168 205
203 172
192 172
200 185
222 185
184 168
203 181
169 179
192 181
184 177
172 175
203 190
192 190
169 188
172 184
212 168
223 168
184 186
215 164
204 164
181 162
184 195
169 206
181 171
200 180
215 173
204 173
172 202
196 169
173 167
226 170
181 180
161 211
196 178
173 176
183 208
173 185
214 186
193 163
165 181
195 182
185 159
165 190
206 191
195 191
174 168
185 168
194 188
198 187
187 187
176 187
177 164
218 165
187 196
177 173
185 176
179 192
207 174
218 174
176 205
187 205
188 170
210 170
199 170
218 183
207 183
179 201
180 166
164 212
210 179
199 179
179 210
191 175
180 175
199 188
210 188
188 188
180 184
188 174
168 182
191 184
188 197
200 162
168 191
191 193
180 193
188 206
211 171
200 171
222 171
180 202
203 167
192 167
222 180
211 180
169 174
203 176
180 161
192 176
172 170
184 172
188 192
192 185
203 185
169 183
160 214
172 179
184 181
169 192
184 190
172 188
204 168
181 166
215 168
217 187
196 164
173 162
181 175
183 194
173 171
214 172
226 174
183 203
229 170
228 169
173 180
214 181
183 212
206 177
175 208
176 173
165 185
206 186
195 186
176 182
187 182
198 182
195 195
176 191
164 189
198 191
187 191
218 169
179 187
207 169
176 200
187 200
188 165
199 165
207 178
179 196
191 161
164 207
187 209
176 209
210 174
199 174
218 187
179 205
207 187
180 170
191 170
199 183
188 183
210 183
168 177
180 179
191 179
199 192
179 191
180 188
191 188
219 170
168 186
222 166
200 166
188 178
191 165
180 197
191 197
192 162
200 175
222 175
211 175
168 204
192 171
203 171
184 167
172 165
203 180
169 178
184 176
172 174
225 177
169 187
182 206
171 206
172 183
202 184
181 161
217 182
172 192
163 211
194 189
183 189
173 166
226 169
214 167
194 198
183 198
195 163
214 176
226 178
183 207
195 172
206 172
175 203
214 185
187 168
176 168
198 168
195 181
206 181
198 177
187 177
176 177
206 190
195 190
179 173
167 184
198 186
164 184
176 186
187 186
179 182
218 164
187 195
188 160
218 173
207 173
176 204
187 204
210 169
199 169
188 169
207 182
218 182
179 200
180 165
164 211
199 178
179 209
180 174
199 187
210 187
168 181
191 183
180 183
221 184
168 190
191 192
213 189
192 166
203 166
205 185
190 196
184 162
169 173
184 171
172 169
225 172
182 201
217 168
172 178
202 179
182 210
183 175
217 177
202 188
194 184
217 186
183 184
175 180
183 193
194 193
214 171
226 173
183 202
195 167
206 167
214 180
198 163
187 163
206 176
195 176
175 207
187 172
176 172
198 172
206 185
195 185
179 168
198 181
187 181
176 181
195 194
179 177
176 190
187 190
198 190
207 168
218 168
179 186
187 199
188 164
199 164
179 195
218 177
191 160
164 206
188 173
199 173
210 173
191 169
186 203
180 169
221 170
168 176
191 178
180 178
221 179
178 208
167 208
224 175
213 175
168 185
213 184
205 180
190 191
205 189
171 187
182 187
172 164
202 165
225 167
182 196
172 173
202 174
225 176
171 205
182 205
194 170
217 172
183 170
202 183
175 166
183 179
217 181
194 179
163 210
202 192
175 175
183 188
175 184
214 166
183 197
194 197
214 175
187 158
183 206
206 171
229 173
175 202
214 184
187 167
176 167
179 163
187 176
176 176
179 172
187 185
164 183
176 185
209 182
220 182
188 159
179 190
186 189
210 168
201 187
191 164
180 164
186 198
186 207
221 174
178 203
167 203
224 170
213 170
168 180
221 183
205 166
213 179
224 179
170 208
190 186
213 188
205 184
171 182
190 195
182 191
171 191
202 169
225 171
182 200
183 165
217 167
225 180
182 209
171 209
183 174
217 176
202 187
175 170
217 185
163 214
175 179
194 192
183 192
175 188
214 170
216 189
206 166
187 162
176 162
176 171
187 171
228 172
179 167
174 201
198 180
179 176
185 210
209 177
220 177
164 187
177 206
220 186
209 186
186 184
186 193
178 189
167 189
201 191
189 189
186 202
178 198
189 198
190 163
221 178
178 207
167 207
190 172
213 174
224 174
170 203
182 168
171 168
205 170
213 183
182 177
171 177
190 190
171 186
205 188
190 199
202 164
182 195
183 160
225 175
202 173
182 204
171 204
217 171
183 169
194 169
202 182
175 165
183 178
163 209
175 174
183 187
194 187
175 183
216 184
162 213
195 161
193 191
187 157
208 189
198 166
201 168
187 166
176 166
179 162
185 196
185 205
179 171
186 170
209 172
220 172
177 201
197 179
209 181
186 179
220 181
166 210
189 175
178 175
201 177
197 188
186 188
209 190
201 186
178 184
189 184
186 197
170 180
189 193
186 206
221 173
170 189
178 202
224 169
190 167
221 182
182 163
205 165
171 163
213 178
190 176
224 178
182 172
171 172
205 174
190 185
159 216
182 181
205 183
171 181
190 194
182 190
171 190
202 168
182 199
183 164
217 166
194 164
194 173
183 173
175 169
181 203
227 170
216 170
175 178
181 212
216 179
173 208
162 208
208 175
216 188
193 186
185 182
208 184
174 182
193 195
174 191
185 191
228 171
166 187
177 187
185 200
174 200
209 167
186 165
220 167
197 165
201 163
174 209
220 176
209 176
186 174
177 205
201 172
189 170
178 170
209 185
186 183
197 183
220 185
167 179
178 179
201 181
186 192
197 192
170 175
189 188
201 190
167 188
178 188
186 201
170 184
221 168
189 197
190 162
178 206
190 171
213 173
170 202
171 167
205 169
182 167
190 180
182 176
171 176
205 178
223 177
212 177
182 185
171 185
212 186
184 204
202 163
204 182
215 182
183 159
181 189
204 191
194 168
196 187
181 198
175 164
216 165
181 207
193 172
216 174
227 174
173 203
208 170
193 181
216 183
162 212
174 177
208 179
185 177
165 208
193 190
185 186
174 186
208 188
166 182
177 182
185 195
186 160
166 191
177 191
174 204
185 204
197 169
209 171
186 169
220 171
177 200
178 165
201 167
185 213
220 180
197 178
166 209
189 174
178 174
201 176
197 187
186 187
178 183
189 183
201 185
167 183
189 192
167 192
178 192
180 211
170 188
211 189
200 189
190 166
224 168
182 162
190 175
192 194
171 171
182 171
212 172
223 172
182 180
223 181
184 199
212 181
169 210
204 177
215 177
172 206
184 208
181 184
204 186
215 186
161 215
196 182
181 193
196 191
173 189
181 202
227 169
193 167
216 169
174 163
185 163
181 211
216 178
173 207
174 172
208 174
185 172
193 185
216 187
177 168
208 183
174 181
185 181
193 194
165 212
166 177
177 177
185 190
174 190
228 170
166 186
177 186
185 199
220 166
186 164
177 163
197 164
189 160
197 173
220 175
186 173
177 204
166 204
201 171
189 169
178 169
197 182
186 182
188 201
178 178
167 178
170 174
189 187
178 187
180 206
170 183
200 184
211 184
190 161
192 180
203 189
192 189
171 166
182 166
212 167
223 167
184 185
165 207
192 198
212 176
223 176
184 194
169 205
181 170
204 172
184 203
212 185
196 168
215 181
204 181
184 212
161 210
196 177
173 175
181 188
204 190
173 184
181 197
216 164
193 162
196 195
185 158
181 206
165 189
227 173
173 202
185 185
208 169
185 167
216 182
