679 552
679 553
678 551
680 553
681 554
682 554
678 554
681 553
683 553
684 552
680 551
681 550
680 554
682 551
685 553
685 554
684 555
686 555
687 554
683 556
686 552
688 555
689 554
690 555
691 554
692 553
682 557
681 556
680 557
679 556
678 557
677 556
676 557
675 558
674 557
673 557
687 551
685 556
688 552
689 551
687 553
690 552
672 556
674 556
677 552
676 553
675 552
679 558
681 552
686 554
675 554
689 553
690 554
673 556
687 555
676 555
676 554
675 555
676 551
674 553
673 554
679 554
672 553
677 554
671 554
677 553
674 559
673 559
672 559
677 558
677 559
676 560
675 561
676 562
674 562
675 563
679 551
674 564
683 551
686 556
675 556
689 555
675 565
674 563
675 564
674 565
672 554
679 555
687 556
676 556
678 553
677 555
676 559
678 556
681 555
678 559
684 551
683 555
684 554
686 551
683 552
675 560
688 551
673 552
675 557
691 553
688 554
682 550
680 556
682 553
671 553
672 552
672 558
682 556
674 555
685 555
673 553
672 555
674 552
685 552
677 551
674 558
674 561
677 560
676 552
687 552
676 558
678 555
677 557
676 561
678 552
681 551
678 558
679 557
684 553
683 557
684 556
681 557
675 553
686 553
683 554
675 562
688 553
689 552
675 559
680 555
688 556
690 553
680 552
691 552
680 558
682 555
682 552
685 551
673 555
672 557
674 554
674 560
673 558
