143 316
144 316
145 316
143 317
146 315
142 318
142 315
141 316
144 318
141 319
144 315
143 319
140 320
139 319
138 320
137 319
140 317
139 316
138 317
137 318
136 317
145 319
147 316
147 317
148 315
149 314
148 318
149 317
150 316
151 317
137 321
152 316
139 318
150 315
141 321
143 318
142 320
144 317
149 313
148 317
140 322
145 318
147 315
146 317
153 315
150 317
141 314
152 314
142 313
141 312
153 313
152 312
143 320
142 322
144 319
135 316
148 319
140 315
151 315
154 314
145 320
146 319
137 316
143 313
144 312
143 311
144 310
145 311
143 322
144 321
148 312
149 311
147 313
149 320
150 319
148 321
154 316
145 313
146 312
146 321
150 312
150 321
150 322
151 322
152 321
153 320
152 319
154 319
155 318
155 320
154 321
156 318
152 323
153 322
154 323
156 320
152 318
141 318
143 315
153 317
142 317
144 314
157 317
156 316
158 318
148 314
140 319
151 319
154 318
146 314
136 315
135 314
136 313
135 312
137 312
138 311
137 314
139 311
134 311
133 310
133 312
132 313
131 312
130 311
131 310
130 309
129 308
130 307
128 309
127 308
126 309
127 310
125 308
131 314
136 311
133 314
133 315
135 311
134 313
126 308
127 307
126 306
125 306
127 305
126 304
128 304
128 306
138 313
139 313
140 310
141 310
139 309
140 308
141 309
128 307
129 310
131 307
132 306
131 305
137 311
150 314
141 311
142 310
133 307
133 308
152 320
141 320
125 303
124 304
139 320
142 319
153 319
135 313
134 315
127 309
155 322
157 319
148 316
138 315
149 315
140 312
151 312
131 309
132 308
151 321
140 321
146 316
141 313
152 313
142 312
133 309
134 308
135 307
136 308
137 307
135 309
137 309
125 305
142 321
153 321
155 315
138 308
129 305
140 314
151 314
154 313
131 311
130 313
132 310
136 310
156 322
147 319
150 318
152 315
139 315
142 314
153 314
144 311
133 311
134 310
125 307
127 304
153 323
155 317
148 311
138 310
129 307
148 320
130 306
149 319
138 319
140 316
151 316
131 313
132 312
146 311
156 315
145 315
147 312
136 312
150 311
128 308
139 308
147 321
150 320
137 320
139 317
142 316
153 316
144 313
134 312
155 319
157 316
148 313
138 312
149 312
140 309
129 309
131 306
130 308
149 321
138 321
140 318
151 318
132 314
154 320
145 317
156 317
136 314
147 314
150 313
137 313
139 310
128 310
133 306
153 318
134 314
143 310
126 303
152 322
141 322
155 321
157 318
135 315
138 314
129 311
140 311
131 308
130 310
132 307
151 320
136 307
154 322
156 319
136 316
146 318
137 315
139 312
142 311
134 307
139 321
125 304
141 315
155 314
135 308
126 305
138 307
143 321
129 304
155 323
144 320
138 316
149 316
140 313
151 313
130 312
132 309
154 315
145 312
136 309
137 308
128 305
145 321
156 321
147 318
136 318
146 320
137 317
139 314
134 309
141 317
152 317
143 314
155 316
133 313
135 310
138 309
126 307
129 306
127 306
144 322
130 305
149 318
138 318
130 314
132 311
154 317
145 314
147 311
146 313
137 310
139 307
156 323
147 320
