469 577
470 577
469 576
468 575
467 576
468 574
468 577
467 578
467 575
469 578
469 575
466 576
466 579
465 580
464 579
463 580
462 579
461 580
460 579
459 580
458 581
457 580
456 581
465 577
466 580
467 581
468 580
469 581
470 580
471 579
472 578
473 579
470 576
471 575
472 574
471 573
462 581
468 576
467 580
472 576
461 582
460 582
464 581
466 578
465 582
456 579
470 578
471 577
473 574
474 573
473 572
474 571
473 570
475 570
476 569
477 570
476 571
477 572
475 572
462 583
478 573
479 572
480 571
479 570
477 574
467 573
472 569
471 568
470 567
471 566
472 565
469 568
468 567
472 567
470 569
473 565
474 564
473 563
474 562
475 561
476 562
477 563
475 563
476 564
468 569
477 565
478 566
469 570
474 566
467 582
475 565
458 579
469 579
459 578
458 577
460 577
475 574
461 584
460 584
459 585
458 584
458 586
457 587
456 586
456 588
460 586
458 588
459 587
464 583
479 565
465 575
464 574
479 574
481 571
470 571
480 573
471 570
473 567
465 584
473 576
474 576
457 589
456 590
460 588
461 589
462 588
462 590
461 591
460 591
459 592
458 593
457 592
456 593
457 594
456 595
460 593
458 595
459 594
457 596
477 567
469 572
461 577
458 590
461 586
470 573
456 597
457 598
481 573
473 569
462 578
473 578
465 579
457 584
477 562
457 593
477 571
469 567
458 576
457 575
458 585
461 581
461 590
473 564
476 566
476 575
477 576
468 571
465 574
480 572
465 583
457 579
457 588
477 566
457 597
456 584
477 575
458 575
455 597
469 571
461 576
472 573
464 578
476 561
476 570
455 590
468 566
465 578
457 574
457 583
477 561
469 566
460 585
456 596
460 594
461 595
472 568
472 577
464 573
475 573
464 582
476 565
476 574
468 570
468 565
468 579
465 573
460 575
457 578
479 575
480 576
480 577
480 578
481 578
456 582
471 580
460 580
456 591
460 589
472 563
472 572
475 568
472 581
472 582
473 583
475 577
475 578
476 579
476 580
477 581
477 580
464 577
476 560
475 559
456 577
455 576
454 575
454 574
453 576
453 577
452 575
451 574
450 573
450 572
449 571
449 570
450 571
451 570
451 569
450 568
450 567
449 566
449 565
449 574
449 575
450 576
450 577
451 578
451 579
452 580
453 581
453 582
454 583
454 584
453 585
453 586
453 587
454 588
452 584
451 583
450 582
450 581
449 580
449 579
449 583
449 584
449 585
450 586
450 587
451 588
449 588
449 589
449 590
450 591
450 590
452 589
453 590
453 591
448 587
449 569
479 579
479 580
480 581
480 582
481 583
448 582
447 581
446 580
446 579
445 578
445 577
446 578
445 581
445 582
446 583
446 584
446 585
445 586
445 587
446 588
446 589
445 590
445 591
445 592
446 593
446 594
445 595
445 596
445 597
446 598
446 597
444 594
443 593
448 591
464 572
463 571
462 570
462 569
461 568
461 567
461 571
461 572
461 573
462 574
460 566
452 570
475 581
475 582
476 583
476 584
476 585
477 585
475 586
475 587
476 588
476 589
477 590
452 579
452 588
475 590
475 591
475 592
476 593
476 594
477 594
475 595
475 596
475 597
476 598
476 599
477 599
476 597
475 600
475 601
476 602
476 603
474 594
453 571
454 570
455 571
454 569
453 568
453 572
453 567
454 566
455 567
454 565
454 564
453 563
453 562
454 561
455 562
454 560
452 561
451 560
450 559
450 558
450 557
451 556
451 555
450 554
450 553
449 552
449 556
449 551
449 560
449 561
450 562
450 563
451 564
451 565
445 576
446 575
446 574
445 573
445 572
478 582
444 589
443 588
442 587
442 586
441 585
441 584
441 588
441 589
478 591
449 555
478 600
478 601
479 602
479 603
449 564
444 598
456 563
457 564
458 563
459 564
458 562
457 561
457 565
457 566
458 567
458 568
458 566
457 560
457 569
457 570
458 571
458 572
457 559
458 558
458 557
457 556
457 555
458 554
459 555
458 553
458 552
457 551
457 550
456 549
455 549
455 548
454 547
458 549
459 550
454 546
458 548
457 547
454 550
454 551
454 552
455 553
453 549
457 546
458 547
459 546
453 553
453 554
454 555
454 556
455 557
455 558
459 596
459 597
460 598
460 599
461 600
456 572
442 592
442 591
441 593
448 568
447 567
446 566
446 565
446 564
447 563
447 562
446 561
446 560
445 559
445 563
445 558
444 557
443 556
443 555
442 554
442 553
443 552
444 552
443 551
443 550
442 549
442 548
443 547
444 548
444 547
443 546
442 545
442 544
470 574
445 549
445 567
444 566
443 566
443 565
442 564
442 563
442 567
442 568
443 569
443 570
445 568
446 569
446 570
442 562
443 561
443 560
442 559
442 558
441 566
441 561
442 583
443 584
442 582
442 581
441 580
441 579
442 578
443 579
442 577
440 578
439 577
439 576
438 575
438 574
439 573
439 572
438 571
438 570
438 569
439 568
439 567
438 566
437 566
438 565
437 573
446 550
447 549
447 548
446 547
446 551
446 546
447 545
448 545
447 544
447 543
446 542
446 541
447 540
448 540
447 539
445 540
444 539
443 538
442 538
444 538
442 539
442 540
443 541
443 542
444 543
441 538
449 546
449 547
450 548
451 547
451 546
450 549
451 550
451 551
451 545
451 544
450 544
450 543
451 542
451 541
450 540
450 539
449 542
437 568
460 570
479 583
479 584
479 585
480 586
480 587
481 587
479 588
479 589
480 590
481 590
480 591
481 592
480 593
479 594
480 595
480 596
479 593
478 587
479 597
479 598
478 596
482 589
483 590
484 589
485 590
484 588
483 587
483 591
484 592
484 593
483 594
484 594
483 586
483 595
483 596
482 597
484 597
484 598
486 591
483 585
484 584
484 583
485 582
485 581
484 580
485 579
486 578
484 579
483 582
451 584
487 579
487 580
488 581
488 582
489 583
490 584
491 585
483 581
482 598
440 573
452 547
472 562
471 561
475 567
441 574
452 583
453 548
445 544
455 594
447 590
467 568
486 581
446 545
478 577
449 550
444 584
456 558
448 554
459 600
460 565
479 578
471 574
456 594
448 590
452 560
485 594
443 597
463 575
482 588
474 584
445 557
444 561
459 577
478 590
444 597
456 571
448 567
462 587
441 564
440 563
439 562
438 561
474 561
463 588
455 584
474 597
473 597
473 596
472 595
471 594
447 580
459 554
478 567
444 574
443 575
456 548
489 582
448 544
460 555
461 554
462 555
471 564
458 594
437 571
436 571
435 570
436 570
470 568
461 599
440 576
481 577
441 541
440 541
440 540
439 539
438 538
473 573
452 550
485 584
451 591
443 587
462 600
454 596
482 578
455 561
474 574
444 551
447 593
467 571
466 571
466 570
459 567
477 584
456 561
469 580
448 557
447 558
447 557
451 568
470 581
443 564
462 577
454 573
463 578
455 574
447 570
466 583
444 564
480 603
460 545
461 544
462 545
459 544
439 571
477 597
450 580
442 576
462 554
463 553
452 540
451 581
443 577
463 555
454 586
455 551
447 547
444 541
435 572
488 584
487 584
488 585
480 580
459 557
446 587
458 561
449 592
449 593
448 547
489 585
461 566
462 565
463 566
463 565
458 597
450 593
451 558
442 589
443 554
462 567
481 580
454 563
484 591
476 587
455 564
468 583
468 584
447 560
445 599
445 600
444 554
445 554
446 555
457 573
446 600
439 561
458 574
477 587
450 570
469 583
442 566
461 579
462 544
463 543
462 542
463 542
472 594
451 571
443 567
463 545
464 545
465 545
475 599
454 576
453 580
476 600
480 570
446 577
438 573
457 586
458 551
449 582
477 564
450 547
461 556
461 557
460 597
439 574
450 583
451 548
491 584
442 579
470 561
469 560
470 559
469 558
468 561
470 558
483 580
443 544
462 557
454 553
473 566
452 592
452 593
484 581
476 577
468 573
487 586
447 550
453 593
445 589
446 554
457 563
449 559
480 583
446 590
479 587
458 564
450 560
469 573
442 556
461 569
472 584
471 584
472 585
473 586
464 580
483 593
443 557
475 589
453 570
445 566
465 544
476 590
446 567
478 599
438 563
457 576
449 572
461 546
460 587
439 564
479 600
471 596
471 597
472 561
442 569
475 566
441 573
452 582
472 597
475 602
476 567
434 570
433 570
453 583
445 579
446 544
438 540
438 541
457 553
449 549
459 599
438 576
479 577
439 541
450 550
490 586
442 546
448 589
460 600
491 587
492 588
492 587
493 588
494 587
495 588
495 587
496 586
496 588
494 589
494 590
495 590
464 570
483 583
475 579
441 586
453 560
445 556
446 557
486 593
487 594
488 595
488 594
489 595
490 594
491 595
491 594
487 596
487 597
488 597
490 596
490 597
491 597
478 589
444 596
449 562
456 570
479 590
471 586
441 563
452 572
463 587
474 596
453 573
445 569
449 539
459 589
460 554
478 602
479 567
480 568
481 568
481 567
482 566
482 565
482 568
483 568
484 569
484 568
483 570
483 571
484 571
485 572
485 571
486 571
486 570
471 563
437 570
456 583
448 579
440 575
441 540
460 590
452 549
493 587
472 564
475 569
462 599
463 598
441 576
482 577
452 585
453 550
445 546
463 600
464 601
465 600
455 596
447 592
467 570
486 583
459 566
478 579
444 586
456 560
489 594
448 556
460 567
471 576
448 592
441 553
440 553
481 589
452 562
485 596
463 577
482 590
455 573
474 586
466 582
444 563
467 583
459 579
460 544
478 592
477 596
437 560
436 560
435 560
435 559
434 558
433 559
433 560
434 560
456 573
448 569
440 565
452 539
485 573
485 574
451 580
470 593
470 592
470 591
469 593
468 594
467 593
466 593
466 592
467 591
462 589
463 554
481 602
454 585
482 567
473 598
474 563
453 540
454 541
454 540
455 539
456 538
455 541
463 590
464 591
464 590
465 590
455 586
474 599
447 582
467 560
467 559
466 558
467 558
466 560
465 557
464 558
466 559
486 573
487 574
487 573
488 572
489 573
490 574
489 572
488 574
491 574
459 556
478 569
444 576
436 572
456 550
448 546
489 584
440 542
440 543
460 557
492 589
492 590
458 596
450 592
470 570
461 601
461 602
462 566
441 543
481 579
473 575
452 552
493 590
451 593
443 589
462 602
463 567
464 568
465 567
454 598
482 580
455 563
447 559
466 572
444 553
447 595
488 596
480 592
459 569
446 599
458 573
477 586
469 582
448 559
489 597
470 583
463 544
455 540
435 561
435 562
488 573
465 589
465 588
436 562
456 540
457 541
458 541
489 574
469 595
468 596
470 560
462 556
481 569
463 557
495 589
496 590
497 591
488 586
465 602
466 603
467 604
468 604
469 604
469 603
470 604
471 604
472 605
473 606
474 607
471 606
471 607
472 607
464 603
474 606
467 603
470 603
473 608
473 609
474 609
475 610
476 610
466 605
477 609
476 608
478 610
479 611
477 607
479 610
478 612
469 605
468 606
468 607
470 606
472 606
475 611
475 612
476 612
468 608
449 594
449 595
437 540
436 539
435 539
450 595
491 596
468 585
468 586
487 598
445 601
445 602
446 602
447 603
447 602
448 602
449 603
450 603
451 603
452 603
453 604
453 603
452 605
449 604
449 605
450 605
453 605
454 606
455 607
455 606
456 606
457 607
457 606
458 607
458 606
454 608
454 609
455 609
457 608
457 609
458 609
459 610
460 610
461 611
462 610
463 611
464 611
465 611
465 610
461 612
463 610
462 612
465 612
466 613
467 614
464 613
464 614
467 613
466 615
466 616
467 616
468 617
468 616
469 616
469 615
470 614
469 613
470 613
470 616
471 617
472 617
473 618
474 617
473 619
474 619
475 620
476 621
476 620
477 620
478 620
479 621
479 620
475 622
478 622
478 623
479 623
480 623
481 623
481 622
482 621
481 620
482 623
483 624
484 624
477 619
483 625
483 626
484 626
485 627
486 626
476 622
468 618
468 619
469 618
479 622
471 618
471 619
472 619
464 615
439 563
469 585
462 546
454 542
454 543
472 596
464 592
464 593
484 570
463 547
464 548
464 547
465 547
466 548
466 547
467 548
467 547
466 549
466 550
467 550
468 551
469 550
469 549
469 548
470 548
470 550
471 551
472 552
473 551
474 552
474 551
473 553
474 554
475 554
476 555
476 554
477 554
478 554
479 555
472 551
475 556
475 557
476 557
478 556
478 557
479 557
480 558
481 557
482 556
481 555
482 555
471 553
481 556
482 557
483 558
484 559
484 558
483 560
474 553
480 559
480 560
477 553
477 552
477 551
481 559
473 555
455 543
487 575
487 576
432 559
431 559
430 560
430 559
431 558
430 557
431 557
429 557
428 557
428 556
431 556
432 555
431 554
432 554
432 557
429 556
432 556
428 558
465 556
465 555
488 576
465 592
439 540
469 562
468 563
461 558
479 612
480 613
480 614
481 613
481 612
482 611
481 610
482 610
482 613
483 614
483 613
484 612
484 614
484 613
480 615
483 615
483 616
484 616
485 617
485 616
486 616
487 617
488 617
489 618
490 617
491 618
491 617
490 619
489 617
487 618
487 619
488 619
491 619
492 620
493 621
494 620
495 621
495 620
496 621
494 622
494 623
495 623
493 620
496 620
492 622
492 623
493 623
495 622
494 624
495 625
486 615
486 614
471 608
471 609
491 586
462 559
494 591
494 592
452 594
452 595
472 609
495 592
482 622
453 595
446 556
465 569
467 615
486 628
487 629
488 630
485 629
488 629
489 628
490 627
491 628
488 627
491 627
490 629
490 630
491 630
492 630
489 627
489 630
491 629
487 631
490 631
459 611
459 612
478 624
439 553
438 553
438 552
438 551
439 551
437 550
436 550
435 550
435 549
436 548
435 547
434 548
433 547
436 547
437 548
434 547
437 547
433 549
433 550
434 550
436 549
432 546
432 545
431 544
432 544
431 546
430 547
429 546
429 545
428 544
429 544
428 546
427 543
426 544
428 545
435 551
435 552
425 543
424 543
423 543
423 542
424 541
423 540
422 541
421 541
421 540
424 540
425 539
425 541
422 540
425 540
421 542
421 543
422 543
424 542
436 552
427 542
427 541
471 585
490 598
490 599
456 605
455 604
456 604
456 603
448 601
448 600
448 599
460 612
420 539
420 538
419 537
418 536
417 535
418 535
417 537
416 537
418 538
420 537
419 539
415 536
414 537
414 536
418 537
416 538
416 539
417 539
472 586
431 548
430 549
491 599
492 600
492 599
493 598
493 600
494 600
495 600
496 599
495 598
496 598
496 600
497 601
494 601
494 602
495 602
423 544
484 560
485 561
485 562
486 561
487 561
488 562
488 561
489 560
489 562
487 563
487 564
488 564
490 563
491 562
490 564
491 564
492 565
493 566
494 567
493 565
492 567
495 567
496 566
495 565
496 565
496 568
497 568
498 568
499 568
500 569
500 568
501 569
499 570
499 571
500 571
502 570
503 569
502 571
503 571
498 567
486 560
489 561
500 570
492 566
501 571
493 567
485 563
485 564
503 570
496 567
488 563
499 572
499 573
489 564
500 573
491 563
502 572
502 573
494 568
494 569
503 573
504 574
505 574
506 574
507 575
507 574
508 573
507 572
508 572
508 574
506 575
476 556
495 569
468 552
468 553
487 565
434 559
413 536
412 536
424 545
465 546
457 542
457 543
488 566
467 592
458 543
430 561
477 556
490 575
490 576
469 552
427 555
426 554
427 553
426 556
425 553
425 552
424 551
425 551
423 552
423 553
422 551
421 550
424 553
420 550
419 550
419 549
420 548
419 547
418 548
417 548
416 547
417 547
420 547
416 549
417 550
421 551
415 546
414 547
414 548
418 547
421 552
421 553
422 553
414 549
424 552
417 549
418 550
420 549
423 554
423 555
413 546
412 546
412 545
412 544
413 544
411 543
410 543
410 542
410 541
410 540
411 541
424 555
416 551
419 551
471 598
491 576
492 577
492 578
493 578
494 577
495 578
495 577
496 576
495 575
496 575
496 578
494 579
495 580
493 577
496 577
492 579
495 579
496 580
497 581
497 580
464 559
464 560
483 572
494 581
441 575
420 552
493 622
485 618
485 619
484 573
497 592
497 593
463 599
487 578
482 612
474 608
434 572
466 604
486 582
465 559
438 542
438 543
467 605
486 618
459 601
459 602
439 543
490 588
489 629
460 602
493 599
470 615
462 611
481 624
480 625
480 626
481 625
473 620
473 621
434 549
426 545
426 546
463 612
482 625
455 608
474 621
447 604
447 605
466 617
486 595
479 556
498 569
497 570
497 571
490 565
490 566
427 545
479 592
472 553
491 566
464 549
464 550
475 558
448 604
422 552
441 565
481 601
481 600
482 600
483 601
484 602
484 601
483 603
483 604
484 604
485 604
486 604
486 603
484 603
483 605
486 605
487 606
487 607
488 607
485 606
485 607
486 606
488 606
489 605
489 607
490 607
491 607
487 608
487 609
488 609
490 608
490 609
491 609
492 610
493 611
494 610
495 611
495 610
496 611
497 611
494 612
493 610
496 610
492 612
495 612
496 613
497 614
497 613
489 606
492 611
433 561
433 562
493 612
452 574
453 539
485 608
485 609
497 582
497 583
411 542
463 589
482 602
455 585
474 598
434 562
466 594
466 595
445 571
486 572
478 568
457 545
449 541
444 575
415 548
488 618
467 595
459 591
460 556
478 604
479 569
471 565
477 608
437 572
456 585
448 581
489 619
440 577
441 542
492 624
452 551
493 589
485 585
485 586
451 592
470 605
462 601
481 614
441 578
454 597
482 579
473 610
473 611
474 575
434 539
433 539
453 552
445 548
484 625
463 602
455 598
474 611
447 594
487 630
467 572
486 585
459 568
478 581
444 588
437 549
456 562
488 631
489 596
448 558
480 627
480 628
440 554
440 555
460 569
501 570
492 601
492 602
471 578
458 608
477 621
450 604
469 617
470 582
461 613
461 614
422 542
481 591
441 555
414 538
414 539
433 551
473 587
473 588
493 602
452 564
485 598
451 605
497 572
470 618
462 614
463 579
482 592
454 610
455 575
474 588
447 571
447 572
466 584
467 549
486 562
459 545
478 558
478 559
444 565
436 561
415 538
496 612
456 539
488 608
467 585
480 604
480 605
459 581
460 546
479 559
418 549
437 562
477 598
469 594
429 558
448 571
489 609
421 554
421 555
440 567
452 541
493 579
485 575
485 576
410 544
451 582
470 595
443 578
462 591
422 555
463 556
481 604
454 587
482 569
455 552
473 600
474 565
466 561
466 562
445 538
411 545
484 615
444 542
463 592
435 573
435 574
476 611
455 588
495 624
496 589
447 584
487 620
487 621
467 562
459 558
478 571
465 601
444 578
436 574
437 539
496 625
456 552
488 621
448 548
489 586
440 544
440 545
492 591
458 598
477 611
450 594
451 559
469 607
470 572
442 590
461 603
462 568
441 545
481 581
473 577
485 588
472 618
491 631
451 595
443 591
483 627
483 628
462 604
463 569
475 623
475 624
455 565
495 601
474 578
447 561
466 574
425 542
484 628
444 555
417 538
476 624
436 551
496 602
497 603
497 604
497 605
468 620
468 621
428 547
428 548
488 598
489 563
480 594
500 572
446 601
492 568
492 569
465 614
457 610
418 539
437 552
477 588
449 606
449 607
469 584
429 548
470 549
421 544
481 558
501 573
473 554
493 569
485 565
458 611
450 607
451 572
491 608
470 585
443 568
463 546
482 559
454 577
494 613
494 614
455 542
474 555
466 551
466 552
413 545
432 558
424 554
484 605
416 550
476 601
435 563
435 564
495 614
496 579
468 597
468 598
447 574
487 610
488 575
467 552
459 548
465 591
425 555
417 551
436 564
456 542
469 561
488 611
489 576
439 575
477 601
450 584
490 620
490 621
451 549
469 597
470 562
442 580
443 545
461 593
462 558
454 554
472 608
491 621
464 604
464 605
443 581
483 617
484 582
475 613
475 614
463 559
476 578
435 540
435 541
494 626
495 591
455 555
447 551
487 587
487 588
453 594
465 568
484 618
444 545
476 614
436 541
496 592
488 588
480 584
446 591
486 627
465 604
439 552
458 565
477 578
449 596
450 561
469 574
442 557
461 570
460 611
479 624
471 620
471 621
431 547
491 598
451 562
442 593
443 558
462 571
503 572
494 603
494 604
454 567
495 568
452 606
452 607
472 621
432 548
424 544
484 595
416 540
416 541
476 591
435 553
495 604
496 569
468 587
468 588
488 565
480 561
480 562
453 607
499 574
445 603
446 568
465 581
425 545
438 564
457 577
417 541
458 542
477 555
449 573
469 551
489 566
461 547
461 548
427 554
479 601
439 565
458 578
450 574
490 610
490 611
451 539
491 575
442 570
470 552
461 583
462 548
481 561
454 544
494 580
420 551
412 547
472 598
431 560
491 611
464 594
464 595
423 556
423 557
484 572
475 603
476 568
495 581
455 545
468 564
487 577
447 541
434 571
413 548
453 584
445 580
424 557
465 558
457 554
488 578
480 574
486 617
446 581
478 613
478 614
439 542
457 590
458 555
477 568
449 586
490 587
450 551
469 564
442 547
461 560
460 601
479 614
471 610
472 575
451 552
491 588
464 571
483 584
443 548
475 580
454 557
453 558
494 593
441 587
452 596
452 597
453 561
432 538
431 538
430 539
430 538
429 538
428 538
428 537
485 630
485 631
484 585
476 581
487 590
482 624
474 620
453 597
445 593
486 594
446 558
465 571
438 554
438 555
457 567
430 550
430 551
449 563
467 617
427 544
486 630
459 613
459 614
460 578
419 540
419 541
479 591
439 555
471 587
471 588
450 564
490 600
491 565
442 560
483 561
483 562
456 607
502 574
448 603
494 570
494 571
460 614
420 541
412 537
452 573
472 588
431 550
423 546
464 584
483 597
484 562
475 593
476 558
495 571
468 554
468 555
487 567
482 601
434 561
453 574
413 538
426 557
426 558
445 570
465 548
457 544
449 540
415 547
480 564
467 594
486 607
446 571
459 590
478 603
438 567
479 568
458 545
449 576
448 577
450 541
490 577
490 578
469 554
448 580
427 557
419 553
479 604
491 578
464 561
464 562
483 574
441 577
452 586
493 624
453 551
485 620
485 621
445 547
497 594
497 595
463 601
482 614
474 610
466 606
466 607
445 583
446 548
486 584
465 561
438 544
478 580
457 557
430 540
430 541
449 553
444 587
467 607
459 603
460 568
479 581
442 550
441 551
448 593
489 631
441 554
452 563
493 601
485 597
451 604
475 583
470 617
462 613
441 590
481 626
482 591
473 622
473 623
434 551
474 587
453 564
426 547
426 548
445 560
463 614
455 610
415 537
474 623
447 606
447 607
467 584
486 597
478 593
479 558
498 571
430 553
429 554
471 554
471 555
490 567
437 561
456 574
448 570
489 608
440 566
460 581
492 613
492 614
491 615
471 590
472 555
491 568
464 551
483 564
470 594
475 560
422 554
441 567
481 603
433 563
473 599
493 614
452 576
453 541
485 610
497 584
411 544
463 591
482 604
455 587
434 564
474 600
447 583
466 596
466 597
465 598
467 561
486 574
478 570
444 577
449 543
436 573
415 550
456 551
488 620
467 597
480 616
480 617
459 593
460 558
479 571
471 567
477 610
437 574
456 587
469 606
448 583
489 621
440 579
441 544
433 540
433 541
432 542
492 626
452 553
493 591
485 587
451 594
470 607
443 590
462 603
463 568
481 616
454 599
454 600
453 601
482 581
473 612
474 577
434 541
466 573
445 550
497 597
484 627
463 604
476 623
509 571
455 600
456 601
457 600
496 601
447 596
466 609
467 574
486 587
459 570
478 583
465 613
444 590
437 551
456 564
429 547
489 598
448 560
480 629
440 556
440 557
460 571
501 572
492 603
492 604
491 605
493 568
458 610
464 541
477 623
450 606
469 619
470 584
475 550
461 615
461 616
462 580
422 544
441 557
481 593
414 540
414 541
413 542
482 558
433 553
473 589
473 590
493 604
452 566
485 600
486 601
487 600
451 607
497 574
462 616
463 581
482 594
455 577
495 613
474 590
447 573
466 586
467 551
486 564
459 547
478 560
425 554
444 567
436 563
496 614
428 559
428 560
456 541
488 610
489 575
480 606
480 607
479 608
459 583
460 548
492 580
492 581
491 582
471 557
418 551
458 587
477 600
437 564
469 596
429 560
448 573
489 611
421 556
461 592
440 569
481 570
492 616
493 581
452 543
485 577
491 620
470 597
443 580
462 593
463 558
481 606
482 571
494 625
454 589
455 554
474 567
466 563
466 564
465 565
484 617
444 544
476 613
436 540
495 626
496 591
468 609
468 610
467 611
487 622
487 623
486 624
447 586
488 587
467 564
459 560
465 603
444 580
457 599
477 577
437 541
456 554
488 623
448 550
489 588
480 619
440 546
492 593
458 600
477 613
490 632
450 596
451 561
469 609
461 605
433 543
472 620
432 547
451 597
464 616
464 617
463 618
497 564
496 563
498 565
497 562
499 564
497 561
497 560
497 559
497 558
498 557
499 558
500 559
500 558
501 557
500 556
502 558
503 559
501 556
501 559
503 558
499 560
500 561
502 560
502 561
503 561
504 562
504 561
505 562
506 563
507 562
506 564
508 562
507 564
505 561
501 558
504 563
504 564
505 564
507 563
508 564
509 565
510 566
511 565
511 567
511 568
510 565
509 567
500 560
501 561
503 560
506 565
506 566
496 557
495 557
494 557
494 556
495 555
493 555
492 555
492 554
493 553
496 555
491 554
490 554
490 553
491 552
490 551
489 550
488 549
487 548
486 548
485 549
489 549
488 551
487 551
488 552
489 552
491 551
484 548
483 548
487 553
493 554
486 550
485 551
489 551
492 556
492 557
493 557
482 547
481 547
480 548
480 547
479 547
478 547
478 546
478 545
478 544
479 545
479 544
481 546
481 545
481 544
482 543
482 545
482 544
495 556
488 553
507 566
480 549
480 550
499 562
477 543
476 542
477 542
477 541
476 544
475 544
476 545
475 546
474 543
473 543
473 542
473 541
474 541
472 541
471 541
471 540
472 539
489 554
470 540
469 540
468 541
468 540
467 540
466 539
466 538
467 538
468 538
469 538
470 538
469 539
481 549
510 567
491 553
483 549
483 550
502 562
494 558
494 559
484 550
476 546
495 559
468 542
468 543
505 563
486 549
479 546
498 559
471 542
471 543
490 555
472 543
508 563
501 560
493 556
485 552
485 553
504 565
504 566
482 546
474 542
505 566
467 539
486 552
478 548
496 556
507 565
499 561
489 553
508 566
500 562
492 558
492 559
470 539
481 548
473 544
473 545
493 559
482 549
474 545
466 541
484 549
503 562
495 558
487 554
487 555
506 567
506 568
496 559
488 555
507 568
480 551
477 545
469 541
509 568
509 569
498 558
510 569
472 542
491 555
483 551
483 552
475 547
475 548
494 560
484 552
476 548
495 561
468 544
465 538
464 538
464 539
505 565
486 551
479 548
498 561
471 544
471 545
470 546
472 545
508 565
501 562
493 558
485 554
485 555
484 556
504 567
482 548
474 544
466 540
483 629
483 630
482 631
475 625
475 626
474 627
454 602
495 603
487 599
467 541
486 554
453 606
478 550
425 544
484 630
417 540
476 626
477 627
478 626
436 553
468 622
496 604
428 549
428 550
427 551
488 600
489 565
500 574
446 603
492 570
492 571
491 572
465 616
457 612
418 541
449 608
449 609
448 610
429 550
469 586
470 551
421 546
462 547
481 560
473 556
473 557
493 571
485 567
450 609
491 610
483 606
483 607
482 608
463 548
454 579
482 561
494 615
494 616
455 544
474 557
466 553
413 547
432 560
424 556
484 607
416 552
435 565
495 616
496 581
468 599
468 600
467 601
487 612
488 577
465 593
425 557
417 553
469 563
489 578
461 559
480 609
492 583
479 613
504 557
490 622
490 623
469 599
470 564
462 560
472 610
491 623
464 606
464 607
463 608
483 619
475 615
435 542
435 543
495 593
496 558
447 553
487 589
488 554
507 567
453 596
499 563
478 540
477 539
478 538
479 538
480 538
480 539
481 538
482 538
483 538
483 539
483 540
484 540
485 539
485 541
485 540
486 540
487 541
488 541
489 540
488 539
490 541
491 542
492 542
493 543
494 544
495 545
493 542
489 539
492 544
492 545
493 545
495 544
496 543
495 542
496 545
497 546
498 545
498 544
491 541
494 546
494 547
495 547
497 547
497 548
498 547
499 548
500 548
501 547
500 546
502 548
503 549
501 546
503 548
502 550
490 543
501 548
493 544
496 544
499 549
499 550
489 541
500 550
492 546
503 550
504 551
505 550
504 552
506 551
507 552
505 549
505 552
507 551
508 550
508 552
506 553
506 554
507 554
505 551
508 551
504 553
505 554
507 553
508 554
509 555
509 554
510 553
510 555
511 555
511 556
511 557
495 546
487 542
487 543
506 555
496 547
488 543
509 556
509 557
498 546
490 542
510 557
491 543
494 548
505 553
497 549
497 550
486 539
498 549
508 553
500 549
511 558
511 559
501 550
493 546
485 542
485 543
504 555
486 542
496 546
488 542
507 555
499 551
499 552
489 543
508 556
500 552
510 556
502 551
502 552
484 539
503 552
495 548
487 544
487 545
488 545
509 558
509 559
508 560
498 548
490 544
490 545
510 559
491 545
483 541
501 549
504 554
505 555
497 551
497 552
496 553
486 541
489 542
508 555
500 551
492 547
492 548
491 549
511 560
511 561
501 552
493 548
485 544
485 545
484 546
465 570
476 616
477 617
478 616
436 543
477 544
468 612
428 539
488 590
489 555
508 568
500 564
486 629
492 560
465 606
478 625
439 554
457 602
449 598
470 541
421 536
420 535
421 534
422 534
423 534
423 533
424 534
425 534
426 535
426 536
426 537
481 550
473 546
473 547
460 613
420 540
479 626
485 557
486 558
487 557
471 622
471 623
470 624
469 625
469 626
470 626
471 627
472 628
473 629
474 630
472 627
474 629
472 629
474 631
469 627
470 627
431 549
472 587
491 600
423 545
484 561
503 574
463 538
462 538
461 538
460 538
459 538
458 539
494 605
495 570
474 547
487 566
466 543
452 608
452 609
413 537
472 623
432 550
464 619
465 620
463 620
462 620
461 621
460 621
459 620
463 621
461 622
461 623
462 623
460 620
459 622
462 622
463 623
464 624
464 623
465 623
465 622
458 619
457 619
457 618
458 617
461 624
464 625
464 626
465 625
466 626
466 625
467 624
467 626
467 625
460 622
463 622
466 627
456 618
455 617
454 616
454 615
453 614
452 613
451 614
450 614
450 613
453 613
449 615
504 549
450 616
452 615
452 616
453 616
456 616
451 613
454 618
454 619
455 619
450 615
451 616
453 615
449 617
456 615
456 614
452 617
453 618
455 618
448 614
447 613
448 612
447 615
446 612
458 618
451 615
462 624
454 620
454 621
455 621
446 611
445 610
446 610
465 624
457 620
457 621
449 616
458 621
450 617
464 627
453 617
467 627
459 623
459 624
456 617
448 613
460 624
452 619
463 624
455 620
447 616
447 617
448 616
466 619
458 620
461 625
461 626
451 617
462 626
454 622
454 612
465 626
457 622
457 623
456 624
449 618
449 619
458 623
450 619
460 623
452 618
453 619
424 546
416 542
416 543
415 544
475 628
495 606
496 571
468 589
487 602
488 567
480 563
453 609
417 543
458 544
430 562
430 563
409 539
477 557
469 553
461 549
461 550
427 556
459 625
459 626
458 627
419 552
504 547
503 546
504 545
504 544
504 543
504 542
505 543
506 543
507 542
508 542
509 542
510 543
511 544
512 543
511 545
512 545
510 542
509 544
509 545
510 545
512 544
511 546
511 547
512 547
513 548
513 547
514 546
515 545
514 548
515 547
516 548
517 548
507 543
510 544
513 549
513 550
516 549
509 546
509 547
510 547
512 546
515 546
508 543
511 548
512 549
514 549
506 544
506 545
515 549
507 545
510 546
513 551
503 542
502 542
505 542
509 548
512 548
505 545
515 548
507 544
508 545
511 550
501 542
471 599
471 600
470 601
490 612
491 577
442 572
443 572
470 554
483 573
456 619
462 550
503 551
448 615
494 582
494 583
460 626
420 553
506 556
506 557
431 562
472 600
491 613
464 596
483 609
484 574
475 605
495 583
496 548
488 544
507 557
434 573
480 540
480 541
479 542
499 553
499 554
498 555
465 560
510 568
489 545
500 554
467 606
486 619
492 550
478 615
439 544
490 589
490 590
502 563
502 564
481 540
460 603
479 616
471 612
431 539
491 590
423 535
423 536
484 551
503 564
476 547
495 560
487 556
506 569
452 598
432 540
424 536
497 606
497 607
496 608
463 613
496 561
482 626
488 557
474 622
499 566
466 618
486 596
438 556
437 557
437 558
438 557
498 570
430 552
477 547
469 543
461 539
467 619
427 546
459 615
419 542
419 543
478 628
477 629
476 630
477 630
477 631
478 632
479 631
477 632
439 557
471 589
472 554
491 567
483 563
456 609
462 540
448 605
494 572
494 573
460 616
420 543
506 546
506 547
493 613
412 539
472 590
431 552
464 586
484 564
462 625
495 573
468 556
487 569
482 603
434 563
507 547
426 559
426 560
499 543
465 550
463 626
510 558
455 622
415 549
467 596
486 609
478 605
490 579
490 580
491 544
502 553
502 554
489 620
494 549
494 550
427 559
459 628
458 629
457 629
456 628
455 627
456 626
456 627
492 625
471 602
491 580
464 563
483 576
484 541
503 554
448 618
495 550
481 615
487 546
434 540
493 626
485 622
497 596
463 603
509 570
482 616
488 547
455 599
474 612
480 543
466 608
486 586
438 546
430 542
498 560
490 556
490 557
510 571
467 609
427 536
459 605
472 544
491 557
464 540
477 622
483 553
456 599
475 549
448 595
494 562
441 556
433 552
493 603
452 565
485 599
464 576
451 606
484 554
497 573
470 619
476 550
462 615
468 546
481 628
482 593
454 611
487 559
473 624
474 589
434 553
453 566
466 585
426 549
445 562
486 563
465 540
497 609
463 616
510 548
455 612
415 539
447 608
466 621
467 586
486 599
459 582
460 547
478 595
479 560
498 573
430 555
471 556
490 569
437 563
456 576
429 559
502 543
489 610
448 572
440 568
460 583
492 615
493 580
452 542
472 557
458 622
464 553
483 566
450 618
475 562
470 596
461 627
461 628
462 592
422 556
481 605
441 569
482 570
433 565
432 565
431 566
432 567
473 601
473 602
452 578
493 616
453 543
485 612
445 539
451 619
497 586
463 593
509 560
482 606
455 589
474 602
447 585
466 598
467 563
486 576
459 559
478 572
498 550
444 579
490 546
490 547
436 575
456 553
488 622
448 549
489 587
480 618
459 595
460 560
479 573
492 592
471 569
458 599
491 547
477 612
483 543
469 608
448 585
489 623
461 604
494 552
422 533
481 582
441 546
433 542
492 628
493 593
452 555
485 589
505 567
451 596
497 563
470 609
443 592
462 605
463 570
481 618
454 601
482 583
455 566
434 543
474 579
466 575
426 539
486 553
478 549
484 629
444 556
509 573
476 625
455 602
496 603
447 598
488 599
513 543
459 572
478 585
479 550
465 615
471 546
444 592
490 559
457 611
418 540
437 553
477 589
456 566
429 549
489 600
448 562
421 545
480 631
440 558
439 559
501 574
492 605
493 570
485 566
458 612
464 543
477 625
505 544
450 608
451 573
469 621
470 586
461 617
460 618
462 582
422 546
481 595
441 559
482 560
414 542
454 578
473 591
472 592
473 592
433 555
434 555
435 555
474 556
485 602
451 609
497 576
498 577
498 578
499 576
484 606
463 583
509 550
454 614
455 579
495 615
474 592
447 575
487 611
466 588
467 553
486 566
459 549
478 562
425 556
444 569
417 552
436 565
496 616
456 543
428 561
428 562
488 612
448 539
489 577
480 608
460 550
501 551
492 582
493 547
457 624
458 589
418 553
504 556
477 602
449 620
449 621
450 585
429 562
469 598
470 563
461 594
440 571
481 572
473 568
452 545
493 583
505 557
450 621
451 586
491 622
497 553
470 599
443 582
483 618
462 595
463 560
454 591
482 573
494 627
494 628
455 556
473 604
474 569
447 552
466 565
486 543
478 539
484 619
444 546
476 615
436 542
495 628
468 611
496 593
447 588
487 624
488 589
480 585
508 567
459 562
500 563
446 592
479 540
465 605
457 601
477 579
437 543
449 597
429 539
448 552
489 590
421 535
480 621
501 564
492 595
493 560
479 625
485 556
458 602
504 569
450 598
451 563
469 611
442 594
442 595
443 559
462 572
422 536
481 585
454 568
482 550
473 581
474 546
466 542
472 622
432 549
464 618
483 631
443 595
484 596
475 627
476 592
435 554
495 605
455 569
496 570
447 565
487 601
467 543
508 544
453 608
499 575
459 539
478 552
445 604
445 605
425 546
511 549
444 559
417 542
476 628
436 555
409 538
409 537
468 624
496 606
428 551
488 602
489 567
480 598
446 605
492 572
465 618
512 550
439 566
457 614
418 543
504 546
477 592
449 610
450 575
451 540
469 588
470 553
442 571
421 548
422 548
423 548
462 549
481 562
454 545
473 558
473 559
460 625
485 569
431 561
472 599
505 547
410 538
491 612
451 576
497 543
483 608
462 585
475 604
463 550
454 581
494 617
493 618
494 618
495 582
455 546
474 559
447 542
466 555
507 556
452 620
452 621
432 562
424 558
484 609
476 605
495 618
496 583
468 601
487 614
488 579
489 544
480 575
508 557
453 621
500 553
446 582
492 549
465 595
511 562
510 563
457 591
458 556
477 569
449 587
450 552
469 565
461 561
461 562
440 538
481 539
501 554
493 550
479 615
485 546
458 592
471 611
504 559
450 588
490 624
489 625
490 625
451 553
491 589
470 566
442 584
443 549
461 597
462 562
503 563
454 558
482 540
494 594
494 595
473 571
472 612
432 539
491 625
464 608
424 535
483 621
484 586
475 617
476 582
435 544
434 545
435 545
495 595
468 578
496 560
447 555
487 591
488 556
507 569
480 552
480 553
453 598
499 565
445 594
446 559
465 572
425 536
457 568
436 545
477 546
468 614
428 541
469 542
488 592
489 557
480 588
467 618
500 566
446 595
486 631
492 562
478 627
439 556
457 604
458 569
449 600
450 565
490 601
490 602
442 561
470 543
461 574
456 608
462 539
481 552
473 548
472 549
460 615
420 542
479 628
412 538
471 624
472 589
431 551
491 602
464 585
423 547
483 598
443 562
484 563
463 540
475 594
476 559
494 607
493 608
495 572
487 568
466 545
507 546
452 610
451 611
452 611
453 575
413 539
499 542
432 552
464 621
424 548
465 549
484 599
416 544
476 595
435 557
463 625
496 573
468 591
487 604
488 569
508 547
480 565
453 611
500 543
446 572
486 608
465 585
438 568
511 552
457 581
458 546
430 564
477 559
409 541
449 577
450 542
469 555
461 551
460 552
461 552
427 558
459 627
419 554
419 555
460 592
479 605
439 569
471 601
472 566
490 614
489 615
491 579
451 543
442 574
483 575
443 539
456 621
462 552
475 571
503 553
448 617
494 584
494 585
454 548
495 549
460 628
420 555
506 558
506 559
493 625
452 587
472 602
431 564
464 598
483 611
484 576
475 607
476 572
495 585
468 568
496 550
487 581
482 615
488 546
507 559
480 542
453 588
499 555
445 584
446 549
465 562
438 545
457 558
449 554
510 570
489 547
467 608
486 621
492 552
459 604
478 617
479 582
439 546
458 559
490 591
490 592
450 555
491 556
442 551
461 564
456 598
502 565
502 566
489 632
448 594
481 542
494 561
460 605
479 618
471 614
472 615
473 614
472 579
431 541
491 592
464 575
423 537
422 538
423 538
483 588
484 553
503 566
475 584
476 549
494 597
495 562
468 545
481 627
441 591
487 558
506 571
505 572
434 552
452 600
451 601
453 565
445 561
424 538
465 539
497 608
463 615
468 581
482 628
488 559
455 611
474 624
480 555
466 620
446 562
486 598
478 594
511 542
438 558
457 571
498 572
430 554
477 549
449 567
490 568
469 545
461 541
460 542
456 575
467 621
427 548
459 617
419 544
418 545
419 545
478 630
479 595
471 591
472 556
490 604
491 569
464 552
483 565
456 611
503 543
448 607
494 574
493 575
441 568
420 545
433 564
506 548
412 541
452 577
493 615
453 542
485 611
464 588
423 550
451 618
484 566
497 585
462 627
468 558
482 605
454 623
453 624
454 624
452 623
487 571
434 565
507 549
474 601
453 578
499 545
445 574
486 575
446 539
465 552
457 548
449 544
510 560
455 624
415 551
467 598
486 611
460 559
478 607
450 545
490 581
491 546
437 575
442 541
483 542
502 555
489 622
448 584
494 551
460 595
492 627
493 592
452 554
464 565
483 578
484 543
470 608
503 556
476 539
475 539
474 539
495 552
441 581
481 617
482 582
506 561
473 613
434 542
452 590
493 628
453 555
426 538
485 624
445 551
497 598
463 605
509 572
482 618
455 601
474 614
447 597
480 545
466 610
513 542
446 552
486 588
459 571
438 548
439 549
440 548
478 584
479 549
430 544
498 562
444 591
449 557
490 558
456 565
448 561
489 599
427 538
480 630
514 543
515 543
516 542
517 542
518 543
517 544
518 542
519 542
520 541
521 542
521 541
522 542
523 542
523 541
524 542
525 542
526 543
527 542
524 541
520 543
527 541
523 543
522 541
520 542
521 543
524 543
527 543
522 543
518 545
519 546
517 546
520 545
520 544
518 544
519 544
521 544
516 543
519 543
522 544
518 546
459 607
460 608
461 607
460 572
471 581
472 546
491 559
464 542
477 624
483 555
469 620
502 568
475 551
448 597
494 564
422 545
481 594
441 558
433 554
452 567
493 605
485 601
451 608
497 575
470 621
476 552
462 617
463 582
468 548
481 630
509 549
454 613
482 595
455 578
473 626
474 591
466 587
426 551
445 564
486 565
465 542
478 561
457 538
444 568
510 550
455 614
496 615
415 541
447 610
466 623
467 588
459 584
460 549
478 597
479 562
498 575
465 627
471 558
490 571
418 552
437 565
456 578
502 545
429 561
448 574
489 612
494 541
494 540
495 540
493 540
440 570
492 617
452 544
493 582
472 559
485 578
458 624
464 555
505 556
450 620
451 585
475 564
470 598
462 594
441 571
481 607
482 572
454 590
433 567
434 568
435 567
473 603
474 568
453 545
485 614
445 541
451 621
497 588
463 595
509 562
454 626
455 591
495 627
474 604
447 587
466 600
467 565
459 561
478 574
479 539
498 552
444 581
490 548
437 542
456 555
488 624
448 551
489 589
480 620
440 547
460 562
501 563
492 594
471 571
458 601
504 568
477 614
483 545
450 597
469 610
475 541
470 575
461 606
494 554
422 535
481 584
441 548
433 544
473 580
452 557
493 595
485 591
505 569
451 598
497 565
470 611
443 594
517 543
462 607
463 572
454 603
482 585
455 568
473 616
474 581
447 564
466 577
426 541
467 542
486 555
478 551
484 631
444 558
476 627
436 554
496 605
468 623
447 600
488 601
480 597
513 545
459 574
500 575
460 539
446 604
479 552
465 617
471 548
457 613
490 561
418 542
477 591
437 555
456 568
469 587
429 551
448 564
489 602
421 547
440 560
492 607
493 572
485 568
458 614
505 546
450 610
410 537
451 575
497 542
497 541
469 623
470 588
443 571
461 619
462 584
463 549
481 597
482 562
414 544
454 580
473 593
433 557
474 558
466 554
432 561
497 578
411 538
484 608
463 585
509 552
476 604
435 566
495 617
455 581
496 582
487 613
447 577
466 590
467 555
453 620
486 568
459 551
478 564
498 542
465 594
425 558
444 571
436 567
496 618
456 545
488 614
489 579
448 541
480 610
501 553
492 584
493 549
457 626
458 591
504 558
477 604
469 600
470 565
461 596
462 561
481 574
482 539
493 585
472 611
505 559
491 624
497 555
483 620
462 597
475 616
463 562
482 575
454 593
528 542
529 543
530 543
531 542
532 542
532 541
533 542
530 541
533 541
534 542
535 541
535 540
536 540
537 541
538 540
537 542
538 542
539 543
539 542
540 542
540 541
541 540
541 542
542 543
543 543
544 544
545 543
546 544
546 543
539 544
540 544
542 544
538 541
541 541
537 543
540 543
541 544
543 544
535 543
538 543
541 543
535 542
536 542
547 542
546 541
548 543
547 540
549 542
549 541
549 540
550 540
551 541
552 540
553 540
554 541
555 541
551 542
551 543
552 542
550 542
552 541
553 542
536 541
532 543
547 541
550 541
539 540
538 544
531 541
553 541
549 543
542 540
534 541
545 540
544 540
533 543
548 540
544 542
536 543
547 543
495 594
447 554
466 567
486 545
478 541
425 535
484 621
476 617
436 544
468 613
496 595
428 540
487 626
488 591
489 556
508 569
500 565
492 561
465 607
457 603
437 545
449 599
429 541
470 542
489 592
421 537
440 550
481 551
501 566
492 597
493 562
479 627
485 558
458 604
504 571
450 600
491 601
442 596
516 545
461 609
463 539
482 552
494 606
474 548
466 544
472 624
432 551
464 620
424 547
475 629
435 556
550 543
495 607
468 590
496 572
487 603
488 568
467 545
508 546
453 610
459 541
500 542
445 606
445 607
445 608
425 548
511 551
417 544
436 557
477 558
409 540
468 626
428 553
543 540
488 604
489 569
480 600
501 543
446 607
492 574
512 552
457 616
504 548
449 612
490 613
469 590
442 573
470 555
456 620
462 551
481 564
473 560
460 627
420 554
472 601
431 563
491 614
464 597
497 545
443 574
483 610
484 575
530 542
475 606
463 552
494 619
495 584
496 549
466 557
507 558
452 622
432 564
484 611
531 543
476 607
435 569
496 585
468 603
487 616
489 546
508 559
453 623
500 555
486 620
492 551
465 597
511 564
439 545
461 563
481 541
460 604
493 552
479 617
485 548
471 613
431 540
490 626
491 591
462 564
503 565
494 596
482 542
506 570
452 599
472 614
432 541
464 610
424 537
483 623
475 619
435 546
495 597
496 562
487 593
482 627
488 558
507 571
480 554
453 600
499 567
519 545
425 538
477 548
428 543
469 544
489 559
461 540
467 620
427 547
492 564
459 616
478 629
439 558
512 542
449 602
490 603
470 545
456 610
462 541
448 606
481 554
473 550
460 617
420 544
479 630
412 540
471 626
472 591
431 553
546 540
491 604
423 549
464 587
483 600
484 565
494 609
495 574
468 557
487 570
507 548
452 612
413 541
499 544
424 550
465 551
416 546
468 593
463 627
542 542
488 571
455 623
480 567
508 549
500 545
445 609
486 610
492 541
465 587
478 606
511 554
469 557
461 553
427 560
534 543
479 607
471 603
490 616
491 581
464 564
483 577
456 623
484 542
503 555
448 619
494 586
495 551
487 547
506 560
493 627
472 604
485 623
464 600
484 578
475 609
496 552
482 617
487 583
488 548
474 613
507 561
480 544
499 557
465 564
438 547
430 543
477 538
467 610
427 537
486 623
514 542
459 606
478 619
439 548
490 593
491 558
483 554
456 600
502 567
448 596
494 563
473 540
460 607
420 534
471 616
431 543
518 548
423 539
484 555
503 568
470 620
476 551
494 599
495 564
468 547
481 629
515 542
487 560
506 573
473 625
434 554
452 602
426 550
465 541
416 536
497 610
463 617
482 630
510 549
455 613
415 540
474 626
480 557
447 609
466 622
467 587
486 600
438 560
479 561
458 538
498 574
430 556
544 541
490 570
469 547
461 543
502 544
408 537
467 623
427 550
459 619
419 546
471 593
545 542
472 558
490 606
491 571
464 554
483 567
456 613
503 545
448 609
494 576
422 557
495 541
441 570
506 550
433 566
493 617
412 543
453 544
485 613
451 620
497 587
496 542
463 594
468 560
509 561
482 607
454 625
474 603
434 567
499 547
466 599
486 577
465 554
498 551
510 562
455 626
467 600
486 613
460 561
478 609
439 538
525 541
490 583
491 548
442 543
483 544
502 557
475 540
489 624
448 586
494 553
441 547
492 629
452 556
526 542
493 594
472 571
464 567
505 568
484 545
475 576
470 610
476 541
462 606
495 554
481 619
441 583
482 584
487 550
473 615
434 544
474 580
453 557
426 540
485 626
445 553
497 600
463 607
509 574
482 620
455 603
474 616
447 599
466 612
467 577
513 544
486 590
459 573
478 586
438 550
479 551
498 564
430 546
471 547
444 593
490 560
437 554
456 567
448 563
489 601
427 540
514 545
440 559
459 609
460 574
419 536
501 575
492 606
471 583
472 548
458 613
491 561
464 544
477 626
483 557
469 622
470 587
475 553
494 566
461 618
422 547
481 596
441 560
414 543
433 556
452 569
493 607
485 603
451 610
497 577
411 537
470 623
462 619
463 584
468 550
509 551
455 580
473 628
434 557
474 593
548 542
447 576
466 589
426 553
467 554
486 567
478 563
457 540
444 570
510 552
436 566
455 616
496 617
415 543
456 544
447 612
488 613
467 590
459 586
460 551
479 564
471 560
490 573
457 625
418 554
437 567
477 603
456 580
502 547
429 563
489 614
448 576
494 543
440 572
492 619
452 546
493 584
485 580
458 626
464 557
505 558
451 587
497 554
470 600
443 583
462 596
463 561
481 609
454 592
482 574
487 540
528 541
433 569
473 605
474 570
453 547
466 566
445 543
486 544
497 590
484 620
463 597
509 564
455 593
496 594
529 542
447 589
487 625
466 602
467 567
486 580
459 563
478 576
479 541
498 554
444 583
490 550
437 544
456 557
429 540
488 626
448 553
489 591
480 622
440 549
460 564
501 565
492 596
493 561
458 603
504 570
477 616
483 547
450 599
469 612
475 543
516 544
461 608
462 573
422 537
441 550
481 586
482 551
473 582
433 546
452 559
493 597
485 593
505 571
451 600
497 567
443 596
517 545
462 609
463 574
454 605
482 587
455 570
474 583
447 566
426 543
467 544
486 557
459 540
478 553
425 547
444 560
476 629
436 556
468 625
496 607
428 552
488 603
489 568
480 599
459 576
460 541
479 554
446 606
492 573
465 619
471 550
512 551
457 615
418 544
458 580
477 593
449 611
469 589
429 553
489 604
448 566
461 585
421 549
440 562
481 563
492 609
493 574
539 541
485 570
458 616
505 548
450 612
410 539
451 577
497 544
470 590
443 573
422 550
462 586
463 551
481 599
454 582
414 546
482 564
455 547
473 595
474 560
466 556
432 563
411 540
484 610
435 568
476 606
455 583
495 619
496 584
468 602
447 579
487 615
488 580
467 557
508 558
453 622
459 553
465 596
511 563
444 573
490 540
491 539
436 569
456 547
488 616
448 543
489 581
480 612
440 539
501 555
492 586
493 551
457 628
485 547
504 560
477 606
450 589
451 554
469 602
442 585
461 598
462 563
481 576
454 559
482 541
485 583
472 613
491 626
451 590
464 609
497 557
483 622
443 586
484 587
463 564
475 618
454 595
455 560
495 596
487 592
447 556
466 569
507 570
453 599
486 547
478 543
425 537
484 623
444 550
476 619
436 546
468 615
496 597
428 542
487 628
488 593
489 558
480 589
508 571
500 567
446 596
492 563
465 609
457 605
458 570
477 583
449 601
450 566
429 543
470 544
461 575
421 539
440 552
481 553
501 568
473 549
493 564
479 629
485 560
471 625
504 573
450 602
491 603
451 567
486 625
443 563
483 599
516 547
462 576
463 541
549 544
482 554
494 608
454 572
473 585
474 550
466 546
413 540
472 626
432 553
464 622
424 549
484 600
416 545
475 631
476 596
435 558
495 609
468 592
496 574
542 541
487 605
447 569
488 570
480 566
508 548
453 612
459 543
500 544
446 573
492 540
425 550
465 586
511 553
457 582
417 546
436 559
449 578
477 560
428 555
469 556
543 542
489 571
480 602
501 545
446 609
492 576
493 541
439 570
479 606
458 583
504 550
449 614
490 615
450 579
469 592
442 575
470 557
443 540
461 588
456 622
462 553
481 566
454 549
473 562
472 603
431 565
491 616
464 599
443 576
483 612
484 577
475 608
476 573
494 621
455 550
495 586
496 551
447 546
487 582
507 560
452 624
453 589
499 556
432 566
445 585
465 563
444 540
435 571
476 609
496 587
468 605
488 583
489 548
480 579
508 561
500 557
446 586
486 622
492 553
465 599
511 566
478 618
439 547
457 595
458 560
449 591
477 573
450 556
469 569
442 552
461 565
481 543
473 539
460 606
479 619
485 550
471 615
431 542
472 580
490 628
518 547
451 557
491 593
442 588
483 589
443 553
475 585
503 567
454 562
494 598
495 563
474 540
441 592
506 572
452 601
472 616
432 543
464 612
424 539
484 590
475 621
476 586
435 548
495 599
468 582
496 564
487 595
482 629
488 560
474 625
507 573
480 556
453 602
499 569
445 598
446 563
465 576
438 559
511 543
457 572
417 536
449 568
477 550
469 546
461 542
467 622
427 549
459 618
478 631
479 596
439 560
471 592
545 541
450 569
490 605
491 570
442 565
470 547
461 578
456 612
462 543
503 544
448 608
494 575
454 539
473 552
460 619
420 546
506 549
412 542
471 628
431 555
472 593
546 542
491 606
423 551
464 589
483 602
484 567
475 598
476 563
494 611
495 576
468 559
496 541
487 572
434 566
507 550
452 614
413 543
453 579
499 546
445 575
446 540
465 553
416 548
457 549
449 545
468 595
510 561
455 625
480 569
467 599
500 547
446 576
486 612
492 543
438 572
478 608
457 585
458 550
449 581
450 546
490 582
469 559
442 542
456 589
461 555
502 556
460 596
479 609
526 541
471 605
472 570
490 618
491 583
464 566
443 543
483 579
456 625
484 544
503 557
475 575
476 540
494 588
495 553
441 582
487 549
506 562
493 629
452 591
453 556
485 625
445 552
464 602
497 599
476 576
468 572
496 554
463 606
487 585
482 619
488 550
474 615
480 546
453 592
466 611
499 559
445 588
486 589
446 553
465 566
438 549
457 562
430 545
498 563
449 558
477 540
467 612
427 539
514 544
459 608
460 573
419 535
478 621
479 586
439 550
471 582
472 547
490 595
491 560
442 555
483 556
456 602
502 569
475 552
448 598
494 565
460 609
420 536
452 568
493 606
472 583
431 545
423 541
483 592
484 557
470 622
475 588
476 553
462 618
495 566
468 549
481 631
487 562
482 596
515 544
473 627
434 556
452 604
548 541
453 569
426 552
445 565
465 543
497 612
457 539
463 619
510 551
455 615
415 542
474 628
447 611
466 624
467 589
486 602
478 598
438 562
479 563
498 576
430 558
458 540
544 543
471 559
490 572
461 545
502 546
448 575
489 613
494 542
427 552
459 621
419 548
479 599
492 618
471 595
472 560
545 544
458 625
491 573
537 540
464 556
483 569
503 547
448 611
494 578
495 543
441 572
481 608
487 539
506 552
433 568
493 619
452 581
453 546
485 615
445 542
451 622
497 589
468 562
463 596
509 563
482 609
455 592
488 540
529 541
474 605
434 569
466 601
467 566
446 543
486 579
478 575
438 539
457 552
498 553
444 582
449 548
490 549
510 564
456 556
488 625
467 602
459 598
460 563
478 611
479 576
525 543
471 572
490 585
491 550
477 615
483 546
456 592
502 559
475 542
448 588
489 626
494 555
441 549
433 545
492 631
452 558
493 596
485 592
464 569
505 570
451 599
484 547
497 566
470 612
476 543
462 608
468 539
463 573
481 621
487 552
482 586
454 604
473 617
474 582
434 546
453 559
426 542
485 628
445 555
486 556
497 602
463 609
455 605
474 618
447 601
466 614
467 579
513 546
486 592
459 575
460 540
478 588
479 553
498 566
430 548
471 549
444 595
490 562
437 556
456 569
429 552
448 565
489 603
514 547
440 561
419 538
460 576
547 544
492 608
493 573
472 550
458 615
464 546
477 628
483 559
450 611
469 624
475 555
470 589
461 620
422 549
441 562
481 598
414 545
482 563
506 542
473 594
433 558
452 571
493 609
485 605
451 612
497 579
411 539
470 625
462 621
463 586
509 553
482 599
454 617
455 582
473 630
474 595
447 578
548 544
466 591
426 555
467 556
540 540
486 569
459 552
478 565
498 543
444 572
490 539
436 568
510 554
496 619
415 545
456 546
447 614
488 615
448 542
489 580
480 611
459 588
460 553
479 566
492 585
471 562
457 627
491 540
437 569
477 605
502 549
469 601
489 616
448 578
494 545
440 574
481 575
441 539
492 621
452 548
493 586
458 628
505 560
451 589
497 556
470 602
443 585
462 598
463 563
481 611
454 594
482 576
455 559
528 543
473 607
474 572
466 568
445 545
486 546
478 542
484 622
444 549
476 618
509 566
455 595
496 596
447 591
487 627
467 569
508 570
459 565
478 578
479 543
465 608
498 556
471 539
444 585
490 552
437 546
477 582
456 559
429 542
488 628
448 555
489 593
421 538
480 624
440 551
501 567
492 598
493 563
472 540
485 559
458 605
504 572
477 618
450 601
451 566
469 614
475 545
470 579
516 546
461 610
462 575
422 539
481 588
441 552
482 553
454 571
473 584
433 548
474 549
485 595
505 573
472 625
551 540
451 602
497 569
517 547
463 576
475 630
509 543
454 607
455 572
495 608
474 585
447 568
466 581
467 546
486 559
459 542
478 555
425 549
444 562
417 545
476 631
436 558
468 627
496 609
428 554
543 541
488 605
489 570
480 601
460 543
501 544
446 608
492 575
465 621
471 552
457 617
458 582
418 546
437 559
449 613
477 595
450 578
469 591
429 555
470 556
461 587
440 564
481 565
473 561
493 576
