396 369
397 369
395 370
394 371
393 370
392 371
391 372
396 368
395 367
394 368
397 367
396 371
398 368
399 367
397 370
398 371
399 370
400 369
392 370
391 369
390 368
389 369
388 370
387 371
386 370
385 371
384 370
393 367
383 371
390 367
390 370
393 369
401 370
402 369
403 368
403 370
403 371
402 372
401 373
392 367
400 372
399 373
398 373
397 373
390 371
389 372
394 370
393 372
384 369
385 368
386 367
387 368
388 367
395 372
384 372
403 372
384 367
395 373
395 369
398 372
394 367
386 369
400 368
401 367
389 368
386 372
400 371
389 371
399 369
391 368
402 368
391 371
399 372
402 371
383 370
385 367
396 367
396 373
387 370
398 370
397 372
385 370
396 370
388 369
398 367
387 367
388 372
390 369
393 368
401 369
390 372
393 371
401 372
392 369
395 368
384 368
403 369
392 372
384 371
395 371
394 369
386 368
394 372
386 371
399 368
400 367
389 367
400 373
399 371
402 370
389 370
400 370
391 367
402 367
402 373
382 370
383 369
391 370
383 372
397 371
385 369
388 368
397 368
398 369
385 372
396 372
388 371
387 369
401 368
387 372
401 371
392 368
