465 493
464 492
463 493
466 492
464 491
464 494
463 495
463 492
466 491
465 495
466 494
465 492
462 493
461 492
460 493
459 492
458 493
457 494
456 495
455 494
462 496
461 495
460 496
459 495
458 496
457 497
456 498
455 497
454 498
453 497
453 496
467 495
454 495
468 494
459 491
463 491
462 490
463 489
464 488
465 488
464 490
466 487
465 486
466 485
467 486
468 485
452 497
466 496
465 497
464 497
463 498
462 499
463 500
464 499
455 496
457 493
460 495
462 492
467 488
468 487
462 501
453 498
454 497
468 496
459 493
458 497
459 498
469 497
470 496
471 495
470 494
472 494
472 496
473 497
474 498
475 497
473 499
476 498
477 499
453 494
474 500
475 499
473 501
472 501
471 502
470 503
467 484
469 504
468 503
476 500
468 505
465 490
469 506
466 489
463 502
461 502
460 502
464 501
455 498
466 498
457 495
456 499
457 500
470 498
460 497
471 497
473 494
474 493
473 492
472 492
474 491
473 490
474 489
475 488
476 489
475 490
476 491
477 492
478 493
475 492
479 492
480 493
481 494
482 493
482 495
483 494
481 496
482 497
483 496
481 498
462 494
476 493
468 489
462 503
454 499
468 498
477 494
478 495
458 490
457 491
474 499
472 489
464 485
463 484
462 483
461 482
460 481
459 482
458 483
457 482
456 483
472 498
463 482
464 481
465 481
483 498
475 494
464 503
453 493
452 492
467 504
457 481
460 483
479 496
479 497
456 494
471 492
460 492
460 501
459 500
471 501
464 480
472 493
475 489
464 489
464 498
475 498
452 496
468 486
467 490
468 491
478 499
467 499
456 480
479 491
478 490
479 500
471 496
472 488
471 487
464 484
475 493
452 491
464 493
463 497
474 497
467 485
459 481
467 494
478 494
459 490
467 503
466 502
459 499
456 484
456 485
457 486
460 482
479 495
456 493
460 491
471 491
471 500
460 500
464 479
463 483
452 495
482 496
474 492
463 501
466 497
478 489
467 489
467 498
478 498
459 494
459 503
459 504
460 505
460 506
456 479
471 486
472 485
472 484
471 483
471 482
456 497
481 499
470 499
451 495
462 504
454 500
463 478
474 487
463 487
482 500
482 501
455 483
466 483
463 496
474 496
455 492
463 505
463 506
466 501
455 501
455 502
456 503
456 502
459 480
467 493
459 489
460 488
461 488
460 487
460 486
459 485
471 481
472 480
472 479
471 478
471 477
470 485
455 478
466 505
466 506
467 507
467 508
467 509
468 510
466 510
466 511
467 512
478 488
479 487
479 486
478 485
478 484
459 484
456 478
457 477
457 476
456 475
456 474
457 473
458 474
457 472
459 475
459 476
460 477
460 478
461 479
470 480
462 485
473 485
455 473
474 486
475 485
476 486
475 484
463 486
455 482
454 481
453 480
453 479
452 478
452 477
452 481
452 482
452 483
453 484
453 483
452 476
453 475
453 474
452 473
452 472
453 471
453 470
453 469
452 468
451 476
466 482
474 495
455 491
454 490
453 489
453 488
452 487
452 486
451 485
466 500
455 500
465 504
459 479
477 487
477 496
469 492
458 492
458 501
461 497
461 506
451 471
450 470
449 469
449 468
448 470
448 471
449 472
449 473
450 474
448 474
448 475
447 474
447 469
448 469
470 484
469 483
468 482
462 480
451 480
450 479
449 478
449 477
448 479
448 480
447 478
446 477
473 480
481 493
470 493
454 476
462 489
473 489
470 502
469 501
468 501
454 485
462 498
473 498
454 494
462 507
462 508
454 503
454 504
455 505
455 506
455 507
456 508
456 507
454 508
453 507
454 509
455 510
474 481
475 480
476 481
476 482
475 479
474 478
474 482
474 477
463 481
455 477
447 473
455 486
455 487
455 488
456 489
456 488
466 486
480 488
465 499
480 497
459 474
457 504
477 482
458 478
477 491
469 487
458 487
477 500
461 483
469 496
469 505
458 505
458 506
461 501
470 479
469 478
468 478
468 477
467 476
467 475
467 479
467 480
466 478
465 477
467 474
468 473
469 474
466 477
451 475
481 488
470 488
470 489
454 471
462 484
473 484
451 484
450 483
449 482
470 497
481 497
454 480
473 493
454 489
484 499
476 495
455 472
455 481
466 481
468 500
447 477
468 509
465 485
465 494
480 492
457 490
465 503
457 499
465 512
464 512
457 508
458 473
477 486
450 469
458 482
469 482
477 495
461 478
450 478
469 491
458 491
461 487
469 500
458 500
461 496
469 509
461 505
451 470
470 483
473 479
451 479
462 479
454 475
473 488
462 488
464 507
464 508
465 508
454 484
454 493
476 490
476 499
468 495
447 472
453 506
468 504
465 480
446 476
465 489
480 487
457 485
465 498
449 481
480 496
465 507
457 503
477 481
458 477
469 477
477 490
450 473
469 486
458 486
450 482
458 495
469 495
461 491
461 500
483 497
472 497
451 474
454 470
455 469
456 470
456 469
457 468
458 469
457 467
455 468
454 467
455 467
464 502
454 479
464 511
463 510
476 485
484 498
485 497
468 481
476 494
453 492
468 490
468 499
453 510
453 511
453 512
454 513
454 514
455 515
455 516
454 517
454 518
454 512
453 516
452 515
452 514
451 514
451 513
451 512
450 515
450 516
451 517
451 518
452 519
450 519
450 520
450 521
451 522
451 523
450 524
450 525
451 526
451 527
451 528
450 529
450 530
451 531
451 532
449 528
448 527
447 526
448 526
446 527
446 528
447 529
447 530
447 531
448 531
449 523
449 532
449 533
450 534
450 535
451 536
451 537
450 538
450 539
450 540
451 541
451 542
450 543
449 542
449 537
448 536
449 541
448 540
447 540
447 539
452 542
453 543
454 542
455 543
455 544
454 541
455 540
456 540
453 544
457 541
457 542
449 527
449 536
456 544
457 545
457 546
457 547
458 548
458 549
459 550
458 547
457 550
456 549
455 549
455 548
454 547
454 546
454 550
454 551
457 551
458 552
453 548
460 551
461 552
461 553
460 552
452 537
453 547
452 546
449 531
448 535
456 548
452 541
453 515
455 552
459 549
448 530
456 543
448 539
456 552
452 518
452 545
468 508
446 471
457 471
453 519
465 484
457 480
455 547
449 476
480 491
457 489
465 502
457 498
480 500
457 507
458 472
477 485
450 468
458 481
469 481
461 477
450 477
469 490
461 486
459 553
472 483
448 525
448 534
483 501
456 547
454 474
464 506
452 513
453 478
476 480
468 476
453 487
462 554
463 553
464 554
452 540
453 539
453 514
465 479
457 475
446 475
455 542
449 471
463 555
457 484
480 486
455 551
449 480
479 490
479 499
458 476
469 476
450 472
456 506
460 504
461 481
450 481
472 478
472 487
464 483
475 483
448 529
456 542
452 490
448 538
464 510
453 473
451 540
452 517
476 484
453 482
468 480
454 545
453 491
457 470
465 483
467 502
457 479
446 479
455 546
467 511
449 475
457 488
459 507
459 508
479 485
479 494
456 492
471 490
460 490
456 501
460 499
471 499
460 508
472 482
464 478
475 478
476 477
477 478
448 524
472 491
464 487
475 487
452 485
448 533
483 500
472 500
475 496
464 496
452 494
464 505
453 468
451 535
452 512
453 477
476 479
451 544
468 475
463 509
454 540
453 486
476 488
462 553
468 484
454 549
453 495
478 497
467 497
457 474
447 528
455 541
467 506
449 470
459 502
455 550
449 479
460 476
479 489
456 487
460 485
471 485
456 496
479 498
460 494
471 494
456 505
460 503
472 477
452 471
472 486
458 551
452 480
475 482
464 482
448 528
472 495
483 495
475 491
452 489
451 521
452 498
475 500
482 499
451 530
453 472
451 539
463 504
453 481
445 477
468 479
454 544
466 509
455 509
467 483
478 483
467 492
478 492
457 469
459 488
467 501
459 497
455 545
449 474
470 490
467 510
456 473
447 541
447 542
459 506
456 482
479 484
471 480
460 480
448 478
456 491
479 493
471 489
460 489
456 500
460 498
471 498
456 509
472 481
450 533
458 546
475 477
452 475
464 477
450 542
464 486
452 484
475 486
451 516
452 493
482 494
451 525
463 490
474 490
451 534
463 499
453 476
455 495
466 495
451 543
463 508
454 539
466 504
455 504
462 552
454 548
467 478
467 487
478 487
459 483
467 496
478 496
447 527
467 505
456 468
459 501
456 477
460 475
448 473
456 486
479 488
460 484
471 484
457 549
471 493
456 504
450 528
452 470
450 537
462 502
458 550
452 479
475 481
452 488
454 507
451 520
463 485
474 485
482 498
454 516
451 529
463 494
474 494
466 490
455 490
451 538
463 503
455 499
466 499
454 543
466 508
455 508
455 517
467 482
459 478
467 491
478 491
459 487
478 500
467 500
459 496
456 472
459 505
448 468
456 481
471 479
448 477
460 479
454 502
451 515
463 480
474 480
454 511
455 476
466 476
451 524
455 485
451 533
463 507
455 503
466 503
466 512
467 477
453 542
459 473
478 486
456 467
456 476
448 472
449 526
458 504
449 535
448 481
457 548
470 478
481 487
470 487
450 518
473 483
451 483
450 527
452 469
454 488
450 536
454 506
455 471
451 519
474 484
454 515
455 480
466 480
447 476
455 489
464 556
466 507
450 541
467 481
453 546
465 511
459 477
459 486
456 471
458 499
469 499
449 530
448 476
457 543
450 532
458 508
469 508
449 539
461 504
451 469
457 552
470 482
450 513
473 478
451 478
462 478
470 491
450 522
473 487
462 487
481 500
470 500
454 483
450 531
451 496
473 496
454 492
462 505
454 501
474 479
463 479
454 510
455 475
463 488
474 488
447 471
466 484
455 484
447 480
455 493
466 493
480 495
453 541
465 506
459 472
457 502
477 480
477 489
469 485
458 485
477 498
446 529
458 494
469 494
449 525
461 490
469 503
458 503
449 534
461 499
470 477
449 543
461 508
451 473
470 486
454 469
456 551
450 517
462 482
473 482
451 482
481 495
470 495
454 478
450 526
462 491
473 491
454 487
462 500
473 500
454 496
484 497
454 505
452 538
455 470
474 483
455 479
466 479
452 544
447 475
453 509
466 488
468 507
464 555
453 518
480 490
465 501
480 499
453 545
465 510
457 506
458 471
477 484
469 480
458 480
477 493
450 476
458 489
469 489
461 485
459 552
458 498
469 498
449 529
461 494
458 507
469 507
449 538
461 503
451 468
470 481
456 546
473 477
451 477
462 477
448 542
454 473
473 486
451 486
462 486
460 553
454 482
462 495
473 495
454 491
449 513
476 497
455 474
468 493
452 539
447 470
468 502
453 513
447 479
465 478
468 511
465 487
463 554
480 485
457 483
465 496
480 494
457 492
453 540
465 505
457 501
477 479
469 475
458 475
477 488
450 471
458 484
469 484
477 497
450 480
461 480
469 493
449 524
461 489
469 502
458 502
461 498
470 476
461 507
456 541
451 472
448 537
454 468
456 550
451 481
473 481
462 481
464 500
454 477
464 509
454 486
452 516
476 483
484 496
476 492
453 490
468 488
453 499
468 497
452 543
453 508
468 506
453 517
465 482
446 478
457 478
465 491
457 487
480 489
465 500
457 496
480 498
465 509
457 505
458 470
477 483
458 479
469 479
450 475
469 488
458 488
460 507
461 484
450 484
459 551
461 493
472 490
448 532
483 499
472 499
456 545
457 544
464 495
456 490
475 495
448 541
454 472
471 488
449 540
464 504
450 514
452 511
476 478
481 492
470 492
468 474
450 523
470 501
452 520
453 485
476 487
468 483
462 497
476 496
452 474
468 492
462 506
