567 622
566 621
565 621
564 621
563 620
562 620
563 619
563 622
562 623
565 622
568 621
569 622
570 621
571 620
561 621
560 620
559 621
558 620
570 622
557 621
571 623
570 624
570 625
571 626
570 627
569 625
568 624
567 624
564 620
571 625
566 624
565 625
562 622
563 621
567 621
569 627
568 627
567 628
566 629
567 630
568 629
570 626
561 623
560 623
559 624
560 625
559 626
557 619
566 631
571 627
560 627
561 628
562 629
563 628
564 627
561 630
563 630
565 627
558 627
557 626
556 625
557 624
556 623
555 622
557 628
563 623
565 620
567 623
569 620
568 622
570 619
569 618
570 617
569 616
570 615
571 614
572 615
571 616
571 618
573 615
559 619
560 618
567 632
569 629
568 631
570 628
559 628
561 625
555 624
554 625
566 633
565 634
564 634
558 629
557 630
568 615
567 614
566 615
565 616
567 616
567 625
561 618
570 630
559 630
561 627
572 624
566 617
565 618
571 613
570 612
569 613
564 629
566 626
555 626
554 627
557 623
558 622
563 618
565 615
558 631
567 618
567 619
569 615
568 617
570 614
562 631
561 632
563 632
553 628
567 627
568 626
570 623
559 623
561 620
572 617
574 614
573 613
575 613
574 612
576 612
572 626
564 622
566 619
571 615
564 631
566 628
555 628
555 629
557 625
556 627
558 624
576 614
577 615
562 624
563 625
573 624
574 624
574 623
573 622
574 621
573 620
575 620
576 620
574 619
576 619
576 621
576 622
575 622
577 619
578 619
576 623
576 624
577 624
578 623
578 625
577 626
576 626
575 627
574 626
574 628
573 629
572 629
576 628
574 630
574 631
575 629
573 631
572 631
576 630
576 631
577 631
578 630
579 629
578 628
579 627
580 626
580 628
580 630
580 625
570 631
578 627
581 629
575 631
577 628
580 627
567 620
578 620
578 621
569 617
568 619
570 616
562 633
567 629
578 629
565 629
568 628
559 625
561 622
572 619
574 616
575 617
576 617
577 617
575 615
572 628
574 625
564 624
575 624
577 621
555 621
557 618
564 633
566 630
577 630
557 627
556 629
558 626
579 624
573 617
576 616
567 613
567 612
560 629
571 629
568 612
573 626
562 626
576 625
578 622
559 618
570 618
565 631
568 630
559 627
572 621
574 618
564 617
569 631
577 614
572 630
574 627
564 626
575 626
577 623
566 623
555 623
557 620
556 622
558 619
566 632
567 626
557 629
558 628
579 626
571 622
560 622
573 619
562 619
576 618
567 615
560 631
568 614
571 631
562 628
573 628
576 627
563 627
565 624
554 624
568 623
570 620
559 620
565 633
568 632
572 614
569 624
572 623
574 620
564 619
575 619
577 616
566 616
574 629
561 629
564 628
575 628
566 625
577 625
555 625
557 622
556 624
558 621
558 630
576 611
579 628
571 624
560 624
564 618
562 621
573 621
565 617
568 616
562 630
570 613
573 630
553 627
563 629
565 626
554 626
568 625
572 616
574 613
575 612
569 626
581 628
572 625
574 622
575 621
566 618
577 618
561 631
564 630
575 630
577 627
555 627
566 627
556 626
558 623
571 617
573 614
576 613
579 630
580 629
560 626
573 623
565 619
568 618
562 632
563 631
554 628
565 628
569 619
572 618
574 615
578 631
575 614
567 631
569 628
581 630
572 627
561 624
564 623
575 623
566 620
577 620
564 632
577 629
556 628
558 625
560 619
571 619
573 616
576 615
560 628
571 628
562 625
573 625
563 624
568 620
563 633
565 630
569 612
578 624
569 621
572 620
574 617
575 616
564 616
577 613
569 630
570 629
559 629
561 626
564 625
575 625
566 622
577 622
556 621
558 618
571 612
579 625
580 624
571 621
560 621
573 618
562 618
563 617
560 630
568 613
571 630
573 627
562 627
563 626
565 623
565 632
567 617
569 614
572 613
576 629
578 626
569 623
572 622
559 622
561 619
575 618
569 632
559 631
