512 650
513 649
511 650
510 650
514 649
515 648
511 651
509 651
508 652
514 647
513 646
512 647
511 648
514 650
516 647
517 646
518 645
519 646
520 645
515 651
516 650
517 649
518 648
519 649
520 648
514 651
513 652
512 653
511 654
510 649
509 648
508 649
507 650
521 649
513 645
513 654
517 645
518 644
517 643
508 651
509 650
520 650
519 651
518 651
517 652
516 653
515 654
517 654
518 653
511 647
515 647
516 646
515 645
516 655
515 656
507 652
521 651
513 647
517 647
519 644
518 646
520 643
519 642
520 641
519 640
520 639
521 640
522 639
521 642
523 639
517 656
519 653
506 653
505 653
518 655
509 652
520 652
511 649
515 649
516 648
510 647
521 644
516 657
515 658
514 658
507 654
518 639
517 638
518 637
517 636
516 639
515 638
514 637
515 636
514 635
513 636
512 637
511 636
511 638
512 639
513 638
511 640
510 640
509 639
508 640
507 641
508 642
509 641
507 643
510 642
508 644
509 643
515 640
510 635
509 634
508 633
509 632
508 631
510 631
507 634
510 633
508 635
511 631
512 630
511 629
512 628
511 627
513 627
514 626
514 628
515 629
513 629
514 630
515 631
516 632
510 626
509 625
508 624
510 624
508 626
507 627
506 626
506 625
517 631
509 627
517 640
509 636
509 645
517 658
520 654
510 628
510 637
510 638
512 646
512 655
513 656
524 638
516 643
505 652
504 651
516 652
517 635
516 634
509 631
517 644
509 640
520 640
509 649
520 649
510 623
509 622
508 653
509 654
513 628
512 641
513 642
513 643
516 629
516 638
516 656
517 630
509 626
517 639
509 635
520 644
519 648
508 648
511 653
512 627
512 636
512 645
512 654
504 650
505 624
524 637
523 636
516 633
516 642
516 651
515 655
509 621
509 630
508 634
508 643
519 643
511 639
519 652
512 631
523 640
523 641
524 642
524 643
525 644
512 640
512 649
504 654
504 655
505 656
505 657
516 628
517 627
517 626
517 625
516 624
516 637
515 650
515 659
507 655
508 629
519 638
508 638
511 634
519 647
508 647
507 646
511 643
508 656
508 657
519 656
519 657
511 652
512 626
523 635
512 635
523 644
523 645
524 646
524 647
524 648
523 649
523 650
524 651
524 652
512 644
504 649
505 648
505 647
504 646
504 645
505 623
504 622
516 623
517 622
518 623
517 621
516 620
503 653
519 624
520 625
521 624
522 625
521 623
520 622
520 626
520 627
521 628
520 621
523 626
524 627
525 626
525 625
524 624
524 628
524 629
525 630
524 623
523 622
522 621
511 656
510 656
511 657
512 658
512 659
512 660
513 661
511 661
511 662
512 663
512 664
523 621
523 630
522 630
523 631
524 632
524 633
503 648
515 622
514 621
513 620
512 621
512 622
513 623
513 624
511 620
510 619
507 636
507 645
508 628
519 628
519 629
520 630
520 631
520 632
521 633
521 632
519 633
511 624
519 637
520 636
521 637
520 635
508 637
511 633
508 646
511 642
522 648
523 625
512 625
514 644
504 621
503 620
502 619
505 620
506 621
505 619
505 618
504 617
503 616
525 653
514 653
514 662
515 663
516 662
517 663
516 661
515 664
518 664
518 665
519 666
519 667
520 668
519 665
526 627
527 628
528 627
529 628
528 626
529 627
528 625
527 624
530 629
527 623
528 622
529 623
528 621
528 620
529 619
529 618
528 617
528 616
527 619
526 618
525 617
524 618
524 619
523 617
530 620
531 621
531 622
532 623
532 624
533 625
531 630
531 631
532 632
532 633
518 632
526 645
526 646
527 647
527 646
528 645
529 646
528 644
527 643
527 642
526 641
530 647
531 646
532 647
531 645
530 648
531 649
531 650
532 651
531 644
530 643
527 641
528 640
528 639
527 638
527 637
528 636
529 637
528 635
530 638
530 639
531 640
531 641
532 642
533 648
526 636
525 635
534 649
535 648
536 649
536 648
535 647
534 650
537 650
538 651
539 650
539 649
538 648
538 652
538 653
539 654
539 655
538 647
539 646
540 646
539 645
537 646
538 656
538 657
537 655
537 645
536 644
535 643
535 642
534 641
534 640
533 639
535 639
536 640
536 639
535 638
535 637
534 636
537 641
538 642
539 641
539 640
538 643
518 641
503 652
502 651
501 650
501 649
500 648
500 647
501 646
501 645
501 644
500 643
499 646
500 642
501 641
502 642
501 640
500 639
500 638
499 641
498 640
497 639
498 639
497 638
503 643
526 654
526 655
527 656
527 657
528 658
527 659
526 660
527 661
527 662
528 663
527 660
527 655
528 654
526 659
525 658
524 657
524 656
523 655
523 654
523 658
523 659
523 660
524 661
522 653
522 657
521 656
525 662
521 647
537 654
536 653
535 653
535 652
534 654
534 655
535 656
535 657
535 658
536 658
534 659
534 660
535 661
535 662
533 653
534 663
534 664
533 665
533 662
537 659
537 660
538 661
538 662
532 665
531 665
531 664
531 663
530 662
529 661
530 666
530 667
498 641
531 668
531 669
497 642
497 643
497 644
498 644
496 641
530 661
531 660
531 659
530 658
530 657
530 670
530 671
530 672
531 673
531 674
530 675
530 676
530 677
531 678
531 677
529 674
496 645
496 646
497 647
497 648
498 649
530 656
532 661
531 655
532 656
531 654
530 653
530 652
529 651
499 650
513 625
499 651
500 652
500 653
501 654
501 655
500 656
499 656
500 657
500 658
501 659
501 660
501 661
500 662
501 663
501 664
501 665
500 666
500 667
501 668
501 669
499 665
500 661
499 660
498 659
497 658
498 658
497 657
500 670
499 670
500 671
500 672
501 673
501 674
500 675
500 676
500 677
501 678
501 677
499 674
499 669
499 678
499 679
500 680
502 679
503 680
504 679
505 680
504 678
496 659
496 660
496 661
497 662
498 663
497 661
495 658
494 658
493 659
494 660
493 660
492 658
492 657
499 655
498 654
497 653
497 652
499 664
499 673
498 672
497 671
492 661
492 662
492 663
493 664
493 665
492 666
491 666
492 667
496 654
495 653
499 659
533 657
491 660
502 669
494 665
534 658
518 650
537 663
530 624
503 670
504 670
505 671
506 672
507 673
495 666
515 644
507 640
506 639
505 638
527 618
531 625
510 651
529 664
500 637
499 636
532 669
533 634
523 620
502 646
522 661
521 660
514 657
533 670
534 635
526 631
518 627
537 640
503 647
515 621
506 652
530 637
496 644
495 643
529 641
499 649
540 650
519 627
532 646
511 623
498 653
529 677
528 676
522 638
541 651
514 634
533 647
525 643
502 659
526 644
539 663
539 664
518 640
536 657
515 634
528 653
507 630
506 630
506 629
505 628
504 627
510 641
529 654
521 650
540 663
532 659
533 624
525 620
525 621
498 666
497 667
522 651
534 625
535 625
536 625
525 656
526 621
491 663
490 663
490 662
489 661
488 660
524 660
506 642
517 657
509 653
521 627
540 640
498 643
510 654
522 628
513 659
541 641
542 641
543 642
544 643
545 644
514 624
533 637
532 637
532 636
531 635
530 634
525 633
502 649
506 619
539 653
518 630
497 656
517 634
536 647
528 643
507 620
529 644
540 653
532 649
498 656
535 660
501 667
493 663
504 672
504 673
524 650
503 627
502 626
503 625
502 624
503 624
536 624
505 673
536 660
528 656
529 621
532 626
531 667
510 644
543 641
522 618
500 679
525 623
523 662
523 663
502 639
501 680
539 643
505 650
524 663
497 646
516 659
517 624
536 637
509 620
520 629
509 656
510 621
521 630
513 626
532 639
519 669
518 670
519 670
517 670
516 670
516 669
498 646
511 665
511 666
510 664
535 650
501 657
512 666
505 627
524 640
516 636
539 656
497 659
538 660
517 637
509 633
528 646
520 642
507 672
508 671
531 657
489 660
508 673
500 669
492 665
512 643
504 639
504 640
523 652
524 617
535 663
501 670
493 666
505 640
524 653
516 649
503 679
528 623
530 669
531 634
542 643
542 644
508 650
527 663
526 664
499 681
500 646
511 655
531 670
523 629
543 644
535 640
501 647
512 656
504 652
505 617
524 630
516 626
497 649
538 650
530 646
509 623
496 653
499 658
527 640
519 636
531 647
500 659
512 633
504 629
504 630
523 642
493 656
494 656
494 655
493 654
492 653
495 656
493 653
492 655
534 657
526 653
505 630
537 662
503 669
495 665
496 664
515 643
506 674
506 675
527 617
538 663
530 659
531 624
496 666
488 662
487 662
507 675
499 671
527 653
500 636
501 635
500 634
502 636
502 637
503 637
501 634
511 645
523 619
489 663
522 660
501 637
492 668
533 669
534 668
533 667
534 667
534 634
525 665
525 666
504 642
545 643
546 642
545 641
524 620
534 670
535 671
535 670
536 670
526 666
518 662
546 644
547 645
548 644
538 640
530 636
496 643
499 648
527 630
528 631
529 632
529 631
528 633
519 626
511 622
531 637
529 676
500 649
541 650
511 658
512 623
504 619
523 632
534 647
526 643
537 652
503 659
504 660
505 661
506 662
507 663
505 660
504 662
504 663
505 663
507 662
508 661
507 660
508 660
508 663
495 655
515 633
506 664
507 629
530 649
496 656
507 665
508 630
499 661
540 662
541 661
519 639
511 635
522 650
541 663
542 664
543 665
544 666
543 664
542 666
545 666
546 665
545 664
546 664
546 667
547 668
547 667
548 667
549 667
550 668
550 667
549 669
549 670
550 670
548 666
514 646
533 659
534 624
525 655
526 620
491 662
502 671
503 636
494 667
494 668
506 641
526 656
518 652
530 626
503 672
495 668
536 669
515 646
507 642
548 643
499 638
527 620
510 653
529 666
528 666
521 662
520 663
520 662
521 663
522 627
513 658
541 640
532 671
533 636
525 632
498 678
497 679
497 680
544 645
544 646
502 648
522 663
514 659
534 637
526 633
545 646
518 629
537 642
503 649
495 645
494 645
515 623
506 654
507 619
508 618
507 617
508 617
517 669
509 665
509 666
529 643
508 620
521 639
540 652
532 648
511 625
498 655
510 666
522 640
541 653
542 654
542 653
543 652
543 654
544 655
545 654
544 656
546 654
545 656
514 636
533 649
525 645
491 652
491 651
490 650
491 650
490 652
489 650
488 650
487 651
487 652
488 652
502 661
503 626
494 657
506 631
506 632
547 669
547 670
539 665
539 666
518 642
505 672
536 659
528 655
507 632
520 651
510 643
529 656
521 652
540 665
513 648
533 626
525 622
498 668
497 669
490 664
502 638
535 672
535 673
534 627
535 628
535 627
536 627
537 627
538 628
538 627
537 629
537 630
538 630
539 631
540 630
540 629
540 628
541 628
541 630
542 631
543 632
544 633
545 634
543 631
542 633
545 633
546 632
545 631
546 631
546 634
547 635
547 634
548 634
549 634
550 635
549 636
549 637
550 637
551 638
552 637
552 636
553 635
553 637
554 638
555 639
555 638
554 640
551 639
551 640
548 633
548 632
548 631
552 639
544 635
501 679
547 646
547 647
526 623
524 662
503 639
516 658
536 636
536 635
506 644
497 681
517 659
518 660
519 659
536 672
537 673
537 672
538 671
538 673
509 655
510 620
529 633
520 664
548 646
549 647
550 647
521 629
540 642
532 638
498 645
543 653
505 662
516 671
550 669
542 665
543 666
555 640
556 641
557 641
558 641
559 642
559 641
560 642
558 643
558 644
559 644
561 643
562 642
561 644
562 644
557 640
560 641
559 643
560 644
562 643
547 636
547 637
539 632
539 633
558 645
504 674
504 675
505 639
536 626
559 646
505 675
538 672
548 636
521 619
520 619
540 632
486 661
485 660
486 659
485 662
484 659
483 659
483 658
484 657
485 661
498 635
497 636
543 643
523 664
523 665
524 665
542 655
542 656
508 662
527 675
526 674
527 674
527 673
526 676
525 676
526 677
524 675
523 675
523 674
523 673
524 673
522 673
521 673
520 672
519 672
518 673
518 672
521 672
522 671
520 674
520 675
521 675
519 671
511 667
511 668
543 656
493 655
512 668
513 669
514 669
504 664
505 629
546 666
549 671
549 672
550 636
496 665
561 645
561 646
507 674
486 651
485 650
485 649
486 649
485 652
484 649
483 649
483 648
483 647
483 646
484 647
484 646
486 648
486 647
486 646
485 651
482 645
482 644
481 643
482 643
481 645
480 646
479 645
479 644
478 643
479 643
478 645
477 642
476 643
475 643
475 642
474 642
473 642
473 641
474 640
473 639
472 638
471 637
470 637
469 636
472 637
471 639
471 640
472 640
474 639
470 636
469 638
468 639
468 640
472 639
475 644
475 645
476 645
468 641
478 644
471 641
471 642
472 642
474 641
467 638
466 638
466 637
466 636
467 636
465 635
464 634
465 633
464 636
463 633
464 635
463 632
527 652
527 651
527 650
550 672
551 673
551 672
552 672
543 633
489 662
562 646
563 647
563 646
564 645
564 647
565 647
566 647
567 646
566 645
567 645
567 648
568 648
569 648
569 647
567 647
565 648
565 649
566 649
569 649
570 650
570 651
571 651
568 650
568 651
571 650
572 649
571 648
573 650
573 651
574 651
572 651
570 652
570 653
571 653
573 652
573 653
574 653
575 654
576 654
577 654
578 655
578 654
579 655
580 655
581 656
582 657
583 658
581 655
577 656
580 657
580 658
581 658
583 657
579 654
582 659
582 660
583 660
584 661
584 660
585 659
586 658
585 661
585 660
577 655
586 660
587 661
588 661
578 656
581 657
584 662
584 663
585 663
587 662
587 663
588 663
589 664
590 663
591 662
590 661
591 661
580 659
581 660
535 629
535 630
508 675
509 676
510 676
511 676
512 677
512 676
511 678
512 678
513 679
514 680
514 679
515 679
516 680
516 679
517 679
515 678
514 677
515 677
515 676
501 636
504 641
493 668
534 669
526 665
505 642
546 643
537 674
537 675
549 648
549 649
482 658
481 658
480 659
480 658
481 657
480 656
481 656
479 656
478 656
478 655
479 654
478 653
479 653
481 655
482 654
481 653
482 653
482 656
477 652
476 653
479 655
482 655
478 657
538 675
539 676
540 675
531 636
550 649
551 650
551 651
552 649
553 648
554 648
555 649
552 647
555 648
554 650
554 651
555 651
553 647
555 650
551 652
554 652
554 653
555 653
556 654
556 653
557 653
558 654
558 653
559 654
559 653
560 652
560 654
561 654
562 654
558 655
558 656
559 656
561 655
561 656
562 656
563 657
564 658
565 657
566 658
566 657
567 658
565 659
565 660
566 660
564 657
567 657
563 659
566 659
567 660
568 661
568 660
569 660
570 660
571 661
572 661
573 661
574 662
574 661
573 663
570 662
570 663
571 663
573 662
574 663
575 664
576 665
577 666
577 667
578 667
576 664
575 666
578 666
579 665
578 664
579 664
579 667
580 668
580 667
581 666
581 668
581 667
577 668
580 669
580 670
569 659
569 658
569 657
565 661
576 666
568 662
568 663
557 652
557 651
557 650
496 678
496 677
495 676
496 676
494 677
494 678
493 676
492 676
492 675
493 674
495 678
491 675
490 675
490 674
491 673
490 672
489 671
488 670
489 670
488 672
487 672
488 673
489 673
491 672
487 674
488 675
486 671
485 670
486 670
486 669
485 672
485 673
484 669
483 669
489 672
492 677
492 678
493 678
485 674
482 668
481 668
480 669
480 668
479 668
478 668
481 667
481 666
481 665
482 664
482 666
495 677
569 662
542 645
488 674
480 670
480 671
527 665
519 661
543 646
489 675
522 672
493 645
492 645
492 644
492 643
493 643
491 642
490 642
490 641
490 640
490 639
489 638
488 637
491 640
488 639
487 639
488 640
489 640
491 639
487 641
487 642
488 642
486 638
485 637
486 637
484 637
483 637
483 636
486 636
485 639
485 640
484 636
483 638
489 639
485 641
525 677
545 655
481 670
546 656
547 657
547 658
548 656
549 657
550 658
550 657
549 659
550 660
551 660
552 660
552 659
553 658
552 657
553 657
553 660
554 661
554 660
555 661
554 662
554 663
555 663
556 664
557 663
547 659
557 662
557 661
550 659
556 665
556 666
553 659
518 674
518 675
557 665
558 666
559 666
560 665
561 664
562 665
559 664
562 664
561 666
561 667
562 667
563 667
564 668
565 669
565 670
566 670
564 667
560 664
563 669
563 670
564 670
566 669
567 668
567 670
568 671
569 670
569 669
569 668
562 666
565 671
565 672
566 672
568 672
568 673
569 672
570 673
571 673
572 672
571 671
573 673
573 674
574 674
575 674
572 671
574 673
561 668
572 673
564 669
549 661
496 655
515 668
514 667
515 666
488 651
507 664
572 650
477 641
477 640
591 663
583 659
489 652
575 655
575 656
508 665
541 662
552 671
552 670
552 669
553 668
553 670
554 671
555 672
555 671
554 673
555 673
556 674
557 674
557 673
553 669
557 675
504 631
544 667
544 668
470 638
576 656
481 647
480 648
568 652
473 643
553 672
545 668
546 633
537 664
538 629
484 658
557 642
556 643
556 644
463 635
503 671
549 638
549 639
495 667
474 644
487 663
487 664
506 676
506 677
538 665
579 666
531 626
571 662
550 639
496 668
488 664
507 677
480 660
540 674
540 673
541 673
542 674
543 675
544 676
545 677
543 674
542 676
542 677
543 677
545 676
546 675
545 674
546 674
546 677
544 678
543 676
546 676
542 678
545 678
572 663
477 654
476 655
475 655
474 654
473 653
473 652
473 651
474 650
472 650
474 652
474 651
564 659
556 655
556 656
522 662
541 675
533 671
553 649
525 667
525 668
545 645
491 674
483 670
483 671
494 679
494 680
534 672
526 668
567 669
546 646
484 671
570 674
570 675
495 680
487 676
488 641
508 619
527 632
560 666
571 675
563 671
510 665
489 642
521 674
541 652
513 670
513 671
552 661
551 662
551 663
544 657
544 658
564 672
502 660
522 675
514 671
545 658
586 659
484 648
503 661
476 644
495 657
515 635
487 653
487 654
506 666
507 631
560 643
465 634
579 656
551 674
551 675
571 652
563 648
563 649
496 658
582 661
509 677
509 678
488 654
529 655
508 632
548 668
499 663
540 664
541 629
532 660
511 637
552 638
572 653
498 667
544 634
477 644
564 649
510 678
469 640
556 645
522 652
541 665
514 648
533 661
534 626
552 674
553 639
525 657
526 622
472 651
545 635
491 664
537 631
537 632
483 660
483 661
502 673
503 638
494 669
506 643
539 677
539 678
567 659
518 654
559 655
538 632
578 668
484 661
530 628
570 664
570 665
495 670
536 671
528 667
528 668
507 644
548 645
527 622
499 640
540 641
560 656
571 665
510 655
529 668
521 664
522 629
540 677
513 660
541 642
514 625
532 673
533 638
479 667
479 666
479 665
552 651
525 634
498 680
544 647
490 676
491 641
502 650
503 615
503 614
494 646
494 647
514 661
555 662
534 639
506 620
526 635
566 671
518 631
558 667
558 668
491 677
537 644
484 638
524 674
503 651
495 647
487 643
515 625
506 656
507 621
567 672
559 668
551 664
517 671
509 667
509 668
510 632
529 645
548 658
520 676
521 641
540 654
513 637
532 650
498 657
585 662
490 653
490 654
510 668
502 627
521 677
522 642
514 638
554 674
554 675
533 651
574 652
525 647
566 648
472 641
491 654
577 657
577 658
483 650
502 663
503 628
475 646
475 647
494 659
555 675
547 671
506 633
539 667
539 668
567 649
586 662
559 645
505 674
578 658
551 641
551 642
497 670
530 618
570 654
476 647
517 648
536 661
509 644
528 657
529 622
520 653
548 635
540 631
581 669
560 646
486 660
532 627
532 628
465 637
510 645
529 658
521 654
522 619
562 655
541 632
513 650
532 663
573 664
573 665
533 628
552 641
479 657
525 624
498 670
490 666
502 640
543 678
535 674
535 675
555 652
574 665
547 648
547 649
526 625
493 677
566 661
539 644
558 657
558 658
518 621
505 651
524 664
516 660
536 638
482 667
528 634
559 658
517 661
509 657
510 622
529 635
569 671
520 666
548 648
521 631
540 644
486 673
532 640
478 669
498 647
490 643
490 644
543 655
522 632
562 668
535 651
554 664
554 665
501 658
565 673
525 637
512 667
491 644
523 676
523 677
524 641
503 618
555 665
506 623
588 662
539 657
505 664
524 677
497 660
536 651
528 647
467 637
581 659
486 650
478 646
478 647
584 664
584 665
531 658
550 671
542 667
542 668
562 645
508 674
513 640
554 641
554 642
573 654
573 655
479 647
565 650
565 651
511 679
511 680
585 665
471 643
523 653
543 668
535 664
555 642
501 671
574 655
547 638
493 667
566 651
539 634
539 635
512 680
558 647
485 663
485 664
504 676
505 641
524 654
497 637
536 628
482 657
528 624
474 653
520 620
580 671
546 678
497 673
496 674
538 674
517 651
509 647
550 648
529 625
569 661
520 656
521 621
561 657
561 658
540 634
486 663
527 664
532 630
519 660
498 637
531 671
543 645
489 674
562 658
535 641
548 655
548 654
554 654
501 648
492 679
492 680
493 644
512 657
504 653
523 666
524 631
516 627
481 669
568 674
568 675
493 680
539 647
505 654
546 655
497 650
516 663
557 664
517 628
536 641
509 624
549 660
482 670
528 637
515 667
520 633
486 640
531 648
550 661
510 625
569 674
542 657
542 658
489 651
508 664
513 630
527 677
500 660
519 673
492 656
511 669
511 670
512 634
523 643
502 620
543 658
535 654
576 655
481 646
587 664
587 665
493 657
512 670
485 653
485 654
553 671
505 631
545 667
524 644
516 640
463 634
482 647
474 643
588 665
466 639
580 661
546 668
538 664
530 660
509 637
549 673
550 638
496 667
569 651
542 634
542 635
515 680
561 647
488 663
467 640
507 676
508 641
527 654
499 672
519 650
511 646
531 661
572 662
477 653
543 635
562 648
489 664
575 667
575 668
535 631
508 677
500 673
501 638
541 674
492 669
504 643
523 656
524 621
576 668
481 659
568 664
568 665
534 671
526 667
505 644
518 663
546 645
497 640
537 676
537 677
538 641
557 654
484 670
549 650
549 651
495 679
487 675
515 657
520 623
507 653
527 631
538 677
530 673
531 638
571 674
550 651
496 680
542 647
541 648
488 676
489 641
508 654
480 672
480 673
527 667
500 650
519 663
492 646
492 647
511 659
512 624
504 620
564 671
523 633
556 667
556 668
535 644
534 645
522 674
501 651
514 670
493 647
534 648
553 661
504 656
503 657
545 657
505 621
524 634
537 653
516 630
503 660
482 637
481 637
480 636
480 638
480 637
479 637
478 637
478 636
481 636
506 665
518 676
546 658
538 654
557 667
530 650
590 664
496 657
515 670
488 653
507 666
480 649
480 650
527 644
499 662
531 651
572 652
477 643
564 648
469 639
583 661
510 677
489 654
575 657
575 658
500 663
541 664
492 659
533 660
552 673
553 638
544 669
544 670
523 646
470 640
576 658
502 672
481 649
473 645
534 661
553 674
526 657
545 670
546 635
537 666
538 631
484 660
557 644
530 627
503 673
549 640
476 656
495 669
487 665
487 666
506 678
527 621
499 639
560 655
579 668
530 663
531 628
571 664
563 660
563 661
496 670
488 666
529 667
499 675
498 676
540 676
500 640
532 672
552 650
498 679
572 665
477 656
523 623
564 661
556 657
522 664
541 677
514 660
533 673
534 638
553 651
525 669
525 670
526 634
545 647
491 676
537 643
483 672
483 673
503 650
494 681
494 682
495 646
515 624
506 655
526 670
527 671
528 670
567 671
518 666
517 667
559 667
538 644
484 673
530 640
549 653
495 682
496 647
515 660
488 643
507 656
508 621
480 639
480 640
479 641
548 657
527 634
499 652
519 630
560 668
511 626
563 673
510 667
521 676
522 641
513 672
513 673
512 674
541 654
492 649
533 650
552 663
525 646
504 623
544 659
491 653
556 670
557 671
558 670
502 662
522 677
568 644
569 645
570 644
514 673
515 674
516 673
555 674
534 651
526 647
545 660
518 643
586 661
537 656
578 657
484 650
530 617
530 616
530 615
530 614
531 614
532 614
533 614
534 613
534 612
534 614
535 615
536 615
536 614
532 615
532 616
533 616
536 616
537 617
537 618
538 618
539 618
540 618
540 617
541 618
535 617
535 618
538 617
541 617
537 619
538 620
539 621
539 620
540 620
540 619
541 620
542 621
542 620
543 619
543 621
544 621
545 621
546 622
547 622
548 622
548 621
546 621
544 622
544 623
545 623
548 623
549 624
550 625
547 624
547 625
550 624
549 626
549 627
550 627
551 628
551 627
552 627
552 626
552 625
552 624
553 625
553 624
553 627
554 628
555 628
551 629
551 630
552 629
554 629
554 630
555 630
556 631
557 630
558 631
559 632
559 631
560 632
561 631
562 632
562 631
558 633
561 633
561 634
562 634
563 634
564 635
565 636
566 635
565 637
567 635
566 637
564 634
560 631
563 636
563 637
564 637
566 636
567 637
568 638
569 637
559 633
560 634
562 633
565 638
565 639
547 626
566 639
539 622
539 623
531 613
550 626
569 639
570 640
571 641
568 640
571 640
572 639
573 638
571 638
574 638
573 640
572 638
572 641
570 642
542 622
542 623
561 635
543 623
535 619
534 620
572 640
564 636
556 632
556 633
553 626
545 622
546 623
538 619
557 632
549 628
531 616
567 636
570 641
560 633
571 642
563 638
563 639
541 619
533 615
552 628
544 624
544 625
564 639
534 616
553 629
545 625
537 621
555 629
566 638
558 634
558 635
567 639
559 635
551 631
548 625
540 621
532 617
532 618
541 622
533 618
569 638
543 622
562 635
554 631
554 632
565 640
555 632
566 641
539 624
536 618
568 641
568 642
557 631
531 615
550 628
569 641
542 624
542 625
543 625
535 621
534 622
564 638
556 634
556 635
555 636
535 611
536 612
537 611
534 615
553 628
545 624
537 620
546 625
538 621
557 634
503 663
476 646
549 630
495 659
468 642
515 637
487 655
507 633
560 645
579 658
465 636
551 676
531 618
571 654
563 650
563 651
562 652
509 679
509 680
488 656
529 657
480 652
548 670
521 653
540 666
541 631
532 662
533 627
552 640
498 669
544 636
544 637
477 646
564 651
490 665
510 680
469 642
556 647
522 654
541 667
533 663
534 628
574 664
525 659
553 641
526 624
545 637
518 620
577 669
577 670
537 633
483 662
502 675
503 640
494 671
506 645
567 661
539 679
518 656
559 657
578 670
551 653
551 654
550 655
484 663
497 682
570 666
530 630
517 660
496 637
495 637
494 637
494 636
495 636
536 673
487 668
528 669
529 634
548 647
520 665
499 642
540 643
486 672
519 620
560 658
563 663
510 657
529 670
575 637
521 666
522 631
540 679
513 662
541 644
514 627
532 675
533 640
479 669
552 653
525 636
490 678
491 643
537 610
537 609
538 609
539 610
539 611
540 609
539 612
541 609
542 610
543 609
542 611
544 610
544 611
545 611
543 611
545 610
546 611
547 612
548 611
544 612
544 613
545 613
548 613
549 614
550 615
551 615
552 615
552 614
553 615
554 615
555 616
554 617
554 618
555 618
547 614
550 614
553 614
549 616
552 616
551 617
551 618
555 617
551 619
543 610
554 619
554 620
555 620
556 621
556 620
557 620
558 621
559 621
560 620
559 619
561 621
562 622
560 619
562 621
561 623
560 621
558 622
558 623
559 623
562 623
563 624
563 625
564 625
565 624
566 625
566 624
567 623
567 625
565 626
565 627
566 627
564 624
567 624
563 626
564 627
566 626
567 627
568 628
568 627
569 627
570 628
571 628
572 628
573 628
574 629
574 628
573 630
570 629
570 630
571 630
574 630
575 631
576 632
577 631
578 632
578 631
579 632
577 633
577 634
578 634
576 631
579 631
575 633
575 634
576 634
578 633
579 634
577 635
569 626
569 625
569 624
565 628
576 633
568 629
568 630
546 610
557 619
557 618
557 617
549 615
550 616
569 629
542 612
542 613
543 613
579 633
571 629
572 630
564 626
556 622
556 623
575 635
553 616
545 612
546 613
557 622
567 626
559 622
578 635
570 631
570 632
548 612
560 623
571 632
563 628
552 618
544 614
545 615
573 631
573 632
555 619
574 632
547 615
547 616
566 628
558 624
558 625
567 629
559 625
548 615
540 611
569 628
561 624
561 625
543 612
562 625
554 621
572 629
576 635
568 631
568 632
546 612
557 621
549 617
549 618
550 618
542 614
560 622
571 631
563 627
552 617
572 632
564 628
556 624
556 625
555 626
553 618
545 614
483 639
483 640
482 641
502 652
503 617
494 648
494 649
514 663
555 664
547 660
547 661
546 662
506 622
526 637
566 673
567 638
518 633
546 615
558 669
559 634
538 611
484 640
524 676
570 643
516 672
549 620
495 649
536 650
515 627
487 645
506 658
507 623
548 624
567 674
559 670
560 635
551 666
571 644
517 673
563 640
509 669
510 634
529 647
520 678
548 660
521 643
540 656
513 639
541 621
532 652
533 617
479 646
552 630
585 664
544 626
545 627
544 627
490 655
490 656
510 670
556 637
557 638
558 637
543 667
522 644
513 675
514 640
554 676
554 677
553 678
555 641
574 654
534 618
525 649
566 650
512 679
472 643
558 646
491 656
537 623
577 659
577 660
483 652
502 665
503 630
475 648
494 661
555 677
547 673
506 635
539 669
567 651
559 647
505 676
578 660
551 643
551 644
550 645
497 672
570 656
517 650
536 663
509 646
528 659
529 624
548 637
520 655
521 620
540 633
486 662
532 629
478 658
478 659
498 636
575 627
574 626
575 625
575 624
575 623
575 622
575 621
576 621
577 621
578 622
578 621
579 620
578 619
579 619
579 622
580 622
581 623
582 624
582 625
583 625
581 622
577 623
580 624
579 624
580 625
581 625
583 624
579 621
582 626
582 627
583 627
584 628
585 628
586 627
585 626
587 628
588 629
589 629
590 629
590 628
591 629
592 629
593 630
594 631
586 625
592 631
595 631
588 628
591 628
587 630
590 630
589 631
589 632
591 631
593 631
578 623
581 624
584 629
584 630
585 630
574 620
573 620
573 619
573 618
573 617
574 616
572 616
571 616
570 615
569 615
568 615
570 617
570 618
571 618
574 618
567 615
566 615
565 614
564 613
563 612
564 612
563 614
566 614
567 613
566 612
567 612
569 614
562 611
561 611
565 616
569 617
568 618
568 617
571 617
572 618
564 614
567 614
570 619
570 620
560 611
559 611
558 611
571 620
566 616
558 612
558 613
559 613
587 629
588 630
580 626
580 627
569 616
561 612
561 613
581 627
562 613
572 617
591 630
583 626
576 623
568 619
568 620
586 626
579 623
571 619
590 632
563 615
563 616
582 628
572 620
564 616
583 629
585 629
574 619
577 624
577 625
567 616
586 629
559 612
578 625
570 621
560 613
581 626
584 631
584 632
562 612
573 621
573 622
565 617
565 618
585 632
574 622
566 618
558 614
576 622
587 631
587 632
588 632
580 628
569 618
561 614
561 615
562 615
580 618
590 631
572 619
564 615
583 628
576 625
568 621
557 611
556 611
556 612
568 611
567 610
569 612
570 611
571 612
586 628
578 624
560 612
579 625
571 621
563 617
563 618
562 619
582 630
572 622
564 618
562 657
541 634
573 666
573 667
533 630
574 631
479 659
565 662
565 663
494 638
535 676
555 654
574 667
547 650
547 651
546 652
545 651
493 679
566 663
567 628
485 675
485 676
484 677
558 659
559 624
551 620
551 621
550 622
524 666
570 633
570 634
569 635
482 669
548 614
540 610
560 625
486 639
551 656
571 634
563 630
509 659
569 673
561 669
561 670
541 611
486 675
527 676
479 636
552 620
544 616
490 645
489 646
543 657
562 670
554 666
555 631
547 627
547 628
546 629
566 640
512 669
558 636
504 665
504 666
503 667
537 613
483 642
570 610
570 609
571 608
572 608
573 608
573 607
574 606
574 605
574 608
574 607
573 609
573 610
574 610
575 611
575 610
576 609
577 610
578 609
579 610
577 611
579 609
578 611
576 611
579 611
580 612
581 613
582 614
582 615
583 615
584 615
585 616
585 615
586 615
581 612
584 617
584 618
585 618
580 614
581 615
583 614
586 614
586 613
582 616
585 617
577 612
577 613
586 617
587 618
587 617
588 616
588 618
589 619
590 618
591 618
592 619
593 620
594 621
595 622
596 622
597 623
598 622
593 619
596 624
596 625
597 625
592 621
592 622
593 622
595 621
598 621
594 623
595 624
597 624
594 622
598 624
599 625
599 624
600 623
600 625
590 620
589 621
593 621
596 626
596 627
597 627
578 613
588 617
599 626
599 627
581 614
600 627
601 628
602 628
603 628
604 629
604 628
605 627
604 626
605 626
605 629
606 629
607 629
607 628
603 630
605 628
604 630
607 630
608 631
608 632
609 632
606 631
606 632
607 631
609 631
608 633
608 634
609 634
610 635
610 634
611 634
611 633
611 632
612 632
612 634
613 635
614 636
615 635
616 636
616 635
617 636
618 636
619 636
619 635
615 637
614 635
617 635
613 637
616 637
617 638
618 639
618 638
619 638
620 638
621 638
619 637
610 636
610 637
592 623
611 636
584 619
584 620
585 620
586 621
587 620
613 636
614 637
606 633
606 634
576 610
595 623
587 619
588 620
580 616
617 637
609 633
601 629
601 630
598 623
590 619
602 630
572 607
591 620
583 616
575 612
575 613
594 625
576 613
587 622
586 623
612 633
615 638
615 639
605 630
597 626
616 639
589 622
589 623
588 624
608 635
608 636
586 616
578 612
609 636
579 613
598 626
571 609
590 622
600 626
611 635
603 631
603 632
593 623
612 636
585 619
604 632
596 628
574 609
577 614
577 615
589 625
588 626
578 615
610 638
610 639
611 640
588 619
607 632
580 615
599 628
598 629
599 629
581 616
600 629
584 621
573 611
602 629
613 638
613 639
591 619
594 624
614 639
606 635
576 612
595 625
587 621
588 622
606 625
607 626
608 625
616 638
617 639
609 635
601 631
601 632
600 633
580 608
579 612
598 625
590 621
582 617
582 618
602 632
572 609
591 622
583 618
575 614
576 615
608 624
608 623
608 622
608 621
609 620
608 619
607 619
606 619
609 619
609 622
610 622
611 622
611 621
612 620
611 619
612 619
612 622
607 618
607 617
607 616
609 621
612 621
605 618
605 617
604 616
605 616
603 617
603 618
602 616
601 616
604 618
600 615
599 615
599 614
600 613
599 612
598 612
597 613
596 612
597 612
600 612
596 614
596 615
597 615
595 611
594 611
593 610
592 609
593 609
592 611
601 617
601 618
598 611
597 610
598 610
598 609
602 618
591 608
590 608
589 609
589 608
588 608
587 608
587 607
588 606
587 605
586 605
585 606
584 605
585 605
588 605
584 607
585 608
590 607
590 606
591 606
583 604
583 603
582 602
583 602
582 604
581 602
580 602
597 614
589 610
589 611
586 604
585 603
586 603
586 602
513 634
579 601
578 601
577 601
577 600
578 599
577 598
576 599
578 598
579 597
580 597
579 599
580 599
581 600
575 600
575 601
576 601
578 600
590 610
600 614
592 610
611 623
610 624
610 625
611 624
603 619
603 620
593 611
612 624
613 625
613 624
614 623
614 625
615 625
616 625
615 626
615 627
616 627
585 607
604 620
596 616
595 617
577 602
577 603
578 603
614 624
610 626
610 627
588 607
607 620
606 621
580 603
580 604
599 616
599 617
581 604
600 617
584 609
583 610
582 610
581 610
602 617
613 626
613 627
591 607
594 612
594 613
614 627
576 600
595 613
587 609
588 610
616 626
617 627
618 628
618 629
618 630
609 623
601 619
601 620
579 600
598 613
590 609
582 605
582 606
602 620
591 610
583 606
575 602
575 603
612 623
604 619
615 628
615 629
605 620
597 616
616 629
589 612
589 613
590 614
591 613
592 613
586 606
578 602
579 603
608 615
581 603
600 616
619 629
620 629
621 629
620 630
621 631
622 632
622 631
623 631
623 630
624 631
625 632
625 631
626 630
626 632
627 633
628 632
628 634
629 635
627 635
630 635
631 634
630 633
631 633
622 633
622 634
625 633
625 634
626 634
628 633
621 630
578 671
627 636
627 637
624 630
628 636
620 632
623 632
626 633
622 635
592 612
611 625
584 608
603 621
603 622
593 613
585 609
604 622
596 618
595 619
577 604
614 626
606 622
606 623
625 635
625 636
595 612
626 636
610 628
588 609
607 622
580 605
580 606
599 618
581 606
584 611
584 612
583 612
610 618
617 626
628 635
620 631
599 608
602 619
581 596
582 596
582 595
582 594
582 593
582 592
583 592
583 594
584 595
585 595
586 594
585 593
587 595
587 596
588 596
589 596
590 596
590 595
591 594
590 593
591 593
591 596
586 592
588 595
591 595
587 597
590 597
589 598
589 599
590 598
591 598
592 599
592 598
593 597
593 599
594 599
595 599
594 600
594 601
595 601
596 602
597 603
597 602
596 604
595 604
598 601
597 600
598 600
599 602
600 603
601 603
602 604
603 605
604 606
601 605
601 606
598 599
602 606
604 605
605 604
605 606
600 602
603 607
603 608
604 608
599 604
602 605
605 605
601 607
601 608
602 608
594 603
593 598
604 607
596 603
605 608
606 609
607 608
608 609
609 610
609 609
608 611
609 611
610 612
611 611
612 610
611 609
611 608
612 607
612 609
612 612
613 613
613 612
614 613
615 612
615 614
614 612
613 614
613 615
614 615
612 611
597 604
589 600
589 601
607 607
607 606
607 605
600 604
592 600
592 601
611 613
610 614
584 596
584 597
603 609
603 610
593 601
585 597
604 610
614 614
606 610
606 611
595 600
588 597
607 610
581 594
580 594
602 607
613 616
591 597
583 593
594 602
614 617
595 603
613 606
605 607
608 612
608 613
586 593
609 613
601 609
600 610
598 603
590 599
583 596
611 612
593 600
612 613
585 596
604 609
596 605
596 606
595 607
605 610
597 606
589 602
588 603
586 596
610 615
611 616
610 616
589 592
588 593
607 609
599 605
599 606
581 593
600 606
592 602
592 603
611 615
584 598
584 599
584 600
603 611
593 603
585 599
586 600
587 599
596 608
595 609
592 592
591 591
592 590
592 589
592 588
593 587
594 588
594 589
595 589
596 589
597 590
598 589
593 586
596 591
596 592
597 592
593 589
595 588
596 587
595 586
598 588
598 587
599 586
600 587
594 590
594 591
595 591
597 591
598 591
599 592
600 591
600 590
600 589
600 592
601 593
602 594
603 595
604 596
602 593
601 595
601 596
602 596
604 595
605 594
604 593
604 592
605 593
605 596
606 596
607 596
607 595
603 597
602 595
605 595
601 597
600 598
601 587
593 588
604 597
596 593
596 594
605 598
606 599
606 598
607 598
608 599
608 598
609 597
609 599
609 598
608 600
608 601
609 601
610 602
611 601
611 600
611 599
612 599
613 600
579 605
614 600
612 601
613 602
613 603
614 603
615 602
616 603
588 631
616 602
617 601
616 600
617 599
617 600
617 603
615 604
616 605
614 602
617 602
613 604
616 604
617 605
618 606
618 605
619 605
620 606
620 605
579 608
621 606
620 607
620 608
621 608
622 608
623 608
624 607
623 606
624 605
624 604
624 603
553 623
624 606
623 607
624 608
625 609
626 608
626 607
626 609
619 604
620 603
619 603
619 602
615 606
597 594
618 607
618 608
617 609
616 610
617 611
610 603
610 604
607 597
599 593
599 594
600 594
540 651
619 607
611 603
621 607
614 604
606 600
606 601
595 590
625 603
617 604
609 600
620 609
598 590
602 597
591 587
594 592
601 586
601 585
601 584
601 583
602 583
602 585
603 585
604 585
605 584
604 583
605 583
605 585
606 586
606 587
607 586
608 586
609 587
609 586
608 588
608 589
609 589
610 589
503 658
611 589
611 588
612 587
612 589
613 590
614 591
615 592
614 590
613 592
553 621
616 592
617 591
616 590
617 590
617 593
618 593
619 593
620 593
621 594
621 593
575 662
576 662
620 595
620 596
621 596
622 597
623 596
623 595
624 594
625 593
578 663
624 596
622 598
622 599
621 600
496 642
529 642
619 592
623 598
607 585
622 601
621 595
613 591
614 592
606 588
584 606
606 589
624 595
617 592
609 588
620 597
620 598
621 598
612 588
623 597
615 593
615 594
624 598
591 617
591 616
625 599
626 599
627 600
628 600
628 599
628 601
629 602
629 603
628 604
628 605
627 602
629 604
612 640
627 604
616 594
608 590
607 591
606 597
609 591
610 592
610 591
611 591
622 600
619 594
618 595
617 596
616 597
618 596
611 590
536 678
536 679
525 631
603 586
603 587
604 588
612 591
604 587
623 600
624 601
625 601
615 596
614 597
614 598
625 600
626 601
618 597
610 593
609 594
610 594
629 606
628 607
607 587
620 604
600 584
599 584
603 589
604 590
602 584
621 597
613 593
612 594
612 595
611 596
612 597
613 594
505 616
505 615
576 608
614 594
606 590
519 625
627 603
624 597
616 593
617 594
609 590
628 603
620 599
602 587
613 596
612 600
615 605
605 597
597 593
616 606
608 602
607 603
608 603
609 603
601 599
600 600
598 593
612 590
604 586
623 599
615 595
627 606
605 587
624 600
616 596
608 592
607 593
601 589
600 593
619 606
611 602
603 598
603 599
604 600
593 590
612 603
604 599
596 595
596 596
595 597
597 596
598 597
599 596
626 600
629 605
622 602
619 596
611 592
603 588
592 615
612 593
604 589
596 585
597 585
615 598
618 609
610 605
610 606
609 607
607 599
599 595
600 596
611 605
603 601
604 602
614 616
606 612
606 613
605 614
604 613
603 613
595 602
587 598
622 592
621 591
622 590
622 589
621 588
622 587
622 586
623 586
621 586
620 585
621 584
620 583
621 583
623 585
624 586
622 588
494 676
621 585
624 585
580 600
620 587
619 587
623 587
619 584
618 584
618 583
618 585
617 582
616 582
615 582
614 582
613 582
612 581
613 581
615 583
554 639
615 584
616 584
618 587
617 588
620 586
621 587
613 583
613 584
614 584
565 625
624 587
528 641
625 588
624 589
625 589
626 589
627 590
627 591
627 592
628 591
626 588
625 590
624 591
625 591
626 591
627 593
627 594
626 595
616 583
617 584
628 593
620 589
619 590
619 583
623 589
615 585
627 596
628 597
626 597
616 586
626 590
618 586
588 599
607 612
580 595
619 586
611 582
610 582
609 582
610 581
610 583
611 584
608 582
607 583
572 660
572 659
621 632
613 628
613 629
612 630
611 630
614 593
584 601
625 602
591 609
583 605
594 614
594 615
614 629
626 603
618 599
610 595
576 602
595 615
587 611
586 611
607 589
599 585
621 609
613 605
613 641
613 642
612 643
611 642
614 643
612 642
611 644
610 645
609 644
608 644
493 639
608 643
608 642
609 642
607 641
608 640
608 639
607 639
606 642
606 641
612 644
605 641
604 641
603 641
603 640
604 639
603 638
602 637
602 636
602 639
604 638
605 637
605 639
602 638
605 638
602 641
604 640
607 640
611 646
610 647
603 642
604 643
606 643
606 644
607 643
561 622
609 643
602 640
605 640
608 645
608 646
609 646
590 594
611 645
604 642
605 643
607 642
603 644
602 644
601 643
606 645
606 646
605 647
609 645
602 642
614 606
606 602
612 645
595 592
610 608
605 642
608 647
607 648
607 649
606 650
605 649
604 649
603 650
603 651
602 649
601 648
604 651
600 648
599 648
599 647
600 646
599 645
600 645
503 668
602 648
611 620
601 650
601 651
602 651
604 650
605 651
600 647
603 652
603 653
604 653
599 649
598 650
602 650
605 650
601 652
489 659
489 658
569 646
601 653
600 654
598 646
597 646
596 647
522 626
597 648
597 647
596 649
595 650
602 653
505 614
604 652
578 597
596 648
597 649
608 648
600 649
603 654
603 655
602 656
596 651
595 652
594 652
492 642
593 653
592 652
493 641
594 654
595 655
593 652
573 671
574 671
592 654
511 621
544 641
565 615
593 655
595 654
591 651
594 656
595 657
596 658
595 659
596 657
597 658
596 660
587 606
597 657
598 657
599 658
557 659
599 657
600 656
600 658
575 629
576 629
600 657
593 654
596 659
597 660
599 659
592 656
591 656
595 656
598 656
597 655
598 655
598 654
598 653
598 652
590 652
589 652
589 653
589 654
590 653
588 653
587 653
586 654
591 653
594 658
593 659
597 659
589 655
589 656
588 657
587 656
590 655
592 655
484 645
485 644
593 656
589 658
588 659
508 639
506 613
507 614
507 615
588 652
592 658
591 659
599 651
591 652
594 657
595 658
587 654
485 643
588 655
602 652
575 670
595 648
598 658
590 654
591 655
594 660
593 661
601 654
598 648
589 657
609 612
598 602
601 644
602 609
613 618
614 583
625 592
591 599
583 595
594 604
606 615
618 589
604 654
610 585
605 619
596 650
624 632
616 628
595 605
587 601
628 602
597 651
617 629
609 625
601 621
602 586
620 634
506 612
506 611
506 610
506 609
506 608
505 607
504 607
504 606
503 606
483 667
484 666
484 667
505 606
504 608
504 609
505 609
503 605
503 604
507 611
569 622
505 608
485 666
504 610
504 611
504 612
544 644
505 611
503 607
621 599
613 595
577 672
579 602
598 615
590 611
582 607
582 608
602 622
507 613
614 596
606 592
592 657
612 635
591 612
604 631
583 608
575 604
615 640
615 641
594 617
593 617
593 658
585 654
584 654
583 655
605 632
597 628
617 606
589 624
608 637
609 602
601 598
586 618
578 614
598 592
475 638
476 638
508 625
590 588
589 588
588 588
587 589
586 590
589 589
589 590
590 589
588 589
536 617
601 634
602 634
603 634
482 646
602 599
547 663
548 664
549 664
549 663
588 664
567 641
539 659
540 659
580 660
613 608
559 637
560 637
602 635
561 637
505 666
579 615
570 646
571 646
571 611
516 675
590 624
591 625
591 626
592 625
591 589
603 643
528 649
569 650
548 627
581 661
540 623
467 639
486 652
532 619
478 648
478 649
477 650
476 650
584 666
584 667
583 668
585 631
479 664
480 663
480 662
604 644
605 609
550 673
597 605
542 669
542 670
541 671
540 671
543 634
617 583
562 647
608 614
508 676
554 643
554 644
553 645
628 592
573 656
533 620
583 666
574 621
479 649
620 588
565 652
564 653
565 654
566 655
564 655
567 655
609 605
565 653
568 654
566 617
586 595
577 626
577 627
543 670
535 666
576 667
609 615
555 644
601 611
621 589
493 669
566 653
567 618
539 636
538 637
538 638
539 637
540 638
541 638
587 604
542 637
542 632
613 585
485 665
586 631
558 649
559 650
560 650
599 650
559 614
505 643
578 627
598 605
570 623
571 624
572 624
482 672
590 601
536 630
582 597
482 659
627 605
600 651
606 582
605 581
604 581
593 612
538 676
612 625
563 620
604 621
605 586
623 634
550 650
624 599
596 617
569 663
496 679
542 646
615 630
616 631
615 632
614 633
555 624
546 640
545 639
595 610
544 639
543 639
547 640
616 595
561 659
561 660
560 661
560 662
487 673
538 616
538 615
495 674
551 658
539 614
562 624
608 591
527 666
573 633
573 634
573 635
572 636
571 636
519 662
565 629
565 630
565 631
572 674
605 622
574 672
596 653
597 618
543 647
589 614
562 660
489 676
608 627
609 592
554 656
555 621
601 588
574 634
620 601
547 617
546 618
546 619
582 621
547 618
609 640
582 620
492 681
491 682
549 635
533 643
493 646
566 630
539 613
558 626
557 627
557 628
578 606
586 608
485 642
578 604
481 671
482 636
602 589
588 654
485 678
486 679
487 679
484 679
484 680
485 681
486 681
484 681
494 641
509 664
487 678
559 627
560 628
560 629
595 626
579 607
556 619
561 627
594 627
600 628
594 618
515 675
551 623
546 657
592 624
611 637
612 602
557 666
603 633
604 598
549 662
569 640
615 607
615 608
515 669
548 617
561 636
540 613
486 642
478 638
592 660
593 625
612 638
584 656
585 621
604 634
605 599
550 663
596 630
597 631
598 632
587 594
597 595
542 659
543 624
616 608
589 591
562 637
489 653
608 604
535 620
508 666
554 633
574 611
519 675
565 642
566 643
553 633
511 671
595 595
586 666
594 594
593 595
471 635
470 634
469 634
468 633
467 634
468 632
504 632
504 633
503 634
577 616
576 617
545 620
470 639
576 657
481 648
555 634
601 601
568 653
587 666
547 630
473 644
539 626
540 626
607 644
485 655
553 673
558 639
600 605
504 668
545 669
505 633
570 613
537 665
611 614
557 643
590 591
536 620
482 649
623 588
474 645
580 663
581 628
627 595
546 670
593 602
538 666
612 615
585 598
531 627
604 611
550 640
596 607
496 669
569 653
542 636
616 585
488 665
561 649
562 614
608 581
507 678
480 661
573 623
565 619
565 620
626 635
572 664
618 631
618 632
617 633
477 655
597 608
564 660
543 637
589 604
617 586
590 617
489 666
575 669
535 633
554 646
555 611
554 611
553 612
573 659
541 676
620 591
591 604
492 671
533 672
493 636
492 636
491 636
566 620
607 621
558 616
559 616
551 613
551 612
550 612
499 645
497 677
527 629
551 611
550 610
551 610
553 650
586 598
577 629
578 629
505 610
619 595
576 670
622 637
623 637
481 661
568 666
534 673
581 605
599 653
526 669
600 618
546 647
619 631
592 614
537 678
611 627
584 610
612 592
484 672
557 656
603 623
604 624
549 652
619 591
550 617
623 601
495 681
569 630
615 597
487 677
561 626
627 608
628 609
527 633
614 638
560 667
593 615
585 611
605 589
550 653
591 654
563 672
596 620
496 682
542 649
543 649
544 649
545 649
616 598
543 614
488 678
562 627
489 643
535 610
608 594
480 674
554 623
594 659
573 636
492 648
565 632
552 662
574 637
577 606
576 606
477 668
476 669
476 670
475 669
545 662
564 673
610 640
556 669
481 638
595 660
522 676
568 643
514 672
588 621
493 649
539 616
607 634
580 617
485 645
553 663
599 630
600 595
545 659
546 624
619 608
592 591
611 604
557 633
603 600
503 662
549 629
482 639
506 667
506 668
580 653
581 618
546 660
518 678
592 627
593 592
584 623
612 605
579 657
531 617
604 601
549 665
550 630
596 597
610 597
548 653
569 643
582 662
582 663
582 664
542 626
615 610
614 610
515 672
488 655
507 668
480 651
548 669
606 647
572 654
477 645
564 650
610 617
469 641
510 679
583 663
556 646
589 594
489 656
535 623
575 659
576 624
622 591
541 666
588 598
607 611
552 675
553 640
599 607
544 671
543 672
544 672
504 635
545 636
619 585
491 665
470 642
611 581
502 674
576 660
481 651
568 656
494 670
580 630
581 595
600 608
545 672
546 637
592 604
537 668
538 633
578 669
611 617
612 582
484 662
557 646
598 647
503 675
549 642
623 591
495 671
569 620
496 636
615 587
487 667
575 609
602 654
561 616
506 680
507 680
614 628
560 657
519 619
606 624
579 670
585 601
625 637
626 602
571 666
572 631
618 598
563 662
542 639
488 668
529 669
575 636
608 584
480 664
554 613
521 665
594 649
593 650
595 614
540 678
541 643
587 610
492 638
532 674
607 588
552 652
553 617
498 681
572 667
571 668
572 669
533 641
530 625
532 668
544 648
618 634
477 658
564 663
490 677
610 630
556 659
575 672
576 637
522 666
568 633
588 611
533 675
607 624
580 607
553 653
525 671
599 620
600 585
546 614
619 598
491 678
538 610
611 594
483 674
482 675
482 676
482 677
483 675
484 639
557 623
603 590
602 591
549 619
494 683
495 648
487 644
515 626
602 631
506 657
507 622
581 608
567 673
613 640
614 605
518 668
537 625
491 658
559 669
538 646
551 665
584 613
472 645
471 645
470 645
484 675
530 642
571 643
604 591
476 671
477 672
477 673
599 589
478 671
517 672
590 656
550 620
591 621
496 649
542 616
487 680
488 681
489 681
490 680
565 635
583 617
488 645
507 658
508 623
520 677
548 659
480 641
594 626
499 654
614 641
540 655
519 632
560 670
606 637
511 628
591 657
564 640
610 607
510 669
556 636
576 614
521 678
522 643
595 627
568 610
513 674
541 656
587 623
514 639
533 652
607 601
534 617
552 665
525 648
553 630
599 597
544 661
543 662
545 626
491 655
537 622
483 651
502 664
503 629
609 647
473 637
514 675
555 676
534 653
506 634
547 672
580 620
526 649
567 650
613 617
546 627
586 663
592 594
537 658
578 659
538 623
484 652
570 655
521 638
551 670
603 603
530 619
503 665
549 632
476 648
495 661
569 610
536 662
582 629
515 639
487 657
486 657
506 670
507 635
614 618
560 647
606 614
465 638
579 660
626 592
571 656
572 621
618 588
563 652
564 617
610 584
582 665
583 630
510 646
556 613
556 614
529 659
575 626
583 619
548 672
480 654
521 655
522 620
540 668
541 633
513 651
587 600
532 664
533 629
479 658
552 642
498 671
544 638
490 667
490 668
610 620
556 649
597 650
502 641
576 627
617 628
622 594
522 656
568 623
609 624
514 652
588 601
534 630
574 666
620 633
525 661
599 610
566 662
526 626
619 588
518 622
491 668
537 635
577 671
483 664
557 613
502 677
598 614
503 642
494 673
495 638
601 656
602 621
506 647
621 634
507 612
567 663
613 630
614 595
559 659
560 624
578 672
606 591
551 655
625 604
598 594
570 668
571 633
517 662
563 629
591 611
536 675
509 658
583 607
528 671
529 636
520 667
548 649
532 678
533 678
534 678
509 670
594 616
540 645
541 610
486 674
532 641
606 627
478 670
593 657
626 605
552 619
498 648
572 634
618 601
544 615
563 665
564 665
565 665
566 665
570 626
571 626
572 626
564 630
605 631
510 659
556 626
529 672
616 640
576 604
521 668
522 669
532 676
523 668
522 633
562 669
541 646
513 664
514 629
587 613
532 677
533 642
479 671
525 638
553 620
565 674
564 675
565 675
563 675
562 675
561 675
560 675
559 674
560 674
529 665
489 668
599 587
544 651
545 616
491 645
537 612
483 641
502 654
475 637
475 636
476 636
503 619
589 659
494 650
493 651
490 658
609 637
555 666
601 633
602 598
506 624
547 662
566 675
539 658
567 640
613 607
586 653
518 635
558 671
559 636
505 665
538 613
551 632
551 633
579 614
484 642
598 627
570 645
571 610
516 674
590 623
591 588
495 651
468 634
536 652
582 619
487 647
488 648
489 648
490 648
528 648
507 625
548 626
594 593
540 622
614 608
559 672
560 672
561 672
606 604
551 668
572 611
517 675
563 642
591 624
509 671
583 620
510 636
529 649
575 616
548 662
521 645
594 629
595 594
540 658
513 641
541 623
587 590
532 654
533 619
479 648
552 632
498 661
544 628
544 629
543 629
585 666
471 644
490 657
605 644
502 631
501 632
500 632
502 632
543 669
535 665
568 613
578 661
592 617
609 614
514 642
554 678
555 643
601 610
574 656
501 672
547 639
526 616
566 652
567 617
558 648
586 630
504 677
577 661
578 626
483 654
524 655
570 622
598 604
475 650
503 632
590 600
494 663
536 629
601 646
602 611
506 637
547 675
548 676
548 677
549 678
550 678
551 679
548 678
549 675
551 678
539 671
567 653
613 620
614 620
515 642
614 585
559 649
600 650
560 614
606 581
505 678
551 645
579 627
625 594
570 658
497 674
571 623
563 619
591 601
536 665
623 633
583 597
528 661
529 626
548 639
520 657
594 606
593 607
521 622
540 635
486 664
532 631
478 660
498 638
531 672
564 620
605 621
610 587
596 652
556 616
624 634
597 617
616 630
617 595
522 623
562 659
608 626
554 655
587 603
573 668
533 632
574 633
479 661
620 600
541 613
525 628
569 675
565 664
566 629
586 607
490 670
523 667
597 653
502 644
617 631
503 609
535 678
494 640
609 627
555 656
601 623
602 588
506 614
547 652
620 636
621 601
493 681
567 630
539 648
599 601
613 597
558 661
485 677
559 626
505 655
551 622
579 604
524 668
497 651
570 635
598 617
516 664
590 613
517 629
536 642
582 609
482 671
528 638
520 634
548 616
540 612
486 641
560 627
606 594
592 659
593 624
612 637
584 655
563 632
604 633
509 661
550 662
596 629
529 639
615 642
575 606
616 607
520 670
521 635
561 671
562 636
513 631
486 677
532 644
478 673
519 674
552 622
479 638
593 660
565 641
498 651
585 656
544 618
490 647
605 634
597 630
502 621
502 622
543 659
589 626
559 665
617 608
562 672
535 655
609 604
554 668
555 633
601 600
501 662
547 629
493 658
566 642
539 625
512 671
472 635
473 635
558 638
586 620
504 667
505 632
578 616
524 645
570 612
475 640
516 641
590 590
536 619
482 648
528 615
602 601
539 661
580 662
613 610
559 639
505 668
487 649
579 617
546 669
551 635
497 664
624 588
524 658
601 613
504 680
610 599
571 613
572 614
573 613
612 614
516 677
517 642
603 645
567 620
603 646
582 622
509 638
549 674
528 651
529 616
569 652
551 648
548 629
520 647
561 648
594 596
623 603
569 632
622 604
542 615
540 625
581 663
627 630
628 630
487 660
629 629
628 628
629 628
630 627
631 627
632 627
632 626
633 625
634 626
635 625
636 624
636 623
635 626
611 587
636 625
633 627
634 628
634 629
633 630
588 604
632 629
633 626
630 629
632 628
633 629
632 631
631 631
630 631
630 628
631 629
633 628
629 630
632 630
631 628
486 654
532 621
478 650
531 662
604 646
605 611
550 675
597 607
542 671
543 636
617 585
589 603
489 665
562 649
535 632
608 616
609 581
508 678
554 645
500 674
573 658
574 623
501 639
620 590
492 670
525 618
566 619
512 648
558 615
586 597
504 644
577 628
523 657
524 622
535 668
609 617
576 669
622 636
481 660
555 646
501 675
547 642
493 671
539 638
613 587
558 651
485 667
599 652
505 645
619 630
497 641
570 625
611 626
516 654
590 603
557 655
536 632
582 599
482 661
528 628
520 624
627 607
600 653
593 614
538 678
542 648
612 627
585 610
530 674
531 639
604 623
605 588
550 652
623 636
596 619
569 665
496 681
488 677
521 625
561 661
562 626
608 593
513 621
508 655
554 622
527 668
500 651
519 664
511 660
490 637
531 675
605 624
577 605
523 634
597 620
617 598
589 616
543 620
489 678
608 629
535 645
512 661
554 658
555 623
601 590
501 652
574 636
547 619
587 655
492 683
508 668
493 648
566 632
607 633
539 615
558 628
586 610
553 662
504 657
505 622
523 670
524 635
516 631
481 673
482 638
588 656
485 680
517 632
581 617
600 630
530 651
546 659
518 677
587 626
551 625
592 626
497 654
593 591
538 655
611 639
584 622
612 604
557 668
603 635
509 628
550 629
569 642
615 609
520 637
515 671
561 638
561 639
540 615
507 667
486 644
557 648
527 645
573 612
478 640
598 649
519 641
593 627
584 658
585 623
604 636
531 652
605 601
550 665
597 597
542 661
543 626
583 662
589 593
489 655
515 661
562 639
608 606
535 622
554 635
500 664
574 613
519 677
492 660
565 644
511 673
510 674
472 646
472 647
472 648
473 647
471 647
512 638
577 618
576 619
504 634
523 647
470 641
630 630
576 659
481 650
568 655
547 632
473 646
493 661
539 628
607 646
534 662
580 629
485 657
553 675
526 658
600 607
545 671
505 635
546 636
537 667
516 644
557 645
603 612
536 622
503 674
549 641
623 590
482 651
528 618
569 619
474 647
615 586
580 665
506 679
581 630
627 597
546 672
593 604
538 668
579 669
612 617
585 600
603 648
536 674
530 664
531 629
549 677
550 642
596 609
496 671
569 655
542 638
615 622
616 587
561 651
488 667
562 616
608 583
508 645
554 612
499 676
527 658
500 641
573 625
519 654
565 621
564 622
492 637
626 637
572 666
618 633
477 657
564 662
523 624
610 629
556 658
589 606
535 635
575 671
609 584
576 636
622 603
595 649
522 665
555 613
541 678
501 642
492 673
533 674
566 622
493 638
607 623
512 651
558 618
553 652
599 619
504 647
505 612
545 648
619 597
524 625
611 593
516 621
576 672
481 663
568 668
534 675
581 607
599 655
526 671
600 620
518 667
546 649
619 633
592 616
611 629
538 645
557 658
484 674
530 641
598 659
603 625
602 625
602 626
509 618
549 654
550 619
596 586
495 683
496 648
615 599
561 628
488 644
507 657
508 622
527 635
499 653
614 640
519 631
560 669
606 636
585 613
531 642
605 591
618 610
563 674
597 587
542 651
543 616
488 680
562 629
489 645
535 612
608 596
508 658
554 625
594 661
500 654
541 655
565 634
492 650
511 663
607 600
552 664
577 608
544 660
504 624
477 670
523 637
610 642
556 671
481 640
522 678
568 645
473 636
587 658
514 674
588 623
534 652
607 636
580 619
553 665
485 647
599 632
526 648
600 597
505 625
545 661
546 626
619 610
592 593
537 657
538 622
611 606
484 651
557 635
603 602
503 664
549 631
495 660
569 609
474 637
487 656
602 643
466 633
506 669
581 620
593 594
538 658
551 677
579 659
584 625
585 590
530 654
604 603
571 655
531 619
550 632
596 599
542 628
561 641
488 657
507 670
548 671
480 653
527 648
499 666
540 667
573 615
606 649
565 611
572 656
477 647
564 652
610 619
583 665
469 643
556 648
629 632
575 661
576 626
622 593
522 655
568 622
541 668
588 600
533 664
534 629
607 613
580 596
552 677
525 660
553 642
599 609
504 637
544 673
545 638
491 667
479 670
537 634
470 644
611 583
483 663
557 612
502 676
503 641
568 658
494 672
473 649
601 655
534 665
506 646
580 632
581 633
582 633
582 632
581 597
621 633
526 661
567 662
546 639
518 657
592 606
537 670
538 635
612 584
584 602
484 664
530 631
570 667
603 615
503 677
549 644
623 593
495 673
496 638
615 589
487 669
561 618
507 647
527 625
499 643
614 630
560 659
519 621
606 626
579 672
626 604
531 632
572 633
618 600
563 664
564 629
610 596
510 658
529 671
575 638
480 666
576 603
548 661
594 651
521 667
595 616
500 644
541 645
513 663
587 612
492 640
607 590
552 654
553 619
504 614
544 650
523 627
490 679
610 632
556 661
502 653
617 640
622 606
522 668
568 635
514 664
518 634
588 613
533 677
534 642
580 609
525 673
553 655
526 638
566 674
599 622
619 600
546 616
491 680
537 647
538 612
483 676
557 625
484 641
603 592
503 654
476 637
549 621
495 650
515 628
487 646
602 633
506 659
507 624
567 675
614 607
559 671
560 636
606 603
551 667
530 644
571 645
572 610
590 658
517 674
591 623
563 641
496 651
541 669
582 654
542 618
488 647
529 648
575 615
480 643
594 628
595 593
540 657
519 634
606 639
532 653
511 630
552 631
498 660
477 637
564 642
610 609
469 633
510 671
556 638
576 616
622 583
595 629
522 645
568 612
541 658
513 676
587 625
514 641
588 590
533 654
534 619
552 667
553 632
525 650
599 599
544 663
472 644
545 628
491 657
537 624
483 653
502 666
503 631
475 649
494 662
601 645
602 610
520 673
506 636
547 674
526 651
567 652
571 622
568 625
539 670
613 619
518 647
586 665
592 596
559 648
538 625
505 677
537 637
584 592
579 626
484 654
530 621
570 657
591 600
495 663
536 664
582 631
515 641
487 659
528 660
602 646
507 637
548 638
594 605
560 649
606 616
579 662
626 594
571 658
616 589
572 623
609 626
618 590
563 654
564 619
610 586
582 667
521 657
510 648
583 632
629 599
624 633
556 615
575 628
548 674
595 606
522 622
540 670
513 653
541 635
587 602
532 666
533 631
479 660
552 644
525 627
498 673
544 640
490 669
556 651
597 652
502 643
617 630
503 608
622 596
522 658
494 639
535 677
514 654
555 655
601 622
574 668
534 632
620 635
525 663
526 628
566 664
558 660
518 624
491 670
577 673
611 586
483 666
524 667
557 615
603 582
598 616
503 644
549 611
590 612
494 675
495 640
487 636
602 623
506 649
621 636
567 665
613 632
559 661
560 626
606 593
551 657
625 606
570 670
571 635
517 664
563 631
536 677
509 660
583 609
528 673
529 638
575 605
520 669
548 651
521 634
540 647
541 612
486 676
532 643
478 672
552 621
498 650
585 655
618 603
544 617
564 632
490 646
605 633
510 661
556 628
597 629
479 673
521 670
617 607
522 635
562 671
608 638
513 666
587 615
514 631
554 667
533 644
553 622
525 640
544 653
545 618
490 682
586 619
491 647
537 614
483 643
502 656
475 639
589 661
503 621
494 652
609 639
555 668
602 600
547 664
539 660
567 642
613 609
586 655
558 673
559 638
505 667
579 616
551 634
484 644
570 647
497 663
516 676
476 640
517 641
590 625
591 590
468 636
536 654
528 650
529 615
520 646
548 628
594 595
581 662
540 624
627 629
486 653
560 639
606 606
532 620
572 613
517 677
563 644
604 645
509 673
550 674
583 622
575 618
595 596
540 660
541 625
587 592
533 621
573 657
552 634
479 650
544 630
471 646
490 659
605 646
543 671
502 633
535 667
609 616
558 650
628 629
555 645
601 612
574 658
604 617
547 641
621 590
493 670
566 654
567 619
613 586
586 632
559 615
577 663
578 628
483 656
570 624
598 606
547 654
475 652
590 602
536 631
582 598
482 660
602 613
506 616
547 677
539 673
613 622
614 587
559 651
560 616
600 652
606 583
551 647
579 629
625 596
497 676
571 625
612 626
591 603
563 621
536 667
623 635
583 599
569 664
615 631
520 659
548 641
594 608
540 637
486 666
552 611
490 636
605 623
543 648
556 618
596 654
624 636
597 619
616 632
589 615
617 597
562 661
489 677
608 628
609 593
554 657
555 622
628 606
573 670
574 635
620 602
479 663
492 682
565 666
566 631
586 609
558 627
491 637
608 641
578 605
523 669
503 611
494 642
609 629
481 672
555 658
601 625
602 590
621 603
566 667
493 683
567 632
613 599
558 663
485 679
559 628
579 606
551 624
524 670
570 637
598 619
611 638
516 666
590 615
582 611
482 673
548 618
635 623
540 614
486 643
478 639
592 661
593 626
612 639
616 609
584 657
585 622
604 635
605 600
509 663
550 664
596 631
575 608
542 660
561 673
562 638
608 605
508 667
541 615
513 633
554 634
574 612
519 676
479 640
565 643
585 658
511 672
544 620
471 636
490 649
605 636
577 617
597 632
489 667
608 618
609 583
543 661
502 623
589 628
617 610
562 674
609 606
554 670
555 635
601 602
547 631
566 644
607 645
539 627
512 673
558 640
485 656
586 622
464 633
504 669
577 653
576 652
578 618
505 634
598 596
570 614
631 630
590 592
536 621
482 650
602 603
474 646
580 664
581 629
505 670
551 637
546 671
497 666
571 615
538 667
612 616
603 647
563 611
604 612
549 676
550 641
624 590
569 654
615 621
594 598
561 650
581 665
540 627
507 679
627 632
486 656
573 624
478 652
604 648
605 613
550 677
597 609
542 673
543 638
617 587
589 605
562 651
535 634
508 680
554 647
628 596
555 612
573 660
574 625
620 592
565 656
492 672
493 637
566 621
558 617
586 599
577 630
576 671
481 662
568 667
601 615
547 644
493 673
534 674
567 622
613 589
485 669
559 618
599 654
600 619
546 648
579 596
551 614
619 632
570 627
537 679
611 628
590 605
557 657
603 624
536 634
509 617
582 601
482 663
623 602
528 630
569 631
627 609
600 655
592 651
593 616
612 629
585 612
604 625
605 590
550 654
596 621
569 667
597 586
542 650
615 634
616 599
543 615
488 679
561 663
562 628
489 644
608 595
554 624
527 670
573 637
565 633
577 607
477 669
597 622
564 674
610 641
543 651
589 618
489 680
609 596
481 639
555 625
601 592
587 657
547 621
493 650
566 634
539 617
607 635
485 646
553 664
558 630
586 612
599 631
504 659
578 608
619 609
523 672
598 586
536 611
481 675
482 640
515 653
474 636
588 658
634 625
580 654
466 632
581 619
600 632
518 679
546 661
592 628
593 593
611 641
584 624
612 606
557 670
603 637
549 666
550 631
596 598
569 644
542 627
615 611
515 673
561 640
467 633
507 669
532 613
573 614
478 642
593 629
606 648
565 610
589 595
585 625
605 603
572 655
597 599
542 663
575 660
543 628
583 664
629 631
489 657
562 641
535 624
608 608
508 670
554 637
501 631
574 615
565 646
566 611
511 675
552 676
586 589
504 636
577 620
470 643
630 632
576 661
481 652
568 657
473 648
539 630
580 631
485 659
553 677
600 609
505 637
545 673
546 638
592 605
537 669
611 618
538 634
612 583
557 647
603 614
503 676
549 643
623 592
495 672
569 621
474 649
615 588
561 617
602 655
581 632
627 599
593 606
538 670
579 671
585 602
571 667
604 615
550 644
596 611
624 593
496 673
615 624
542 640
488 669
561 653
562 618
608 585
480 665
554 614
594 650
573 627
492 639
565 623
572 668
577 597
504 613
618 635
564 664
610 631
556 660
575 673
622 605
555 615
522 667
595 651
568 634
547 611
588 612
533 676
493 640
607 625
525 672
485 636
558 620
553 654
599 621
600 586
545 650
619 599
491 679
611 595
557 624
603 591
568 670
534 677
581 609
526 673
600 622
546 651
518 669
592 618
611 631
612 596
584 614
557 660
484 676
603 627
549 656
590 657
623 605
550 621
596 588
496 650
569 634
542 617
615 601
487 681
488 646
561 630
507 659
480 642
614 642
560 671
606 638
477 636
591 658
564 641
597 589
583 654
543 618
489 647
535 614
554 627
595 628
541 657
587 624
492 652
607 602
552 666
553 631
599 598
504 626
544 662
610 644
556 673
481 642
568 647
473 638
514 676
587 660
588 625
607 638
580 621
553 667
526 650
600 599
545 663
586 664
546 628
592 595
538 624
584 591
484 653
557 637
603 604
503 666
549 633
476 649
495 662
569 611
487 658
602 645
506 671
466 635
627 589
614 619
593 596
560 648
579 661
584 627
585 592
626 593
571 657
550 634
596 601
563 653
496 663
542 630
582 666
583 631
488 659
529 660
548 673
480 655
499 668
500 633
540 669
565 613
626 629
552 643
572 658
477 649
564 654
610 621
583 667
556 650
629 634
575 663
576 628
622 595
568 624
541 670
588 602
533 666
607 615
534 631
552 679
580 598
553 644
599 611
544 675
545 640
619 589
491 669
537 636
611 585
483 665
557 614
502 678
603 581
549 610
494 674
495 639
601 657
506 648
580 634
581 599
492 674
621 635
526 663
567 664
613 631
546 641
518 659
559 660
592 608
612 586
584 604
625 605
598 651
530 633
570 669
604 582
549 646
550 611
495 675
536 676
496 640
615 591
487 671
561 620
488 636
528 672
507 649
548 650
527 627
614 632
519 623
606 628
626 606
571 670
572 635
618 602
563 666
564 631
610 598
510 660
556 627
489 637
529 673
576 605
521 669
594 653
522 634
595 618
541 647
513 665
587 614
607 592
479 672
552 656
512 620
525 639
599 588
504 616
544 652
545 617
490 681
491 646
556 663
502 655
589 660
522 670
568 637
494 651
609 638
514 666
588 615
555 667
534 644
580 611
525 675
526 640
545 653
518 636
558 672
537 649
611 598
538 614
483 678
484 643
598 628
603 594
503 656
476 639
549 623
495 652
468 635
487 648
515 630
506 661
507 626
613 644
614 609
559 673
560 638
606 605
551 669
571 647
572 612
517 676
590 660
563 643
582 656
509 672
583 621
488 649
529 650
575 617
508 627
548 663
480 645
594 630
521 646
541 624
499 635
587 591
532 655
511 632
552 633
498 662
507 639
585 667
477 639
564 644
610 611
605 645
510 673
469 635
556 640
575 653
576 618
622 585
522 647
568 614
513 678
541 660
587 627
514 643
588 592
533 656
574 657
534 621
553 634
525 652
526 617
544 665
545 630
491 659
537 626
577 662
483 655
502 668
503 633
475 651
494 664
601 647
602 612
506 638
547 676
539 672
567 654
613 621
518 649
614 586
560 615
505 679
551 646
584 594
579 628
484 656
625 595
570 659
497 675
530 623
476 652
517 653
591 602
536 666
583 598
487 661
528 662
548 640
520 658
594 607
614 622
540 636
560 651
486 665
606 618
626 596
571 660
572 625
618 592
563 656
564 621
610 588
624 635
556 617
629 601
529 663
575 630
521 659
595 608
522 624
540 672
541 637
513 655
514 620
533 633
573 669
607 582
552 646
479 662
553 611
525 629
498 675
544 642
490 671
597 654
502 645
503 610
617 632
535 679
609 628
514 656
555 657
601 624
574 670
620 637
506 615
547 653
580 601
621 602
493 682
566 666
526 630
567 631
613 598
518 626
558 662
537 639
483 668
524 669
603 584
570 636
598 618
503 646
549 613
516 665
495 642
536 643
515 620
487 638
506 651
507 616
567 667
613 634
614 599
559 663
606 595
551 659
625 608
570 672
571 637
517 666
563 633
591 615
509 662
583 611
510 627
528 675
529 640
575 607
520 671
594 620
521 636
540 649
513 632
541 614
486 678
532 645
479 639
552 623
498 652
585 657
544 619
610 601
605 635
510 663
556 630
543 660
589 627
522 637
562 673
636 622
513 668
514 633
554 669
533 646
534 611
525 642
599 591
472 636
512 672
491 649
464 632
537 616
578 617
483 645
502 658
598 595
475 641
589 663
503 623
494 654
609 641
555 670
602 602
547 666
506 628
539 662
567 644
613 611
558 675
586 657
559 640
578 653
505 669
551 636
579 618
598 631
497 665
570 649
571 614
476 642
516 678
590 627
591 592
468 638
536 656
582 623
528 652
529 617
548 630
594 597
581 664
627 631
486 655
532 622
606 608
465 632
478 651
572 615
564 611
604 647
509 675
605 612
550 676
529 653
542 672
575 620
595 598
562 650
608 617
508 679
541 627
532 658
533 623
574 624
479 652
525 619
565 655
498 665
544 632
490 661
605 648
543 673
502 635
535 669
609 618
628 631
555 647
601 614
501 676
574 660
547 643
621 592
566 656
493 672
567 621
539 639
472 649
613 588
558 652
485 668
559 617
577 665
505 646
578 630
579 595
524 659
598 608
475 654
590 604
517 620
536 633
582 600
482 662
602 615
528 629
539 675
614 589
560 618
606 585
551 649
625 598
497 678
538 679
571 627
612 628
563 623
591 605
583 601
624 602
528 665
529 630
569 666
615 633
520 661
561 662
594 610
521 626
540 639
513 622
486 668
532 635
527 669
593 651
552 613
498 642
544 609
490 638
531 676
605 625
596 656
597 621
543 650
616 634
589 617
562 663
489 679
608 630
535 646
609 595
514 623
554 659
628 608
573 672
601 591
501 653
547 620
565 668
566 633
512 662
558 629
504 658
578 607
523 671
524 636
598 585
503 613
494 644
536 610
555 660
481 674
601 627
602 592
506 618
547 656
621 605
539 652
567 634
613 601
558 665
559 630
600 631
505 659
551 626
524 672
497 655
570 616
570 639
516 668
517 633
557 669
603 636
536 646
509 629
582 613
528 642
520 638
548 620
594 587
581 654
467 632
540 616
486 645
478 641
593 628
584 659
612 641
503 678
585 624
530 632
531 653
604 637
605 602
550 666
510 630
597 598
542 662
616 611
543 627
562 640
608 607
508 669
513 635
554 636
500 665
533 613
574 614
479 642
519 678
565 645
566 610
511 674
471 638
490 651
577 619
523 648
502 625
543 663
589 630
535 659
609 608
554 672
555 637
601 604
501 666
547 633
493 662
566 646
567 611
607 647
539 629
512 675
558 642
485 658
553 676
586 624
504 671
578 620
505 636
524 649
598 598
516 645
631 632
536 623
482 652
528 619
474 648
580 666
581 631
627 598
600 644
546 673
593 605
497 668
538 669
612 618
603 649
530 665
563 613
604 614
509 642
550 643
596 610
624 592
496 672
569 656
529 620
615 623
616 588
561 652
562 617
627 634
486 658
532 625
499 677
573 626
478 654
519 655
565 622
531 666
605 615
550 679
597 611
542 675
616 624
543 640
589 607
617 589
562 653
489 669
608 620
535 636
609 585
554 649
628 598
555 614
500 678
574 627
501 643
620 594
547 610
565 658
566 623
512 652
586 601
558 619
577 632
504 648
505 613
523 661
524 626
516 622
576 673
481 664
568 669
602 582
493 675
539 642
534 676
485 671
599 656
526 672
559 620
600 621
505 649
619 634
579 598
546 650
551 616
497 645
517 623
603 626
549 655
582 603
509 619
482 665
623 604
528 632
569 633
615 600
515 662
520 628
548 610
561 629
527 636
592 653
593 618
612 631
585 614
530 678
604 627
531 643
605 592
550 656
596 623
597 588
615 636
542 652
616 601
543 617
561 665
562 630
608 597
535 613
508 659
554 626
527 672
500 655
573 639
519 668
492 651
511 664
512 629
577 609
504 625
477 671
523 638
610 643
556 672
589 620
489 682
535 649
555 627
481 641
568 646
601 594
501 656
587 659
547 623
493 652
607 637
539 619
512 665
558 632
553 666
485 648
504 661
505 626
578 610
524 639
611 607
516 635
557 636
536 613
482 642
474 638
588 660
634 627
466 634
580 656
581 621
546 663
592 630
611 643
538 659
584 626
612 608
484 665
585 591
557 672
603 639
530 655
604 604
531 620
549 668
550 633
596 600
496 662
615 613
542 629
561 642
488 658
467 635
507 671
508 636
499 667
527 649
573 616
519 645
565 612
511 641
585 627
531 656
572 657
477 648
597 601
543 630
589 597
629 633
608 610
535 626
508 672
500 668
501 633
574 617
620 584
492 664
566 613
607 614
511 677
552 678
512 642
586 591
553 643
544 674
504 638
577 622
523 651
630 634
576 663
622 630
481 654
568 659
473 650
534 666
580 633
581 598
553 679
599 646
526 662
600 611
545 675
518 658
592 607
537 671
538 636
584 603
612 585
557 649
603 616
549 645
623 594
496 639
569 623
615 590
487 670
515 652
561 619
507 648
627 601
527 626
499 644
614 631
593 608
560 660
519 622
585 604
530 668
571 669
531 633
605 582
550 646
596 613
496 675
542 642
616 591
488 671
562 620
489 636
608 587
480 667
554 616
499 680
573 629
500 645
519 658
492 641
552 655
572 670
618 637
577 599
504 615
523 628
564 666
610 633
556 662
622 607
595 653
568 636
514 665
547 613
588 614
493 642
539 609
534 643
607 627
580 610
552 668
553 656
525 674
485 638
599 623
526 639
600 588
545 652
546 617
619 601
491 681
537 648
611 597
483 677
516 625
557 626
603 593
503 655
549 622
506 660
581 611
526 675
600 624
613 643
518 671
546 653
592 620
538 649
612 598
584 616
484 678
530 645
603 629
604 594
561 632
549 658
550 623
590 659
596 590
496 652
569 636
582 655
542 619
615 603
515 665
507 661
480 644
527 639
499 657
573 606
560 673
519 635
606 640
477 638
591 660
564 643
610 610
510 672
583 656
556 639
489 649
575 652
535 616
622 584
522 646
595 630
513 677
541 659
588 591
492 654
533 655
607 604
512 632
525 651
599 600
504 628
544 664
545 629
610 646
470 635
556 675
502 667
576 653
481 644
568 649
473 640
514 678
588 627
534 656
580 623
526 652
600 601
545 665
546 630
592 597
537 661
538 626
578 662
611 610
584 593
557 639
484 655
603 606
530 622
476 651
623 584
495 664
569 613
602 647
506 673
507 638
499 634
527 616
614 621
606 617
579 663
625 630
585 594
571 659
531 623
618 591
563 655
582 668
583 633
629 600
488 661
529 662
480 657
548 675
521 658
500 635
541 636
532 667
607 581
511 644
626 631
552 645
498 674
504 605
477 651
564 656
523 618
610 623
556 652
629 636
575 665
576 630
522 659
568 626
541 672
514 655
533 668
534 633
574 669
525 664
553 646
599 613
526 629
544 677
545 642
518 625
491 671
537 638
557 616
603 583
502 680
503 645
549 612
495 641
487 637
602 624
506 650
581 601
621 637
567 666
613 633
518 661
559 662
538 639
625 607
484 668
530 635
570 671
604 584
517 665
550 613
591 614
542 609
488 638
528 674
507 651
548 652
508 616
594 619
499 647
614 634
540 648
560 663
606 630
571 672
572 637
618 604
563 668
564 633
610 600
510 662
556 629
529 675
576 607
594 655
521 671
522 636
595 620
513 667
541 649
587 616
514 632
533 645
607 594
552 658
479 674
525 641
599 590
504 618
544 654
545 619
491 648
537 615
483 644
502 657
503 622
589 662
494 653
568 639
514 668
555 669
534 646
547 665
506 627
580 613
526 642
567 643
558 674
546 620
586 656
518 638
592 587
537 651
557 629
603 596
598 630
570 648
549 625
476 641
590 626
495 654
536 655
468 637
515 632
487 650
506 663
507 628
614 611
559 675
560 640
606 607
579 653
551 671
571 649
590 662
517 678
563 645
591 627
582 658
509 674
510 639
583 623
529 652
575 619
480 647
548 665
521 648
540 661
513 644
541 626
587 593
532 657
533 622
479 651
552 635
498 664
544 631
564 646
490 660
610 613
510 675
469 637
556 642
576 620
502 634
522 649
568 616
513 680
514 645
588 594
533 658
534 623
574 659
553 636
525 654
599 603
526 619
545 632
491 661
577 664
537 628
483 657
502 670
598 607
503 635
475 653
494 666
601 649
602 614
506 640
547 678
539 674
567 656
613 623
614 588
559 652
560 617
578 665
606 584
579 630
625 597
570 661
476 654
517 655
563 622
536 668
583 600
528 664
529 629
548 642
520 660
594 609
499 637
560 653
486 667
606 620
532 634
552 612
626 598
572 627
618 594
563 658
564 623
610 590
510 652
596 655
624 637
575 632
616 633
521 661
562 662
513 657
541 639
514 622
532 670
533 635
607 584
552 648
565 667
553 613
498 677
490 673
491 638
597 656
502 647
503 612
617 634
494 643
609 630
555 659
601 626
547 655
506 617
621 604
526 632
566 668
539 651
567 633
558 664
518 628
559 629
505 658
524 671
598 620
570 638
516 667
590 616
495 644
536 645
582 612
487 640
482 674
602 627
507 618
548 619
635 624
594 586
614 601
560 630
551 661
592 662
571 639
517 668
563 635
510 629
583 613
528 677
561 674
595 587
541 616
486 680
533 612
