604 338
603 338
605 338
606 337
607 336
607 335
606 334
608 334
605 335
607 338
602 339
604 336
603 335
602 336
604 339
601 337
600 338
600 339
599 340
599 337
598 338
598 341
597 340
596 341
603 334
602 333
604 333
605 332
606 331
607 332
608 331
609 332
610 331
600 341
601 340
603 337
606 336
608 333
601 341
600 342
607 337
602 332
599 342
598 343
602 341
601 333
600 332
600 334
600 343
601 342
603 339
606 338
607 330
606 329
605 328
604 327
603 328
606 327
604 329
603 330
602 330
607 339
598 336
599 335
598 334
597 333
598 332
597 331
596 332
595 333
594 332
602 334
604 331
593 331
599 344
602 343
603 344
604 340
609 330
600 336
601 335
603 332
600 345
601 344
603 341
602 327
602 345
601 328
600 329
599 328
598 329
594 331
603 343
605 337
607 334
598 331
599 330
602 329
604 326
603 325
604 324
598 340
597 342
596 343
599 339
602 338
596 331
609 334
611 331
600 331
601 330
603 327
595 344
606 326
607 325
608 324
608 326
606 324
609 325
600 340
601 339
603 336
605 330
607 327
605 339
598 333
608 335
599 332
602 331
598 342
597 344
599 341
609 327
609 328
610 326
611 325
612 324
612 326
613 325
614 324
611 327
614 326
615 327
616 328
612 328
613 327
615 324
617 327
618 326
617 325
611 329
613 329
613 330
615 326
615 328
611 324
600 333
601 332
603 329
605 323
616 323
615 322
616 321
617 320
618 319
619 320
617 318
618 317
619 317
620 316
619 315
620 314
621 313
621 315
622 314
623 313
624 314
625 313
626 312
627 311
623 315
626 314
627 313
623 312
624 311
625 310
626 309
625 312
621 317
621 318
623 314
622 316
627 312
617 322
619 319
618 321
619 322
620 318
625 314
623 316
607 329
608 328
605 341
605 342
606 343
607 343
608 342
607 341
613 324
615 321
606 340
598 335
599 334
599 343
617 324
619 321
618 323
619 324
620 320
595 330
596 329
609 329
611 326
610 328
604 342
601 334
592 331
603 331
601 343
614 328
605 325
616 325
603 340
605 334
607 331
606 333
598 328
608 330
597 330
626 311
613 326
605 343
602 326
607 340
606 342
599 336
619 314
599 345
612 330
617 326
625 309
619 323
618 325
604 335
595 332
609 331
611 328
624 313
600 328
610 330
604 344
601 327
614 329
601 336
603 333
621 314
622 313
601 345
605 327
616 327
607 324
605 336
607 333
598 330
606 335
608 332
597 332
599 329
626 313
607 342
597 341
608 341
599 338
617 319
619 316
618 318
620 315
604 328
609 324
602 340
604 337
609 333
596 333
624 315
610 332
601 329
595 343
603 326
596 342
600 330
601 338
614 323
616 320
621 316
622 315
605 329
607 326
606 328
608 325
597 334
599 331
594 344
608 343
597 343
612 325
617 321
619 318
618 320
620 317
593 330
604 330
598 344
609 326
602 342
610 325
601 331
605 326
596 344
614 325
616 322
600 335
622 317
605 331
607 328
606 330
600 344
608 327
626 308
605 340
606 339
608 336
599 333
612 327
617 323
615 323
618 322
598 337
620 319
602 335
593 332
604 332
595 329
624 310
610 327
602 344
604 341
614 327
616 324
605 324
606 323
600 337
605 333
626 307
606 332
594 330
608 329
597 329
626 310
603 342
606 341
612 329
613 328
602 328
604 325
615 325
598 339
618 324
602 337
604 334
595 331
596 330
624 312
610 329
604 343
625 311
611 330
622 312
616 326
606 325
