773 369
772 370
773 370
771 371
770 371
774 370
775 371
772 372
771 370
772 369
774 372
771 373
774 369
769 370
768 371
767 370
766 371
765 372
764 371
763 372
770 374
770 375
771 376
772 375
773 374
774 375
769 373
769 376
768 377
770 377
762 373
761 374
776 372
775 376
766 373
771 369
770 368
771 367
772 366
773 367
772 368
772 377
774 374
764 373
768 373
770 370
769 372
762 375
775 369
767 374
766 375
774 367
765 376
764 375
768 375
770 372
769 374
766 377
767 376
764 377
777 371
778 372
779 371
780 370
781 369
780 372
782 369
781 371
783 368
782 367
783 366
784 367
779 373
778 374
777 374
780 374
781 373
783 370
779 375
778 376
777 376
781 366
780 365
779 364
778 363
779 362
780 361
781 360
780 363
782 360
781 362
783 359
782 358
783 357
784 358
778 365
784 360
782 362
781 364
783 361
779 366
778 367
777 367
781 357
780 356
781 355
780 354
779 357
778 356
778 358
780 358
782 355
783 354
782 353
783 352
782 351
783 350
784 349
783 348
784 351
784 353
780 367
783 363
781 375
782 376
783 375
783 376
761 372
760 371
759 370
758 369
759 368
760 367
761 367
760 369
762 366
761 365
762 364
763 363
764 362
764 364
775 373
767 369
767 378
779 361
779 370
768 370
760 366
768 379
768 380
760 375
760 376
780 353
779 352
783 349
780 362
783 358
783 367
764 363
782 371
783 372
774 376
763 376
775 368
775 377
775 378
767 373
779 356
779 365
779 374
760 370
783 353
782 357
771 366
782 366
763 362
771 375
782 375
763 371
774 371
775 372
767 368
767 377
779 351
779 360
760 365
778 364
778 373
759 369
770 369
770 378
762 374
782 352
782 361
782 370
774 366
763 366
771 379
771 380
763 375
775 367
767 372
766 376
779 355
781 374
778 359
778 368
759 364
778 377
778 378
779 379
779 380
770 373
782 347
782 356
782 365
771 365
770 364
763 361
771 374
782 374
763 370
762 369
774 379
774 380
774 381
775 382
775 383
775 381
774 384
774 385
778 354
777 353
759 377
759 378
758 376
763 365
774 365
775 364
776 365
775 363
774 362
774 361
773 360
772 359
772 358
771 357
771 356
775 362
771 360
771 361
770 359
769 358
768 357
768 356
767 355
767 354
767 358
767 359
768 360
768 361
768 362
767 363
767 364
768 365
768 366
767 353
768 352
768 351
767 350
767 349
769 381
770 382
770 383
771 384
771 385
770 386
770 387
770 388
771 388
769 386
766 357
758 371
770 363
759 363
760 362
761 362
760 361
758 362
759 372
759 373
762 368
770 381
782 346
783 345
784 346
783 344
762 377
762 378
763 379
763 380
763 381
764 382
762 382
762 383
763 384
763 385
765 383
766 384
767 383
768 384
767 382
766 385
767 386
767 387
767 388
768 389
766 389
766 390
767 391
765 388
771 355
772 354
772 353
771 352
771 351
772 350
773 351
772 349
774 352
775 353
775 354
770 350
769 349
770 354
762 386
762 387
762 388
763 389
763 390
762 391
762 392
762 393
763 394
763 393
774 351
775 350
776 351
775 349
775 348
776 347
776 346
774 347
773 383
763 360
764 359
765 360
764 358
763 357
763 356
764 355
765 355
764 354
762 355
762 359
761 358
760 357
760 356
774 360
775 359
775 358
774 357
774 356
776 379
761 390
760 389
759 388
759 387
759 386
760 385
760 384
759 383
759 382
758 381
758 385
758 380
758 389
758 390
759 391
785 357
786 358
787 357
787 356
786 359
787 360
787 361
787 355
786 354
786 353
787 352
788 353
787 351
786 350
786 349
787 350
786 362
786 363
786 364
787 365
787 366
786 367
786 368
787 369
787 370
785 362
786 348
787 347
787 346
786 345
786 344
785 366
786 343
777 362
788 362
788 371
769 367
765 378
777 380
777 381
765 387
789 354
789 355
790 356
790 355
791 354
792 355
791 353
793 356
794 355
795 355
794 354
793 357
794 358
794 359
795 360
794 353
793 352
766 352
765 351
769 385
781 350
780 349
780 348
779 347
779 346
780 345
778 345
766 361
789 363
789 364
790 365
790 366
791 367
790 364
791 363
791 362
790 361
790 360
789 359
781 359
789 372
789 373
766 370
765 369
764 368
781 368
766 379
766 380
781 377
758 375
757 374
756 374
756 373
756 372
755 371
755 375
755 376
756 377
756 378
755 370
756 369
756 368
766 388
778 353
758 384
757 383
756 383
756 382
755 381
755 380
755 384
755 385
770 349
793 351
792 350
791 349
791 348
794 350
795 351
790 347
794 349
793 348
794 347
795 346
794 345
790 346
791 345
792 346
791 344
791 343
790 342
794 344
793 343
793 347
790 350
790 351
789 350
794 348
789 345
788 344
793 342
778 362
770 358
793 360
793 361
793 362
794 363
794 364
794 365
793 366
794 367
794 368
794 369
793 370
793 371
794 372
793 365
759 358
759 359
762 354
770 367
759 367
758 366
757 365
756 364
756 363
772 386
762 363
790 345
792 364
762 372
764 391
765 392
782 350
784 369
795 369
761 376
773 378
785 343
774 355
776 374
773 387
761 385
796 352
797 351
798 352
799 353
798 351
800 354
801 355
802 355
803 355
802 354
802 353
801 352
801 356
801 357
802 358
802 359
803 360
801 351
802 350
803 350
802 349
784 374
800 350
799 349
798 348
799 348
798 347
798 346
797 345
796 344
796 343
795 342
801 360
801 361
800 359
799 358
798 357
799 357
798 356
804 361
797 349
796 348
797 358
796 358
797 359
798 360
798 361
798 362
799 362
797 363
797 364
798 365
798 366
799 367
800 368
796 357
797 367
797 368
797 369
796 366
800 363
800 364
801 365
802 364
802 363
801 366
803 364
804 356
805 356
806 357
807 356
806 356
806 355
805 354
804 353
805 352
806 352
806 351
805 350
805 349
805 358
804 358
805 359
806 360
806 361
805 353
805 348
806 347
807 348
807 349
808 350
806 346
807 345
805 345
804 344
804 343
809 351
810 350
811 350
810 349
809 352
810 353
810 354
811 355
810 348
809 347
809 346
810 345
811 345
810 344
809 343
808 342
807 343
806 342
809 342
806 341
805 340
806 339
807 338
807 337
806 338
764 383
806 337
812 356
812 357
792 369
813 358
805 344
813 357
814 356
815 355
816 355
817 356
817 357
817 355
818 354
795 356
818 353
817 352
769 389
792 365
817 351
816 350
815 349
784 352
817 350
818 349
818 348
819 347
819 346
818 345
761 368
818 344
817 347
816 346
816 345
815 344
816 343
817 342
815 343
814 342
814 341
815 340
815 339
814 338
815 338
814 337
818 343
813 340
817 346
781 352
798 358
820 347
821 348
821 349
821 350
822 351
822 350
817 341
818 340
818 339
819 338
820 339
821 340
822 339
817 338
820 351
820 341
823 352
815 347
819 354
785 361
777 357
796 370
769 353
788 366
816 348
808 344
765 382
757 378
789 367
781 363
812 350
758 379
778 357
770 353
765 368
814 347
813 348
812 347
811 354
773 364
784 373
776 369
776 356
772 363
769 377
761 386
785 358
764 392
822 341
822 342
823 343
824 344
825 345
804 351
796 347
788 343
761 389
765 359
785 374
786 373
787 374
777 370
797 348
769 366
789 344
808 357
809 357
810 358
800 353
766 360
823 342
772 376
764 372
792 354
784 350
803 363
795 359
815 337
761 366
773 377
810 359
809 360
819 344
785 351
776 382
804 364
805 364
777 347
796 360
788 356
816 338
757 368
781 353
768 383
814 350
814 351
760 379
760 380
780 357
791 366
783 362
807 355
811 359
818 337
808 354
779 345
814 346
804 362
788 363
809 361
809 362
824 345
769 378
813 345
815 352
825 346
825 347
826 348
826 347
811 344
773 354
764 385
827 346
827 345
792 367
784 363
788 364
774 350
809 356
765 379
773 385
786 372
821 339
813 349
805 363
817 337
821 343
821 344
821 345
822 346
813 344
807 339
816 354
808 359
820 342
813 339
812 338
811 337
811 336
810 335
785 371
769 387
810 334
784 361
824 348
824 349
803 351
765 361
806 336
806 335
817 336
818 335
816 335
812 337
804 341
803 341
802 341
801 341
800 340
803 340
776 359
815 350
761 379
807 346
777 360
769 356
810 357
756 386
787 373
779 369
799 347
760 392
792 344
811 357
803 353
795 349
761 356
819 334
806 364
818 338
788 346
765 362
802 366
822 344
814 340
780 347
799 340
798 341
799 360
791 356
811 334
772 379
771 383
801 339
777 377
795 357
785 372
802 340
818 334
773 365
817 333
798 342
798 343
799 344
776 349
761 369
777 378
799 343
766 354
802 339
784 375
784 366
819 337
776 375
817 332
816 331
790 359
803 356
791 358
820 333
821 334
807 336
818 351
810 347
756 376
767 385
768 350
822 333
822 332
821 331
820 331
819 331
822 331
823 332
787 363
779 359
768 386
814 353
760 382
780 360
772 356
791 369
764 352
783 365
803 343
802 344
802 343
790 373
806 354
798 350
763 392
809 359
775 366
821 333
767 362
810 360
802 356
823 334
824 334
822 334
768 363
760 359
779 372
791 372
802 345
799 350
791 346
803 346
794 357
766 356
825 333
825 332
825 344
817 340
763 369
809 336
809 337
774 378
826 334
827 335
786 352
798 363
818 341
810 337
756 366
775 379
821 346
826 335
826 343
825 342
767 375
787 353
779 349
793 369
813 347
761 387
818 330
818 329
817 328
818 328
759 376
805 343
770 385
771 350
762 381
790 363
819 327
818 326
820 328
782 359
794 370
806 344
798 340
771 386
817 353
763 382
782 368
818 327
760 390
805 351
776 352
821 335
792 352
769 359
772 378
799 363
777 358
773 348
754 375
779 376
811 356
788 345
770 355
822 336
822 337
813 354
790 370
809 338
821 330
780 377
810 339
810 340
811 341
825 341
826 340
826 339
764 360
824 340
789 369
824 335
815 334
804 348
814 333
813 332
809 349
755 378
775 356
765 380
814 332
772 364
813 353
812 352
819 328
790 369
825 336
824 337
825 337
821 329
822 328
823 329
822 327
826 337
767 352
786 365
821 326
756 379
802 346
768 353
790 349
825 343
820 325
820 324
821 323
822 322
821 321
822 321
823 320
822 319
824 321
825 322
823 319
823 322
825 321
822 324
801 350
766 392
812 359
758 388
778 366
824 333
759 389
825 334
771 363
817 330
762 394
763 359
782 372
774 368
798 353
818 331
797 357
821 336
767 365
787 343
800 362
820 340
823 325
824 324
801 363
793 359
813 337
826 321
759 366
778 379
827 322
824 346
762 371
790 353
762 357
822 323
823 324
826 320
796 345
799 356
825 323
821 325
824 326
825 327
826 324
826 325
827 325
826 327
828 326
829 325
830 326
828 327
830 325
829 327
782 349
794 360
817 343
809 339
796 369
816 347
786 355
769 388
789 366
801 340
820 353
821 354
766 382
812 349
758 378
824 323
770 352
793 372
813 350
830 328
831 328
832 327
833 328
834 329
834 328
835 329
836 328
837 329
837 328
833 330
833 331
834 331
836 330
836 331
837 331
759 379
805 346
825 324
771 353
762 384
774 358
785 373
777 369
769 365
797 347
789 343
808 356
800 352
820 330
766 359
801 353
793 349
778 369
824 336
770 365
762 361
790 343
773 376
819 343
785 350
776 381
804 363
796 359
788 355
816 337
765 371
757 367
838 331
839 332
777 382
797 360
837 330
829 326
830 327
838 327
789 356
833 332
800 365
820 343
833 333
766 372
812 339
834 334
758 368
778 346
835 328
805 336
792 366
838 333
838 334
784 362
804 340
774 348
761 378
837 335
785 363
777 359
769 355
835 327
788 368
808 346
835 326
800 342
765 384
834 325
766 349
757 380
781 365
834 324
801 343
780 369
833 323
783 374
803 352
827 337
828 337
829 338
829 337
830 336
829 335
830 335
830 338
831 338
832 338
832 337
828 339
773 366
819 333
776 371
796 349
761 391
807 358
777 372
797 350
769 368
789 346
800 355
766 362
758 358
799 359
823 344
792 356
764 374
803 365
776 348
795 361
807 335
808 334
830 337
836 325
773 379
829 340
785 353
777 349
796 362
830 341
831 341
831 340
832 340
833 341
833 340
834 340
835 339
788 358
808 336
765 374
757 370
823 321
768 385
814 352
760 381
828 325
832 323
833 337
834 330
834 338
828 338
837 325
837 334
829 339
821 353
833 327
833 336
825 328
826 329
832 335
826 330
815 336
829 334
838 324
836 333
838 323
838 322
838 321
839 322
839 321
839 324
840 325
840 324
841 324
780 359
826 326
772 355
791 368
783 364
811 346
803 342
835 331
827 327
773 356
764 387
784 365
776 361
761 381
841 323
841 322
841 321
842 320
842 322
842 321
842 324
840 326
840 327
837 320
837 319
836 318
835 317
834 316
835 316
834 318
833 318
834 319
835 319
837 318
833 320
836 320
832 317
831 318
835 318
833 319
834 320
830 317
829 317
828 317
828 316
829 315
828 314
827 315
829 314
830 313
830 315
830 314
826 316
826 317
827 317
829 316
841 326
833 322
836 332
828 328
828 329
837 333
829 329
832 339
828 341
832 316
832 315
828 318
819 355
819 356
809 341
829 319
816 349
808 345
789 368
801 342
820 355
812 351
832 329
831 330
824 325
825 326
804 352
807 357
831 342
808 358
820 332
824 338
819 345
839 323
785 352
831 319
831 320
776 383
804 365
777 348
796 361
816 339
788 357
808 335
765 373
757 369
769 380
797 362
789 358
781 354
800 367
820 345
766 374
812 341
758 370
832 319
778 348
835 330
827 326
773 355
792 368
764 386
838 335
784 364
776 360
804 342
815 351
761 380
807 347
765 350
785 365
777 361
769 357
788 370
816 352
808 348
754 377
800 344
820 322
765 386
831 315
841 328
838 317
837 316
840 329
766 351
757 382
823 333
760 393
760 394
780 371
826 338
838 320
837 321
830 318
833 314
836 322
772 367
792 345
811 358
829 313
841 327
842 319
841 318
762 353
803 354
795 350
761 357
834 315
773 375
829 330
829 331
828 331
827 339
773 368
830 332
831 332
830 331
840 317
828 333
828 342
829 343
840 316
840 315
840 314
841 313
840 312
841 312
839 312
838 312
838 311
841 311
842 310
841 309
842 309
842 312
843 312
844 313
845 314
845 315
846 315
843 314
843 315
844 315
846 314
839 311
842 311
845 316
845 317
846 317
847 318
838 313
842 314
844 314
847 319
837 310
836 310
836 309
836 308
837 308
835 308
834 308
833 308
833 307
834 306
835 306
832 307
831 308
831 307
834 307
833 309
833 310
834 310
843 316
843 317
832 306
831 305
832 305
830 305
829 305
828 304
827 303
826 302
827 302
826 304
827 305
829 304
830 303
829 302
830 302
832 304
825 301
824 301
824 300
825 299
823 299
822 299
821 300
821 301
822 301
828 306
827 304
820 300
819 299
819 298
820 298
819 301
818 298
817 298
817 297
818 296
817 295
818 295
820 297
820 296
820 295
819 300
816 294
816 293
815 292
816 292
815 294
814 295
813 294
812 294
812 293
812 292
813 292
811 291
810 292
809 291
808 291
807 291
807 290
808 289
806 289
805 289
809 293
809 294
810 294
805 290
805 291
806 291
808 290
830 304
822 300
811 290
811 289
823 301
826 306
815 296
814 297
807 292
808 293
818 297
810 293
829 306
821 302
821 303
822 303
811 293
813 293
824 302
824 303
844 317
806 290
825 303
817 299
809 295
809 296
810 296
835 307
846 316
819 335
839 313
831 309
831 310
804 355
776 373
796 351
816 329
788 347
761 393
807 360
820 299
765 363
812 295
812 296
789 348
802 367
781 344
822 345
768 374
842 323
813 296
758 360
799 361
805 292
791 357
811 335
823 346
835 320
827 316
772 380
764 376
792 358
838 325
784 354
776 350
795 363
815 341
761 370
819 348
785 355
831 322
830 323
777 351
818 352
788 360
808 338
787 364
757 372
823 323
768 387
814 354
760 383
834 332
826 328
772 357
791 370
764 353
811 348
803 344
827 329
773 358
819 325
764 389
776 363
804 345
807 350
765 353
810 361
802 357
830 339
822 335
823 300
768 364
842 313
814 331
814 330
760 360
834 309
826 305
799 351
845 318
845 319
791 347
823 336
815 295
835 310
826 341
827 306
846 319
819 302
819 303
792 348
764 366
838 315
784 344
803 357
795 353
815 331
816 296
761 360
808 292
798 364
818 342
810 338
756 367
830 316
775 380
821 347
841 325
787 354
833 321
779 350
822 348
842 326
814 344
760 373
834 322
780 351
826 318
799 364
791 360
811 338
783 356
794 371
806 345
776 353
771 387
817 354
763 383
809 350
837 332
755 379
829 328
775 357
821 324
786 366
818 355
810 351
756 380
830 329
802 347
822 325
767 389
768 354
787 367
833 334
779 363
799 341
772 360
759 390
764 356
805 357
825 335
771 364
817 331
837 309
782 373
828 340
806 358
798 354
818 332
829 341
830 306
775 370
821 337
822 302
767 366
841 315
814 298
814 299
787 344
833 311
833 312
811 292
823 303
768 367
814 334
813 335
760 363
801 364
834 312
813 338
783 346
778 380
824 347
770 376
804 289
803 289
802 288
802 290
801 289
800 289
803 288
790 354
836 321
815 298
807 294
794 361
840 328
825 348
771 377
817 344
763 373
809 340
837 322
829 318
774 382
775 347
786 356
798 367
810 341
756 370
830 319
767 379
833 324
832 325
779 353
820 354
766 383
832 328
813 351
759 380
805 347
825 325
770 389
771 354
790 367
762 385
836 334
782 363
828 330
774 359
806 348
798 344
763 386
809 353
755 382
775 360
821 327
767 356
786 369
844 316
781 376
801 354
793 350
826 298
832 341
759 357
778 370
825 302
770 366
790 344
762 362
836 311
836 312
828 307
828 308
794 351
840 318
805 360
825 338
817 334
818 299
837 312
810 295
828 343
829 308
802 291
802 292
821 304
786 346
769 379
797 361
822 305
789 357
800 366
820 344
812 340
832 318
778 347
803 291
801 367
801 292
800 291
799 292
793 363
813 341
805 337
824 350
770 379
790 357
836 324
820 305
828 320
774 349
785 364
804 338
831 301
832 302
833 301
831 331
755 372
816 351
788 369
808 347
754 376
800 343
841 314
828 305
834 302
765 385
823 302
842 315
834 311
826 307
792 351
845 320
845 321
804 288
835 303
826 308
825 309
766 350
757 381
789 370
801 344
815 297
827 299
828 298
766 386
812 353
758 382
832 331
778 360
835 312
807 293
819 295
827 308
838 308
819 304
816 298
808 294
800 290
829 344
830 309
801 291
812 291
816 295
825 300
843 308
811 295
823 306
823 307
804 292
829 321
838 328
834 339
819 341
833 300
830 322
834 301
836 305
826 297
832 321
762 356
827 298
819 294
837 311
829 307
841 308
810 289
772 382
830 308
814 291
822 304
833 304
841 317
814 300
815 301
815 302
816 303
818 293
837 306
839 309
816 302
815 304
814 305
815 305
813 305
812 305
812 304
816 305
813 304
816 304
812 306
815 306
816 307
817 307
818 306
818 307
811 303
810 302
811 301
810 304
809 304
808 303
807 303
807 302
807 301
807 300
808 299
806 299
805 298
808 301
804 298
803 298
802 298
801 298
800 297
801 296
800 295
801 295
803 297
804 296
803 295
804 295
799 294
798 295
805 300
805 301
806 301
808 300
801 297
804 297
797 294
796 294
795 294
795 293
796 292
794 292
793 292
793 291
797 292
792 291
791 291
794 291
793 293
793 294
794 294
796 293
800 299
803 299
802 300
802 301
795 295
795 296
804 300
796 296
833 299
833 298
833 297
834 296
833 295
832 295
831 296
831 295
834 295
835 294
836 295
837 296
835 296
834 298
836 297
836 298
837 298
838 299
839 299
832 294
835 295
838 300
838 301
839 301
840 302
841 301
842 300
841 299
842 299
831 297
842 301
843 302
844 303
845 302
846 303
846 302
845 304
845 305
846 305
847 305
848 306
849 305
844 302
847 307
847 308
848 308
843 304
843 305
844 305
846 304
849 304
849 303
834 297
845 306
835 298
846 307
848 307
837 297
830 294
830 293
829 292
830 292
828 293
828 294
827 292
826 292
829 294
825 291
824 291
824 290
825 289
824 288
823 287
822 286
822 288
821 288
822 289
823 289
825 288
821 290
821 291
822 291
820 287
819 286
820 286
818 286
820 285
819 288
819 289
817 287
823 288
826 293
826 294
827 294
819 290
849 307
850 308
850 307
851 306
851 308
852 309
853 308
853 310
852 311
822 290
841 303
840 304
823 291
826 296
806 300
809 305
802 302
799 296
798 297
791 292
844 304
847 309
847 310
825 290
836 299
836 300
828 295
828 296
848 310
818 287
837 300
829 296
821 292
794 293
813 306
805 302
805 303
806 303
839 300
850 309
850 310
851 310
843 306
832 296
824 292
824 293
825 293
824 305
797 293
816 306
808 302
800 298
801 299
793 295
793 296
853 309
794 296
835 297
827 293
846 306
838 302
838 303
839 303
820 289
811 302
804 299
796 295
807 304
807 305
797 296
808 305
849 306
841 302
823 290
842 303
834 299
826 295
845 308
835 300
827 296
819 292
838 305
810 305
799 295
792 292
811 305
803 301
795 297
848 309
840 305
840 306
796 298
837 299
829 295
830 296
849 309
822 292
841 305
814 301
813 302
806 302
798 298
798 299
851 309
799 298
844 306
847 311
824 327
825 292
770 356
817 288
817 289
836 301
828 297
840 308
827 338
818 289
763 353
804 354
796 350
829 298
816 328
821 294
761 392
807 359
777 373
769 369
843 318
789 347
808 360
800 356
820 334
766 363
813 295
758 359
832 308
824 304
823 345
793 353
813 331
759 360
806 292
792 357
825 305
817 301
762 365
803 366
809 297
795 362
773 380
839 325
785 354
831 321
777 350
796 363
802 294
816 341
788 359
808 337
765 375
757 371
769 382
789 360
781 356
847 301
794 295
812 343
758 372
805 304
778 350
811 347
835 332
827 328
773 357
819 324
792 370
764 388
839 302
831 298
831 299
776 362
850 311
850 312
849 313
815 353
821 284
761 382
820 288
765 352
785 367
831 334
777 363
851 312
797 341
788 372
754 379
800 346
766 353
757 384
832 298
824 294
823 335
760 395
835 309
780 373
846 318
792 347
764 365
838 314
811 360
817 291
784 343
795 352
815 330
761 359
827 341
839 315
785 344
831 311
804 357
796 353
788 349
761 395
807 362
801 288
820 301
765 365
812 297
812 298
811 299
757 361
781 346
822 347
768 376
842 325
814 343
760 372
834 321
780 350
813 298
805 294
791 359
783 355
823 348
835 322
827 318
792 360
764 378
784 356
795 365
797 295
808 304
800 300
800 301
799 302
798 301
797 302
796 302
843 298
842 297
843 296
843 295
843 294
844 293
845 292
846 293
843 292
846 292
845 294
844 292
846 294
847 295
848 296
848 295
849 295
850 296
850 295
851 296
851 295
847 297
847 298
848 298
850 297
850 298
851 298
852 299
853 298
853 297
853 296
852 300
852 301
849 294
848 293
849 293
849 292
842 291
841 291
840 292
840 291
839 291
838 291
838 290
838 289
838 288
839 287
839 289
837 288
836 288
836 287
837 286
836 285
835 284
834 283
835 283
834 285
833 285
834 286
835 286
837 285
833 287
839 288
832 284
831 283
831 285
835 285
841 290
841 289
842 289
834 287
853 300
854 301
854 300
855 299
855 301
848 297
840 293
840 294
837 287
830 284
829 284
828 284
827 284
826 284
841 293
851 297
843 293
854 302
854 303
832 283
844 294
855 303
847 299
836 289
828 285
828 286
829 286
839 290
831 286
831 287
850 299
850 300
851 300
832 286
842 290
853 299
845 295
845 296
835 287
846 296
838 292
839 293
852 302
852 303
830 283
849 296
841 292
833 288
833 289
842 293
834 289
853 302
826 285
855 302
848 299
840 295
840 296
837 289
829 285
830 286
851 299
854 304
854 305
853 306
832 285
844 296
855 305
828 287
847 291
846 290
847 289
847 288
847 287
848 286
847 285
848 285
846 284
845 284
845 283
845 282
846 282
844 282
843 282
849 284
848 283
849 283
850 285
850 286
851 286
852 286
853 286
853 285
849 282
851 285
850 287
851 288
852 289
852 288
853 288
854 289
854 288
855 289
855 288
856 287
856 289
857 289
858 289
854 290
854 291
855 291
857 290
857 291
858 291
859 292
860 293
860 292
859 294
861 291
860 290
861 290
861 289
853 287
856 288
852 290
852 291
855 290
847 286
856 291
848 287
858 290
851 287
843 283
843 284
854 292
854 293
844 284
855 293
846 283
857 292
857 293
858 293
850 289
849 290
853 289
845 285
845 286
846 286
856 290
852 292
849 286
844 283
855 292
856 293
848 289
858 292
850 288
851 289
843 285
843 286
842 287
854 294
844 286
846 295
839 292
831 288
831 289
830 290
850 301
801 301
842 302
793 297
832 288
845 307
790 291
789 292
788 292
788 291
787 291
786 291
789 291
835 299
827 295
846 308
819 291
838 304
839 305
862 288
861 287
860 286
859 286
859 285
859 284
859 283
859 282
859 281
860 280
861 279
860 282
858 281
857 281
857 280
857 279
857 278
858 277
858 279
856 279
855 279
854 279
855 278
858 278
854 280
860 281
861 281
862 282
863 282
856 278
860 284
862 283
862 284
855 280
856 281
858 280
861 280
857 282
860 283
861 283
853 279
852 280
856 280
862 285
854 281
854 282
853 283
852 282
851 283
855 282
858 282
854 284
820 291
861 292
846 285
857 294
857 295
858 295
850 291
842 292
834 288
853 301
845 297
845 298
811 304
803 300
835 289
827 285
846 298
838 294
804 301
796 297
788 293
788 294
787 295
831 291
832 292
833 291
797 298
789 294
790 295
791 294
830 295
849 308
800 303
841 304
861 282
823 292
842 305
850 281
816 288
849 285
842 282
841 282
840 283
840 284
840 285
833 313
853 291
845 287
811 294
803 290
823 305
846 288
838 284
837 283
804 291
836 323
815 300
828 319
840 330
852 304
837 324
829 320
830 285
802 303
849 298
841 294
833 290
799 297
791 293
842 295
834 291
826 287
792 294
832 330
803 303
795 299
848 311
840 307
860 285
852 281
785 291
784 290
783 289
784 289
783 290
818 288
836 336
837 301
828 332
788 296
787 297
788 298
789 299
786 297
785 296
784 295
787 298
789 298
790 298
785 295
784 297
790 297
785 297
790 299
791 300
792 299
792 300
785 298
829 297
821 293
831 343
830 298
822 294
841 307
814 290
814 289
833 303
853 281
844 318
856 292
848 288
824 339
825 304
817 300
836 313
828 309
840 320
852 294
818 301
837 314
810 297
829 310
802 293
816 340
849 288
821 306
841 284
844 295
814 303
855 304
847 300
820 346
812 342
832 320
778 349
803 293
836 290
836 291
848 301
840 297
813 343
805 339
806 304
825 317
798 300
836 326
837 291
828 322
829 287
821 283
831 333
851 311
843 307
816 353
822 284
808 349
855 281
754 378
800 345
820 323
799 300
791 296
832 297
844 308
856 282
801 346
847 313
812 355
859 287
832 333
824 329
825 294
817 290
836 303
828 299
840 310
827 340
852 284
819 336
839 314
818 291
821 296
816 330
788 348
761 394
807 361
765 364
777 375
797 353
769 371
843 320
844 285
789 349
808 362
781 345
855 294
800 358
847 290
820 336
766 365
812 332
811 332
813 297
758 361
832 310
805 293
824 306
823 347
848 291
840 287
835 321
772 381
806 294
792 359
838 326
817 303
784 355
809 299
795 364
815 342
761 371
773 382
819 349
839 327
785 356
831 323
777 352
851 301
796 365
769 348
843 297
788 361
808 339
854 306
801 300
765 377
757 373
832 287
769 384
844 298
781 358
768 388
847 303
814 355
834 333
794 297
859 277
824 319
791 371
825 284
824 284
770 348
811 349
803 345
836 293
835 334
827 330
786 292
785 293
773 359
819 326
764 390
792 372
839 304
784 368
831 300
804 346
776 364
850 313
796 342
761 384
807 351
854 283
820 290
765 354
831 336
777 365
769 361
797 343
843 310
830 340
855 284
800 348
820 326
766 355
757 386
832 300
799 352
823 337
835 311
780 375
826 342
827 307
772 371
846 320
792 349
764 367
838 316
784 345
858 294
803 358
809 289
850 290
795 354
815 332
816 297
761 361
827 343
773 372
819 339
839 317
785 346
831 313
776 377
851 291
796 355
843 287
816 333
788 351
854 296
801 290
820 303
765 367
812 299
757 363
822 349
768 378
842 327
814 345
760 374
834 323
835 288
780 352
826 319
799 365
772 348
805 296
846 297
791 361
838 293
811 339
823 350
835 324
827 320
772 384
773 349
764 380
792 362
838 329
839 294
831 290
776 354
804 336
850 303
795 367
797 297
815 345
789 293
807 341
800 302
818 356
769 351
810 352
756 381
802 348
830 330
822 326
767 390
768 355
801 303
842 304
787 368
793 299
833 335
834 300
799 342
845 309
845 310
824 286
857 283
857 284
790 293
782 289
781 288
781 287
781 290
780 287
779 287
778 288
778 289
778 290
779 291
780 292
777 291
776 291
777 292
775 291
774 290
778 291
779 293
779 294
780 294
781 295
782 294
782 293
775 290
782 296
777 293
778 293
780 293
782 295
774 291
778 292
778 294
777 287
776 287
775 288
776 286
776 285
776 284
777 285
779 286
783 292
779 289
781 289
823 327
768 391
814 358
760 387
834 336
835 301
826 332
827 297
772 361
846 310
819 293
764 357
838 306
811 352
858 284
803 348
795 344
806 359
798 355
831 303
851 281
818 333
829 342
830 307
854 286
821 338
767 367
841 316
787 345
820 293
812 289
853 290
830 343
802 361
823 304
768 368
814 335
842 317
760 364
834 313
779 377
826 309
799 355
845 322
844 323
846 287
791 351
838 283
783 347
857 296
856 297
804 290
815 299
807 295
807 296
794 362
819 306
764 370
839 284
784 348
825 349
771 378
817 345
850 293
763 374
837 323
816 300
774 383
808 296
849 297
800 292
786 357
798 368
818 346
810 342
756 371
830 320
802 338
775 384
821 351
767 380
842 294
787 358
833 325
834 290
779 354
853 303
826 286
845 299
844 300
845 300
792 293
811 306
803 302
795 298
814 348
760 377
835 291
780 355
826 322
827 287
772 351
846 300
813 352
759 381
838 296
783 360
803 338
804 303
777 286
790 368
836 335
796 299
782 364
788 295
806 349
798 345
763 387
837 336
809 354
755 383
829 332
789 296
830 297
775 361
849 310
821 328
781 292
822 293
767 357
841 306
786 370
861 284
833 302
853 280
778 286
810 355
756 384
802 351
822 329
823 294
768 358
842 307
834 303
779 367
826 299
799 345
845 312
832 342
778 371
857 286
815 289
851 293
806 297
843 289
856 284
854 298
812 301
798 296
806 296
835 290
827 286
846 299
838 295
804 302
768 390
848 284
839 297
839 296
799 293
842 288
831 292
762 389
850 305
809 302
797 299
862 279
789 295
781 291
778 285
823 293
842 306
782 288
845 311
859 289
825 319
857 285
782 291
774 287
815 288
846 312
859 290
858 286
850 282
816 289
842 283
807 363
853 292
792 371
808 295
845 288
786 298
846 289
838 285
807 297
839 286
852 305
808 298
849 299
800 294
841 295
823 283
842 296
834 292
853 305
826 288
845 301
792 295
784 291
803 304
795 300
835 293
848 312
827 289
827 290
819 285
838 298
785 292
777 288
796 301
836 337
837 302
788 297
830 299
781 294
849 312
822 295
861 286
853 282
844 319
823 296
823 297
834 305
826 301
857 288
836 314
815 291
840 321
852 295
818 302
837 315
810 298
821 307
849 289
841 285
830 312
822 308
782 348
814 304
842 286
833 317
853 295
845 291
811 298
803 294
795 290
848 302
840 298
825 318
796 291
797 290
836 327
837 292
828 323
829 288
852 308
829 324
830 289
849 302
822 285
841 298
833 294
780 288
799 301
791 297
783 293
844 309
823 286
856 283
801 347
847 314
826 291
859 288
792 298
832 334
824 330
784 294
825 295
776 290
836 304
828 300
848 315
848 316
840 311
860 289
852 285
825 331
817 327
818 292
837 305
828 336
829 301
821 297
797 354
843 321
822 298
808 363
814 294
855 295
820 337
766 366
845 281
812 333
832 311
824 307
844 322
856 296
848 292
840 288
813 334
806 295
824 343
825 308
798 291
817 304
836 317
809 300
852 298
819 350
839 328
818 305
831 324
810 301
851 302
802 297
816 344
841 288
808 340
854 307
833 284
799 291
844 290
844 299
847 304
820 350
794 298
812 346
859 278
832 324
824 320
825 285
836 294
828 290
848 305
840 301
835 335
827 331
860 279
786 293
837 295
804 347
829 291
815 356
821 287
807 352
787 294
779 290
785 370
831 337
777 366
797 344
769 362
843 311
816 357
808 353
855 285
754 382
800 349
847 281
780 291
820 327
765 391
757 387
832 301
783 296
824 297
844 312
781 372
823 338
856 286
847 317
848 282
793 346
780 376
859 291
825 298
770 362
817 294
762 358
803 359
836 307
798 290
809 290
828 303
815 333
827 344
773 373
819 340
839 318
785 347
831 314
776 378
804 360
810 291
851 292
796 356
843 288
816 334
788 352
854 297
839 310
820 304
812 300
757 364
777 379
769 375
799 368
843 324
777 290
844 289
790 372
789 353
781 349
855 298
847 294
766 369
812 336
813 301
758 365
799 366
832 314
805 297
811 340
836 284
788 299
823 351
828 289
835 325
827 321
772 385
806 298
773 350
764 381
792 363
798 294
838 330
839 295
784 359
809 303
776 355
804 337
820 306
850 304
795 368
767 361
815 346
761 375
807 342
773 386
819 353
839 331
785 360
831 327
777 356
851 305
769 352
843 301
788 365
808 343
820 308
800 339
765 381
793 300
757 377
832 291
824 287
790 294
824 296
782 290
823 328
774 286
760 388
834 337
835 302
780 366
826 333
772 362
846 311
838 307
783 371
811 353
858 285
803 349
795 345
775 287
835 338
827 334
786 296
773 363
819 330
839 308
784 372
831 304
776 368
804 350
851 282
796 346
788 342
761 388
854 287
820 294
765 358
812 290
830 344
802 362
822 340
768 369
814 336
842 318
847 284
834 314
779 378
813 291
791 352
823 341
835 315
780 379
826 346
819 307
792 353
839 285
803 362
850 294
795 358
816 301
808 297
800 293
798 369
831 317
777 346
818 347
810 343
843 291
830 321
821 352
767 381
801 294
787 359
820 307
833 326
812 303
853 304
822 353
768 382
814 349
760 378
834 327
835 292
826 323
827 288
772 352
846 301
791 365
838 297
811 343
803 339
804 304
796 300
827 324
773 353
764 384
806 350
839 298
771 349
831 294
776 358
763 388
837 337
797 301
809 355
829 333
789 297
862 281
781 293
849 311
786 371
820 284
861 285
778 287
810 356
756 385
802 352
830 334
822 330
823 295
768 359
842 308
787 372
833 339
834 304
779 368
826 300
799 346
845 313
791 342
857 287
823 331
774 289
815 290
760 391
835 305
826 336
827 301
772 365
819 297
764 361
792 343
805 362
838 310
858 288
825 340
850 284
795 348
816 291
828 345
761 355
860 287
806 363
834 293
798 359
810 333
849 315
756 362
764 393
830 311
775 375
821 342
822 307
767 371
841 320
842 285
787 349
833 316
853 294
845 290
811 297
802 365
822 343
823 308
768 372
814 339
760 368
834 317
780 346
846 291
791 355
838 287
783 351
811 333
824 352
804 294
796 290
815 303
807 299
794 366
806 340
852 307
831 284
771 382
817 349
763 378
809 345
837 327
797 291
770 384
759 384
755 374
793 368
829 323
830 288
775 352
845 293
849 301
758 374
800 296
841 297
786 361
833 293
814 293
818 350
810 346
756 375
830 324
802 342
821 355
822 320
767 384
823 285
768 349
842 298
787 362
833 329
834 294
779 358
853 307
826 290
845 303
792 297
784 293
857 277
776 289
848 314
794 343
827 291
813 356
819 287
759 385
860 288
794 352
840 319
819 296
785 294
825 330
771 359
805 361
852 293
762 390
763 355
825 339
837 304
771 368
817 335
828 335
829 300
818 300
763 364
774 364
837 313
782 377
828 344
829 309
774 373
821 305
849 287
806 353
841 283
798 349
786 347
806 362
763 391
809 358
829 336
818 336
830 301
767 360
775 365
849 314
821 332
822 297
830 310
841 310
775 374
786 374
821 341
861 288
833 306
822 306
841 319
814 302
842 284
853 284
787 348
833 315
853 293
845 289
844 321
823 298
811 296
803 292
760 358
856 295
801 359
855 283
773 288
772 287
793 355
826 303
801 368
846 281
813 333
848 300
793 364
759 362
778 375
824 342
813 342
825 307
759 371
805 338
838 286
824 351
762 367
836 316
770 380
815 293
804 293
782 345
762 376
790 358
807 289
837 290
782 354
794 356
840 323
828 321
807 298
805 365
817 348
852 297
774 377
802 296
771 372
817 339
818 304
852 306
763 368
837 317
809 335
810 300
771 381
763 377
837 326
809 344
849 291
755 373
829 322
830 287
841 287
786 351
775 351
849 300
822 283
833 283
841 296
786 360
833 292
799 290
780 286
810 336
799 299
756 365
797 366
791 295
789 362
783 291
814 306
844 307
789 371
834 284
823 284
779 348
781 367
820 349
766 378
801 345
812 345
847 312
826 289
766 387
811 300
778 352
812 354
758 383
803 296
792 296
832 332
778 361
784 292
824 328
795 292
770 357
776 288
795 301
836 302
848 304
840 300
813 346
848 313
860 278
861 277
759 375
805 342
794 342
840 309
813 355
825 320
762 380
852 283
790 362
825 329
836 329
837 294
771 358
777 289
818 290
829 290
790 371
763 354
774 354
836 338
837 303
821 286
828 334
829 299
774 363
821 295
787 293
806 343
852 310
785 369
809 348
797 352
830 300
755 377
830 291
775 355
821 322
816 356
822 287
767 351
841 300
808 352
843 319
754 381
861 278
833 296
822 296
808 361
814 292
780 290
765 390
800 357
799 303
833 305
791 299
820 335
766 364
783 295
832 309
844 311
844 320
856 285
847 293
801 349
847 316
848 281
793 345
766 391
856 294
793 354
812 358
801 358
773 287
848 290
758 387
832 336
840 286
784 296
824 332
825 297
759 361
770 361
776 292
817 293
806 293
824 341
836 306
825 306
817 302
828 302
790 348
836 315
809 298
794 346
782 344
840 313
860 291
805 355
840 322
852 287
771 362
773 381
817 329
818 294
852 296
763 358
837 307
804 359
839 326
810 290
818 303
829 303
763 367
809 334
821 299
849 281
810 299
807 364
796 364
802 295
821 308
816 342
841 286
799 289
797 356
843 323
844 288
789 352
769 383
797 365
814 296
781 348
855 297
844 297
800 361
789 361
766 368
812 335
813 300
847 302
758 364
820 348
832 313
812 344
824 309
758 373
832 322
778 351
824 318
836 283
856 298
801 362
795 291
848 294
836 292
793 358
828 288
860 277
759 374
840 290
813 336
848 303
759 365
793 367
835 333
840 299
798 293
805 341
817 306
790 352
762 370
836 319
837 284
798 302
771 348
828 315
762 379
837 293
828 324
829 289
774 353
815 354
821 285
761 383
819 352
839 330
787 292
777 364
785 359
779 288
831 326
777 355
810 303
851 304
796 368
785 368
802 299
831 335
843 300
769 360
797 342
854 309
843 309
788 373
833 286
808 351
754 380
800 347
757 376
780 289
832 290
765 389
757 385
791 298
844 301
832 299
789 365
783 294
824 295
781 361
844 310
847 306
781 370
820 352
794 300
766 381
801 348
812 348
847 315
859 280
758 377
793 344
832 326
778 355
824 322
758 386
825 287
770 351
824 331
825 296
836 296
770 360
828 292
817 292
775 286
828 301
840 303
835 337
786 295
827 333
773 362
819 329
827 342
839 307
773 371
784 371
804 349
776 367
839 316
785 345
829 293
831 312
776 376
815 358
821 289
862 290
851 290
807 354
796 354
788 350
821 298
816 332
787 296
779 292
854 295
765 357
831 339
820 302
777 368
765 366
769 364
797 346
757 362
843 313
789 342
808 355
797 355
843 322
844 287
855 287
800 351
789 351
847 283
781 347
820 329
765 393
855 296
766 358
800 360
847 292
813 290
820 338
832 303
766 367
812 334
824 299
813 299
758 363
832 312
805 295
824 308
834 326
823 340
823 349
835 314
780 378
859 293
826 345
772 374
835 323
840 289
827 319
838 319
772 383
817 296
762 360
764 379
803 361
792 361
809 292
798 292
784 357
817 305
809 301
815 335
850 302
795 366
761 364
761 373
819 342
807 340
839 320
773 384
819 351
785 349
831 316
776 380
839 329
851 294
802 289
831 325
843 290
777 354
788 354
816 336
851 303
796 367
769 350
854 299
843 299
801 293
808 341
854 308
765 370
801 302
812 302
757 366
793 298
757 375
832 289
844 291
824 285
781 351
855 300
822 352
768 381
790 292
847 296
794 290
823 326
814 357
813 303
758 367
760 386
805 299
834 335
794 299
780 364
791 364
826 331
859 279
811 342
846 309
791 373
836 286
825 286
811 351
783 369
858 283
803 347
795 343
828 291
827 323
775 285
772 387
835 336
773 352
786 294
827 332
838 332
773 361
831 293
804 339
776 357
839 306
850 306
795 370
784 370
831 302
797 300
776 366
815 348
862 280
851 280
761 377
807 344
815 357
862 289
807 353
854 285
820 283
831 329
820 292
765 356
851 307
769 354
843 303
788 367
863 281
830 333
769 363
800 341
830 342
802 360
787 371
822 338
855 286
833 338
842 316
757 379
847 282
832 293
813 289
824 289
799 354
791 350
790 296
824 298
782 292
823 330
774 288
823 339
835 304
780 368
827 300
846 313
835 313
792 342
826 344
827 309
838 309
772 373
783 373
819 305
858 287
764 369
838 318
839 283
850 283
784 347
795 347
775 289
816 290
850 292
827 336
816 299
761 363
819 332
831 306
776 370
839 319
851 284
785 348
