539 507
540 506
541 506
542 505
543 505
544 505
538 507
539 506
540 507
543 506
545 506
546 505
547 504
548 505
549 504
537 508
536 509
535 508
534 509
533 508
532 509
531 508
530 509
529 510
529 511
528 512
542 507
531 507
530 506
531 505
529 507
528 506
528 508
527 509
544 504
546 507
548 504
547 506
549 503
548 502
549 501
550 502
529 509
530 508
532 505
533 504
532 503
533 502
534 508
545 508
550 504
551 503
527 511
526 511
528 510
531 509
546 509
548 506
547 508
538 505
549 505
539 504
538 503
530 510
532 507
534 501
535 502
536 503
534 510
533 511
532 512
545 510
544 511
536 507
537 506
536 505
551 505
552 506
553 505
531 502
530 501
529 500
528 499
529 498
530 497
527 500
531 498
530 499
528 501
527 502
531 500
529 502
532 498
533 497
532 496
533 495
528 503
527 504
527 513
526 513
547 501
546 500
547 499
546 498
545 501
544 502
543 502
542 502
546 502
548 499
546 511
547 510
548 511
549 510
550 511
527 507
551 510
549 512
548 513
547 513
546 514
551 512
526 506
525 507
524 508
523 509
525 509
549 507
529 504
540 504
530 503
532 500
530 512
534 494
535 495
536 494
536 496
553 507
554 508
555 508
554 506
555 505
556 504
557 505
558 506
559 505
560 504
557 507
559 507
558 508
557 509
559 509
559 510
558 510
557 511
556 511
555 510
555 512
554 513
555 514
559 511
528 505
551 507
551 508
528 514
528 515
548 501
529 497
532 502
543 508
535 504
555 509
558 505
547 505
527 516
547 514
536 495
536 504
553 512
550 500
542 509
551 502
553 514
536 510
528 500
537 511
528 509
550 506
531 511
532 497
538 510
539 511
540 511
539 510
543 503
543 512
543 513
542 511
554 512
555 504
547 500
547 509
524 507
558 509
539 505
546 513
528 504
550 501
542 514
527 508
539 509
536 512
535 513
536 514
536 513
550 510
531 506
542 506
527 517
535 494
543 507
554 507
535 503
526 518
535 512
523 510
558 504
524 511
524 512
524 513
546 508
557 508
550 505
561 505
527 503
531 501
542 501
527 512
542 510
531 510
562 506
562 507
562 508
563 509
554 511
543 511
535 507
523 514
523 515
524 516
524 517
546 503
549 499
546 512
557 512
549 508
538 508
530 504
530 513
531 496
561 509
561 510
562 511
562 512
550 509
531 514
553 510
534 506
538 512
538 513
539 514
542 500
541 499
540 498
539 497
540 497
543 499
539 496
543 498
539 495
543 497
542 496
538 494
541 513
537 515
526 515
538 498
538 499
539 500
539 501
540 502
538 516
542 495
543 494
544 495
527 506
542 504
541 508
564 510
565 511
566 510
567 511
566 509
565 508
565 512
565 513
565 507
564 506
568 512
568 513
569 514
569 513
552 508
559 512
560 513
561 514
561 515
556 506
522 513
521 512
533 513
544 513
525 518
545 496
534 496
553 509
545 505
534 505
545 514
534 514
534 515
526 510
537 510
526 519
526 520
527 521
527 522
546 497
546 506
557 506
549 502
538 502
537 501
536 500
535 499
536 499
535 498
530 498
549 511
538 511
530 507
560 508
563 513
541 494
552 503
541 503
544 499
533 499
552 512
541 512
564 514
544 508
522 508
556 510
525 513
553 504
534 500
545 500
553 513
537 496
545 509
537 505
526 505
526 514
537 514
538 497
530 502
548 510
560 512
529 506
563 508
529 515
532 511
521 511
541 498
541 507
552 507
564 509
544 503
556 505
533 503
556 514
522 512
533 512
544 512
525 508
525 517
534 495
545 504
534 504
537 500
537 509
526 509
567 510
559 506
551 511
560 507
540 501
529 501
563 512
540 510
532 506
541 502
533 498
544 498
541 511
552 511
556 509
533 507
544 507
522 507
522 516
521 516
520 515
520 514
519 516
519 517
518 516
517 515
516 516
516 517
516 518
517 519
515 515
515 519
515 520
516 521
516 522
517 523
517 524
518 525
519 526
519 527
520 528
520 529
519 530
519 531
519 532
518 530
518 520
519 521
520 520
521 521
520 519
519 522
518 529
517 528
516 527
516 526
515 528
515 529
515 523
515 524
521 530
522 522
523 523
524 522
524 521
523 520
523 524
523 525
524 526
523 519
522 518
525 523
526 524
526 525
527 526
527 527
528 528
527 525
528 524
529 525
514 518
513 517
522 531
522 532
523 533
514 527
525 527
518 515
526 528
526 529
526 530
527 531
527 530
518 524
515 518
529 529
522 517
522 526
522 527
523 528
523 529
524 530
524 531
525 532
526 533
526 534
527 535
527 536
528 537
521 525
520 524
529 538
530 537
531 538
531 539
530 536
530 540
530 541
530 542
531 542
530 535
531 534
531 533
530 532
530 531
531 530
531 529
531 528
530 527
529 539
529 534
528 533
532 530
532 539
533 531
533 532
534 533
534 534
533 540
534 539
535 540
535 541
534 538
533 537
533 541
534 542
533 536
534 537
535 536
536 537
537 538
538 537
539 538
537 539
538 540
538 541
537 542
537 543
537 544
536 541
540 538
532 534
525 522
533 535
525 531
539 542
539 543
540 543
541 544
542 544
543 545
542 543
542 542
541 541
544 546
545 547
546 546
545 548
546 549
541 545
541 546
542 547
542 548
543 549
544 550
544 551
541 540
544 545
544 549
547 546
548 547
548 548
518 519
536 536
528 532
521 520
529 533
513 516
512 515
512 514
511 513
511 516
510 516
509 515
509 514
508 513
508 512
508 516
508 517
507 515
548 546
549 545
521 529
532 529
540 542
532 538
543 544
522 521
514 517
533 530
514 526
513 525
525 526
525 535
539 537
517 518
528 527
517 527
536 540
520 523
528 536
520 532
510 515
521 515
529 528
521 524
529 537
532 533
521 533
532 542
535 535
543 548
525 512
555 513
566 513
525 521
545 499
537 495
524 525
537 504
516 530
536 508
539 541
551 506
528 513
517 522
536 535
520 518
548 500
528 531
517 531
540 496
520 527
560 511
548 509
528 540
527 540
526 539
527 539
526 538
525 537
540 505
529 505
563 507
532 501
540 514
529 514
532 510
521 510
521 519
513 515
541 497
532 528
521 528
543 543
566 508
535 539
543 552
542 551
558 513
558 514
524 520
524 529
567 509
568 508
569 509
569 510
570 511
569 508
570 507
568 507
567 506
571 508
572 509
573 508
574 509
573 507
574 508
573 506
574 505
572 510
573 511
573 512
574 513
574 514
575 506
576 507
576 508
577 509
577 510
578 511
575 510
575 511
576 512
577 513
577 514
576 513
576 511
579 512
575 505
575 514
576 506
577 505
578 506
577 504
579 507
579 508
580 509
581 508
580 510
581 511
581 512
582 513
581 513
580 514
580 515
581 516
581 517
583 514
584 513
584 512
583 515
583 516
582 517
583 518
582 512
571 512
571 513
572 514
583 513
572 513
575 509
578 510
570 506
579 511
571 507
582 516
578 505
578 514
570 510
579 506
571 511
582 511
585 513
574 512
577 508
586 513
516 525
578 509
524 538
523 539
522 538
524 540
523 538
523 537
522 540
522 541
523 542
523 543
524 544
525 545
524 539
521 542
520 542
541 543
519 541
519 540
520 541
524 543
547 547
559 514
570 514
517 517
509 513
517 526
528 526
520 522
571 506
528 535
540 500
520 531
540 509
520 540
531 537
521 514
510 514
532 514
562 515
542 546
544 497
535 516
574 507
577 503
578 502
523 532
535 534
543 547
577 512
566 512
535 543
523 541
524 515
539 513
524 524
578 504
516 520
524 533
536 498
567 513
516 529
578 513
524 542
570 509
539 540
536 516
546 548
581 515
538 544
517 521
509 517
520 517
528 530
540 495
520 526
527 534
531 532
521 509
562 510
573 510
585 512
531 541
565 506
542 550
513 514
535 511
523 518
523 527
574 511
566 507
555 507
577 507
535 538
547 503
539 499
558 512
547 512
524 510
539 508
524 519
516 515
545 551
524 528
536 493
516 524
524 537
559 504
536 502
528 498
536 511
551 509
528 507
581 510
538 539
528 516
517 516
549 548
561 513
520 521
540 499
527 529
519 525
531 527
532 504
527 538
562 505
531 536
543 501
562 514
573 514
535 497
542 545
554 510
565 510
543 510
535 506
535 515
523 513
523 522
574 506
523 531
535 533
547 498
555 511
566 511
577 511
539 494
523 540
547 507
558 507
539 503
524 514
539 512
545 546
580 513
524 523
516 519
536 497
516 528
536 506
528 502
528 511
546 547
569 512
530 530
581 514
538 543
550 508
561 508
530 539
531 504
527 515
531 513
542 513
527 524
519 520
527 533
519 529
531 531
543 496
562 509
573 509
531 540
554 505
535 501
543 514
554 514
535 510
523 508
523 517
512 517
523 526
577 506
566 506
547 502
539 498
534 532
524 509
558 511
534 541
580 508
524 518
526 537
537 537
515 527
569 507
581 509
538 538
527 501
550 503
546 551
530 534
531 499
542 499
549 547
584 514
527 510
550 512
561 512
542 508
519 515
508 515
527 528
519 524
527 537
531 535
543 500
573 513
562 513
535 496
543 509
565 509
554 509
535 505
541 539
523 512
535 514
544 544
545 543
546 544
546 542
568 511
523 521
544 553
545 553
523 530
526 523
539 502
534 536
546 501
526 532
545 545
580 512
546 510
557 510
518 528
537 541
538 506
549 506
538 515
530 511
515 522
530 529
569 511
542 494
538 542
527 505
561 507
550 507
530 538
531 503
542 503
527 514
542 512
531 512
527 523
519 519
527 532
511 515
519 528
543 495
554 504
543 504
535 500
522 530
523 507
535 509
576 510
553 508
533 539
522 539
568 506
512 516
523 516
544 548
534 513
545 513
525 544
534 531
526 527
534 540
518 523
580 507
537 536
526 536
538 501
545 549
580 516
557 514
518 532
515 517
530 515
515 526
569 506
530 533
542 498
561 511
572 508
508 514
583 517
564 513
575 513
519 523
522 525
553 503
576 505
533 534
534 499
523 511
541 547
525 530
576 514
522 543
544 543
568 510
525 539
544 552
537 513
526 522
534 535
518 518
526 531
538 496
545 544
518 527
580 511
537 540
538 514
579 515
515 521
530 528
561 506
529 532
548 545
572 512
583 512
540 541
529 541
564 508
575 508
519 518
532 537
511 514
522 511
556 513
522 520
514 516
525 516
533 529
522 529
541 542
576 509
514 525
525 525
533 538
545 503
533 542
534 503
525 534
537 499
544 547
534 512
545 512
526 508
537 517
526 517
534 530
547 549
526 526
557 504
518 522
546 504
526 535
549 500
538 500
518 531
557 513
549 509
538 509
579 510
518 540
530 505
536 539
560 506
515 516
530 514
560 515
582 515
515 525
563 511
527 499
542 497
531 497
529 527
521 523
572 507
529 536
541 501
548 549
521 532
532 532
540 545
541 510
552 510
575 512
564 512
532 541
521 541
544 506
533 506
556 508
533 515
522 515
525 511
522 524
576 504
525 520
522 533
533 533
534 498
545 498
553 511
525 529
587 513
537 494
522 542
545 507
534 507
568 509
525 538
537 503
526 512
537 512
547 544
526 521
518 517
546 499
538 495
518 526
538 504
579 505
530 500
536 534
579 514
517 530
536 543
548 508
560 510
571 510
582 510
528 539
563 506
507 516
529 513
540 513
521 518
529 531
541 496
572 511
521 527
540 540
529 540
564 507
541 505
575 507
552 505
532 536
544 501
533 501
552 514
541 514
556 512
522 510
544 510
533 510
525 506
522 519
525 515
543 551
514 515
533 528
522 528
553 506
525 524
534 502
545 502
525 533
537 498
534 511
545 511
586 512
537 507
526 507
567 508
578 508
526 516
537 516
547 548
570 513
559 513
539 544
518 521
517 525
528 525
579 509
536 538
560 505
548 503
528 534
529 499
548 512
560 514
582 514
571 514
520 530
563 510
529 508
540 508
521 513
532 513
510 513
529 526
521 522
572 506
529 535
541 500
532 531
521 531
544 496
533 496
540 544
552 509
541 509
564 511
521 540
532 540
556 507
533 505
544 514
533 514
522 514
525 510
543 546
522 523
535 542
525 519
514 519
534 497
545 497
525 528
537 493
537 502
578 503
524 532
578 512
567 512
524 541
559 508
570 508
539 539
551 504
536 515
551 513
536 542
517 520
579 504
509 516
520 516
528 538
517 529
528 529
579 513
540 494
520 525
571 509
548 507
560 509
540 503
529 503
582 518
532 499
529 512
563 514
540 512
532 508
521 508
510 517
521 517
529 530
541 495
521 526
552 504
541 504
532 535
533 500
544 500
552 513
555 506
535 537
525 514
543 550
523 544
547 511
537 497
533 509
522 509
524 545
524 527
574 510
516 523
567 507
536 501
578 507
544 509
570 512
