263 227
264 227
265 226
262 228
262 229
261 229
266 225
267 224
268 225
269 224
260 230
259 229
258 230
257 231
256 230
263 226
262 225
261 226
260 227
259 226
258 227
257 228
263 229
264 228
265 229
266 228
267 227
268 228
269 227
256 229
255 231
254 232
253 231
252 232
259 231
261 228
267 223
266 222
267 221
265 223
264 224
253 233
252 234
251 234
263 228
265 225
254 234
255 233
270 224
271 223
272 222
271 221
261 230
267 225
253 235
252 236
251 236
257 226
268 226
271 225
273 222
272 224
274 221
273 220
274 219
273 218
274 217
275 216
275 218
275 220
260 231
263 230
265 227
255 235
256 236
257 235
270 226
275 222
261 232
262 231
251 231
250 232
249 231
248 232
253 237
272 217
271 216
272 215
271 214
270 217
269 218
268 219
269 220
267 218
266 217
265 216
264 215
265 214
266 213
267 212
266 215
267 214
264 217
263 217
267 216
265 218
271 218
273 215
263 214
274 214
273 213
274 212
273 211
274 210
273 209
272 208
275 209
276 208
276 210
275 211
277 208
271 207
275 213
276 213
277 213
278 212
279 213
277 210
280 212
271 209
271 210
271 211
271 212
271 227
273 224
274 225
275 225
274 226
273 227
275 227
258 236
278 214
279 215
270 210
270 219
262 215
270 228
259 228
262 224
259 237
259 238
251 233
262 233
262 234
263 235
271 220
274 216
263 216
271 229
271 230
263 225
263 234
255 230
275 208
274 207
267 213
266 226
247 231
258 231
278 209
250 236
270 214
270 223
259 232
259 233
271 206
270 205
251 237
251 238
271 215
274 211
274 220
254 229
254 238
255 239
255 240
266 212
277 212
266 221
269 217
266 230
266 231
267 232
258 226
269 226
258 235
278 213
250 231
270 209
270 218
262 214
259 227
270 227
262 223
251 232
262 232
274 206
274 215
263 215
273 219
273 228
265 224
254 233
277 207
266 216
269 221
247 230
246 229
278 208
258 239
258 240
258 241
259 242
259 241
270 204
269 203
250 235
270 213
269 212
281 213
282 212
283 213
282 211
281 214
282 215
282 216
283 217
282 210
281 209
270 222
262 218
262 219
263 220
263 221
262 227
261 231
253 236
273 214
273 223
265 219
254 228
265 228
254 237
277 211
266 211
266 220
269 216
266 229
258 225
259 224
259 223
258 222
258 221
259 222
269 225
258 234
250 230
251 229
252 229
251 228
250 227
250 226
270 208
269 207
281 208
282 207
283 208
282 206
281 205
281 204
280 203
250 239
250 240
250 241
251 242
251 243
252 243
250 244
250 245
250 246
251 247
251 246
257 238
262 213
263 212
264 212
263 211
262 210
262 209
249 243
260 243
261 235
261 244
262 243
263 244
262 242
261 245
262 246
262 247
265 232
265 233
266 234
266 235
246 228
254 241
253 241
254 242
254 243
255 244
256 227
255 226
255 225
254 224
253 240
254 223
255 222
256 222
255 221
253 222
277 206
269 202
268 201
267 200
267 199
266 198
266 197
267 196
268 196
267 195
267 194
266 193
277 215
277 216
278 217
278 218
278 219
277 220
277 221
278 222
278 223
264 245
265 246
266 245
266 244
265 243
265 247
266 248
265 242
265 241
266 240
266 239
265 238
265 237
269 211
268 210
267 209
267 208
266 207
266 206
267 205
268 205
267 204
265 205
277 224
277 225
277 226
278 227
278 228
277 229
277 230
277 231
278 232
278 233
278 231
277 234
277 235
278 236
278 237
258 220
259 219
259 218
258 217
258 216
250 225
251 224
252 225
252 224
251 223
250 222
250 221
281 203
282 202
283 203
283 204
282 201
281 200
281 199
270 203
271 202
271 201
270 200
270 199
271 198
272 199
271 197
271 196
270 195
269 198
273 200
274 201
275 200
276 201
275 199
274 198
274 202
274 203
275 204
275 203
274 197
277 202
278 203
278 204
274 196
275 195
276 196
275 194
274 193
277 197
278 198
279 197
279 196
278 195
278 199
278 200
279 201
270 194
271 193
272 194
271 192
270 191
270 190
271 191
269 193
268 233
269 234
270 233
271 234
270 232
269 231
269 235
269 236
270 237
270 238
271 239
269 230
269 239
269 240
270 241
270 242
268 238
257 233
272 231
273 232
273 233
274 234
274 235
273 236
273 237
273 238
274 239
272 236
249 229
257 242
262 208
263 207
264 208
263 206
262 205
262 204
262 203
263 203
264 203
263 202
263 201
263 200
264 199
263 198
262 198
264 198
263 197
262 196
262 200
262 195
262 199
260 238
249 238
272 240
272 241
273 242
273 241
284 205
285 206
285 207
286 208
286 209
287 210
285 210
285 211
284 210
249 247
284 214
285 215
285 216
261 212
273 195
253 226
261 239
262 238
263 239
262 237
261 240
273 204
265 200
261 248
261 249
260 247
259 247
259 246
258 245
258 244
253 244
253 245
254 246
254 247
254 248
255 249
253 249
253 250
265 209
288 211
288 212
289 213
289 214
290 215
290 216
289 217
289 218
289 219
290 220
290 219
288 217
289 212
290 211
290 210
289 209
289 208
290 207
290 206
290 205
289 204
290 203
291 203
288 203
289 203
288 207
288 216
291 217
292 218
292 219
293 220
293 221
294 222
295 223
295 224
296 225
297 224
297 223
296 226
297 227
297 228
297 222
296 221
296 220
297 219
297 218
296 217
296 216
297 217
298 216
295 219
279 237
280 236
281 235
282 234
281 233
281 237
281 238
282 239
281 232
281 236
280 231
296 229
296 230
296 231
297 232
297 233
296 234
296 235
297 236
297 237
295 233
295 228
298 215
297 214
297 213
296 212
296 211
295 210
294 211
293 212
294 213
293 211
294 212
293 210
293 209
294 208
293 207
292 207
293 206
293 205
293 204
292 205
298 238
299 239
300 238
301 239
300 237
299 240
300 241
300 242
280 235
292 209
295 214
295 232
294 231
293 230
293 229
292 228
291 229
290 230
290 229
289 228
289 227
289 231
289 232
289 233
290 234
288 231
288 226
288 230
291 231
292 232
292 233
293 234
288 234
296 215
273 231
266 192
265 191
285 205
277 201
269 197
291 221
262 194
249 224
268 237
260 233
261 198
292 222
284 218
295 227
261 234
253 230
273 208
265 204
276 219
279 224
298 237
264 244
256 240
268 214
280 225
281 224
282 225
272 221
291 234
257 241
249 237
248 236
247 235
246 234
260 246
261 211
283 235
252 247
298 214
264 221
276 232
275 231
280 202
299 215
272 198
291 211
257 218
268 227
260 223
284 208
271 238
283 212
274 243
274 244
294 221
273 198
286 217
286 218
265 194
275 244
276 209
267 240
287 218
279 214
298 227
264 234
268 204
301 238
280 215
272 211
249 227
248 227
248 226
247 225
246 224
290 228
282 224
261 201
260 201
260 200
259 199
258 198
293 233
263 247
255 243
283 225
302 238
303 238
304 239
275 221
294 234
267 217
252 237
264 211
276 222
279 227
245 234
244 234
243 233
244 233
248 239
268 217
260 213
271 228
263 224
282 237
255 220
283 202
274 233
275 198
286 207
275 234
276 199
267 230
287 208
279 204
298 217
256 220
268 194
272 201
251 227
270 240
271 205
262 236
290 218
282 214
293 223
293 224
271 241
263 237
304 238
283 215
294 224
267 207
252 227
264 201
297 235
300 240
247 234
266 247
258 243
278 221
257 198
256 197
257 196
256 195
255 198
257 195
289 230
281 226
281 227
301 241
259 244
251 240
290 231
262 249
282 227
274 223
243 235
297 212
267 220
254 250
266 224
277 233
269 229
289 207
259 221
278 234
270 230
271 195
262 226
290 208
281 239
282 204
274 200
293 213
255 223
283 205
296 224
275 201
267 197
286 210
273 240
265 236
285 214
264 191
263 192
262 191
261 191
260 190
261 189
259 189
258 188
261 188
263 191
297 225
247 224
266 237
258 233
259 198
250 229
278 211
269 242
270 207
289 220
288 221
281 216
259 234
251 230
292 231
271 208
262 239
303 240
303 241
263 204
282 217
295 236
295 237
274 213
261 243
304 241
296 237
288 233
254 240
246 236
246 237
266 214
277 223
269 219
247 237
258 246
250 242
278 224
270 220
262 216
296 214
288 210
273 230
285 204
277 200
297 215
266 227
258 223
259 188
277 236
278 201
269 232
270 197
289 210
262 193
281 206
272 243
272 244
251 220
250 219
251 218
250 217
251 217
252 217
253 217
254 218
254 217
292 221
284 217
263 194
295 226
261 233
253 229
273 207
296 227
254 230
273 243
246 226
265 239
266 204
285 217
258 200
258 201
269 209
247 227
280 224
299 237
259 201
291 233
257 240
262 206
249 236
260 245
292 234
242 233
241 233
261 246
253 242
276 231
279 236
299 214
269 222
248 248
248 249
247 247
246 247
280 237
272 233
292 211
284 207
249 249
250 250
251 251
251 250
250 252
295 216
261 223
253 219
253 220
273 197
265 193
288 213
275 243
276 242
254 220
266 194
298 226
299 225
258 190
277 203
269 199
264 233
276 244
277 244
278 244
280 214
299 227
300 228
301 229
301 228
300 230
272 210
291 223
257 230
249 226
268 239
260 235
261 200
295 229
261 236
302 237
253 232
294 233
254 197
253 197
273 210
265 206
276 221
287 230
286 230
279 226
298 239
245 233
264 246
256 242
248 238
268 216
260 212
259 211
258 211
258 210
259 209
280 227
272 223
257 243
249 239
260 248
261 213
283 237
284 238
285 238
285 237
275 233
276 198
267 229
287 207
279 203
252 249
264 223
256 219
276 234
268 193
280 204
299 217
300 218
300 217
301 216
302 215
301 218
272 200
245 246
244 246
243 246
243 245
242 244
241 243
242 243
241 245
241 246
242 246
244 245
245 244
244 243
245 243
257 220
249 216
249 215
249 214
248 216
268 229
260 225
261 190
271 240
263 236
283 214
274 245
274 246
302 227
302 226
303 228
304 229
302 225
304 228
303 230
304 231
305 232
305 231
306 231
307 231
308 232
308 231
309 230
309 232
307 233
307 234
308 234
310 233
311 232
310 234
311 234
312 235
313 236
314 237
315 238
313 235
312 237
315 237
316 236
315 235
316 235
316 238
317 238
318 239
318 238
314 239
317 240
306 230
313 237
305 233
305 234
275 210
294 223
286 219
286 220
265 196
252 226
264 200
275 246
276 211
287 220
279 216
298 229
245 223
245 222
244 221
245 221
243 222
243 223
242 221
244 223
241 222
241 223
242 223
264 236
256 232
257 197
248 228
268 206
301 240
260 202
260 203
272 213
259 243
271 217
262 248
282 226
261 203
293 235
293 236
263 249
283 227
284 228
285 227
255 245
275 223
294 236
267 219
252 239
244 235
264 213
301 217
257 210
256 210
255 211
255 210
256 209
255 208
256 208
254 208
253 207
256 207
257 208
254 207
257 207
253 209
251 252
302 217
303 218
304 218
240 242
240 241
239 240
238 241
237 240
240 240
239 242
238 240
236 241
236 242
237 242
252 216
251 215
252 215
252 214
243 247
264 190
264 189
264 188
316 237
308 233
300 229
244 248
277 245
277 246
257 187
256 187
255 188
254 187
253 187
253 186
253 185
253 184
254 185
252 184
251 185
250 184
251 184
254 184
250 186
250 187
251 187
256 186
256 185
257 185
249 183
249 182
248 181
247 182
246 181
249 181
248 183
247 181
246 183
309 234
301 230
260 192
278 246
279 247
280 248
281 247
282 247
280 247
283 247
293 225
243 224
243 225
304 240
244 225
285 226
285 225
256 199
255 200
247 236
259 210
281 228
281 229
282 229
255 212
255 213
240 232
239 232
239 231
239 230
239 229
240 228
238 228
240 230
237 229
236 230
236 229
237 230
235 229
234 230
234 229
238 230
236 231
236 232
237 232
252 206
251 205
252 204
251 207
250 207
249 206
248 206
248 205
248 204
248 203
247 202
249 204
246 203
246 204
247 204
300 219
300 220
246 248
246 249
245 203
244 203
243 202
244 201
243 200
242 201
241 201
241 200
244 200
245 199
244 198
245 198
245 201
242 200
245 200
241 202
244 202
285 239
286 240
287 241
288 241
289 241
289 240
290 241
284 240
284 241
287 240
290 240
286 242
287 243
288 244
288 243
289 243
289 242
290 243
291 244
291 243
292 242
292 244
293 245
294 244
293 246
294 246
288 245
288 246
301 220
247 249
251 219
311 233
263 193
255 189
255 190
314 238
252 183
251 182
252 182
252 181
304 230
315 239
288 222
288 223
307 235
307 236
245 180
244 180
243 180
243 179
244 178
243 177
242 176
241 177
241 178
242 178
245 178
240 177
239 177
239 176
240 175
239 174
238 173
237 172
238 172
237 174
236 174
237 175
238 175
240 174
236 176
242 177
235 173
234 172
235 171
234 174
233 171
232 171
232 170
233 169
238 174
241 179
241 180
242 180
231 170
230 169
229 168
228 168
227 168
227 167
226 166
225 165
231 168
226 165
229 170
229 171
230 171
225 167
224 167
225 168
226 168
228 167
224 169
231 167
231 166
227 169
228 170
230 170
223 166
222 166
222 165
222 164
223 164
221 164
220 164
244 179
226 167
264 193
237 176
256 189
229 172
229 173
308 236
247 226
259 200
230 173
289 222
281 218
284 229
284 230
303 242
303 243
295 238
295 239
240 222
239 222
239 221
239 220
239 219
240 218
239 217
238 218
237 218
236 217
237 217
240 217
236 219
236 220
237 220
240 220
235 216
234 217
238 217
237 219
238 220
240 219
233 216
233 215
232 214
233 214
232 216
231 213
230 214
229 214
229 213
228 213
227 213
227 212
228 211
227 210
226 209
225 208
226 208
225 210
224 210
225 211
226 211
228 210
224 212
224 213
225 213
223 209
222 209
226 210
229 215
229 216
230 216
232 215
225 212
236 221
226 213
228 212
221 209
220 209
220 208
220 207
221 207
219 206
218 206
217 207
217 206
216 206
215 206
215 205
216 204
215 203
214 203
213 204
213 203
216 203
218 205
218 204
218 203
219 204
217 208
217 209
214 202
213 201
214 201
212 201
211 201
211 200
214 200
212 200
211 202
218 208
213 205
213 206
252 196
251 195
252 194
250 196
250 197
251 197
252 193
252 192
249 196
248 196
248 195
248 194
248 193
249 192
248 191
247 192
246 191
249 191
249 194
247 191
246 193
246 194
247 194
249 193
245 190
245 189
244 188
245 188
244 190
243 190
242 190
241 190
241 189
241 188
242 188
240 187
239 187
239 186
240 185
239 184
238 183
237 184
236 184
237 185
235 184
234 185
234 184
238 185
236 186
236 187
237 187
235 183
238 184
234 186
234 187
237 186
238 187
251 196
240 186
243 191
243 192
233 183
233 182
232 181
233 181
232 183
231 180
230 179
231 178
230 181
229 181
228 180
227 180
227 179
228 178
227 177
226 176
225 177
224 177
225 178
226 178
228 177
224 179
224 180
225 180
223 176
223 175
222 174
221 175
220 174
223 174
222 176
221 174
220 176
226 177
229 182
229 183
230 183
219 173
218 173
217 174
216 173
215 173
215 172
215 171
215 170
216 171
214 170
213 171
213 170
216 170
218 172
218 171
219 171
224 214
225 179
244 192
217 175
217 176
304 243
305 244
305 243
306 243
307 244
308 244
309 243
308 242
310 244
311 245
309 242
311 244
309 244
310 245
236 188
296 239
288 235
214 169
213 168
214 168
214 167
246 238
246 239
247 203
226 180
285 229
258 212
258 213
237 189
250 208
250 209
235 228
234 227
235 227
233 227
232 227
232 226
233 225
232 224
233 224
235 226
231 223
230 224
233 226
232 228
247 239
259 213
218 175
251 209
291 245
291 246
303 219
303 220
240 199
239 199
239 198
239 197
238 196
237 195
238 195
236 196
236 197
237 197
240 197
235 196
234 197
234 196
237 196
238 197
236 198
236 199
237 199
292 246
284 242
243 204
304 220
305 221
305 222
306 220
307 221
308 222
308 221
309 220
308 219
310 221
311 222
309 219
309 222
311 221
307 223
308 224
310 223
310 224
311 224
312 225
312 224
313 225
314 226
315 225
316 226
314 227
316 225
315 227
309 221
312 226
312 227
313 227
305 223
315 226
316 227
317 228
318 229
319 228
320 229
320 228
319 230
319 231
320 231
318 228
317 230
320 230
308 223
319 232
309 224
311 223
314 228
314 229
315 229
242 245
307 225
254 219
233 196
232 195
232 194
232 193
233 192
232 191
231 191
230 192
229 191
230 191
233 191
229 193
230 194
233 194
234 194
235 194
235 193
228 190
227 190
231 190
230 193
233 193
226 190
225 190
224 190
224 189
225 188
226 188
223 189
222 189
222 188
222 187
222 186
221 185
220 184
223 187
219 184
218 183
219 182
218 181
217 184
219 181
221 184
220 186
220 187
221 187
223 186
216 183
215 183
215 182
216 181
219 183
225 189
229 195
218 185
217 186
221 186
224 191
224 192
225 192
318 240
276 243
214 182
213 181
214 180
213 183
212 180
214 179
214 178
213 182
247 216
246 216
246 215
246 214
247 214
245 213
244 213
243 213
243 212
244 211
243 210
242 211
241 211
241 210
244 210
245 211
240 210
239 209
240 208
239 207
238 206
238 205
237 207
236 207
237 208
238 208
240 207
236 209
242 210
235 206
234 207
238 207
241 212
241 213
242 213
244 212
236 208
237 209
240 209
243 214
243 215
233 206
232 206
232 205
232 204
232 203
233 202
233 204
231 203
230 202
230 201
231 201
229 203
229 204
230 204
231 200
230 203
233 203
229 205
229 206
230 206
244 215
235 205
235 204
279 248
299 226
259 190
251 186
310 235
310 236
235 241
234 240
234 239
235 239
234 242
233 239
232 239
232 238
232 237
232 236
233 237
231 236
230 237
229 237
229 236
230 236
233 236
229 238
230 239
235 238
235 237
235 236
228 235
228 234
227 233
226 232
226 231
225 233
224 233
228 233
227 235
223 232
222 232
222 231
223 230
222 229
221 228
220 227
219 227
218 227
218 226
220 229
220 230
221 230
223 229
219 226
226 233
218 228
217 229
217 230
219 229
221 229
224 234
224 235
225 235
217 231
220 231
220 232
221 232
234 241
231 235
230 234
231 234
231 233
223 231
216 228
216 227
215 226
216 226
215 228
214 225
213 224
214 223
213 226
215 227
228 202
228 201
227 200
226 199
225 198
226 198
225 200
224 200
226 201
228 200
227 202
223 199
222 199
222 198
222 197
222 196
221 195
223 197
220 196
220 197
221 197
226 200
219 196
218 196
217 197
217 196
218 195
217 194
218 194
216 194
215 194
215 193
218 193
219 192
218 191
219 191
219 194
216 193
219 193
215 195
221 196
224 201
224 202
225 202
217 198
214 192
213 191
214 190
213 193
212 190
212 189
211 188
212 188
211 190
211 189
220 198
220 199
239 211
240 176
272 245
272 246
232 172
232 173
292 223
311 236
284 219
284 220
243 181
243 182
303 232
242 222
221 199
233 173
225 169
244 182
231 212
231 211
288 225
247 193
306 242
306 241
306 240
285 219
258 202
250 198
250 199
216 205
235 218
234 219
227 214
228 179
280 226
239 188
239 189
251 199
291 235
291 236
238 229
228 215
241 234
241 235
221 176
240 189
213 172
213 173
292 236
224 181
242 235
288 202
288 201
234 231
234 232
254 209
294 245
246 205
246 206
231 225
230 226
229 226
228 225
227 225
227 224
227 223
227 222
228 221
226 221
225 221
224 220
223 220
222 219
221 218
220 217
221 217
224 222
224 223
225 223
228 223
220 219
220 220
221 220
223 219
219 216
218 216
217 217
216 216
215 216
215 215
216 214
222 221
225 222
226 223
218 218
217 219
228 222
221 219
224 224
224 225
225 225
214 215
213 214
213 213
214 213
213 216
212 213
214 212
214 211
214 210
213 215
216 215
220 221
212 212
212 211
212 210
318 230
223 221
215 217
215 218
276 233
235 195
227 191
227 192
247 206
287 242
279 238
279 239
258 215
299 216
245 245
291 212
291 213
310 225
237 241
216 218
257 219
248 250
248 251
228 192
260 224
220 188
280 239
272 235
292 213
238 242
311 226
284 209
230 238
249 251
295 218
241 247
242 212
261 225
234 208
234 209
253 221
254 186
273 199
246 182
219 228
265 195
231 202
222 233
222 234
223 198
275 245
235 172
254 222
267 241
267 242
247 183
287 219
266 196
306 232
298 228
250 188
223 234
269 201
264 235
216 195
256 231
276 246
235 208
228 169
220 165
220 166
280 216
239 178
299 229
272 212
238 219
257 232
230 215
249 228
268 241
241 224
241 225
242 189
260 237
221 166
261 202
253 198
253 199
219 205
231 179
222 210
222 211
263 248
242 225
283 226
302 239
253 234
294 235
254 199
286 231
286 232
246 195
265 208
212 202
252 238
231 215
223 211
215 207
216 172
276 223
235 185
227 181
227 182
287 232
279 228
298 241
226 222
245 235
264 248
237 231
256 244
257 209
229 227
229 228
248 240
248 241
249 205
228 182
268 218
260 214
260 215
280 229
272 225
313 226
218 217
238 232
230 228
249 241
295 208
290 242
282 238
242 202
261 215
302 216
234 198
234 199
219 218
212 179
231 192
223 188
283 239
215 184
215 185
275 235
276 200
267 231
286 244
287 209
306 222
233 238
279 205
279 206
252 251
225 234
298 218
244 247
245 212
236 243
236 244
264 225
216 185
256 221
257 186
276 236
248 217
248 218
268 195
309 233
214 224
260 191
280 206
226 235
272 202
312 238
312 239
245 248
291 215
237 244
278 245
238 209
229 240
257 222
230 205
249 218
268 231
241 214
242 179
261 192
234 175
234 176
253 188
253 189
313 239
218 230
305 235
219 195
211 191
211 192
271 242
231 169
263 238
222 200
222 201
223 165
255 234
283 216
274 247
302 229
275 212
294 225
254 189
286 221
286 222
252 228
212 192
244 224
223 201
264 202
256 198
275 248
235 175
267 244
227 171
308 245
287 222
279 218
226 212
245 225
264 238
237 221
238 186
256 234
229 217
229 218
257 199
230 182
248 230
249 195
268 208
241 191
241 192
260 204
301 242
218 207
259 245
219 172
251 241
230 218
271 219
290 232
222 177
222 178
282 228
242 192
274 224
234 188
293 237
240 231
219 208
252 205
231 182
243 236
243 237
223 178
283 229
255 247
215 174
215 175
233 228
279 195
252 241
225 224
226 189
244 237
217 220
217 221
245 202
236 233
237 198
256 211
216 175
229 194
248 207
248 208
309 223
214 214
301 219
280 196
320 232
247 248
226 225
272 192
312 228
312 229
218 184
237 234
278 235
238 199
250 253
270 231
230 195
289 244
249 208
290 209
281 240
281 241
282 205
293 214
293 215
239 243
239 244
313 229
218 220
219 185
271 232
290 245
222 190
282 241
283 206
255 224
302 219
274 237
275 202
294 215
221 231
267 198
240 244
213 227
213 228
286 211
232 240
233 205
252 218
212 182
224 236
224 237
225 201
243 249
244 214
245 179
264 192
236 210
236 211
256 188
297 226
316 239
276 203
248 184
248 185
308 235
300 231
300 232
214 191
233 241
279 208
225 237
266 238
226 202
245 215
237 211
277 247
277 248
238 176
257 189
229 207
269 243
269 244
230 172
289 221
249 185
268 198
309 236
241 181
281 217
214 227
301 232
218 197
259 235
278 248
270 244
262 240
290 222
263 205
222 167
222 168
282 218
242 182
255 201
255 202
293 227
221 208
240 221
232 217
232 218
252 195
243 226
243 227
231 172
244 191
223 168
304 242
255 237
296 238
275 215
267 211
233 218
225 214
226 179
244 227
285 228
245 192
217 210
217 211
264 205
237 188
297 239
256 201
229 184
229 185
248 197
214 204
247 238
258 247
259 212
218 174
238 189
250 243
278 225
251 208
230 185
270 221
289 234
262 217
281 230
228 224
239 233
239 234
240 198
219 175
251 244
292 245
271 222
243 203
263 218
304 219
255 214
274 227
315 228
221 221
294 205
295 206
295 205
296 206
307 224
240 234
213 217
213 218
212 219
233 195
224 226
252 208
225 191
244 204
217 187
217 188
236 200
236 201
297 216
316 229
308 225
214 181
300 221
300 222
246 250
246 251
247 215
226 192
285 241
258 224
277 237
237 201
250 220
278 202
269 233
270 198
289 211
235 240
281 207
227 236
227 237
301 222
247 251
239 210
259 225
218 187
251 221
270 234
311 235
271 199
290 212
262 230
263 195
303 231
282 208
255 191
255 192
228 237
274 204
314 240
314 241
293 217
220 233
221 198
240 211
213 194
213 195
232 207
232 208
233 172
252 185
224 203
224 204
243 216
244 181
304 232
236 177
236 178
296 228
315 241
288 224
267 201
266 202
307 237
254 231
273 244
233 208
246 227
265 240
225 204
266 205
226 169
285 218
245 182
237 178
277 214
297 229
256 191
269 210
229 174
235 217
214 194
247 228
266 241
258 237
259 202
299 238
250 233
278 215
251 198
270 211
289 224
262 207
228 214
220 210
220 211
239 223
240 188
232 184
232 185
292 235
243 193
243 194
284 231
284 232
263 208
303 244
295 240
295 241
242 234
261 247
221 211
253 243
213 207
233 185
273 221
252 198
225 181
265 217
244 194
217 177
217 178
236 190
235 191
231 224
296 241
297 206
298 206
254 244
214 171
246 240
247 205
226 182
266 218
285 231
258 214
277 227
250 210
250 211
269 223
216 217
235 230
281 197
227 226
227 227
228 191
239 200
239 201
280 238
259 215
218 177
272 234
251 211
292 212
311 225
262 220
261 221
303 221
303 222
249 250
282 198
295 217
228 227
274 194
314 230
314 231
261 224
221 188
240 201
213 184
213 185
232 197
224 193
304 222
296 218
315 231
242 247
288 214
234 243
234 244
254 221
273 234
246 217
246 218
225 194
265 230
266 195
285 208
217 190
216 191
258 191
258 192
231 237
277 204
223 233
269 200
215 229
215 230
276 245
235 207
214 184
227 203
227 204
247 218
259 192
299 228
250 223
278 205
291 224
291 225
251 188
310 237
310 238
270 201
216 230
262 197
281 210
268 240
228 204
220 200
260 236
221 165
240 178
272 247
232 174
232 175
292 225
224 170
224 171
311 238
284 221
284 222
243 183
295 230
255 194
254 195
242 224
221 201
261 237
234 220
234 221
254 198
233 175
265 207
225 171
231 214
223 210
288 227
287 228
246 230
245 231
287 231
247 195
266 208
306 244
298 240
277 217
250 200
269 213
264 247
216 207
256 243
235 220
227 216
228 181
220 177
220 178
239 190
280 228
299 241
291 237
251 201
252 202
253 201
238 231
257 244
230 227
249 240
295 207
241 236
241 237
260 249
221 178
261 214
253 210
253 211
213 174
219 217
284 234
285 235
286 234
317 231
317 232
222 222
222 223
296 208
242 237
288 204
287 205
283 238
234 233
253 246
254 211
286 243
246 207
265 220
306 221
212 214
252 250
231 227
318 232
277 194
223 223
269 190
215 219
215 220
216 184
235 197
276 235
227 193
227 194
247 208
287 244
279 240
279 241
278 242
280 205
226 234
299 218
250 213
245 247
291 214
237 243
310 227
216 220
262 187
229 239
257 221
248 252
248 253
249 217
228 194
268 230
220 190
260 226
280 241
272 237
313 238
218 229
292 215
238 244
284 211
303 224
230 240
249 253
295 220
242 214
261 227
302 228
234 210
234 211
233 212
253 223
254 188
273 201
246 184
246 185
245 186
219 230
265 197
212 191
231 204
222 235
223 200
215 196
215 197
214 198
213 197
212 198
275 247
276 212
235 174
267 243
227 170
246 220
287 221
247 185
306 234
279 217
298 230
258 194
250 190
245 224
264 237
216 197
256 233
276 248
235 210
248 229
268 207
309 245
228 171
220 167
220 168
219 169
280 218
299 231
272 214
291 227
238 221
257 234
230 217
249 230
268 243
241 226
242 191
260 239
261 204
221 168
253 200
224 173
219 207
231 181
222 212
222 213
223 177
242 227
255 246
283 228
302 241
234 223
235 224
236 223
275 224
254 201
294 237
286 233
246 197
265 210
212 204
252 240
298 207
298 208
231 217
244 236
223 213
264 214
215 209
216 174
235 187
276 225
227 183
287 234
279 230
226 224
299 208
300 208
300 207
301 208
300 209
301 210
301 209
300 211
245 237
291 204
237 233
238 198
256 246
257 211
229 229
229 230
228 231
248 242
249 207
268 220
241 203
241 204
240 205
220 180
260 216
272 227
313 228
218 219
305 224
305 225
304 226
238 234
284 201
285 202
286 201
230 230
231 231
232 230
271 231
290 244
241 239
242 204
282 240
261 217
234 200
274 236
302 218
253 213
294 214
240 243
219 220
265 187
212 181
243 248
231 194
317 234
223 190
283 241
215 186
215 187
214 188
275 237
276 202
267 233
287 211
233 240
306 224
279 207
298 220
225 236
244 249
250 180
217 232
217 233
216 234
245 214
236 245
236 246
235 247
237 210
256 223
216 187
257 188
248 219
248 220
249 184
268 197
309 235
214 226
301 231
260 193
260 194
280 208
226 237
272 204
312 240
312 241
311 242
237 246
238 211
278 247
257 224
270 243
230 207
249 220
290 221
241 216
242 181
260 229
261 194
234 177
234 178
233 179
293 226
253 190
313 241
218 232
219 197
305 237
211 193
211 194
271 244
231 171
263 240
222 202
223 167
255 236
283 218
302 231
275 214
294 227
267 210
286 223
246 187
233 217
252 230
212 194
244 226
245 191
264 204
236 222
215 199
297 238
256 200
276 215
235 177
267 246
268 247
269 246
300 243
300 244
299 245
279 220
226 214
245 227
237 223
238 188
257 201
229 219
230 184
249 197
241 193
241 194
240 195
301 244
218 209
219 174
222 179
222 180
282 230
242 194
302 208
303 209
303 210
304 210
305 209
305 211
305 210
306 210
307 211
308 211
309 212
309 211
307 212
307 213
308 213
305 212
305 213
306 212
308 212
309 213
304 209
307 214
307 215
308 215
303 211
304 212
306 211
305 214
305 215
304 216
234 190
240 233
286 200
286 199
232 229
252 207
231 184
243 238
243 239
223 180
215 176
316 228
286 236
287 201
233 230
319 233
225 226
226 191
244 239
245 204
285 240
217 222
217 223
216 224
236 235
237 200
256 213
229 196
229 197
228 198
248 209
309 225
214 216
301 221
247 250
226 227
312 230
218 186
238 201
229 232
230 197
289 246
241 206
281 242
228 236
253 180
293 216
239 245
239 246
218 222
305 227
306 228
307 227
219 187
282 243
315 240
294 217
221 233
240 246
286 213
213 229
213 230
232 242
233 207
217 195
224 238
252 220
225 203
244 216
245 181
217 199
217 200
264 194
236 212
236 213
235 214
237 177
256 190
316 241
248 186
248 187
308 237
300 233
300 234
299 235
214 193
225 239
226 204
217 235
218 236
219 237
216 236
215 236
216 237
219 236
215 238
215 239
216 239
217 240
217 239
218 239
218 238
219 239
220 240
221 240
222 241
223 240
222 242
223 242
224 243
225 244
225 243
226 244
227 243
228 244
228 243
224 245
227 245
227 246
228 246
229 246
230 247
230 246
231 246
232 247
233 247
226 243
229 248
229 249
230 249
232 248
232 249
233 249
234 250
235 249
225 245
217 241
217 242
214 235
213 234
214 234
214 233
226 246
218 241
228 245
220 241
220 242
221 242
231 245
231 244
285 223
216 238
235 251
236 252
237 253
234 252
237 252
238 251
239 250
240 251
237 250
240 250
239 252
239 253
240 253
241 253
238 250
238 253
240 252
236 254
239 254
240 255
227 247
238 252
230 248
219 238
222 243
222 244
231 248
223 244
215 240
233 248
236 253
226 245
237 254
229 250
229 251
218 240
230 251
219 241
221 241
240 254
232 250
232 251
224 246
224 247
233 251
225 247
217 243
235 250
228 247
220 243
220 244
239 256
221 244
234 253
234 254
231 247
223 243
216 240
235 253
238 254
230 250
219 240
222 245
222 246
223 246
241 249
233 250
225 246
236 255
236 256
235 257
234 256
233 257
215 232
226 247
237 256
229 252
218 242
229 242
239 255
221 243
232 252
232 253
231 254
224 248
224 249
223 250
233 253
225 249
236 258
235 259
234 260
235 260
233 260
232 259
233 259
232 261
231 258
230 257
231 256
229 258
229 259
230 259
228 258
227 258
227 257
227 256
227 255
228 254
226 254
225 253
228 256
226 253
225 255
224 256
224 255
225 256
226 256
228 255
224 257
224 258
225 258
223 254
223 253
222 252
221 251
220 250
221 250
220 252
223 252
219 249
218 249
218 248
219 247
222 254
221 252
226 255
229 260
229 261
218 250
217 251
217 252
218 251
216 251
215 251
215 250
215 249
215 248
216 247
215 246
214 246
213 247
213 246
216 249
212 246
211 246
211 245
214 245
210 247
213 248
213 249
214 248
216 248
212 245
210 246
230 261
219 251
211 247
232 260
233 261
225 257
217 253
217 254
214 247
226 258
218 253
228 257
220 253
220 254
221 254
213 250
213 251
212 252
211 253
212 254
211 255
210 255
209 254
208 253
211 256
207 253
206 253
206 252
209 253
208 255
208 256
209 256
212 256
207 252
210 257
210 258
211 258
206 254
205 255
209 255
212 255
208 257
209 258
211 257
212 258
213 259
213 258
214 258
215 259
216 259
217 259
218 259
219 260
219 259
218 261
217 262
217 263
217 264
215 260
215 261
216 261
219 261
220 262
220 263
221 263
221 262
220 264
220 265
204 254
203 254
203 253
203 252
203 251
204 250
204 252
202 251
201 250
202 249
201 248
200 247
199 247
249 179
198 248
198 249
199 249
201 252
199 248
200 249
202 248
198 250
198 251
199 251
201 251
197 247
196 248
196 249
200 248
196 250
214 257
214 256
214 255
207 254
199 250
218 263
210 259
200 251
213 260
212 261
213 261
205 256
205 257
250 178
202 250
195 247
194 247
214 260
214 222
206 256
198 252
224 259
216 260
209 257
201 253
201 254
202 253
231 257
216 250
227 259
209 247
208 247
228 260
205 249
212 257
204 253
215 262
215 263
216 263
208 259
208 260
197 249
230 260
219 250
222 255
222 256
212 247
231 260
223 256
215 252
218 262
200 250
219 263
211 259
203 255
203 256
204 256
226 257
218 252
210 248
210 249
219 253
211 249
250 177
217 265
217 266
216 267
251 178
214 259
206 255
207 256
199 252
218 265
221 253
232 262
233 263
225 259
217 255
217 256
216 257
214 249
213 262
213 263
212 264
205 258
205 259
204 260
203 260
202 260
201 260
202 259
200 259
199 259
198 258
197 258
196 259
196 258
198 260
198 261
199 261
202 261
203 262
204 263
201 262
204 262
203 264
195 258
194 258
194 257
194 256
194 255
195 256
195 255
197 257
197 256
197 255
204 264
205 265
205 266
206 265
206 264
207 263
206 262
207 262
207 265
208 266
208 265
209 264
209 266
210 267
211 266
210 268
212 266
211 268
209 265
205 267
205 268
208 267
208 268
209 268
211 267
212 268
213 269
213 270
212 271
214 268
215 269
216 270
216 269
204 251
215 271
216 272
217 272
218 271
219 270
218 269
219 269
219 272
213 271
216 271
219 271
196 260
196 261
193 254
192 253
193 253
193 252
192 255
191 255
192 256
191 257
190 254
189 254
189 253
189 252
190 252
188 252
187 252
187 251
188 250
186 251
185 251
184 252
183 253
184 251
184 254
183 251
182 250
182 249
182 248
183 247
182 246
181 246
180 246
183 249
184 249
185 249
185 248
186 247
186 249
195 251
194 250
193 250
192 250
183 248
186 248
185 250
197 260
207 264
199 260
210 269
210 270
200 261
192 257
211 270
184 253
181 247
180 248
179 248
180 249
179 250
178 247
177 247
177 246
177 245
176 245
175 245
195 257
214 270
187 253
187 254
206 266
179 249
198 262
198 263
188 254
180 250
199 263
209 267
201 263
201 264
191 249
190 250
190 253
205 269
205 270
183 250
202 263
175 246
175 247
194 259
194 260
176 247
212 267
215 272
194 249
208 269
208 270
186 250
178 246
197 259
189 255
189 256
209 270
190 256
182 252
200 260
211 269
203 265
203 266
212 270
204 266
196 262
193 256
185 252
177 248
177 249
186 253
178 249
196 252
195 253
214 269
188 253
207 266
199 262
191 258
191 259
192 260
210 271
200 263
192 259
211 272
184 255
181 249
191 248
191 247
192 247
213 272
192 249
202 262
176 246
195 259
214 272
187 255
187 256
186 257
186 258
185 259
186 259
185 260
185 261
184 262
183 261
182 261
182 260
182 259
182 258
183 259
181 258
180 259
179 258
180 258
183 258
184 257
179 260
179 261
180 261
186 261
187 262
188 263
189 262
190 263
191 263
190 262
189 264
190 265
191 265
192 266
192 265
193 265
194 265
195 266
188 262
191 267
191 268
190 269
192 268
194 267
194 268
195 268
196 269
197 268
187 264
186 265
197 267
197 266
190 264
196 270
196 271
193 264
193 263
193 262
178 257
178 256
177 255
176 256
175 255
178 255
177 257
176 255
175 257
197 270
198 271
199 271
200 270
199 269
200 269
189 266
200 271
201 272
201 273
202 272
203 272
204 273
204 272
203 274
203 275
204 275
205 275
206 275
206 274
207 273
207 275
202 271
201 274
201 275
204 274
207 274
192 267
184 263
184 264
203 276
203 277
181 257
180 256
181 256
181 255
204 277
205 278
205 277
206 277
174 254
173 254
172 254
172 253
173 252
172 251
171 250
170 251
170 252
171 252
174 252
169 251
168 251
167 251
168 250
169 249
168 248
167 247
166 246
167 246
166 248
165 248
166 249
167 249
169 248
165 250
171 251
164 247
163 246
164 245
163 248
167 248
170 253
170 254
171 254
173 253
193 267
166 250
185 263
195 267
206 276
198 272
198 273
199 274
188 264
207 277
180 260
199 273
191 269
169 250
172 255
172 256
162 247
161 247
160 247
159 248
158 247
160 246
160 249
159 250
159 251
159 247
161 246
173 256
205 279
205 280
183 260
175 254
176 253
202 273
175 256
194 269
194 270
164 246
176 257
195 270
187 266
179 262
198 275
229 201
168 252
160 248
161 249
186 260
197 269
189 265
201 276
201 277
171 253
190 266
163 249
163 250
162 251
182 262
182 263
181 264
183 263
164 249
204 276
196 272
196 273
174 253
193 266
185 262
177 258
177 259
167 250
186 263
178 259
197 272
170 255
189 268
171 256
163 252
162 253
207 276
199 272
200 273
192 269
184 265
184 266
203 278
203 279
162 246
181 259
173 255
165 251
165 252
174 256
166 252
185 265
158 248
195 269
187 265
206 278
198 274
188 266
207 279
208 279
180 262
260 188
199 275
169 252
161 248
172 257
162 249
206 268
179 251
179 252
178 253
198 264
188 256
180 252
191 261
205 281
183 262
202 275
175 258
175 259
174 260
194 271
194 272
193 273
192 274
193 275
192 276
191 277
191 278
192 278
193 274
190 277
189 277
189 276
189 275
189 274
188 273
187 272
190 275
214 221
186 272
185 271
186 270
185 269
184 272
184 273
183 274
186 269
188 272
184 274
245 209
187 274
187 275
188 275
190 274
183 271
183 270
183 269
182 271
186 271
248 215
225 231
182 273
181 274
192 277
193 277
194 278
195 278
196 279
197 279
197 278
197 277
197 280
198 281
199 282
196 281
196 282
199 281
157 247
200 280
199 279
200 279
200 282
198 283
200 281
196 283
185 273
188 274
199 283
191 279
191 280
190 281
237 205
200 284
201 285
201 284
202 284
203 285
208 254
203 284
204 283
203 286
203 287
192 280
181 270
180 269
181 268
179 270
179 271
180 271
181 267
181 266
289 216
178 270
177 270
176 270
177 269
177 268
177 267
178 266
177 265
176 266
175 266
175 265
178 265
178 268
176 265
175 267
175 268
176 268
178 267
174 264
174 263
173 262
174 262
236 248
245 252
173 264
172 264
171 264
289 245
170 264
170 263
170 262
171 262
169 261
170 260
169 259
168 259
168 258
167 257
168 261
166 258
165 258
166 259
221 261
221 260
164 258
163 259
163 258
167 259
165 260
165 261
166 261
168 260
164 257
164 256
164 255
167 258
254 190
163 260
163 261
256 218
166 260
167 261
180 270
169 260
172 265
172 266
162 257
162 256
161 255
160 256
160 257
159 255
158 255
162 255
161 257
157 254
158 253
159 253
157 252
156 252
156 251
155 250
156 254
154 251
153 251
154 252
155 252
157 251
153 253
152 253
153 254
154 254
156 253
152 250
152 249
151 248
150 249
149 249
152 248
151 250
150 248
149 250
155 251
158 256
158 257
159 257
151 252
154 253
173 266
165 262
155 254
166 263
202 283
202 282
202 281
194 279
194 280
176 267
195 280
187 276
186 277
186 278
185 279
186 280
186 279
185 281
184 282
185 282
183 282
182 282
182 281
186 282
187 283
188 283
187 284
187 285
188 285
189 285
190 285
183 281
186 281
189 286
189 287
285 213
182 283
185 283
184 284
223 228
184 285
185 284
186 284
188 284
184 286
184 287
181 280
180 279
179 279
178 278
177 278
177 277
178 276
176 276
181 278
209 260
224 253
180 281
179 281
253 195
175 277
175 278
245 183
309 241
309 240
235 248
258 196
176 278
177 279
177 280
265 231
178 280
174 277
176 277
187 286
187 287
179 282
179 283
188 287
180 283
179 272
179 273
307 238
157 253
168 262
168 263
249 190
160 258
160 259
159 260
158 259
157 259
156 258
224 230
225 229
229 247
173 259
180 273
191 282
190 283
286 241
190 286
150 250
169 263
161 259
153 255
183 283
175 279
175 280
174 281
176 280
201 286
201 287
171 263
190 276
182 272
183 273
175 269
164 259
210 272
156 255
156 256
186 283
178 279
157 256
160 261
159 262
159 263
193 276
185 272
167 260
260 198
186 273
159 256
178 269
197 282
170 265
170 266
150 253
149 252
148 253
213 225
236 218
277 219
189 278
188 279
151 251
171 266
163 262
163 263
250 183
196 257
182 275
181 276
181 279
152 252
174 276
174 275
173 274
174 273
173 272
215 270
239 251
174 272
174 274
185 285
177 281
177 282
177 283
178 282
200 283
192 279
184 275
184 276
181 269
173 265
155 253
174 266
193 279
166 262
185 275
158 258
177 271
177 272
188 286
167 263
180 282
159 259
148 249
147 249
146 250
145 251
146 249
146 252
145 253
145 249
144 249
143 250
142 250
141 250
140 251
256 196
139 251
140 252
138 252
137 252
141 252
142 252
143 252
139 253
139 254
140 254
138 251
141 251
140 253
141 254
142 254
142 255
143 254
144 255
145 256
146 255
147 255
148 256
149 256
150 255
145 255
148 255
144 257
233 255
147 257
146 258
217 185
148 258
149 258
150 259
151 258
152 259
153 259
229 212
152 258
151 260
151 261
152 261
153 261
154 262
281 215
223 241
202 257
155 262
287 206
265 245
150 258
237 251
153 263
153 264
154 264
149 260
149 261
285 230
150 261
152 260
144 256
145 257
148 257
151 262
151 263
152 263
154 263
143 253
155 264
156 264
157 263
157 262
157 264
158 265
159 266
160 267
161 266
161 265
162 266
161 268
159 265
162 265
158 267
159 268
187 260
188 260
161 267
162 268
163 269
236 240
163 268
164 268
164 267
268 245
160 269
163 270
159 267
162 267
227 201
158 269
157 270
156 270
155 270
154 270
239 208
147 259
146 260
139 255
140 256
150 260
142 256
142 257
161 269
153 265
153 266
162 270
154 266
143 256
164 269
156 265
156 266
138 253
157 266
149 262
141 253
152 262
144 258
144 259
143 260
142 259
145 259
144 248
155 263
158 268
147 258
159 269
148 259
140 255
151 264
150 265
149 266
148 266
147 265
269 228
148 265
147 267
146 268
147 268
161 253
145 268
144 268
144 267
148 268
149 268
150 269
151 270
151 271
152 271
286 205
149 270
149 271
150 271
145 267
148 267
151 272
151 273
144 269
147 269
146 270
147 270
148 270
150 270
143 266
149 272
141 260
150 273
152 272
145 269
148 269
141 256
144 261
143 262
142 262
318 237
141 262
143 265
143 264
201 256
200 257
199 256
199 255
199 254
151 254
184 288
162 269
181 282
154 265
146 261
146 262
143 255
155 266
158 271
147 261
150 272
195 279
198 284
197 285
198 285
205 263
196 285
195 286
194 286
193 286
192 286
193 285
192 284
193 283
243 178
182 247
194 282
188 276
180 272
199 285
191 281
169 262
161 258
172 267
172 268
192 282
184 278
183 279
162 259
300 236
181 272
154 255
173 268
146 251
165 264
164 265
176 279
155 256
187 288
179 284
179 285
179 286
180 247
158 261
157 265
147 251
160 270
160 271
180 285
181 286
182 285
192 252
150 262
142 258
161 271
153 267
154 268
146 264
145 265
143 258
184 268
183 272
202 285
194 281
165 254
166 254
167 254
168 255
176 269
197 261
195 282
187 278
179 274
210 261
210 262
246 180
247 179
157 255
149 251
168 264
168 265
160 260
302 224
180 275
150 252
182 284
161 261
153 257
183 285
175 281
145 258
156 267
156 268
176 282
175 283
179 287
157 268
149 264
144 270
164 248
176 259
187 268
179 264
197 281
168 254
160 250
171 265
190 278
182 274
202 252
194 248
152 251
217 268
183 275
175 271
194 284
195 249
206 258
198 254
164 261
156 257
209 269
201 265
201 266
200 267
199 266
231 255
186 285
178 281
149 254
190 255
182 251
205 271
182 287
181 288
183 252
202 265
175 248
175 249
174 250
173 249
194 261
141 255
152 264
144 260
176 249
228 259
179 254
220 255
219 256
219 257
197 273
220 256
145 261
186 262
178 258
197 271
189 267
201 278
221 256
213 252
205 248
205 247
171 255
190 268
163 251
182 264
148 271
196 284
175 261
216 262
208 258
299 224
174 265
193 278
185 274
164 251
156 247
155 247
265 235
200 258
197 248
209 259
201 255
167 262
186 275
159 258
178 271
197 284
170 267
170 268
170 269
169 269
168 269
167 269
307 242
274 242
245 219
244 219
210 266
189 280
188 281
205 261
151 253
171 268
212 269
163 264
277 249
237 213
238 213
239 173
240 172
241 171
242 172
243 171
239 213
243 173
244 174
245 175
245 176
233 246
278 207
246 175
247 174
248 175
246 174
247 175
241 170
242 171
204 265
238 178
229 209
230 209
257 191
269 245
230 174
249 187
289 223
194 251
235 252
281 219
281 220
281 221
280 222
241 183
214 229
181 281
301 234
302 235
303 235
303 234
227 248
227 249
152 254
193 255
269 241
144 250
218 199
219 164
218 165
217 164
216 165
215 165
214 165
217 166
217 165
215 164
234 215
218 164
217 167
217 168
213 164
216 164
270 246
290 224
222 169
222 170
227 244
206 271
208 271
282 220
255 203
254 204
254 205
255 204
256 205
257 205
258 205
259 206
260 207
200 255
258 204
260 206
155 265
228 249
234 180
235 181
236 180
237 180
238 181
207 248
207 249
207 250
208 249
183 286
239 180
174 278
220 245
221 210
240 223
185 287
158 270
186 252
232 219
232 220
231 221
233 184
178 248
224 215
224 216
223 217
252 197
243 228
242 229
242 230
242 231
145 254
244 193
189 257
189 258
230 255
223 170
304 244
236 189
296 240
215 166
201 268
202 269
203 269
203 268
288 236
288 237
287 238
221 246
147 260
308 214
300 210
159 271
233 220
200 272
224 251
225 216
226 181
217 212
245 194
190 258
231 259
236 225
237 226
238 226
237 190
182 254
297 241
256 203
223 255
229 186
228 187
228 188
229 187
148 261
309 215
310 216
311 217
312 217
216 241
312 216
313 217
314 217
315 217
314 218
313 219
315 219
316 220
239 225
317 220
317 219
317 218
318 218
319 218
320 219
320 218
321 219
319 220
321 218
319 219
320 220
318 220
310 215
321 220
319 221
319 222
320 223
321 223
320 222
312 218
311 219
315 218
316 219
319 224
318 225
318 226
318 219
216 182
215 242
214 243
302 211
314 220
313 221
314 222
315 222
223 185
316 223
223 184
223 183
317 222
224 183
225 184
226 185
226 186
317 221
222 260
223 261
318 222
310 217
320 221
321 222
313 218
316 218
319 223
140 257
214 206
301 211
247 240
320 224
321 225
151 266
312 220
218 176
259 214
204 278
251 210
196 274
195 275
195 276
196 275
230 187
231 187
231 188
232 187
216 252
289 236
208 248
282 197
228 226
174 255
220 222
220 223
219 224
193 268
239 235
166 251
240 200
185 264
219 177
232 196
177 260
177 261
243 205
243 206
244 207
284 243
284 244
283 245
282 245
281 245
280 245
143 267
222 182
221 182
304 221
209 249
283 198
284 199
284 198
255 216
315 230
220 258
221 223
307 226
167 252
286 203
213 219
232 232
199 284
233 197
178 261
224 228
252 210
219 262
225 193
170 257
244 206
217 189
189 270
188 270
236 202
316 231
248 176
247 177
308 227
300 223
214 183
200 285
246 252
247 217
192 281
226 194
285 243
184 277
212 259
259 191
163 254
204 255
229 199
196 251
215 264
215 265
214 266
229 245
216 229
249 177
235 242
162 258
241 173
181 271
227 238
227 239
227 240
227 241
226 241
225 241
228 203
173 267
247 253
165 263
239 212
218 189
292 224
311 237
216 265
303 233
208 261
255 193
228 239
155 255
314 242
314 243
314 244
232 255
174 268
220 235
221 200
166 264
240 213
213 196
185 277
158 260
232 209
233 174
177 273
176 274
224 205
225 206
241 250
141 258
224 206
223 207
252 187
197 251
225 170
243 218
242 219
219 234
244 183
304 234
236 179
315 243
316 243
147 250
234 255
307 239
180 284
159 261
273 246
200 262
192 258
226 171
211 271
285 220
217 202
245 184
258 203
203 267
231 249
223 245
229 176
230 176
215 241
248 189
247 189
148 251
161 270
235 219
214 196
181 248
227 215
151 256
212 272
259 204
218 166
204 268
251 200
216 242
162 271
235 255
281 222
181 284
154 267
228 216
314 219
174 245
173 245
172 246
171 247
170 246
169 246
231 220
230 190
172 245
170 245
172 247
171 245
146 263
220 212
219 213
219 214
152 269
305 238
220 213
221 177
193 258
240 190
185 254
232 186
177 250
176 251
292 237
224 182
284 233
243 195
244 196
243 196
212 209
210 253
143 257
304 211
255 206
295 242
296 243
297 243
298 243
250 248
155 268
296 207
315 220
242 236
188 265
221 213
307 216
307 217
306 218
195 254
207 278
213 209
254 210
233 187
178 251
219 252
224 218
225 218
191 270
191 271
190 272
236 194
237 193
238 193
225 183
170 247
211 248
217 179
236 192
231 226
318 231
222 257
222 258
297 208
223 222
288 239
147 263
308 217
214 173
300 213
301 213
302 213
200 275
246 242
247 207
192 271
212 249
184 267
231 262
203 280
250 212
223 258
251 177
310 226
215 254
216 219
262 186
261 185
260 186
259 186
262 185
260 184
259 183
258 182
277 232
261 184
248 214
235 232
162 248
181 261
227 228
228 193
173 257
220 189
165 253
280 240
239 202
238 203
239 203
251 213
292 214
311 227
238 243
243 172
263 187
303 223
208 251
249 252
255 183
256 183
195 281
273 196
314 232
315 233
254 183
241 248
174 258
220 225
221 225
222 226
222 225
187 277
221 190
240 203
207 255
213 186
158 250
198 286
232 199
218 264
224 195
225 196
284 246
285 246
276 197
286 246
210 260
243 208
242 208
244 173
304 224
242 249
188 278
307 229
234 245
180 274
199 287
200 252
246 219
184 256
191 283
219 265
247 184
192 248
306 233
211 261
217 192
258 193
231 239
203 257
250 189
150 251
223 235
229 166
228 165
228 164
169 264
215 231
216 196
161 260
235 209
204 258
294 220
276 247
153 256
227 205
227 206
172 269
172 270
247 220
280 217
184 280
239 179
259 194
299 230
291 226
251 190
196 254
310 239
237 255
216 232
183 284
162 261
154 257
228 206
268 242
173 270
214 271
146 253
220 202
221 167
165 266
166 266
167 267
168 267
283 236
231 242
206 267
240 180
232 176
292 227
224 172
238 256
284 223
143 247
142 247
141 248
142 246
142 248
303 236
230 252
176 281
242 226
188 255
302 240
234 222
207 268
180 251
213 199
254 200
199 264
246 196
191 260
219 242
225 173
226 174
227 174
227 173
210 273
209 274
217 169
212 203
157 267
231 216
236 182
318 221
149 263
222 247
221 248
223 212
215 208
180 287
235 186
276 224
200 265
246 232
247 197
287 233
192 261
266 210
233 262
223 216
222 215
221 215
279 229
258 206
298 242
203 270
299 207
250 202
245 236
150 264
264 249
269 215
142 260
215 244
256 245
216 209
235 222
202 274
181 251
153 269
228 183
173 247
220 179
280 230
239 192
226 259
299 243
272 226
291 239
292 239
293 240
293 222
293 239
292 204
238 233
284 200
257 246
230 229
303 213
249 242
176 258
295 209
195 271
241 238
146 266
242 203
187 267
261 216
221 180
206 280
179 263
253 212
198 276
199 277
232 189
218 254
145 270
224 185
219 219
284 213
210 250
210 251
231 193
317 233
296 210
222 224
168 253
242 239
288 206
283 240
188 268
234 235
275 236
180 264
254 213
286 245
219 199
216 225
246 209
191 273
265 222
306 223
211 251
212 216
285 200
298 219
258 183
231 229
203 247
277 196
318 234
250 179
223 225
264 226
268 232
269 192
169 254
215 221
216 186
161 250
276 237
235 199
227 195
227 196
172 259
287 246
279 242
280 207
226 236
299 220
272 203
217 267
245 249
251 180
291 216
237 245
310 229
238 210
257 223
229 241
202 287
248 254
175 270
249 219
194 283
228 196
195 248
241 215
214 261
220 192
221 192
228 232
222 192
260 228
261 193
165 256
206 257
240 170
239 170
238 169
318 233
224 184
237 206
237 168
236 168
235 168
236 167
234 167
234 166
233 165
279 202
236 169
239 169
272 239
198 253
162 260
232 166
313 240
292 217
218 231
305 236
164 260
238 246
243 175
230 242
271 243
176 271
295 222
195 284
241 251
242 216
187 280
234 212
274 248
302 230
207 258
179 276
253 225
294 226
273 203
246 186
218 267
219 267
219 232
191 250
265 199
210 263
212 193
157 257
231 206
149 253
223 202
168 266
215 198
160 262
161 263
275 249
276 214
235 176
226 205
298 224
267 245
244 253
243 252
245 254
243 251
227 172
287 223
171 269
247 187
306 236
233 252
279 219
184 247
225 248
298 232
245 226
250 192
217 244
218 245
294 232
217 245
150 254
264 239
236 257
237 222
182 286
256 235
216 199
257 200
202 264
248 231
227 208
228 173
268 209
301 243
260 205
220 169
280 220
239 182
321 221
226 249
272 216
237 258
238 223
183 287
229 254
257 236
230 219
249 232
176 248
290 233
195 261
241 228
242 193
245 228
187 257
260 241
261 206
234 189
206 270
179 253
293 238
218 234
253 202
213 166
198 266
145 260
218 244
219 209
156 269
231 183
317 223
222 214
223 179
283 230
255 248
234 225
302 243
275 226
180 254
221 255
294 239
267 222
286 235
246 199
247 200
248 199
287 200
233 229
306 213
252 242
224 260
212 206
298 209
298 210
244 238
318 224
190 267
223 215
264 216
236 234
215 211
256 212
216 176
276 227
235 189
227 185
172 249
287 236
279 232
280 197
226 226
299 210
272 193
245 239
217 257
291 206
237 235
310 219
238 200
183 264
256 248
229 231
257 213
202 277
230 196
175 260
248 244
247 245
217 258
249 209
194 273
268 222
241 205
214 251
260 218
206 247
253 179
313 230
218 221
305 226
219 186
164 250
230 232
271 233
176 261
290 246
222 191
282 242
242 206
283 207
302 220
234 202
274 238
179 266
253 215
254 180
255 180
185 256
255 181
294 216
240 245
286 212
246 176
186 274
219 222
265 189
266 189
267 189
267 190
232 241
252 219
212 183
197 283
231 196
243 250
317 236
222 227
189 279
223 192
168 256
283 243
215 188
160 252
275 239
276 239
277 239
276 204
316 240
268 191
267 235
213 264
287 213
233 242
306 226
205 260
279 209
298 222
225 238
226 203
244 251
171 267
245 216
217 234
190 280
264 229
236 247
237 212
182 276
238 177
256 225
257 190
229 208
202 254
248 221
247 222
202 255
249 186
268 199
309 237
149 257
241 182
214 228
260 195
260 196
301 233
226 239
272 206
312 242
218 198
259 236
183 277
229 244
270 245
175 273
249 222
262 241
290 223
241 218
282 219
242 183
187 247
188 247
189 247
228 248
261 196
234 179
253 192
293 228
198 256
313 243
145 250
185 286
305 239
164 263
211 195
211 196
156 259
155 260
271 246
231 173
263 242
223 169
209 271
255 238
283 220
201 267
302 233
294 229
221 245
286 225
186 287
232 254
159 270
233 219
202 247
178 283
224 250
225 215
244 228
245 193
190 257
264 206
236 224
182 253
297 240
216 166
256 202
248 198
148 260
227 175
309 214
214 205
300 245
205 273
279 222
225 251
226 251
227 251
151 265
226 216
312 219
217 247
245 229
258 248
258 249
237 225
238 190
278 226
183 254
229 221
257 203
230 186
248 234
175 250
249 199
289 235
194 263
281 231
241 195
141 257
260 208
227 260
321 224
152 266
313 220
144 262
218 211
259 249
305 216
219 176
251 245
290 236
222 181
263 219
209 248
282 232
255 215
302 210
274 228
234 192
275 193
293 241
220 257
221 222
294 206
240 235
286 202
186 264
232 231
178 260
252 209
224 227
243 240
242 241
243 241
221 239
221 238
222 237
170 256
244 205
189 269
223 182
215 178
201 280
275 229
276 194
316 230
221 258
308 226
213 254
287 203
205 250
233 232
279 199
225 228
226 193
171 257
244 241
285 242
217 224
245 206
190 270
236 237
237 237
238 238
239 237
193 280
257 192
163 253
237 202
277 238
182 266
256 215
229 198
249 176
268 189
309 227
241 172
214 218
301 223
260 185
247 252
312 232
218 188
278 239
251 222
196 286
270 235
230 199
271 200
216 264
290 213
263 196
281 244
282 209
242 173
228 238
274 205
234 169
174 267
293 218
243 217
220 234
253 182
239 247
238 248
239 248
240 212
185 276
219 189
156 249
252 186
271 236
197 250
222 194
263 232
304 233
209 261
283 210
255 228
274 241
201 257
315 242
275 206
221 235
267 202
167 264
240 248
286 215
213 231
232 244
190 247
233 209
273 245
178 273
224 240
252 222
225 205
243 253
226 170
244 218
217 201
189 282
264 196
236 214
237 215
237 179
297 230
256 192
229 175
248 188
148 250
308 239
214 195
300 235
247 229
151 255
266 242
226 206
217 237
258 238
259 203
265 221
163 266
204 267
278 216
219 254
238 180
250 234
229 211
233 189
269 247
196 263
196 264
270 212
289 225
249 189
235 254
227 199
241 185
242 185
243 185
181 283
141 247
227 250
152 256
193 257
239 224
144 252
218 201
185 253
259 239
219 166
251 235
271 213
262 244
222 171
221 172
257 183
263 209
208 273
282 222
255 205
228 251
155 267
274 218
174 280
220 247
221 212
240 225
213 208
186 254
232 221
233 186
178 250
224 217
252 199
225 182
197 263
165 268
243 230
244 195
189 259
236 191
296 242
215 168
297 207
288 238
147 262
308 216
213 244
254 245
214 172
300 212
200 274
319 225
246 241
192 270
266 219
226 183
217 214
285 232
245 196
212 248
236 227
231 261
237 192
277 228
182 256
223 257
229 188
215 253
248 201
148 263
235 231
309 217
281 198
140 259
181 260
214 208
247 242
151 268
312 222
259 216
218 178
204 280
250 247
278 229
251 212
196 276
270 225
216 254
289 238
262 221
263 186
193 270
208 250
281 234
282 199
255 182
228 228
281 211
274 195
174 257
220 224
293 208
221 189
166 253
240 202
185 266
158 249
232 198
177 262
176 263
177 263
224 194
243 207
284 245
244 172
304 223
209 251
255 218
296 219
201 247
315 232
242 248
275 196
288 215
188 277
307 228
267 192
213 221
212 221
212 222
232 234
199 286
273 235
233 199
234 234
178 263
219 264
225 195
170 259
211 260
244 208
217 191
245 173
285 209
236 204
231 238
237 169
277 205
256 182
297 220
229 165
230 164
248 178
164 254
308 229
300 225
214 185
200 287
246 254
247 219
192 283
266 232
184 279
285 245
258 228
259 193
204 257
277 241
238 170
250 224
278 206
251 189
196 253
269 237
230 166
270 202
215 266
289 215
216 231
235 244
195 250
241 175
181 273
154 256
228 205
173 269
220 201
193 247
165 265
239 214
239 215
240 179
272 248
251 225
292 226
271 203
311 239
238 255
243 184
263 199
208 263
255 195
295 231
228 241
155 257
274 208
174 270
220 237
221 202
261 238
207 267
240 215
213 198
158 262
232 211
233 176
177 275
273 212
252 189
224 207
197 253
225 172
243 220
244 185
189 249
304 236
236 181
296 232
288 228
147 252
307 241
234 257
180 286
254 235
200 264
273 248
246 231
247 196
265 244
226 173
266 209
211 273
285 222
217 204
231 251
277 218
237 182
250 201
150 263
223 247
229 178
269 214
215 243
216 208
235 221
140 249
153 268
181 250
227 217
227 218
247 232
173 246
239 191
218 168
299 242
204 270
250 237
251 202
291 238
196 266
270 215
311 216
216 244
262 211
257 245
303 212
227 253
154 269
228 218
314 221
174 247
146 265
220 214
221 179
193 260
206 279
239 227
240 192
213 175
213 176
232 188
177 252
243 197
242 198
284 235
143 259
304 213
295 244
296 245
297 246
297 245
296 209
242 238
288 205
188 267
307 218
207 280
213 211
253 247
180 263
254 212
199 276
273 225
246 208
191 272
225 185
170 249
211 250
217 181
285 199
212 215
231 228
277 195
222 259
223 224
297 210
269 191
169 253
235 198
214 175
300 215
200 277
172 258
246 244
287 245
247 209
192 273
184 269
212 251
258 218
203 282
299 219
204 247
250 214
278 196
223 260
251 179
310 228
270 192
215 256
216 221
289 205
262 188
202 286
162 250
235 234
281 201
181 263
227 230
228 195
220 191
165 255
280 242
239 204
272 238
232 165
292 216
311 229
238 245
243 174
284 212
230 241
303 225
263 189
249 254
295 221
255 185
195 283
213 188
314 234
242 215
187 279
166 256
179 275
228 208
207 257
253 224
158 252
199 253
232 201
273 202
233 166
232 178
218 266
195 260
252 179
219 231
224 197
265 198
244 175
236 171
231 205
296 222
222 236
242 251
288 218
188 280
234 247
180 276
254 225
200 254
246 221
191 285
247 186
265 234
306 235
266 199
211 263
285 212
298 231
258 195
231 241
203 259
250 191
223 237
269 204
169 266
215 233
142 249
216 198
161 262
235 211
276 249
153 258
227 207
228 172
172 271
239 181
280 219
299 232
226 248
259 196
251 192
291 228
196 256
310 241
237 257
238 222
229 253
262 201
162 263
175 282
154 259
268 244
241 227
220 204
221 205
222 205
222 204
260 240
261 205
221 169
206 269
240 182
213 165
198 265
218 243
292 229
224 174
243 187
284 225
143 249
230 254
176 283
295 234
242 228
261 241
188 257
234 224
302 242
207 270
180 253
254 202
294 238
246 198
219 244
191 262
225 175
265 211
217 171
212 205
157 269
231 218
318 223
222 249
149 265
223 214
215 210
235 188
276 226
227 184
172 248
287 235
247 199
192 263
279 231
184 259
298 244
258 208
225 260
299 209
245 238
250 204
150 266
291 205
310 218
216 211
256 247
257 212
202 276
248 243
215 223
153 271
181 253
227 220
228 185
268 221
214 250
260 217
220 181
165 245
239 194
280 232
272 228
291 241
292 206
238 235
284 202
257 248
303 215
230 231
176 260
249 244
295 211
195 273
241 240
314 224
242 205
187 269
261 218
234 201
179 265
207 247
213 178
253 214
198 278
254 179
273 192
218 256
224 187
219 221
265 188
210 252
231 195
317 235
223 191
288 208
283 242
234 237
160 251
275 238
180 266
254 215
267 234
246 211
247 212
248 212
248 211
287 212
247 176
191 275
306 225
212 218
298 221
258 185
203 249
244 250
318 236
277 198
250 181
190 279
223 227
269 194
169 256
216 188
256 224
161 252
235 201
153 248
227 197
172 261
279 244
280 209
239 171
299 222
226 238
272 205
245 251
217 269
291 218
310 231
237 247
238 212
183 276
257 225
229 243
230 208
175 272
249 221
194 285
154 249
268 234
241 217
214 263
220 194
261 195
206 259
253 191
198 255
313 242
232 168
218 233
224 164
219 198
164 262
284 215
230 244
271 245
176 273
263 241
222 203
242 218
187 282
283 219
234 214
302 232
179 278
207 260
253 227
254 192
294 228
273 205
246 188
286 224
191 252
186 286
265 201
210 265
212 195
252 231
231 208
149 255
222 239
223 204
168 268
215 200
160 264
276 216
235 178
267 247
287 225
233 254
264 241
205 272
306 238
279 221
225 250
298 234
226 215
250 194
217 246
150 256
236 259
237 224
182 288
256 237
216 201
229 220
257 202
202 266
248 233
249 198
194 262
228 175
268 211
225 240
220 171
301 245
152 265
272 218
218 210
259 248
238 225
229 256
230 221
176 250
249 234
290 235
195 263
241 230
242 195
282 231
187 259
261 208
302 209
234 191
206 272
179 255
253 204
198 268
145 262
218 246
219 211
156 271
231 185
317 225
222 216
223 181
168 245
283 232
255 250
215 177
302 245
201 279
275 228
294 241
221 257
246 201
286 237
213 253
287 202
306 215
233 231
279 198
252 244
212 208
225 227
298 211
244 240
245 205
236 236
264 218
182 265
215 213
256 214
216 178
276 229
248 210
227 187
309 226
214 217
279 234
280 199
226 228
299 212
312 231
272 195
221 226
245 241
291 208
238 202
278 238
285 233
183 266
257 215
229 233
230 198
189 273
202 279
175 262
248 246
249 211
194 275
268 224
281 243
241 207
214 253
260 220
234 168
206 249
253 181
313 232
218 223
305 228
219 188
164 252
156 248
271 235
263 231
222 193
282 244
283 209
255 227
221 234
302 222
274 240
234 204
275 205
179 268
254 182
294 218
240 247
286 214
246 178
186 276
232 243
178 272
252 221
224 239
212 185
157 249
231 198
244 217
189 281
223 194
264 195
215 190
160 254
275 241
276 206
316 242
267 237
227 164
308 238
213 266
287 215
233 244
205 262
279 211
217 236
245 218
190 282
264 231
163 265
236 249
237 214
182 278
238 179
229 210
202 256
230 175
248 223
249 188
194 252
309 239
241 184
214 230
260 197
301 235
152 255
312 244
144 251
218 200
219 165
238 215
230 211
270 247
175 275
290 225
208 272
241 220
282 221
187 249
228 250
234 181
174 279
220 246
253 194
240 224
145 252
185 288
305 241
219 201
177 284
177 285
211 197
156 261
197 262
231 175
243 229
222 206
223 171
209 273
283 222
215 167
201 269
221 247
213 243
286 227
186 266
178 262
159 249
232 256
233 221
178 285
224 252
225 217
244 230
171 246
217 213
245 195
190 259
236 226
237 191
182 255
256 204
216 168
297 242
248 200
148 262
309 216
140 258
214 207
301 212
247 241
320 225
151 267
226 218
312 221
217 249
237 227
204 279
238 192
183 256
229 223
230 188
175 252
216 253
289 237
249 201
241 197
141 259
260 210
321 226
152 268
193 269
313 222
239 236
144 264
218 213
305 218
219 178
290 238
222 183
209 250
255 217
283 199
274 230
302 212
220 259
293 243
221 224
267 191
240 237
167 253
213 220
286 204
232 233
233 198
224 229
252 211
197 275
170 258
243 242
189 271
236 203
215 180
256 181
201 282
316 232
248 177
308 228
213 256
300 224
217 226
190 271
285 244
200 286
205 252
233 234
246 253
225 230
226 195
230 165
171 259
212 260
245 208
236 239
163 255
277 240
237 204
182 268
256 217
229 200
257 182
248 213
195 272
249 178
309 229
235 243
241 174
214 220
301 225
260 187
247 254
312 234
218 190
278 241
216 266
208 262
281 246
242 175
228 240
234 171
174 269
220 236
193 282
239 249
166 265
240 214
185 278
232 210
177 274
252 188
197 252
231 165
243 219
244 184
189 248
304 235
209 263
201 259
315 244
221 237
307 240
167 266
217 203
213 233
232 246
273 247
233 211
178 275
224 242
225 207
226 172
244 220
285 221
189 284
245 185
190 249
231 250
236 216
237 181
256 194
229 177
248 190
148 252
308 241
140 248
214 197
151 257
212 273
259 205
218 167
204 269
238 182
196 265
230 178
216 243
235 256
241 187
281 223
141 249
181 285
227 252
228 217
174 246
193 259
239 226
240 191
144 254
185 255
219 168
177 251
292 238
222 173
208 275
295 243
255 207
155 269
228 253
315 221
174 282
220 249
221 214
240 227
213 210
186 256
232 223
233 188
178 252
224 219
252 201
197 265
243 232
170 248
244 197
217 180
189 261
236 193
296 244
297 209
288 240
316 222
147 264
308 218
300 214
214 174
200 276
246 243
319 227
225 220
192 272
171 249
285 234
212 250
217 216
163 245
203 281
237 194
223 259
229 190
215 255
235 233
140 261
181 262
301 215
227 229
173 258
247 244
218 180
204 282
250 249
251 214
196 278
311 228
216 256
263 188
208 252
255 184
228 230
314 233
174 259
220 226
221 191
193 272
166 255
239 239
240 204
213 187
185 268
158 251
232 200
177 264
224 196
252 178
284 247
243 209
304 225
236 170
201 249
315 234
242 250
221 227
307 230
234 246
167 256
213 223
159 252
233 201
200 253
224 232
219 266
191 284
225 197
170 261
211 262
217 193
236 206
231 240
203 258
237 171
256 184
223 236
229 167
169 265
248 180
300 227
214 187
247 221
192 285
184 281
212 263
259 195
277 243
204 259
251 191
196 255
230 168
310 240
215 268
216 233
235 246
162 262
181 275
227 242
154 258
228 207
173 271
146 254
220 203
193 249
165 267
239 216
240 181
232 177
311 241
238 257
243 186
284 224
143 248
303 237
230 253
255 197
155 259
220 239
221 204
166 268
207 269
213 200
158 264
232 213
199 265
233 178
252 191
219 243
224 209
225 174
210 274
244 187
217 170
189 251
236 183
222 248
147 254
307 243
234 259
139 250
180 288
214 164
200 266
246 233
247 198
192 262
226 175
285 224
184 258
258 207
203 271
231 253
250 203
223 249
229 180
142 261
215 245
216 210
235 223
181 252
153 270
227 219
228 184
173 248
239 193
259 208
226 260
218 170
299 244
291 240
251 204
196 268
311 218
216 246
257 247
303 214
154 271
228 220
314 223
174 249
146 267
220 216
221 181
166 245
240 194
213 177
185 258
198 277
232 190
177 254
292 241
218 255
224 186
284 237
243 199
143 261
304 215
295 246
315 224
242 240
188 269
234 236
307 220
180 265
254 214
199 278
246 210
191 274
225 187
266 188
211 252
217 183
285 201
212 217
258 184
203 248
231 230
318 235
222 261
223 226
169 255
215 222
161 251
235 200
276 238
214 177
172 260
246 246
247 211
242 253
192 275
279 243
212 253
160 263
184 271
259 185
184 248
299 221
204 249
245 250
250 216
251 181
310 230
215 258
216 223
262 190
162 252
181 265
227 232
154 248
228 197
173 261
214 262
220 193
165 257
239 206
280 244
240 171
232 167
238 247
311 231
243 176
303 227
230 243
176 272
255 187
195 285
155 249
241 252
314 236
242 217
187 281
221 194
234 213
179 277
207 259
213 190
158 254
254 191
233 168
218 268
191 251
224 199
219 233
225 164
210 264
244 177
157 258
231 207
236 173
222 238
223 203
288 220
188 282
234 249
180 278
254 227
200 256
246 223
247 188
287 224
306 237
266 201
211 265
298 233
258 197
203 261
231 243
250 193
223 239
264 240
269 206
169 268
142 251
215 235
216 200
161 264
235 213
153 260
227 209
228 174
220 170
239 183
280 221
299 234
226 250
291 230
251 194
237 259
310 243
238 224
183 288
257 237
229 255
230 220
249 233
154 261
268 246
195 262
241 229
146 257
260 242
220 206
187 258
261 207
221 171
240 184
253 203
213 167
198 267
232 180
219 210
224 176
284 227
243 189
143 251
230 256
273 217
317 224
283 231
187 271
188 259
234 226
302 244
307 210
207 272
180 255
253 239
294 240
156 250
199 268
246 200
219 246
191 264
265 213
306 214
212 207
217 173
157 271
201 258
222 251
275 207
149 267
169 245
215 212
216 177
276 228
235 190
227 186
172 250
287 237
247 201
279 233
280 198
184 261
299 211
250 206
245 240
150 268
291 207
237 236
310 220
216 213
256 249
183 265
257 214
202 278
248 245
249 210
194 274
268 223
173 251
214 252
260 219
220 183
165 247
280 234
239 196
206 248
272 230
313 231
292 208
238 237
284 204
303 217
230 233
176 262
249 246
295 213
241 242
242 207
261 220
302 221
234 203
179 267
213 180
253 216
198 280
254 181
273 194
218 258
246 177
219 223
265 190
210 254
212 184
157 248
317 237
231 197
222 228
223 193
168 257
283 244
215 189
160 253
275 240
276 205
180 268
235 167
267 236
213 265
246 213
247 178
287 214
266 191
233 243
306 227
279 210
212 220
298 223
258 187
244 252
245 217
264 230
269 196
169 258
215 225
182 277
256 226
216 190
161 254
235 203
276 241
248 222
153 250
268 200
172 263
309 238
279 246
280 211
226 240
272 207
312 243
217 271
245 253
291 220
237 249
238 214
183 278
257 227
230 210
175 274
249 223
195 252
268 236
241 219
242 184
214 265
187 248
260 232
261 197
206 261
253 193
198 257
313 244
218 235
224 166
219 200
305 240
164 264
156 260
271 247
231 174
176 275
263 243
242 220
209 272
283 221
188 249
234 216
302 234
179 280
275 217
254 194
294 230
199 258
286 226
246 190
191 254
186 288
265 203
178 284
212 197
252 233
157 261
231 210
244 229
223 206
264 207
215 202
160 266
216 167
276 218
235 180
227 176
287 227
205 274
233 256
279 223
298 236
225 252
226 217
245 230
217 248
264 243
238 191
256 239
183 255
257 204
229 222
202 268
175 251
248 235
249 200
194 264
215 267
268 213
241 196
214 242
260 209
220 173
152 267
272 220
144 263
218 212
305 217
238 227
230 223
271 224
176 252
290 237
195 265
241 232
242 197
282 233
187 261
261 210
274 229
234 193
179 257
293 242
253 206
198 270
294 207
240 236
145 264
197 274
317 227
222 218
168 247
283 234
215 179
201 281
275 230
276 195
221 259
294 243
267 226
213 255
286 239
287 204
306 217
233 233
205 251
279 200
252 246
298 213
244 242
171 258
245 207
217 225
236 238
264 220
237 203
182 267
216 180
256 216
227 189
268 190
309 228
214 219
301 224
280 201
226 230
272 197
312 233
217 261
291 210
237 239
278 240
238 204
183 268
229 235
257 217
270 236
230 200
175 264
249 213
194 277
290 214
241 209
242 174
260 222
261 187
206 251
234 170
253 183
293 219
198 247
193 281
313 234
218 225
305 230
219 190
271 237
231 164
263 233
222 195
209 262
282 246
283 211
255 229
234 206
221 236
267 203
240 249
167 265
286 216
213 232
232 245
233 210
178 274
224 241
252 223
212 187
170 270
189 283
190 248
223 196
264 197
236 215
215 192
297 231
256 193
235 170
267 239
227 166
308 240
213 268
287 217
205 264
225 242
266 243
226 207
217 238
245 220
190 284
163 267
236 251
237 216
182 280
257 194
202 258
230 177
248 225
289 226
194 254
268 203
241 186
214 232
301 237
260 199
152 257
144 253
259 240
218 202
219 167
230 213
262 245
290 227
222 172
263 210
208 274
282 223
242 187
228 252
234 183
179 247
293 232
220 248
253 196
240 226
186 255
219 203
232 222
211 199
156 263
252 200
197 264
243 231
231 177
189 260
263 246
222 208
223 173
283 224
255 242
215 169
201 271
316 221
221 249
286 229
213 245
232 258
233 223
178 287
319 226
224 254
225 219
226 184
171 248
244 232
245 197
217 215
190 261
264 210
236 228
182 257
297 244
256 206
229 189
248 202
148 264
309 218
140 260
214 209
301 214
320 227
247 243
151 269
226 220
312 223
259 217
218 179
204 281
238 194
278 230
196 277
229 225
289 239
216 255
249 203
290 204
262 222
241 199
141 261
282 200
228 229
152 270
193 271
239 238
313 224
144 266
218 215
185 267
305 220
219 180
251 249
263 223
222 185
282 236
209 252
255 219
283 201
302 214
274 232
275 197
220 261
294 210
267 193
240 239
167 255
213 222
286 206
186 268
232 235
233 200
178 264
252 213
224 231
243 244
244 209
245 174
244 186
264 187
236 205
237 170
297 221
243 221
316 234
248 179
308 230
214 186
300 226
205 254
200 288
319 239
225 232
266 233
226 197
171 261
217 228
245 210
212 262
258 229
163 257
277 242
238 171
182 270
269 238
257 184
229 202
230 167
249 180
235 245
309 231
281 212
241 176
260 189
301 227
193 248
312 236
259 230
218 192
278 243
251 226
270 239
311 240
271 204
216 268
262 235
290 217
208 264
281 248
282 213
255 196
228 242
155 258
274 209
234 173
174 271
220 238
221 203
193 284
166 267
240 216
185 280
158 263
232 212
233 177
177 276
252 190
224 208
197 254
189 250
304 237
255 232
296 233
201 261
288 229
147 253
234 258
267 206
167 268
254 236
159 264
233 213
178 277
224 244
225 209
244 222
217 205
245 187
190 251
231 252
237 183
223 248
297 234
229 179
248 192
148 254
308 243
140 250
214 199
300 239
247 233
151 259
266 246
258 242
259 207
218 169
204 271
278 220
250 238
251 203
196 267
270 216
230 180
289 229
216 245
262 212
235 258
281 225
181 287
227 254
228 219
174 248
220 215
193 261
239 228
240 193
185 257
219 170
227 231
278 197
177 253
251 239
292 240
284 236
243 198
263 213
222 175
304 214
255 209
295 245
155 271
274 222
315 223
220 251
221 216
307 219
167 245
240 229
253 248
213 212
232 225
273 226
233 190
178 254
219 255
224 221
252 203
225 186
243 234
170 250
244 199
217 182
189 263
236 195
296 246
297 211
288 242
316 224
147 266
308 220
254 249
300 216
214 176
200 278
246 245
319 229
247 210
266 223
226 187
184 270
285 236
217 218
258 219
203 283
259 184
163 247
204 248
250 215
229 192
270 193
215 257
216 222
289 206
262 189
235 235
281 202
247 246
173 260
280 243
239 205
218 182
259 220
250 251
251 216
196 280
270 229
271 194
311 230
216 258
263 190
303 226
282 203
255 186
155 248
314 235
274 199
174 261
220 228
221 193
239 241
166 257
240 206
185 270
213 189
232 202
233 167
177 266
224 198
252 180
243 211
244 176
304 227
236 172
296 223
242 252
315 236
288 219
234 248
307 232
180 277
254 226
159 254
273 239
246 222
191 286
219 268
192 251
225 199
266 200
226 164
211 264
245 177
237 173
277 209
223 238
229 169
269 205
169 267
215 234
248 182
235 212
214 189
247 223
151 249
266 236
212 265
184 283
258 232
299 233
259 197
204 261
278 210
250 228
251 193
270 206
310 242
216 235
262 202
162 264
181 277
154 260
228 209
173 273
146 256
220 205
221 170
193 251
165 269
239 218
240 183
185 247
232 179
292 230
224 175
311 243
284 226
243 188
303 239
176 284
295 235
255 199
155 261
188 258
261 242
221 206
207 271
213 202
253 238
254 203
158 266
199 267
273 216
233 180
224 211
219 245
225 176
265 212
244 189
217 172
236 185
231 219
222 250
296 236
288 232
147 256
234 261
139 252
254 239
214 166
200 268
246 235
265 248
192 264
184 260
258 209
298 245
203 273
277 222
250 205
150 267
223 251
142 263
215 247
216 212
235 225
181 254
153 272
227 221
228 186
173 250
220 182
165 246
280 233
239 195
272 229
251 206
291 242
238 236
311 220
284 203
257 249
303 216
249 245
295 212
195 274
314 225
241 241
146 269
174 251
220 218
187 270
221 183
261 219
166 247
280 246
240 196
213 179
198 279
232 192
177 256
273 193
292 243
218 257
224 188
284 239
243 201
143 263
304 217
296 213
242 242
288 209
188 271
234 238
307 222
180 267
253 251
254 216
199 280
273 229
246 212
219 258
191 276
266 190
211 254
285 203
258 186
231 232
203 250
277 199
250 182
269 195
169 257
215 224
216 189
276 240
235 202
153 249
227 198
172 262
247 213
279 245
280 210
239 172
259 187
299 223
250 218
217 270
291 219
251 183
196 247
237 248
270 196
310 232
262 192
162 254
154 250
227 234
228 199
268 235
173 263
214 264
220 195
165 259
206 260
240 173
272 242
232 169
292 220
224 165
238 249
284 216
303 229
230 245
295 225
241 254
188 248
207 261
253 228
213 192
254 193
199 257
233 170
273 206
246 189
218 270
219 235
191 253
225 166
265 202
212 196
157 260
236 175
231 209
222 240
223 205
215 201
160 265
234 251
276 217
180 280
235 179
246 225
247 190
287 226
192 254
306 239
266 203
184 250
298 235
258 199
203 263
250 195
150 257
269 208
264 242
215 237
142 253
216 202
256 238
235 215
202 267
153 262
227 211
268 212
228 176
220 172
280 223
239 185
226 252
299 236
272 219
291 232
229 257
257 239
230 222
249 235
195 264
241 231
242 196
146 259
260 244
261 209
221 173
206 273
179 256
253 205
213 169
198 269
232 182
218 247
145 263
219 212
224 178
230 258
317 226
231 186
222 217
242 232
168 246
283 233
188 261
234 228
180 257
254 206
294 242
199 270
286 238
246 202
191 266
219 248
265 215
306 216
252 245
298 212
231 222
318 227
149 269
222 253
223 218
264 219
169 247
215 214
216 179
276 230
235 192
227 188
172 252
287 239
279 235
280 200
299 213
226 229
272 196
245 242
217 260
291 209
237 238
310 222
183 267
257 216
229 234
202 280
175 263
248 247
249 212
194 276
228 189
241 208
214 254
220 185
260 221
165 249
261 186
206 250
272 232
313 233
218 224
292 210
305 229
238 239
164 253
284 206
230 235
249 248
176 264
295 215
195 277
241 244
242 209
187 273
261 222
234 205
302 223
207 251
179 269
253 218
198 282
294 219
218 260
246 179
219 225
265 192
210 256
212 186
157 250
197 286
231 199
317 239
222 230
223 195
283 246
215 191
160 255
275 242
235 169
276 207
267 238
227 165
213 267
287 216
247 180
233 245
306 229
279 212
258 189
298 225
171 270
250 185
236 250
264 232
182 279
216 192
256 228
161 256
257 193
248 224
153 252
194 253
228 166
268 202
214 231
301 236
239 175
280 213
226 242
312 245
272 209
291 222
238 216
183 280
257 229
230 212
175 276
249 225
290 226
241 221
242 186
214 267
260 234
187 250
261 199
234 182
206 263
179 246
293 231
198 259
218 237
305 242
219 202
224 168
164 266
211 198
156 262
231 176
222 207
263 245
223 172
283 223
255 241
188 251
302 236
234 218
201 270
275 219
254 196
267 215
286 228
246 192
191 256
232 257
233 222
178 286
252 235
212 199
244 231
149 259
223 208
190 260
264 209
215 204
160 268
216 169
276 220
235 182
227 178
287 229
233 258
205 276
279 225
320 226
225 254
226 219
217 250
245 232
237 228
183 257
256 241
257 206
229 224
202 270
230 189
248 237
175 253
249 202
194 266
268 215
241 198
214 244
260 211
220 175
313 223
144 265
218 214
305 219
219 179
251 248
230 225
271 226
176 254
290 239
263 222
222 184
282 235
242 199
187 263
283 200
234 195
274 231
179 259
293 244
220 260
253 208
294 209
240 238
145 266
219 215
186 267
252 212
197 276
243 243
317 229
231 189
189 272
222 220
168 249
215 181
201 283
275 232
316 233
267 228
213 257
205 253
233 235
306 219
252 248
226 196
171 260
244 244
217 227
190 273
163 256
264 222
268 192
182 269
301 226
