397 219
398 220
396 219
395 219
399 220
400 219
397 218
398 219
397 221
396 222
398 222
401 218
395 220
399 218
394 221
393 220
392 221
394 218
393 217
395 217
396 216
397 215
398 216
392 218
391 217
390 218
395 223
394 224
393 223
399 223
400 222
401 221
402 219
391 219
396 218
398 215
399 214
398 213
400 213
401 212
401 214
398 224
390 220
393 219
392 223
394 220
399 216
400 215
402 212
400 224
402 221
391 221
396 220
398 217
390 222
389 222
388 221
387 222
386 223
387 224
388 223
386 225
389 224
387 226
388 225
394 222
389 217
388 216
387 215
388 214
387 213
389 213
386 216
389 215
387 217
390 213
391 212
390 211
391 210
392 209
390 209
393 208
393 210
389 208
386 218
385 219
400 217
391 214
402 214
386 227
385 228
384 228
389 226
390 227
391 226
391 228
390 229
389 229
388 230
387 231
386 232
389 231
387 233
388 232
386 234
389 233
387 235
385 235
384 235
383 235
388 234
390 231
392 225
393 226
394 227
395 228
396 227
394 229
396 229
397 228
395 230
394 231
386 236
388 209
387 208
387 210
387 219
388 218
390 215
396 231
398 228
387 228
397 230
398 231
388 227
390 224
385 237
384 237
383 238
382 237
382 239
382 240
383 240
403 218
404 219
392 227
395 232
384 241
384 242
396 215
388 211
396 224
396 225
388 220
396 233
396 234
388 229
400 212
389 212
400 221
399 225
400 226
391 230
392 213
403 213
404 214
403 222
392 222
384 218
395 218
392 231
392 232
384 227
395 227
384 236
388 215
396 228
388 224
388 233
389 207
388 206
387 237
388 238
388 239
389 240
391 216
399 229
391 225
392 208
383 239
392 217
403 217
392 226
395 222
395 231
384 240
396 214
395 213
388 210
388 219
387 223
398 232
387 232
399 215
402 211
391 211
399 224
391 220
402 220
399 233
399 234
391 229
383 234
392 212
403 212
383 243
383 244
384 245
384 246
403 221
384 217
383 216
395 226
384 226
383 225
388 205
389 204
389 203
388 202
388 201
387 218
398 218
387 227
398 227
390 223
387 236
390 232
390 241
390 242
391 243
391 244
392 245
399 219
397 212
396 211
396 210
395 209
395 208
396 209
391 215
402 215
399 228
391 224
391 233
391 234
392 235
392 236
383 229
383 230
384 231
384 232
392 207
391 206
392 216
403 216
395 212
395 221
394 225
388 200
389 199
389 198
388 197
388 196
386 230
387 204
387 240
387 241
386 239
390 245
390 246
391 247
391 248
391 249
392 250
390 250
390 251
391 252
391 253
392 254
392 255
402 210
401 209
400 208
400 207
399 206
399 205
400 204
401 205
400 203
400 202
399 201
402 206
403 207
403 208
383 215
383 224
384 223
384 222
383 221
383 220
393 256
394 257
394 258
395 259
395 260
394 261
394 262
394 263
395 264
393 261
383 233
395 207
396 206
396 205
395 204
395 203
397 235
398 236
398 237
399 238
399 239
400 240
398 240
398 241
399 242
399 243
399 244
398 245
398 246
399 247
399 248
397 240
398 249
398 250
398 251
399 252
399 253
398 254
398 255
398 256
399 257
399 256
397 254
397 249
385 242
397 244
396 243
395 242
395 241
395 240
394 239
394 243
394 244
395 245
395 246
396 247
397 253
396 252
395 251
395 250
394 252
394 253
394 238
395 237
396 238
395 236
387 199
394 247
394 248
393 247
386 243
386 244
387 245
387 246
394 256
395 255
390 204
398 226
398 235
399 200
400 199
401 200
400 198
402 201
403 202
404 201
405 202
404 200
403 199
403 203
403 198
406 203
398 199
397 198
396 197
396 196
396 195
395 194
395 198
394 197
393 196
395 199
396 200
396 201
400 254
399 209
399 210
398 208
390 240
391 239
392 240
392 241
391 238
390 237
390 236
402 205
391 205
392 204
393 205
392 203
392 202
393 201
393 200
392 199
392 198
391 197
391 201
391 196
393 242
383 219
401 255
401 256
402 257
402 258
403 259
403 260
402 261
402 262
401 261
404 261
405 262
405 263
406 264
406 263
401 260
393 251
392 197
403 197
404 196
404 195
403 194
403 193
404 192
405 193
404 191
402 192
401 191
400 190
400 189
400 188
401 187
401 186
399 187
406 194
407 195
408 194
409 195
408 193
407 192
407 196
407 197
408 198
408 199
408 197
407 191
407 200
407 201
408 202
408 203
410 196
410 197
411 198
411 197
412 196
413 197
412 195
411 194
411 193
407 190
408 189
408 188
407 187
407 186
408 185
409 186
408 184
408 183
409 182
410 187
411 188
412 187
413 188
412 186
411 189
412 190
412 191
410 182
399 191
399 192
400 193
400 194
401 195
401 196
414 189
414 190
415 191
415 190
402 187
414 198
414 199
415 200
415 201
416 202
402 196
411 183
412 182
413 183
412 181
411 184
411 192
410 191
403 188
404 187
405 188
404 186
403 185
403 189
403 184
395 193
396 192
397 193
396 191
395 190
395 189
404 260
393 260
392 259
391 258
391 257
390 256
390 255
390 259
390 260
390 261
391 262
389 254
382 223
395 202
382 232
382 241
394 206
397 239
409 204
410 203
411 204
412 205
411 203
411 202
410 201
410 205
410 206
411 207
411 208
412 209
410 200
410 209
410 210
410 211
411 212
411 213
412 214
411 211
410 214
410 215
411 216
411 217
412 218
409 209
408 208
408 207
407 206
407 205
407 209
407 210
407 211
408 212
406 208
406 212
406 213
407 214
407 215
408 216
408 217
409 218
410 219
410 220
411 221
411 222
411 223
412 224
410 224
410 225
411 226
411 227
411 225
410 228
410 229
411 230
411 231
409 228
409 223
410 223
413 225
414 226
414 227
414 228
415 229
415 228
416 230
417 231
418 230
419 230
418 229
412 225
417 232
418 233
418 234
419 235
420 236
421 235
422 236
422 237
422 238
422 239
421 239
422 240
422 241
421 234
420 233
422 235
421 238
418 228
419 227
419 226
420 225
420 224
420 223
418 225
417 227
421 233
409 213
394 233
386 229
406 207
390 199
399 202
403 205
411 199
412 200
422 232
422 231
421 230
398 203
414 184
400 249
420 227
399 204
412 223
391 200
423 232
402 209
401 250
402 249
403 250
393 246
413 224
405 220
424 233
397 216
416 229
409 190
382 236
394 210
385 241
409 226
396 256
387 207
386 206
390 212
410 190
402 186
389 253
400 262
401 227
420 240
419 239
418 238
417 237
413 201
405 197
385 218
397 229
392 263
409 203
394 223
386 219
406 197
398 193
389 230
400 239
401 204
412 213
404 209
404 210
401 240
402 239
403 240
393 236
413 214
405 210
397 206
382 226
381 226
381 225
380 224
379 223
394 200
385 231
396 246
388 242
388 243
387 197
386 196
385 196
400 216
419 229
390 202
389 243
400 252
401 217
420 230
393 213
412 226
413 191
404 222
405 187
423 235
381 238
392 253
403 262
409 193
395 258
396 223
386 209
385 208
384 207
383 206
396 259
397 259
398 259
388 255
389 220
400 229
401 194
412 203
404 199
405 200
397 196
392 230
403 239
382 216
381 215
380 214
379 213
395 235
394 190
393 191
393 190
385 221
396 236
389 197
408 210
400 206
422 230
401 207
393 203
412 216
413 181
399 246
404 212
391 242
411 220
402 251
402 252
392 243
384 239
403 252
395 248
396 213
415 226
408 187
418 237
388 245
389 210
408 223
407 222
408 221
407 220
408 220
421 242
421 243
406 262
412 193
398 258
404 189
390 254
410 232
410 233
422 243
399 259
391 255
392 220
411 233
384 216
395 225
396 190
415 203
414 204
415 204
407 199
396 226
388 222
408 200
400 196
380 223
399 236
391 232
411 210
383 228
402 241
402 242
403 206
392 233
384 229
403 242
404 242
405 243
395 238
396 203
388 199
407 212
418 227
389 200
421 232
387 239
412 183
398 248
399 213
390 244
410 222
411 187
402 218
422 233
414 229
399 249
391 245
392 210
383 241
384 206
402 254
403 219
395 215
407 189
417 239
416 239
417 240
388 212
408 190
394 255
400 186
398 225
418 240
410 199
380 213
399 226
390 257
391 222
411 200
383 218
403 196
395 192
405 242
384 219
396 193
407 202
394 232
406 206
421 222
422 221
421 220
423 222
423 223
424 223
422 220
414 183
387 229
406 242
407 243
407 242
408 243
379 225
378 225
379 226
398 238
399 203
390 234
391 199
410 212
402 208
401 249
380 226
391 235
392 200
383 231
424 232
425 231
384 196
383 196
383 195
384 194
403 209
395 205
415 183
416 184
417 184
397 251
425 233
426 234
427 233
417 229
409 225
394 245
386 241
387 206
406 219
410 189
402 185
414 196
387 242
400 261
420 239
390 247
411 190
383 208
423 244
424 243
423 245
425 243
403 186
401 262
393 258
424 245
416 241
409 202
406 196
398 192
379 215
378 215
399 193
410 202
402 198
401 239
393 235
413 213
392 190
391 190
404 244
404 245
405 209
424 222
425 221
424 220
425 220
395 195
382 225
394 199
385 230
405 245
397 241
425 223
426 224
426 223
427 223
418 184
419 184
420 185
420 184
419 186
409 215
394 235
386 231
387 196
406 209
378 227
398 205
390 201
389 242
400 251
401 216
420 229
391 202
404 221
423 234
381 237
380 236
379 236
378 235
377 235
376 236
376 235
379 235
380 234
378 237
378 238
379 238
401 252
393 248
413 226
405 222
424 235
416 231
409 192
382 238
394 212
385 243
386 208
406 186
396 258
388 254
387 209
400 228
419 241
419 242
390 214
410 192
402 188
389 255
401 229
402 229
403 229
420 242
393 225
413 203
405 199
397 195
382 215
394 189
385 220
397 231
409 205
396 235
407 244
407 245
386 221
427 222
427 221
427 220
406 199
398 195
390 191
389 232
408 245
409 246
410 245
411 244
410 243
411 243
400 241
401 206
420 219
419 219
419 218
419 217
420 217
418 217
417 217
416 216
415 216
414 217
414 216
416 218
416 219
417 219
393 202
412 215
404 211
423 224
416 185
416 186
381 227
381 228
393 238
413 216
385 197
385 198
426 235
426 236
405 212
397 208
417 186
403 251
382 228
415 225
415 224
394 202
385 233
386 198
396 248
388 244
389 209
408 222
427 235
428 236
429 236
400 218
419 231
412 192
377 234
376 233
377 233
375 233
374 232
377 232
375 232
374 234
389 245
422 242
401 219
393 215
412 228
413 193
414 194
415 193
399 258
405 189
411 232
402 263
402 264
381 240
382 205
381 205
381 204
381 203
382 203
380 203
379 203
378 202
377 202
376 203
376 202
379 202
380 201
378 204
378 205
379 205
385 210
403 264
415 238
414 237
415 237
415 236
414 239
413 236
412 236
375 202
374 201
374 200
374 199
375 200
376 200
377 200
377 199
375 199
393 192
393 193
410 244
381 217
426 225
426 226
411 245
412 246
413 247
413 246
412 248
403 241
415 215
415 214
415 213
427 225
428 226
428 225
429 224
429 226
430 227
431 226
431 225
432 224
432 226
433 227
434 228
435 229
436 230
434 227
433 229
434 230
436 229
437 228
436 227
437 227
437 230
438 231
438 230
439 231
440 232
441 231
440 233
441 233
439 230
435 231
438 232
438 233
430 228
430 229
439 233
431 228
441 232
434 229
420 186
421 187
422 188
423 187
424 188
424 187
425 188
423 189
423 190
424 190
422 187
425 187
421 189
422 190
424 189
425 190
426 191
426 190
427 190
427 189
427 188
377 224
376 223
377 222
376 225
375 222
374 222
423 191
380 235
402 253
382 195
381 195
403 254
404 255
404 254
405 253
406 252
405 255
406 251
406 250
376 237
376 238
407 224
373 231
372 230
373 230
373 229
372 232
371 232
370 231
369 231
369 230
369 229
369 228
368 227
370 229
367 228
367 229
368 229
418 239
377 201
421 244
421 245
366 228
365 228
364 227
365 226
364 225
363 226
362 226
362 225
365 225
366 224
365 223
366 223
366 226
363 225
366 225
362 227
365 227
398 260
397 261
397 262
398 261
410 234
409 235
409 236
410 235
408 235
407 235
407 234
407 233
407 232
408 233
408 232
402 230
402 231
422 245
399 261
411 235
403 231
404 232
405 233
405 232
404 234
415 205
416 206
417 207
414 206
414 207
417 206
418 205
417 204
419 206
419 207
420 207
418 204
418 207
420 206
416 208
416 209
417 209
419 208
419 209
420 209
421 210
422 210
423 211
424 210
425 211
426 211
427 211
427 210
423 212
425 210
424 212
427 212
428 213
429 214
426 213
426 214
429 213
428 215
428 216
429 216
430 217
430 216
431 216
431 215
432 214
431 213
432 213
432 216
433 217
434 217
435 218
436 217
437 218
435 219
437 217
436 219
430 218
430 219
431 218
433 218
433 219
434 219
426 215
409 247
409 248
437 229
429 225
440 234
440 235
406 241
406 240
406 239
377 214
376 213
377 212
376 215
375 212
374 212
374 211
375 210
374 209
373 209
372 210
371 209
372 209
375 209
371 211
371 212
372 212
377 211
377 210
370 208
370 207
369 206
368 207
367 207
367 206
370 206
369 208
368 206
367 208
376 214
373 208
372 207
373 207
373 206
366 205
365 205
364 205
364 204
365 203
366 203
363 205
362 205
365 204
422 222
441 235
442 236
443 236
414 218
414 219
433 231
380 225
426 192
426 193
410 247
402 243
415 182
415 181
415 180
405 254
425 232
415 218
428 237
428 238
427 192
428 193
428 192
429 191
429 193
430 194
431 193
432 192
431 191
432 191
432 193
433 194
434 195
435 196
435 197
436 197
434 194
433 196
433 197
434 197
436 196
437 195
436 194
437 194
437 197
438 198
439 198
440 199
441 198
440 200
441 200
442 201
443 202
443 201
442 203
444 200
445 201
446 202
446 201
445 203
445 204
446 204
447 204
448 204
448 203
443 203
435 198
436 199
446 203
438 199
438 200
439 200
431 195
430 196
434 196
445 205
373 221
372 220
373 219
371 221
371 222
372 222
373 218
373 217
370 221
369 221
369 220
369 219
369 218
370 217
369 216
368 217
367 216
370 216
370 219
368 216
367 218
367 219
368 219
370 218
366 215
366 214
365 213
366 213
365 215
364 215
363 214
362 213
363 213
362 215
361 212
360 212
359 212
358 212
357 212
357 211
358 210
357 209
356 209
355 210
355 209
358 209
360 211
361 210
356 208
362 214
363 215
355 211
355 212
358 211
372 221
361 211
364 216
364 217
365 217
357 213
429 238
430 239
430 240
431 238
432 237
433 237
434 238
435 239
436 240
431 236
434 237
433 239
433 240
434 240
436 239
437 238
437 240
432 236
435 241
435 242
436 242
434 239
430 241
437 239
433 241
433 242
434 242
436 241
437 242
438 243
439 243
440 243
441 243
368 228
414 195
406 254
407 255
408 255
409 256
410 256
410 255
411 254
410 253
411 253
411 256
412 256
413 257
413 256
412 258
412 259
413 259
414 260
415 259
415 258
414 261
414 262
411 255
415 261
416 262
416 261
417 260
418 261
419 262
418 260
417 262
420 262
421 263
422 264
422 263
418 262
410 257
409 258
409 259
413 258
416 263
416 264
417 264
409 260
379 237
358 214
359 215
359 214
360 214
371 233
371 234
380 238
372 234
424 244
384 208
376 204
376 205
415 195
416 196
417 196
418 195
419 194
420 195
417 194
420 194
419 196
419 197
420 197
421 197
422 198
423 199
423 200
424 200
422 197
418 194
421 199
421 200
422 200
424 199
425 198
425 200
426 201
427 200
418 197
420 196
423 201
423 202
424 202
427 202
428 203
429 204
430 204
431 204
431 203
432 204
433 204
434 205
435 206
436 207
433 206
433 207
434 207
426 203
436 206
437 205
437 207
438 208
439 209
440 210
441 211
439 208
438 210
441 210
429 203
440 212
432 203
435 208
435 209
436 209
428 205
439 210
431 205
430 206
430 207
432 206
434 206
430 208
419 198
422 199
441 212
442 213
442 214
443 214
443 213
444 213
445 214
445 213
446 212
446 214
446 213
442 215
443 216
445 215
445 216
446 216
447 217
447 216
448 216
449 217
450 217
451 218
451 217
449 218
449 219
450 219
448 215
448 214
433 208
433 209
434 209
361 224
360 224
359 225
358 224
357 224
357 223
357 222
357 221
358 220
358 222
356 221
355 222
355 221
358 221
360 223
360 222
361 222
364 229
397 263
397 264
425 245
426 246
426 247
427 245
428 246
429 247
429 246
428 248
429 249
430 249
431 248
432 247
431 246
432 246
426 248
429 248
432 248
417 241
418 206
409 237
409 238
437 219
438 220
438 221
439 221
440 220
441 221
441 220
440 222
440 223
441 223
442 223
443 224
443 223
444 223
445 224
446 224
439 220
442 225
442 226
443 226
445 225
445 226
446 226
447 227
448 226
438 222
439 223
441 222
444 222
444 221
428 250
429 215
448 228
449 229
450 230
447 229
450 229
451 228
450 227
451 227
449 231
421 211
421 212
354 221
353 220
353 219
352 218
351 217
350 216
351 216
350 218
351 219
353 218
354 217
353 216
354 216
354 219
355 219
356 219
356 218
349 215
348 215
352 220
351 218
354 218
347 215
346 215
345 215
345 214
346 213
347 213
344 214
343 213
343 215
343 214
346 214
350 220
345 216
345 217
440 224
346 217
406 231
405 230
406 230
406 229
418 242
422 212
414 208
387 254
386 254
385 253
386 252
385 251
384 250
383 249
384 249
383 251
383 252
384 252
386 251
387 250
386 249
387 249
387 252
382 248
381 248
380 247
379 246
380 246
378 247
378 248
379 248
384 251
377 247
376 246
376 245
377 245
376 248
375 245
374 245
374 244
375 243
374 242
373 242
372 243
371 242
372 242
375 242
371 244
372 245
377 244
370 241
369 241
376 247
373 241
372 240
373 240
373 239
387 251
379 247
380 248
372 244
383 253
375 244
386 253
378 249
378 250
368 241
367 241
367 240
367 239
368 239
366 238
365 238
364 238
364 237
365 236
364 235
363 236
362 235
365 235
366 236
361 235
360 234
361 233
360 232
359 235
361 232
363 235
362 237
362 238
363 238
365 237
358 234
358 233
357 232
358 232
357 234
356 231
355 232
357 233
361 234
364 239
364 240
354 231
353 231
352 231
352 230
353 229
352 228
351 229
350 229
350 228
353 228
354 227
354 229
351 228
354 228
350 230
350 231
351 231
353 230
365 240
356 230
356 229
379 250
380 215
371 246
372 211
410 237
349 227
349 226
348 225
347 224
346 223
347 223
346 225
345 225
347 226
349 225
348 227
344 224
343 225
416 207
343 224
347 225
345 226
345 227
346 227
360 236
359 237
352 232
413 248
414 249
414 250
415 249
416 249
417 250
417 249
418 248
418 250
416 251
416 252
417 252
419 251
420 250
419 252
420 252
421 253
422 254
423 255
422 253
421 255
424 255
425 254
424 253
425 253
425 256
426 257
426 256
426 258
426 259
415 248
415 247
415 246
418 249
422 255
414 251
414 252
425 255
417 251
418 252
420 251
423 256
423 257
364 206
364 207
405 244
424 257
425 222
444 235
443 234
445 236
446 235
445 237
446 234
446 237
447 237
448 237
448 236
444 233
446 236
445 238
416 253
416 254
417 218
436 231
437 196
342 224
341 224
340 224
340 223
341 222
340 221
339 221
338 222
338 221
341 221
342 220
342 222
339 220
338 219
339 219
337 219
336 219
336 218
339 218
337 218
336 220
342 221
338 223
338 224
335 217
334 218
333 218
332 217
331 217
341 223
333 219
333 220
428 227
428 228
429 192
334 220
448 205
449 206
450 205
449 207
451 205
450 207
447 206
447 207
448 206
450 206
451 207
452 207
453 207
449 208
449 209
450 209
452 208
452 209
453 209
454 210
453 211
455 210
353 233
394 234
440 201
440 202
365 207
417 254
418 219
429 228
421 224
422 189
368 218
441 202
414 185
414 186
433 198
406 244
452 211
379 227
419 263
419 264
371 223
371 224
383 197
383 198
401 251
360 213
447 218
447 219
380 228
420 264
372 224
412 260
412 261
404 256
404 257
432 238
384 198
424 234
425 199
444 212
443 211
444 211
444 210
435 243
436 208
415 185
428 204
361 214
413 261
405 257
425 235
418 196
436 244
409 227
437 209
429 205
448 218
375 234
421 201
421 202
367 230
367 231
359 226
359 227
406 221
378 239
379 204
356 220
443 225
422 202
348 216
348 217
368 231
400 263
400 264
379 240
420 241
380 205
412 237
412 238
432 215
423 246
423 247
424 211
349 217
435 220
435 221
381 249
381 250
401 264
360 226
413 238
405 234
424 247
425 212
444 225
417 208
363 237
436 221
382 250
428 217
355 233
355 234
374 246
375 211
385 255
386 220
378 216
378 217
406 198
439 232
398 194
418 209
344 223
344 222
451 206
442 237
442 238
375 247
408 244
368 208
387 221
419 253
419 254
379 217
420 218
371 213
399 195
390 226
431 227
391 191
410 204
337 220
356 233
402 200
443 238
340 225
401 241
447 208
447 209
420 254
393 237
413 215
404 246
432 228
405 211
424 224
425 189
397 207
330 217
416 220
416 221
444 202
417 185
436 198
382 227
428 194
428 195
374 223
374 224
394 201
385 232
386 197
405 247
397 243
438 244
417 221
418 186
409 217
437 199
450 218
429 195
415 260
375 224
421 191
367 220
407 256
407 257
386 233
387 198
427 234
359 216
359 217
406 211
398 207
390 203
451 219
356 210
443 215
389 244
408 257
414 188
400 253
420 231
380 195
393 214
412 227
413 192
431 240
404 223
404 224
432 205
423 236
424 201
370 230
416 197
416 198
435 210
435 211
381 239
382 204
401 254
393 250
413 228
385 209
404 259
405 224
446 225
397 220
425 202
416 233
417 198
403 263
436 211
363 227
409 194
449 230
355 223
355 224
375 201
394 214
385 245
386 210
406 188
378 206
378 207
439 222
344 213
450 231
396 260
442 227
442 228
388 256
388 257
389 221
408 234
427 247
400 230
400 231
419 243
379 207
420 208
366 237
412 204
431 217
377 246
423 213
423 214
443 228
402 190
369 242
369 243
389 257
381 216
401 231
393 227
413 205
432 218
405 201
351 230
424 214
397 197
370 243
416 210
343 226
343 227
362 239
363 204
382 217
374 213
374 214
394 191
426 260
385 222
446 238
438 234
438 235
439 199
430 230
430 231
409 207
450 208
396 237
442 204
442 205
415 250
375 214
407 246
407 247
408 211
427 224
419 220
419 221
398 197
439 235
344 226
431 194
377 223
451 209
443 205
389 234
408 247
400 243
401 208
420 221
393 204
412 217
413 182
431 230
432 195
404 213
424 191
370 220
416 187
416 188
362 216
362 217
435 200
381 229
382 194
414 263
414 264
434 241
385 199
385 200
426 237
426 238
405 214
446 215
425 192
397 210
392 244
438 211
438 212
411 257
417 188
403 253
363 217
449 220
449 221
409 184
395 249
355 213
415 227
394 204
407 223
386 200
427 201
439 212
450 221
396 250
442 217
415 263
388 246
389 211
408 224
427 237
400 220
419 233
420 198
347 214
366 227
412 194
431 207
358 223
404 190
377 236
350 219
423 203
369 232
369 233
422 244
381 206
381 207
414 240
414 241
434 218
413 195
399 260
405 191
445 227
445 228
391 256
351 220
424 204
370 233
343 216
343 217
411 234
416 200
402 265
403 230
382 207
374 203
446 228
392 257
438 224
384 253
430 220
430 221
376 249
376 250
395 262
415 240
407 236
408 201
427 214
354 230
400 197
373 243
346 226
419 210
365 239
366 204
357 235
357 236
418 251
377 213
369 209
369 210
421 256
421 257
335 216
400 233
401 198
441 234
347 227
420 211
393 194
433 230
366 240
412 207
453 208
358 236
404 203
399 237
350 232
410 246
370 210
362 206
362 207
422 257
414 253
434 231
339 222
426 227
426 228
331 218
331 219
446 205
392 234
397 200
438 201
438 202
411 247
384 230
430 197
430 198
363 207
403 243
449 210
376 226
376 227
395 239
396 204
415 217
407 213
427 191
332 219
373 220
419 187
419 188
365 216
439 202
450 211
417 263
396 240
437 241
388 236
389 201
429 237
408 214
400 210
419 223
420 188
406 253
366 217
412 184
358 213
431 197
418 264
377 226
369 222
422 234
381 196
414 230
414 231
393 207
433 243
434 208
380 237
426 204
426 205
399 250
445 217
372 233
391 246
392 211
410 259
383 242
411 224
402 255
403 220
382 197
395 216
415 194
361 223
446 218
392 247
364 228
384 243
425 244
376 239
395 252
396 217
415 230
388 213
428 249
408 191
448 227
427 204
354 220
400 187
373 233
346 216
365 229
357 225
357 226
418 241
377 203
429 250
389 214
421 246
421 247
422 211
401 188
368 240
441 224
347 217
387 253
433 220
433 221
379 249
398 262
358 226
399 227
404 193
371 245
390 258
391 223
410 236
411 201
402 232
402 233
422 247
360 235
434 221
380 250
372 246
391 259
392 224
411 237
424 256
384 220
403 233
376 216
376 217
444 234
395 229
396 194
342 223
415 207
361 236
407 203
334 219
353 232
373 210
345 228
345 229
364 241
365 206
425 257
417 253
418 218
409 249
409 250
437 231
388 226
429 227
389 191
421 223
354 233
400 200
440 236
440 237
441 201
346 229
387 230
366 207
338 225
406 243
452 210
398 239
377 216
418 254
390 235
410 213
335 219
422 224
441 237
414 220
434 198
420 263
380 227
426 194
426 195
399 240
372 223
391 236
392 201
410 249
411 214
383 232
384 197
403 210
395 206
415 184
361 213
413 260
405 256
364 218
364 219
384 233
425 234
397 252
416 265
416 266
417 230
436 243
396 207
437 208
388 203
428 239
428 240
407 216
406 217
448 217
394 246
354 210
353 210
352 210
351 210
350 210
353 209
440 213
440 214
373 223
386 242
365 219
406 220
357 215
417 266
418 231
437 244
429 240
421 236
422 201
441 214
368 230
414 197
387 243
433 210
433 211
406 256
379 239
380 204
398 252
399 217
371 235
371 236
390 248
391 213
410 226
411 191
383 209
383 210
402 222
403 187
349 216
360 225
401 263
447 230
447 231
380 240
393 259
352 221
352 222
351 223
350 222
349 223
372 236
413 237
392 214
383 245
382 246
424 246
384 210
403 223
416 242
416 243
376 206
444 224
436 220
382 249
415 197
361 226
407 193
353 222
385 254
345 218
373 200
372 200
371 201
371 200
372 201
425 247
417 243
418 208
437 221
409 239
409 240
429 217
448 230
375 246
421 213
421 214
394 259
367 242
367 243
386 255
346 219
359 238
359 239
387 220
378 251
378 252
406 233
379 216
398 229
399 194
390 225
356 232
402 199
443 237
348 228
348 229
422 214
368 243
433 223
379 252
380 217
420 253
399 230
372 213
412 249
412 250
392 191
432 227
423 258
423 259
383 222
403 200
444 201
349 229
395 196
435 232
435 233
341 225
360 238
333 221
333 222
352 234
413 250
364 208
405 246
424 259
425 224
397 242
416 255
444 237
417 220
418 185
436 233
409 216
437 198
342 226
428 229
429 194
334 222
335 223
336 222
375 223
448 207
421 190
394 236
440 203
440 204
406 210
378 228
378 229
398 206
439 244
418 221
409 252
408 253
429 230
421 226
422 191
408 256
441 204
368 220
414 187
419 265
379 229
398 242
399 207
371 225
390 238
391 203
431 239
410 216
411 181
383 199
383 200
401 253
360 215
447 220
447 221
393 249
352 211
352 212
412 262
372 226
373 227
374 226
413 227
404 258
432 240
405 223
424 236
384 200
425 201
416 232
444 214
417 197
435 245
436 210
428 206
428 207
407 183
406 184
374 235
374 236
353 212
394 213
385 244
405 259
406 260
407 259
406 187
397 255
425 237
417 233
418 198
437 211
409 229
408 230
429 207
375 236
421 203
394 249
367 232
386 245
427 246
359 228
359 229
406 223
378 241
379 206
371 202
371 203
410 193
356 222
402 189
443 227
389 256
348 218
348 219
368 233
414 200
400 265
401 230
380 207
420 243
412 239
412 240
411 241
372 203
413 204
404 235
404 236
432 217
423 248
424 213
403 190
370 242
349 219
435 222
435 223
381 251
381 252
360 228
447 233
448 234
449 233
352 224
393 262
413 240
405 236
424 249
397 232
425 214
416 245
417 210
363 239
436 223
409 206
382 252
428 219
355 235
355 236
354 237
374 248
375 213
394 226
367 209
367 210
366 211
386 222
406 200
378 218
378 219
377 220
376 220
375 220
376 219
398 196
439 234
344 225
390 192
390 193
336 221
451 208
442 239
442 240
441 241
443 204
408 246
368 210
400 242
433 190
419 255
379 219
420 220
399 197
371 215
390 228
431 229
391 193
432 194
337 222
423 225
423 226
424 227
356 235
443 240
329 218
402 202
435 199
401 243
447 210
420 256
393 239
412 252
413 217
404 248
432 230
405 213
424 226
397 209
425 191
416 222
444 204
417 187
436 200
363 216
409 183
382 229
428 196
428 197
427 198
374 225
394 203
385 234
386 199
397 245
439 211
430 242
430 243
429 244
418 188
409 219
450 220
429 197
396 249
442 216
375 226
415 262
421 193
367 222
407 258
386 235
359 218
427 236
387 200
378 231
419 232
379 196
378 196
398 209
390 205
431 206
451 221
410 183
356 212
443 217
389 246
408 259
400 255
401 220
393 216
412 229
413 194
431 242
404 225
404 226
403 227
432 207
405 190
423 238
424 203
370 232
416 199
362 228
362 229
361 230
435 212
381 241
380 242
382 206
374 202
393 252
426 249
426 250
425 251
385 211
385 212
405 226
406 227
407 226
446 227
397 222
392 256
425 204
438 223
417 200
363 229
449 232
409 196
382 242
428 209
395 261
355 225
374 238
415 239
375 203
394 216
385 247
386 212
427 213
406 190
378 208
439 224
344 215
450 233
396 262
442 229
388 258
389 223
408 236
427 249
400 232
401 197
420 210
371 205
366 239
412 206
358 235
431 219
404 202
377 248
423 215
423 216
369 244
369 245
370 209
389 259
340 217
422 256
381 218
381 219
401 233
447 200
448 201
393 229
413 207
404 238
405 203
445 239
351 232
424 216
397 199
370 245
343 228
343 229
342 230
416 212
411 246
363 206
382 219
374 215
394 193
385 224
332 218
438 236
439 201
430 232
430 233
429 234
450 210
396 239
442 206
442 207
441 208
415 252
421 183
420 182
421 181
421 180
422 181
423 181
424 181
388 235
407 248
367 212
408 213
427 226
359 208
400 209
419 222
420 187
366 216
390 195
431 196
336 224
335 225
334 226
335 226
335 227
336 228
337 229
334 228
333 228
334 229
335 228
337 228
333 230
334 231
336 230
336 231
337 231
338 232
338 231
339 231
339 230
339 229
339 228
332 227
332 226
331 225
332 225
331 227
330 225
329 225
338 233
338 234
328 224
327 224
327 223
327 222
327 221
328 220
328 222
328 221
339 233
340 234
340 233
341 232
342 232
341 234
341 233
342 234
343 235
343 236
344 234
345 235
345 236
346 236
346 235
347 234
346 233
348 235
349 236
347 233
347 236
349 235
345 237
345 238
346 238
348 237
348 238
349 238
350 239
351 239
352 240
353 239
354 240
352 241
354 239
353 241
347 235
350 240
350 241
351 241
343 237
353 240
354 241
355 242
356 241
357 242
358 243
358 242
357 244
357 245
358 245
359 245
360 245
360 244
361 243
360 242
361 242
361 245
358 244
361 244
346 237
357 246
347 238
349 237
360 246
359 247
359 248
360 247
352 242
352 243
351 244
350 243
361 247
362 248
362 247
363 246
364 247
365 246
366 247
364 248
366 246
365 248
363 248
366 248
367 249
368 250
369 251
369 252
370 252
371 252
372 253
372 252
373 252
368 249
371 254
371 255
372 255
367 251
368 252
370 251
373 251
373 250
369 253
372 254
364 249
364 250
373 254
374 255
374 254
375 253
375 255
376 256
377 255
377 257
378 258
379 259
376 258
379 258
380 257
379 256
381 258
382 259
380 256
380 259
382 258
378 260
381 260
382 261
383 262
383 261
384 260
385 261
386 262
384 262
428 230
386 261
387 260
387 262
385 263
385 264
386 264
384 261
380 258
383 263
383 264
384 264
365 250
375 254
386 263
368 251
387 264
388 265
379 260
371 256
371 257
372 257
334 230
353 243
345 239
363 247
383 259
382 260
374 256
374 257
385 265
385 266
375 257
367 253
386 266
359 249
359 250
337 230
356 243
355 244
329 226
329 227
348 239
340 235
340 236
330 227
349 240
341 236
333 232
352 245
377 256
351 240
370 253
362 249
362 250
381 262
363 250
344 236
336 232
384 263
376 259
376 260
375 261
373 253
365 249
347 237
366 250
358 246
377 259
350 242
328 223
339 232
331 228
331 229
351 243
332 229
387 263
380 260
372 256
383 265
342 233
361 246
353 242
364 251
364 252
376 262
375 263
354 243
346 239
365 252
338 235
338 236
335 229
327 225
326 226
326 227
327 226
328 226
382 263
375 256
367 252
386 265
378 261
378 262
356 242
368 253
379 262
371 258
371 259
330 226
349 239
341 235
360 248
333 231
352 244
342 236
334 232
353 245
326 228
326 229
381 261
363 249
382 262
355 245
355 246
374 258
374 259
373 260
385 267
344 235
375 259
359 251
337 232
356 245
329 228
329 229
348 241
340 237
340 238
330 229
341 238
367 245
359 241
366 249
377 258
369 254
369 255
340 227
351 242
370 255
343 238
343 239
342 240
362 251
362 252
361 253
360 254
360 255
361 255
362 256
363 256
360 256
359 257
359 258
360 257
358 257
357 257
357 256
357 255
357 254
358 255
356 254
355 255
355 254
358 254
361 257
362 258
363 259
364 258
365 259
365 258
366 259
367 259
368 260
369 261
370 262
371 263
372 263
373 262
368 259
369 258
364 260
367 261
367 262
368 262
370 261
363 258
366 258
369 263
369 264
370 264
371 265
372 265
362 260
373 264
374 265
375 266
375 265
365 260
368 261
375 267
367 263
367 264
359 259
358 260
359 260
356 253
355 252
356 252
354 252
353 252
352 251
353 251
354 250
353 249
354 249
356 251
352 253
351 251
350 251
354 251
353 253
368 264
349 250
348 250
347 251
346 250
345 250
345 249
345 248
345 247
346 246
345 245
344 245
343 245
347 246
346 248
348 247
349 246
348 248
349 248
342 245
341 245
340 244
341 244
342 243
341 242
342 242
344 244
340 246
344 247
343 248
343 247
346 247
347 248
339 243
338 242
339 241
338 244
337 241
336 241
336 240
337 239
349 247
342 244
335 240
334 239
333 238
332 238
331 238
331 237
330 236
331 235
329 235
332 235
334 238
335 238
330 235
333 240
333 241
334 241
329 237
330 238
332 237
335 237
335 236
335 235
328 234
328 233
327 232
328 232
327 234
326 235
325 234
331 239
334 240
326 236
326 237
327 236
337 240
348 249
340 245
330 237
341 246
360 259
333 242
333 243
334 243
370 263
362 259
363 260
355 256
355 257
344 246
336 242
336 243
337 243
329 239
348 252
373 263
347 247
366 260
358 256
350 252
350 253
369 265
339 242
351 253
343 249
332 239
324 235
324 236
325 236
361 256
364 261
364 262
354 253
373 266
346 249
365 262
338 245
338 246
357 258
335 239
327 235
347 250
358 259
328 236
339 245
368 263
349 249
360 258
352 254
352 255
342 246
361 259
334 242
353 255
326 238
326 239
345 251
327 238
359 261
359 262
358 263
337 242
356 255
329 238
348 251
340 247
340 248
330 239
349 252
341 248
333 244
351 252
370 265
362 261
362 262
361 263
333 234
363 262
355 258
325 235
344 248
336 244
336 245
337 245
381 264
380 265
381 266
380 267
381 268
379 268
378 268
382 268
377 267
380 268
358 253
333 224
332 228
363 252
355 248
356 249
357 248
373 265
365 261
344 238
336 234
347 249
366 262
358 258
350 254
350 255
349 256
329 231
330 231
331 231
328 235
339 244
331 240
331 241
351 255
362 264
332 241
324 237
325 238
362 241
384 265
376 261
354 242
373 255
365 251
357 247
418 263
451 211
377 225
423 192
423 193
424 194
424 195
443 207
444 208
445 207
389 236
400 245
401 210
347 239
393 206
366 252
412 219
413 184
358 248
432 197
404 215
377 261
423 228
424 229
350 244
424 193
369 257
370 222
410 258
416 189
362 218
362 219
361 220
381 231
380 232
382 196
328 225
414 265
434 243
339 234
426 239
426 240
425 241
424 241
385 201
385 202
331 230
446 217
351 245
392 246
438 213
438 214
437 215
411 259
343 241
344 242
345 241
417 190
430 209
430 210
429 211
403 255
363 219
449 222
449 223
448 224
355 215
361 258
407 225
353 254
386 202
427 203
332 231
373 232
378 198
419 199
419 200
364 263
365 264
364 264
439 214
430 245
450 223
442 219
388 248
407 261
408 226
354 255
346 251
420 200
347 216
366 229
338 247
338 248
337 249
357 260
431 209
358 225
377 238
350 221
423 205
369 234
335 241
381 208
381 209
422 246
327 237
414 242
414 243
413 244
347 252
434 220
380 249
426 216
426 217
425 218
399 262
445 229
445 230
444 231
350 257
349 258
348 258
349 259
348 260
347 258
346 258
345 258
344 257
343 258
343 257
345 259
345 260
346 260
349 260
350 261
351 262
352 261
353 262
353 261
354 262
352 263
352 264
353 264
351 261
354 261
350 263
351 264
353 263
354 264
355 265
355 264
356 264
356 263
356 262
352 265
342 257
341 257
340 257
340 256
341 255
340 254
341 254
342 253
341 252
342 255
339 253
339 252
339 251
338 254
338 255
342 254
338 256
341 256
344 256
344 255
344 254
337 253
337 252
336 251
337 251
336 253
335 250
334 249
335 248
333 250
333 251
334 251
332 250
331 250
331 249
331 248
331 247
330 246
329 245
332 248
328 245
327 245
326 245
327 244
330 245
329 247
329 248
330 248
332 247
325 244
325 243
325 242
325 241
324 244
328 244
327 246
326 247
326 248
330 247
333 252
333 253
334 253
326 249
323 243
322 244
322 243
336 252
329 249
329 250
340 258
330 250
351 263
343 259
343 260
332 249
324 245
324 246
325 246
344 259
354 263
346 259
335 249
347 260
350 265
328 246
339 255
331 251
332 252
342 256
334 252
353 265
345 261
323 242
346 262
335 252
327 248
356 265
348 261
348 262
330 249
349 262
322 245
322 246
341 258
333 254
332 255
333 255
374 253
334 255
323 245
326 241
325 245
344 258
336 254
381 259
336 255
337 255
329 251
347 259
350 264
340 250
339 254
351 265
332 251
324 247
324 248
323 249
322 250
321 249
323 251
322 252
323 252
437 203
321 251
320 251
319 251
318 251
317 251
317 250
318 249
319 252
319 253
320 253
323 253
324 254
325 255
322 254
322 255
325 254
324 256
325 257
326 258
326 257
327 257
327 256
327 255
327 254
327 253
328 255
328 254
328 257
329 258
329 257
330 256
330 258
326 259
316 250
315 250
314 250
314 249
315 248
316 248
315 249
318 250
329 259
322 256
321 257
314 251
325 256
317 252
316 253
317 253
318 253
328 256
320 252
321 253
313 249
312 249
324 258
316 249
327 258
319 254
319 255
318 256
318 257
317 255
328 259
320 255
330 259
323 255
315 251
319 257
318 252
322 258
321 259
321 260
320 261
320 262
321 261
322 248
321 252
324 257
325 258
317 254
318 255
325 248
328 258
320 254
312 250
312 251
311 252
321 255
313 251
427 199
354 265
346 261
338 257
338 258
337 259
336 258
335 258
336 257
335 251
327 247
347 262
328 248
339 257
331 253
330 253
324 250
323 254
316 251
319 256
320 257
312 253
311 254
310 254
311 255
309 255
308 255
307 254
308 254
307 256
310 256
310 257
311 257
312 257
313 258
314 259
315 258
314 260
316 258
315 260
313 257
306 253
305 254
309 254
312 259
312 260
313 260
315 259
316 260
317 261
318 262
318 261
317 263
308 256
309 257
311 256
314 261
314 262
304 253
303 253
303 252
303 251
304 251
302 250
301 251
300 251
300 250
448 222
299 250
298 250
301 250
300 252
300 253
301 253
315 262
306 252
306 251
318 263
310 258
309 259
313 259
305 255
305 256
302 249
306 255
298 251
297 252
296 252
295 251
316 259
309 256
301 252
312 261
312 262
313 262
302 252
304 252
315 261
307 257
307 258
316 262
348 256
347 256
308 258
358 230
300 254
301 255
311 258
303 254
303 255
314 263
304 255
296 251
315 264
317 264
317 265
316 266
306 254
299 251
310 260
309 261
295 253
294 254
293 255
292 255
291 254
293 256
294 257
295 257
296 256
296 258
296 257
297 258
298 257
299 258
300 257
292 254
295 259
295 260
296 260
298 259
298 260
299 260
291 256
294 256
297 257
290 253
289 253
288 254
287 253
286 253
286 252
287 251
289 252
289 251
290 251
293 258
296 259
288 255
288 256
297 260
289 255
299 259
292 256
295 261
287 252
298 261
298 262
299 262
300 263
300 262
301 261
301 260
302 260
303 261
304 262
305 263
305 264
306 264
304 261
303 263
306 263
301 263
304 263
306 265
307 266
307 267
308 267
305 266
305 267
308 266
336 246
309 265
308 264
309 263
310 266
311 265
310 267
311 267
312 267
313 268
435 194
309 264
312 269
312 270
455 209
313 270
314 270
315 270
316 270
309 267
311 266
314 271
413 212
413 211
307 268
308 269
391 263
310 268
310 269
311 269
309 266
301 262
374 210
312 271
312 272
311 273
290 252
431 224
293 257
313 272
305 268
305 269
302 262
294 258
286 254
286 255
285 256
287 255
315 271
297 259
308 268
300 264
300 265
289 254
309 269
301 265
302 266
303 265
290 255
311 268
303 264
304 265
296 261
288 257
288 258
289 259
307 270
307 271
308 272
309 273
285 251
284 252
283 253
284 253
417 225
297 262
289 257
299 261
291 257
291 258
310 270
292 258
311 271
284 254
283 255
283 256
282 257
283 258
284 259
285 258
285 260
284 261
283 257
282 259
281 259
280 258
279 257
282 260
280 257
283 260
285 259
278 256
278 255
278 254
342 231
284 262
285 262
286 263
286 262
287 261
287 263
288 264
289 263
290 264
291 264
292 265
293 266
294 265
294 264
294 267
292 264
338 230
409 191
291 266
291 267
292 267
294 266
290 263
291 262
290 261
289 261
376 224
293 268
293 269
294 269
295 270
295 269
296 268
297 268
298 268
299 268
300 269
296 270
355 247
299 270
298 270
296 269
426 232
297 270
289 265
292 266
283 259
294 268
286 264
297 269
289 264
290 265
285 261
300 267
292 268
285 264
303 267
302 268
302 269
303 270
303 271
304 272
406 248
302 271
301 271
356 240
356 239
304 271
302 270
357 238
295 263
296 264
296 265
296 266
395 256
393 234
287 264
313 271
302 261
414 210
287 254
306 267
298 263
298 264
291 260
292 260
293 261
293 260
283 261
294 270
313 261
305 257
305 258
305 259
343 223
302 251
317 267
316 268
306 257
307 264
298 253
297 254
298 255
309 268
301 264
312 273
290 254
293 259
305 270
302 264
294 260
286 256
328 243
329 242
328 242
329 241
279 253
280 254
280 255
310 255
281 253
316 261
308 257
309 258
301 254
312 263
305 260
306 261
307 260
304 264
307 269
297 261
308 270
300 266
289 256
301 267
290 257
282 253
293 262
285 263
304 254
315 263
307 259
351 222
397 189
397 188
297 251
343 218
411 236
383 254
382 255
382 256
383 255
381 254
380 254
379 254
316 264
362 231
363 231
364 231
403 232
308 260
349 261
382 209
300 256
328 238
374 205
415 206
339 247
426 252
427 252
446 230
438 226
384 255
430 222
449 235
376 251
342 258
415 242
334 254
407 238
427 216
354 232
326 250
327 251
326 251
325 252
373 245
346 228
419 212
365 241
383 227
292 257
366 206
311 270
357 237
303 266
377 215
418 253
423 182
424 183
424 184
423 185
422 185
423 183
295 262
341 250
323 244
369 211
369 212
335 218
421 258
421 259
420 260
422 223
441 236
387 265
347 229
433 232
433 233
432 234
379 261
453 210
358 238
404 205
445 206
304 267
350 234
296 263
410 248
370 212
416 179
417 180
418 181
417 182
418 182
375 218
288 259
402 244
402 245
402 246
401 247
362 208
335 254
307 272
422 259
327 250
414 255
434 233
380 262
339 224
426 229
285 253
372 258
331 220
331 221
330 222
331 223
330 223
412 247
446 207
438 203
411 249
383 267
430 199
429 200
429 201
430 200
431 201
432 201
424 196
433 200
403 245
376 228
376 229
375 230
449 212
450 213
316 269
322 257
342 235
415 219
361 248
353 244
427 193
354 209
345 240
373 222
419 189
419 190
364 253
439 204
352 248
351 249
365 218
357 214
376 264
377 265
378 265
378 264
417 265
281 255
437 243
442 209
409 261
409 262
408 263
314 252
444 230
314 253
429 239
354 245
441 213
346 241
420 190
366 219
406 255
338 237
357 250
358 215
431 199
377 228
418 266
423 195
350 211
350 212
349 213
323 257
315 253
335 231
381 198
380 199
327 227
414 232
414 233
413 234
433 245
434 210
380 239
426 206
426 207
425 208
424 208
316 265
308 265
445 219
444 219
372 235
318 264
351 212
410 261
384 209
349 251
341 247
415 196
360 260
361 225
352 256
352 257
365 231
353 221
373 199
364 230
438 216
310 259
425 246
430 212
376 241
417 242
437 220
342 248
428 251
334 244
407 228
448 229
353 257
354 222
326 240
427 206
440 225
440 226
440 227
440 228
373 235
345 253
346 254
347 254
346 218
406 232
311 260
357 227
303 256
377 205
418 243
295 252
314 265
421 248
422 213
441 226
368 242
414 209
347 219
387 255
433 222
379 251
380 216
398 264
371 247
370 248
371 249
370 249
371 248
304 257
350 224
296 253
410 238
370 202
369 201
368 202
368 203
368 204
337 254
390 263
389 263
402 234
401 235
402 235
307 262
348 263
349 228
414 245
340 259
360 237
434 223
380 252
306 266
426 219
352 233
372 248
413 249
438 193
439 192
440 192
441 193
441 194
441 195
441 196
442 193
442 192
442 191
443 191
441 190
440 190
440 189
441 188
440 187
439 188
438 188
374 233
438 187
441 187
444 190
445 191
446 192
446 191
445 193
415 244
366 244
365 243
406 258
439 187
443 193
446 193
438 189
438 190
437 191
350 262
439 190
442 195
441 189
444 189
320 256
444 188
444 187
444 186
440 191
441 192
443 192
444 192
439 189
442 194
443 195
444 195
435 227
445 195
446 196
445 194
446 195
438 191
441 191
445 197
444 197
444 198
444 191
408 218
437 188
436 188
435 188
392 196
435 187
434 186
433 186
432 187
431 188
307 273
430 188
429 188
334 217
433 188
294 255
432 185
431 185
430 184
430 183
430 186
429 183
428 183
430 185
361 221
428 184
428 185
429 185
342 228
431 184
430 187
433 187
434 188
436 187
429 184
440 193
443 194
435 189
435 190
435 191
434 192
444 194
436 190
428 186
446 194
439 191
442 196
431 186
443 197
435 192
442 186
434 187
445 196
446 197
383 257
384 257
385 258
386 257
329 233
330 233
331 233
385 257
424 258
430 189
330 251
403 235
376 218
444 236
449 202
349 264
322 247
436 232
415 209
342 225
388 192
387 193
386 192
364 254
387 194
388 193
333 256
332 257
332 258
299 265
361 238
334 221
353 234
427 183
426 183
426 182
426 184
426 185
299 263
373 212
345 230
345 231
344 232
291 259
364 243
363 244
365 208
310 272
425 259
417 255
418 220
409 251
437 233
389 193
429 229
375 258
421 225
326 253
367 254
366 255
366 256
321 250
383 236
367 255
440 238
439 239
365 245
441 203
346 231
347 231
348 231
433 199
406 245
378 263
366 209
338 227
379 228
452 212
284 256
303 269
295 265
356 244
335 221
422 226
348 240
368 255
433 235
434 235
435 235
436 235
291 263
434 200
379 264
420 265
380 229
426 196
371 260
445 209
372 225
318 254
432 239
384 199
402 247
330 228
349 241
435 244
341 237
415 186
360 250
361 215
333 233
352 246
353 211
413 262
405 258
364 220
364 221
320 259
319 259
318 259
425 236
376 231
322 260
323 260
436 245
363 261
437 210
342 238
428 241
427 242
427 243
379 201
428 242
429 206
334 234
375 235
448 219
354 212
326 230
440 215
440 216
440 217
439 218
345 246
345 243
365 221
378 240
406 222
311 250
310 250
357 217
374 231
409 264
410 265
411 264
370 228
429 242
422 203
368 232
441 216
359 263
433 212
379 241
380 206
371 237
370 238
370 239
371 238
372 202
445 186
317 266
337 244
383 211
382 212
382 213
383 212
356 257
329 240
402 224
348 253
349 218
340 249
401 265
360 227
447 232
306 256
352 223
372 238
298 252
413 239
405 235
384 212
424 248
425 213
330 241
444 226
376 208
416 244
436 222
437 187
342 215
341 215
340 215
340 214
341 214
382 251
428 218
361 228
333 246
334 246
374 247
353 224
299 253
373 202
385 256
345 220
344 220
407 231
310 262
425 249
417 245
418 246
419 246
419 245
418 210
409 241
437 223
429 219
448 232
375 248
421 215
422 180
367 244
368 209
359 240
433 189
338 217
337 216
338 215
406 235
378 253
379 218
325 247
399 196
371 214
344 260
391 192
336 256
337 221
356 234
443 239
302 263
422 216
348 230
368 245
294 259
414 212
340 226
401 242
434 190
420 255
380 219
426 186
371 250
372 215
412 251
432 229
404 247
392 193
337 257
423 260
423 261
424 225
329 253
330 218
370 254
444 203
349 231
435 234
341 227
381 263
360 240
287 256
361 205
360 206
359 206
333 223
306 269
298 265
413 252
405 248
424 261
425 262
424 263
426 262
427 262
425 226
416 257
417 258
418 258
444 239
417 222
437 193
418 187
363 251
437 200
382 264
428 231
429 196
334 224
374 260
448 209
375 225
421 192
280 253
326 220
321 254
367 221
440 205
439 206
313 250
378 230
324 259
357 207
344 237
418 223
290 266
336 233
451 220
356 211
421 228
422 193
367 257
368 222
408 258
359 253
433 202
434 202
435 203
435 202
379 231
420 232
380 196
371 227
366 261
317 256
431 241
337 234
410 218
383 201
423 237
356 247
329 230
340 239
360 217
447 222
352 213
351 214
412 264
413 229
432 242
405 225
351 254
424 238
425 203
444 216
416 234
376 198
343 250
343 251
417 199
362 263
363 228
436 212
428 208
333 236
374 237
353 214
394 215
385 246
386 211
332 240
406 189
397 257
417 235
418 200
363 264
409 231
450 232
355 260
396 261
429 209
375 238
421 205
367 234
313 263
415 251
386 247
367 211
374 250
427 248
363 220
387 212
359 230
378 243
406 225
350 217
288 251
407 253
379 208
419 244
325 237
398 221
371 204
344 250
390 217
410 195
356 224
402 191
427 228
443 229
302 253
389 258
348 220
347 221
340 216
407 250
390 253
401 232
420 245
347 261
393 228
372 205
412 241
418 265
413 206
432 219
404 237
423 250
422 250
362 236
424 215
329 243
370 244
444 193
416 211
428 234
349 221
395 188
362 240
435 224
434 225
444 229
436 189
381 253
341 217
382 218
447 235
328 247
394 192
413 242
339 256
385 223
426 261
405 238
331 252
446 239
397 234
425 216
416 247
417 212
363 241
409 208
437 190
382 254
309 270
428 221
355 237
429 186
301 266
375 215
421 182
394 228
440 195
439 196
385 259
386 224
359 207
332 253
406 202
378 220
379 221
324 249
439 236
398 198
344 227
390 194
290 256
336 223
451 210
282 252
442 241
443 206
389 235
422 183
408 248
368 212
359 243
427 261
400 244
305 272
380 263
419 257
420 222
325 250
371 217
366 251
431 231
358 247
391 195
432 196
377 260
337 224
423 227
297 265
343 232
424 192
369 256
403 246
329 220
348 233
435 201
294 262
340 229
381 230
286 258
327 259
401 245
360 207
447 212
393 241
412 254
413 219
404 250
405 215
424 228
425 193
397 211
370 257
343 240
416 224
411 258
444 206
417 189
435 237
362 253
436 202
363 218
409 185
382 231
428 198
355 214
374 227
394 205
312 252
385 236
386 201
332 230
378 197
439 213
430 244
418 190
450 222
355 250
396 251
442 218
415 264
375 228
421 195
388 247
407 260
367 224
368 224
369 224
408 225
392 205
313 253
354 254
359 220
387 202
427 238
378 233
419 234
379 198
420 199
365 263
344 240
390 207
357 259
431 208
336 236
451 223
377 237
410 185
423 204
356 214
443 219
389 248
408 261
400 257
401 222
420 235
393 218
366 264
412 231
413 196
431 244
432 209
404 227
405 192
350 256
423 240
351 221
424 205
297 250
370 234
416 214
416 201
444 209
316 263
362 230
381 243
380 244
308 259
337 236
382 208
328 237
300 255
374 204
339 246
426 251
385 213
385 214
331 242
331 243
446 229
351 257
397 224
392 258
438 225
343 253
417 202
418 202
419 202
384 254
449 234
409 198
309 260
395 263
355 227
374 240
301 256
415 241
375 205
407 237
312 265
386 214
427 215
332 243
373 244
406 192
378 210
379 210
380 211
419 211
398 188
439 226
344 217
450 235
396 264
442 231
443 196
388 260
389 225
408 238
427 251
400 234
401 199
419 247
347 228
420 212
393 195
338 259
366 241
417 181
412 208
358 237
431 221
404 204
432 186
304 266
377 250
350 233
423 217
422 218
424 182
296 262
369 246
368 247
370 211
335 253
422 258
381 220
381 221
327 249
447 202
414 254
393 231
434 232
413 209
380 261
339 223
285 252
404 240
405 205
446 206
351 234
411 250
397 201
425 183
285 254
370 247
297 263
343 230
411 248
383 266
417 179
362 243
436 192
363 208
403 244
449 211
382 221
428 188
300 268
328 250
374 217
394 195
339 259
385 226
331 255
332 220
438 238
439 203
384 267
430 234
289 258
376 263
450 212
281 254
396 241
442 208
415 254
388 237
389 202
408 215
359 210
436 214
435 215
434 215
435 214
354 244
400 211
373 257
419 224
346 240
420 189
292 269
365 253
366 218
412 185
357 249
431 198
377 227
282 255
423 194
323 256
443 209
369 223
368 257
389 238
315 252
335 230
381 197
400 247
347 241
433 244
366 254
412 221
413 186
358 250
404 217
399 251
432 199
445 218
316 252
350 246
351 211
369 259
410 260
370 224
416 191
417 192
418 192
419 192
435 204
402 256
362 220
381 233
382 198
328 227
319 258
434 245
339 236
426 241
385 203
384 204
331 232
446 219
392 248
297 253
438 215
411 261
343 243
384 221
384 244
430 211
403 257
449 224
450 225
451 225
409 188
376 240
309 250
308 250
307 249
395 253
355 217
415 231
342 247
361 260
407 227
312 255
313 255
314 255
315 256
408 192
353 256
427 205
332 233
373 234
345 252
378 200
419 201
439 216
365 230
311 259
377 204
396 254
442 221
443 186
388 250
314 264
408 228
354 257
441 225
401 189
346 253
420 202
347 218
338 249
366 231
412 198
357 262
358 227
431 211
398 263
404 194
377 240
304 256
350 223
423 207
422 208
370 201
315 265
335 243
307 261
422 248
381 210
327 239
414 244
434 222
380 251
426 218
399 264
445 231
405 195
372 247
391 260
351 224
397 191
438 192
343 220
383 256
411 238
403 234
308 262
349 263
328 240
300 258
374 207
341 259
415 208
361 237
407 204
427 182
331 245
373 211
392 261
438 228
364 242
439 193
310 271
430 224
425 258
376 253
437 232
442 198
342 260
389 192
400 201
407 240
334 256
408 205
427 218
354 234
326 252
373 247
346 230
420 179
419 179
292 259
366 208
338 226
311 272
284 255
357 239
303 268
418 255
377 217
423 184
323 246
295 264
369 213
368 214
369 214
421 260
335 220
422 225
441 238
401 202
368 254
414 221
414 222
433 234
393 198
434 199
379 263
404 207
399 241
304 269
445 208
350 236
351 237
352 236
424 185
391 237
323 259
370 214
350 213
410 250
416 181
411 215
288 261
362 210
363 210
364 210
403 211
422 261
327 252
414 257
319 248
320 247
320 246
362 245
360 249
426 230
339 226
380 264
385 193
426 231
285 255
372 260
331 222
446 209
392 238
438 205
411 195
383 213
384 234
430 201
403 247
449 214
450 215
451 215
376 230
322 259
395 243
396 208
415 221
342 237
388 204
361 250
334 233
407 217
408 182
353 246
354 211
427 195
345 242
373 224
419 191
364 255
365 220
357 216
418 232
437 245
409 263
314 254
389 205
429 241
421 237
400 214
441 215
346 243
347 244
348 243
387 244
420 192
406 257
366 221
338 239
412 188
357 252
398 253
358 217
404 184
390 249
423 197
369 226
410 227
315 255
356 256
402 223
335 233
307 251
381 200
327 229
414 234
433 247
290 258
434 212
380 241
426 208
399 254
445 221
372 237
391 250
392 215
410 263
383 246
411 228
384 211
402 259
403 224
330 240
376 207
399 222
349 253
341 249
342 214
415 198
360 262
361 227
333 245
407 194
352 258
351 259
353 223
299 252
373 201
345 219
364 232
365 233
364 233
310 261
430 214
339 225
425 248
376 243
417 244
396 221
437 222
442 188
342 250
379 266
388 217
429 218
448 231
408 195
353 259
326 242
353 236
448 208
354 224
394 260
400 191
345 255
419 204
386 256
346 220
406 234
338 216
311 262
357 229
398 230
303 258
302 258
377 207
418 245
295 254
369 203
314 267
421 250
422 215
441 228
368 244
414 211
387 257
433 224
434 189
379 253
380 218
399 231
445 198
372 214
390 262
391 227
296 255
392 192
337 256
410 240
411 205
383 223
284 258
434 234
325 259
402 236
401 237
329 252
403 201
349 230
395 197
341 226
360 239
306 268
426 221
431 243
352 235
372 250
446 199
413 251
427 239
392 228
364 209
438 195
424 260
384 224
425 225
430 191
449 204
444 238
416 256
395 233
322 249
436 234
396 198
415 211
342 227
388 194
361 240
333 258
407 207
334 223
427 185
394 237
326 219
415 232
373 214
345 232
419 181
291 261
364 245
365 210
310 274
425 261
417 257
418 222
409 253
437 235
389 195
429 231
375 260
421 227
326 255
422 192
440 240
439 241
367 256
441 205
368 221
387 234
359 252
292 262
433 201
406 247
338 229
379 230
358 207
398 243
371 226
399 208
390 239
391 204
295 267
337 233
410 217
411 182
356 246
402 213
348 242
422 228
327 219
414 224
360 216
380 231
426 198
371 262
372 227
412 263
445 211
391 240
432 241
411 218
424 237
384 201
330 230
403 214
444 215
349 243
435 246
395 210
341 239
415 188
360 252
361 217
333 235
407 184
353 213
413 264
405 260
364 222
363 223
310 251
309 252
397 256
425 238
417 234
418 199
363 263
437 212
409 230
355 259
388 207
428 243
429 208
334 236
375 237
448 221
421 204
394 250
326 232
354 214
367 233
386 246
387 211
406 224
378 242
357 219
344 249
418 235
377 197
390 216
314 257
410 194
356 223
421 240
422 205
441 218
368 234
414 201
387 247
433 214
379 243
420 244
380 208
399 221
371 239
445 188
446 189
372 204
317 268
390 252
410 230
337 246
423 249
356 259
402 226
403 191
348 255
349 220
340 251
341 216
360 229
447 234
306 258
352 225
351 226
352 226
393 263
298 254
413 241
405 237
444 228
328 251
384 214
424 250
397 233
425 215
330 243
376 210
416 246
417 211
396 188
436 224
363 240
437 189
342 217
382 253
428 220
333 248
374 249
353 226
440 194
299 255
373 204
345 222
291 251
292 252
293 252
293 251
293 250
406 201
310 264
417 247
418 212
409 243
437 225
429 221
436 237
375 250
409 220
421 217
422 182
367 246
440 230
368 211
386 259
427 260
359 242
433 191
305 271
406 237
378 255
419 256
379 220
452 204
453 205
325 249
398 233
371 216
399 198
391 194
382 266
410 207
337 223
356 236
283 252
443 241
329 219
402 203
302 265
348 232
294 261
414 214
340 228
286 257
401 244
447 211
420 257
380 221
393 240
426 188
330 220
372 217
412 253
349 233
413 218
404 249
392 195
432 231
423 262
383 226
329 255
370 256
403 204
416 223
444 205
395 200
435 236
436 201
381 265
341 229
382 230
287 258
361 207
333 225
306 271
352 238
279 254
298 267
413 254
364 212
405 250
397 246
425 228
416 259
417 224
418 189
363 253
437 202
355 249
428 233
429 198
374 262
448 211
375 227
421 194
394 240
321 256
367 223
440 207
313 252
387 201
359 219
378 232
406 214
379 197
398 210
344 239
390 206
336 235
410 184
451 222
356 213
443 218
389 247
422 195
408 260
414 191
359 255
400 256
379 233
380 198
420 234
399 211
366 263
371 229
412 230
317 258
391 207
432 208
383 203
411 185
423 239
329 232
402 216
348 245
435 213
340 241
381 242
360 219
401 257
447 224
393 253
352 215
413 231
432 244
404 262
405 227
424 240
351 256
425 205
397 223
416 236
343 252
444 218
416 213
417 201
363 230
409 197
382 243
355 226
428 210
374 239
375 204
394 217
385 248
345 212
312 264
386 213
332 242
406 191
378 209
324 238
439 225
398 187
344 216
409 233
450 234
355 262
396 263
442 230
375 240
388 259
421 207
367 236
368 237
369 236
408 237
313 265
427 250
387 214
359 232
305 261
378 245
398 223
325 239
399 188
371 206
344 252
390 219
431 220
336 248
377 249
356 226
402 193
443 231
302 255
389 260
348 222
294 251
340 218
401 234
447 201
420 247
347 263
393 230
412 243
413 208
404 239
432 221
405 204
423 252
351 233
424 217
425 182
370 246
435 226
362 242
436 191
341 219
381 255
308 271
382 220
428 187
328 249
374 216
394 194
339 258
385 225
405 240
331 254
397 236
438 237
417 214
418 215
419 215
419 214
384 266
418 179
363 243
375 217
321 246
437 192
409 210
309 272
428 223
355 239
301 268
374 252
415 253
421 184
394 230
440 197
367 213
407 249
386 226
359 209
427 227
373 256
378 222
406 204
324 251
439 238
398 200
344 229
390 196
336 225
451 212
282 254
443 208
389 237
293 263
408 250
358 249
431 233
414 181
400 246
401 211
419 259
347 240
366 253
371 219
412 220
413 185
317 248
432 198
404 216
377 262
337 226
350 245
423 229
329 222
370 223
416 190
340 231
381 232
286 260
360 209
447 214
393 243
434 244
413 221
432 211
339 235
404 252
409 187
405 217
424 230
351 246
397 213
425 195
370 259
343 242
416 226
411 260
417 191
362 255
436 204
403 256
382 233
428 200
355 216
374 229
320 258
394 207
312 254
385 238
386 203
332 232
378 199
439 215
430 246
450 224
396 253
442 220
388 249
367 226
407 262
408 227
427 240
354 256
359 222
400 223
305 251
419 236
379 200
346 252
420 201
366 230
412 197
357 261
431 210
336 238
377 239
423 206
356 216
443 221
369 235
389 250
348 212
347 211
335 242
400 259
401 224
420 237
347 253
412 233
413 198
358 262
404 229
399 263
405 194
350 258
423 242
424 207
397 190
370 236
416 203
343 219
435 216
362 232
308 261
381 245
382 210
328 239
374 206
339 248
385 215
426 253
331 244
446 231
397 226
392 260
438 227
343 255
342 259
384 256
430 223
363 233
376 252
409 200
449 236
309 262
355 229
396 230
442 197
301 258
375 207
415 243
407 239
367 203
408 204
427 217
332 245
373 246
378 212
419 213
324 241
398 190
365 242
439 228
344 219
431 187
442 233
443 198
388 262
389 227
293 253
408 240
454 207
400 236
401 201
419 249
347 230
420 214
393 197
366 243
412 210
431 223
358 239
432 188
404 206
304 268
377 252
423 219
350 235
369 248
370 213
416 180
288 260
435 193
362 209
335 255
381 222
422 260
414 256
319 247
393 233
405 207
372 259
446 208
351 236
425 185
392 237
397 203
438 204
383 268
449 213
428 190
300 270
328 252
374 219
415 220
320 248
361 249
386 193
331 257
427 194
332 222
438 240
439 205
430 236
289 260
376 265
450 214
281 256
442 210
415 256
407 252
427 230
354 246
373 259
346 242
420 191
365 255
366 220
338 238
357 251
358 216
431 200
377 229
423 196
323 258
369 225
315 254
335 232
350 248
307 250
381 199
327 228
347 243
433 246
434 211
358 252
445 220
405 184
424 197
351 213
410 262
370 226
416 193
316 255
362 222
308 251
381 235
382 200
328 229
319 260
360 261
434 247
339 238
385 205
426 243
331 234
446 221
438 217
411 263
430 213
449 226
376 242
442 187
415 233
342 249
361 262
407 229
334 245
353 258
354 223
427 207
373 236
345 254
419 203
365 232
311 261
357 228
303 257
377 206
418 244
369 202
443 188
314 266
388 252
421 249
354 259
441 227
346 255
420 204
387 256
347 220
338 251
366 233
357 264
358 229
304 258
377 242
423 209
350 225
369 238
296 254
410 239
370 203
315 267
307 263
335 245
381 212
327 241
414 246
434 224
339 215
380 253
426 220
445 233
372 249
446 198
438 194
297 255
343 222
411 240
383 258
430 190
403 236
330 252
449 203
300 260
415 210
361 239
333 257
353 235
427 184
299 264
373 213
419 180
372 262
364 244
365 209
439 195
310 273
384 259
430 226
425 260
289 250
376 255
417 256
450 204
442 200
437 234
389 194
334 258
354 236
326 254
440 239
373 249
419 216
346 232
420 181
292 261
406 246
338 228
366 210
284 257
357 241
431 190
377 219
418 257
423 186
295 266
323 248
369 215
421 262
335 222
422 227
441 240
327 218
368 256
414 223
433 236
434 201
379 265
380 230
426 197
371 261
445 210
350 238
296 267
410 252
416 183
288 263
402 248
362 212
349 242
328 219
414 259
319 250
415 187
360 251
361 216
380 266
426 233
385 195
352 247
285 257
331 224
413 263
446 211
438 207
430 203
403 249
449 216
376 232
415 223
342 239
361 252
334 235
407 219
448 220
353 248
354 213
427 197
326 231
373 226
345 244
419 193
364 257
365 222
311 251
357 218
409 265
314 256
429 243
422 204
441 217
346 245
359 264
433 213
406 259
338 241
379 242
358 219
445 187
350 215
315 257
356 258
402 225
307 253
381 202
348 254
327 231
414 236
434 214
380 243
426 210
372 239
445 223
383 248
384 213
330 242
403 226
376 209
444 227
349 255
341 251
342 216
360 264
361 229
333 247
352 260
353 225
299 254
373 203
345 221
364 234
291 250
310 263
425 250
417 246
418 211
442 190
437 224
409 242
342 252
429 220
334 248
448 233
375 249
421 216
354 226
326 244
440 229
345 257
346 222
386 258
292 251
406 236
338 218
378 254
311 264
357 231
303 260
377 209
418 247
295 256
369 205
314 269
421 252
422 217
441 230
368 246
414 213
387 259
433 226
434 191
379 255
380 220
426 187
371 251
445 200
372 216
390 264
392 194
410 242
337 258
288 253
402 238
329 254
330 219
349 232
341 228
360 241
287 257
361 206
306 270
430 193
416 258
352 237
298 266
413 253
405 249
438 197
364 211
424 262
425 227
330 255
376 222
444 240
417 223
322 251
436 236
437 201
382 265
342 229
428 232
374 261
334 225
448 210
353 238
427 187
326 221
440 206
299 267
345 234
373 216
419 183
365 212
357 208
417 259
418 224
437 237
409 255
429 233
375 262
421 229
422 194
440 242
367 258
368 223
441 207
359 254
433 203
406 249
378 267
379 232
284 260
380 197
371 228
317 257
337 235
383 202
356 248
348 244
340 240
434 204
360 218
447 223
380 233
426 200
352 214
371 264
412 265
372 229
413 230
318 258
432 243
424 239
384 203
330 232
444 217
376 199
416 235
349 245
436 213
341 241
333 237
361 219
352 250
353 215
364 224
310 253
397 258
425 240
417 236
418 201
437 214
409 232
428 245
355 261
429 210
448 223
375 239
421 206
326 234
440 219
367 235
346 212
386 248
313 264
359 231
378 244
406 226
379 209
303 250
304 249
305 249
344 251
336 247
356 225
443 230
302 254
348 221
422 207
368 236
414 203
433 216
379 245
420 246
380 210
371 241
412 242
445 190
372 206
432 220
337 248
423 251
356 261
402 228
329 244
348 257
349 222
435 225
340 253
341 218
360 231
447 236
306 260
352 227
298 256
413 243
405 239
424 252
425 217
376 212
416 248
417 213
436 226
363 242
342 219
309 271
428 222
355 238
429 187
374 251
375 216
299 257
440 196
385 260
345 224
291 253
332 254
378 221
439 237
418 214
344 228
409 245
429 223
375 252
421 219
422 184
367 248
408 249
441 197
368 213
414 180
359 244
433 193
378 257
379 222
452 206
419 258
325 251
371 218
431 232
337 225
283 254
356 238
329 221
302 267
348 234
294 263
340 230
286 259
401 246
360 208
447 213
420 259
372 219
412 255
413 220
318 248
432 233
404 251
405 216
384 193
425 194
370 258
416 225
444 207
362 254
435 238
436 203
381 267
341 231
428 199
287 260
361 209
333 227
374 228
279 256
298 269
405 252
364 214
397 248
425 230
417 226
418 191
363 255
409 222
437 204
355 251
428 235
374 264
375 229
415 265
448 213
421 196
321 258
394 242
367 225
440 209
386 238
313 254
387 203
359 221
305 250
378 234
406 216
379 199
398 212
344 241
390 208
336 237
410 186
451 224
356 215
443 220
348 211
389 249
368 226
408 262
414 193
400 258
401 223
380 200
371 231
412 232
317 260
391 209
431 245
358 261
344 221
388 264
404 228
432 210
337 238
383 205
423 241
424 206
329 234
370 235
349 212
340 243
381 244
360 221
401 259
447 226
306 250
352 217
393 255
413 233
404 264
405 229
424 242
351 258
425 207
397 225
444 220
343 254
416 238
417 203
363 232
436 216
409 199
382 245
428 212
355 228
301 257
374 241
375 206
394 219
367 202
312 266
385 250
386 215
332 244
406 193
378 211
324 240
398 189
439 227
344 218
442 232
421 209
388 261
367 238
408 239
313 267
387 216
359 234
400 235
379 212
419 248
420 213
369 247
399 190
371 208
366 242
390 221
431 222
336 250
377 251
423 218
356 228
402 195
443 233
302 257
389 262
348 224
294 253
340 220
401 236
447 203
420 249
393 232
412 245
413 210
432 223
404 241
405 206
423 254
424 219
351 235
425 184
397 202
297 264
343 231
416 215
435 228
362 244
363 209
436 193
381 257
308 273
382 222
428 189
333 217
374 218
394 196
385 227
331 256
332 221
397 238
438 239
417 216
430 235
363 245
409 212
309 274
355 241
429 190
396 242
301 270
415 255
375 219
421 186
321 248
407 251
367 215
386 228
359 211
427 229
373 258
378 224
419 225
324 253
365 254
439 240
398 202
344 231
390 198
290 260
336 227
451 214
282 256
443 210
389 239
293 265
408 252
400 248
401 213
419 261
347 242
420 226
393 209
412 222
413 187
431 235
358 251
432 200
404 218
377 264
423 231
350 247
369 260
329 224
370 225
416 192
316 254
435 205
362 221
381 234
382 199
328 228
393 245
434 246
413 223
339 237
426 242
385 204
405 219
446 220
351 248
392 249
425 197
416 228
343 244
411 262
417 193
362 257
363 222
403 258
449 225
409 189
309 251
382 235
428 202
355 218
395 254
320 260
361 261
394 209
385 240
312 256
386 205
332 234
378 201
406 183
439 217
430 248
450 226
396 255
442 222
443 187
388 251
389 216
407 264
408 229
359 224
354 258
400 225
401 190
305 253
419 238
420 203
366 232
338 250
412 199
357 263
431 212
358 228
377 241
423 208
369 237
315 266
348 214
389 252
335 244
422 249
381 211
401 226
327 240
347 255
393 222
412 235
413 200
358 264
404 231
445 232
405 196
350 260
391 261
424 209
351 225
397 192
416 205
411 239
343 221
316 267
362 234
381 247
308 263
300 259
328 241
374 208
339 250
385 217
426 255
331 246
446 233
392 262
438 229
439 194
384 258
430 225
376 254
450 203
355 231
396 232
442 199
415 245
388 228
334 257
367 205
407 241
408 206
427 219
354 235
373 248
378 214
420 180
324 243
365 244
357 240
290 250
431 189
336 217
451 204
377 218
418 256
442 235
323 247
443 200
408 242
421 261
454 209
400 238
401 203
441 239
347 232
420 216
393 199
366 245
412 212
358 241
404 208
432 190
377 254
304 270
423 221
350 237
424 186
369 250
370 215
410 251
416 182
288 262
435 195
362 211
335 257
381 224
422 262
414 258
328 218
319 249
434 236
339 227
385 194
372 261
446 210
351 238
397 205
392 239
297 267
438 206
411 252
343 234
417 183
430 202
363 212
403 248
449 215
395 244
374 221
382 202
415 222
320 250
361 251
407 218
386 195
353 247
427 196
332 224
373 225
278 253
438 242
364 256
439 207
430 238
289 262
376 267
450 216
281 258
396 245
442 212
388 241
389 206
407 254
408 219
427 232
354 248
373 261
346 244
419 228
420 193
365 257
338 240
366 222
412 189
357 253
431 202
358 218
404 185
377 231
423 198
350 214
369 227
307 252
335 234
381 201
327 230
414 235
347 245
393 212
434 213
413 190
426 209
399 255
405 186
445 222
350 250
391 251
351 215
410 264
416 195
411 229
383 247
316 257
362 224
402 260
403 225
308 253
349 254
328 231
319 262
415 199
360 263
339 240
385 207
352 259
426 245
331 236
446 223
392 252
438 219
384 248
430 215
403 261
376 244
449 228
395 257
442 189
415 235
342 251
361 264
334 247
408 196
365 234
353 260
427 209
354 225
326 243
400 192
373 238
345 256
346 221
419 205
292 250
311 263
357 230
303 259
377 208
295 255
443 190
369 204
314 268
389 219
421 251
441 229
401 193
346 257
387 258
347 222
393 189
433 225
338 253
366 235
412 202
358 231
404 198
399 232
445 199
378 266
304 260
350 227
369 240
410 241
370 205
411 206
315 269
288 252
402 237
307 265
335 247
422 252
381 214
327 243
414 248
434 226
380 255
339 217
426 222
445 235
372 251
446 200
391 264
392 229
438 196
383 260
411 242
384 225
430 192
403 238
330 254
376 221
449 205
395 234
396 199
415 212
388 195
361 241
407 208
353 237
427 186
299 266
345 233
373 215
419 182
364 246
365 211
439 197
376 257
442 202
437 236
409 254
388 231
389 196
429 232
408 209
354 238
326 256
400 205
440 241
441 206
346 234
420 183
292 263
365 247
366 212
357 243
358 208
398 244
431 192
303 272
377 221
418 259
423 188
323 250
295 268
369 217
335 224
421 264
422 229
441 242
327 220
368 258
414 225
433 238
434 203
379 267
426 199
399 245
372 228
445 212
391 241
392 206
410 254
383 237
411 219
384 202
402 250
403 215
349 244
395 211
341 240
415 189
360 253
361 218
407 185
352 249
331 226
372 264
413 265
392 242
405 261
438 209
364 223
384 238
310 252
425 239
430 205
376 234
395 247
396 212
437 213
342 241
388 208
428 244
361 254
415 202
334 237
407 221
408 186
353 250
341 253
354 215
394 251
326 233
440 218
373 228
419 195
364 259
365 224
311 253
357 220
303 249
377 198
418 236
314 258
429 245
421 241
422 206
368 235
441 219
414 202
387 248
347 212
433 215
406 261
338 243
379 244
380 209
398 257
371 240
404 188
445 189
304 250
317 269
391 218
337 247
410 231
383 214
411 196
356 260
402 227
307 255
403 192
327 233
340 252
414 238
434 216
360 230
306 259
380 245
426 212
372 241
446 190
391 254
392 219
383 250
424 251
384 215
330 244
403 228
376 211
349 257
395 224
436 225
396 189
342 218
333 249
361 231
407 198
352 262
353 227
299 256
373 205
345 223
291 252
364 236
310 265
425 252
417 248
418 213
409 244
437 226
429 222
334 250
448 235
292 253
375 251
421 218
394 264
326 246
367 247
440 231
400 195
346 224
386 260
387 225
433 192
338 220
406 238
378 256
452 205
398 234
399 199
303 262
390 230
295 258
369 207
410 208
356 237
402 204
421 254
422 219
368 248
414 215
387 261
433 228
434 193
379 257
453 206
420 258
380 222
426 189
371 253
399 235
372 218
445 202
391 231
432 232
411 209
423 263
402 240
329 256
330 221
349 234
395 201
341 230
287 259
360 243
333 226
361 208
306 272
352 239
279 255
413 255
405 251
364 213
397 247
425 229
430 195
330 257
416 260
322 253
363 254
396 202
436 238
409 221
382 267
388 198
429 199
334 227
374 263
448 212
280 256
394 241
299 269
440 208
386 237
419 185
291 265
365 214
406 215
357 210
398 211
417 261
418 226
409 257
429 235
375 264
421 231
422 196
367 260
441 209
368 225
414 192
387 238
359 256
433 205
379 234
398 247
399 212
371 230
317 259
390 243
391 208
410 221
337 237
411 186
383 204
356 250
402 217
348 246
349 211
340 242
401 258
360 220
447 225
306 249
426 202
352 216
393 254
372 231
413 232
318 260
432 245
404 263
405 228
384 205
425 206
330 234
416 237
376 201
395 214
436 215
341 243
382 244
415 192
428 211
333 239
407 188
352 252
353 217
385 249
345 213
405 264
364 226
397 260
425 242
417 238
418 203
437 216
409 234
355 263
428 247
429 212
375 241
448 225
421 208
394 254
440 221
367 237
386 250
313 266
359 233
378 246
305 262
406 228
379 211
325 240
399 189
371 207
344 253
336 249
410 198
356 227
402 194
443 232
302 256
348 223
422 209
389 261
368 238
294 252
340 219
414 205
420 248
380 212
371 243
372 208
412 244
445 192
432 222
337 250
383 217
423 253
424 218
329 246
403 195
348 259
444 196
349 224
395 191
340 255
341 220
381 256
360 233
447 238
306 262
352 229
298 258
413 245
405 241
424 254
397 237
425 219
416 250
444 232
417 215
418 180
436 228
409 211
382 257
428 224
355 240
429 189
301 269
448 202
421 185
321 247
367 214
440 198
385 262
387 192
291 255
332 256
406 205
378 223
324 252
398 201
344 230
418 216
390 197
290 259
336 226
451 213
421 221
422 186
293 264
367 250
368 215
441 199
408 251
414 182
359 246
433 195
378 259
379 224
419 260
325 253
371 220
317 249
390 233
431 234
391 198
377 263
337 227
383 194
423 230
329 223
402 207
348 236
340 232
286 261
360 210
401 248
447 215
420 261
393 244
412 257
413 222
404 253
416 227
432 235
405 218
435 240
351 247
350 259
384 195
424 231
425 196
397 214
370 260
330 224
436 205
363 221
381 269
382 234
428 201
287 262
333 229
374 230
394 208
385 239
386 204
397 250
417 228
418 193
430 247
363 257
409 224
437 206
355 253
429 202
374 266
375 231
421 198
367 227
440 211
407 263
313 256
386 240
359 223
427 241
387 205
378 236
406 218
305 252
419 237
398 214
344 243
390 210
336 239
410 188
451 226
356 217
443 222
389 251
348 213
408 264
400 260
401 225
420 238
380 202
393 221
412 234
317 262
413 199
431 247
432 212
404 230
383 207
423 243
329 236
370 237
416 204
349 214
435 217
362 233
381 246
382 211
447 228
393 257
352 219
413 235
339 249
426 254
385 216
405 231
446 232
351 260
397 227
425 209
416 240
343 256
417 205
363 234
436 218
409 201
382 247
355 230
428 214
374 243
301 259
375 208
367 204
440 188
312 268
385 252
386 217
332 246
406 195
378 213
324 242
398 191
439 229
336 216
451 203
442 234
443 199
388 263
389 228
293 254
368 205
408 241
313 269
454 208
359 236
400 237
305 265
379 214
398 204
419 250
420 215
371 210
412 211
358 240
432 189
337 217
377 253
423 220
443 235
402 197
369 249
302 259
348 226
389 264
335 256
340 222
381 223
286 251
401 238
447 205
404 243
432 225
370 250
405 208
424 221
397 204
425 186
297 266
444 199
416 217
411 251
343 233
435 230
362 246
436 195
363 211
382 224
428 191
328 253
374 220
320 249
394 198
385 229
386 194
331 258
332 223
438 241
418 183
430 237
409 214
376 266
281 257
355 243
396 244
442 211
415 257
375 221
421 188
388 240
367 217
354 247
359 213
387 195
427 231
378 226
324 255
365 256
439 242
344 233
390 200
290 262
336 229
451 216
377 230
282 258
443 212
389 241
293 267
408 254
400 250
401 215
423 233
420 228
393 211
366 257
413 189
431 237
432 202
404 220
377 266
405 185
350 249
424 198
369 262
370 227
416 194
316 256
435 207
362 223
308 252
381 236
382 201
328 230
319 261
339 239
385 206
426 244
405 221
446 222
351 250
392 251
397 217
438 218
343 246
384 247
417 195
363 224
449 227
309 253
355 220
301 249
375 198
415 234
394 211
407 230
312 258
386 207
427 208
332 236
373 237
406 185
378 203
439 219
430 250
450 228
354 260
396 257
442 224
443 189
388 253
389 218
408 231
427 244
400 227
401 192
419 240
346 256
420 205
366 234
338 252
412 201
357 265
431 214
404 197
377 243
304 259
350 226
423 210
369 239
370 204
315 268
335 246
422 251
381 213
401 228
327 242
414 247
347 257
393 224
413 202
339 216
404 233
445 234
405 198
351 227
397 194
370 240
403 237
297 256
382 214
300 261
