395 96
395 97
394 98
395 95
395 94
396 94
397 93
396 97
397 96
398 94
398 97
393 98
394 93
393 92
392 93
395 92
395 98
392 99
394 96
393 95
392 96
394 99
399 95
400 94
399 98
400 97
401 96
391 94
390 93
389 94
388 93
387 94
386 95
391 100
390 99
396 99
398 96
387 96
397 98
388 95
390 92
391 91
390 90
393 91
394 90
393 89
390 101
392 95
394 92
395 100
394 101
386 97
400 96
389 96
391 93
396 92
396 101
387 98
398 98
397 100
388 97
390 94
392 88
392 97
394 94
395 93
389 89
388 88
387 87
388 86
387 85
389 85
386 88
389 87
387 89
390 85
391 84
390 83
391 82
392 81
390 81
393 80
393 82
394 83
393 84
394 85
395 86
389 80
388 79
387 78
389 78
387 80
386 81
386 90
391 86
395 102
394 103
389 98
400 98
385 82
384 82
383 82
396 85
387 82
388 81
390 78
391 77
390 76
389 76
391 75
392 74
391 73
392 72
393 71
390 74
393 73
393 75
387 91
388 90
390 87
396 103
398 100
397 102
398 103
399 102
400 103
388 99
390 96
389 73
392 90
394 87
401 102
386 83
385 84
389 82
391 79
386 92
385 93
384 93
389 91
395 104
394 105
393 105
392 104
392 106
391 106
393 107
394 108
395 107
396 106
397 105
398 105
399 105
392 108
388 74
387 73
386 74
385 75
384 76
384 77
385 77
400 101
400 100
401 100
402 100
403 100
403 99
404 98
403 97
405 97
406 98
398 104
407 99
406 100
405 100
383 75
387 75
387 76
393 70
394 69
399 104
392 83
392 92
392 101
392 102
395 68
403 101
403 102
395 106
388 76
388 85
396 98
407 98
386 73
395 70
396 71
388 94
389 77
399 99
391 95
402 95
391 104
392 69
392 78
384 74
392 87
395 83
384 83
403 96
384 92
392 105
395 101
396 84
388 80
396 93
388 89
388 98
406 97
389 72
388 71
398 102
391 81
399 94
391 90
399 103
402 99
391 99
394 76
392 73
395 69
392 82
395 77
396 76
397 77
396 75
395 74
395 78
384 78
385 79
392 91
392 100
395 105
396 70
396 79
396 80
396 81
388 75
394 109
388 84
387 88
387 97
390 102
391 76
391 85
402 94
402 103
402 104
391 103
392 68
392 77
384 73
395 73
392 86
395 82
384 91
383 90
395 91
396 74
388 70
389 69
389 68
388 67
388 66
394 104
387 83
387 92
390 88
398 101
390 97
391 71
391 80
399 93
383 76
391 89
402 98
391 98
383 94
383 95
384 96
384 97
388 65
389 64
389 63
387 69
398 78
399 79
400 78
401 79
400 77
399 80
402 80
403 81
404 80
404 79
403 78
403 82
403 77
402 76
402 75
401 74
400 73
400 72
399 71
399 70
400 69
401 70
400 68
400 67
399 66
402 71
403 72
403 73
383 89
384 88
384 87
383 86
383 85
392 67
393 66
393 65
392 64
392 63
391 66
384 72
395 72
387 64
390 69
399 65
398 64
397 63
399 74
399 75
398 73
391 70
402 70
402 79
383 84
405 81
382 88
381 87
381 86
380 85
395 67
396 66
396 65
395 64
395 63
405 99
397 95
394 71
397 104
394 80
386 76
394 89
386 85
386 94
394 107
387 68
390 64
387 77
398 77
390 73
387 86
390 82
390 91
399 69
398 68
397 68
391 65
401 97
391 74
402 74
393 93
404 102
393 102
397 72
382 83
397 81
398 82
398 83
399 84
385 88
394 66
397 99
385 97
394 75
394 84
386 80
386 89
386 98
398 63
387 72
386 71
385 70
384 69
398 72
390 68
387 81
398 81
389 100
390 77
379 86
378 86
379 87
379 88
380 89
380 90
381 91
379 91
379 92
379 93
380 94
380 95
381 96
380 93
382 97
378 90
377 89
376 88
376 87
382 92
375 89
375 90
378 94
377 93
390 86
393 79
393 88
401 101
381 95
393 97
404 97
393 106
397 67
405 80
397 76
385 74
382 87
385 83
405 98
382 96
397 94
385 92
394 70
397 103
394 79
386 75
394 88
386 84
386 93
378 89
387 67
398 67
389 86
390 63
389 95
400 95
390 72
400 104
401 69
401 78
404 74
404 75
405 76
406 77
406 78
393 74
393 83
381 90
393 101
404 101
393 110
392 111
392 110
393 112
394 113
394 112
393 111
397 71
385 69
385 78
397 80
382 91
385 87
394 65
385 96
394 74
386 70
396 102
386 79
400 81
400 82
401 83
389 81
389 90
377 88
390 67
400 99
389 99
401 73
393 69
401 82
393 78
404 78
393 87
381 85
393 96
404 96
381 94
397 66
405 79
385 73
397 75
392 109
382 86
397 84
385 91
389 67
400 76
377 92
401 68
393 64
401 77
404 73
404 82
381 89
403 95
397 70
392 113
391 114
392 115
391 113
393 115
392 114
385 86
396 83
389 71
400 71
400 80
377 87
401 72
393 68
393 77
404 77
381 84
391 116
391 117
381 93
384 86
397 65
384 95
385 72
376 91
396 69
396 78
388 83
396 96
388 92
396 105
389 66
400 66
401 65
402 66
403 67
404 66
405 67
403 68
404 69
404 68
400 75
389 75
389 84
377 91
401 67
399 97
393 63
393 72
402 102
391 102
392 76
403 76
392 85
384 81
379 90
399 68
391 64
399 77
402 73
402 82
380 91
383 87
392 65
383 96
403 74
384 70
395 79
384 79
375 88
394 110
378 93
387 71
398 71
398 80
379 85
379 94
396 73
399 72
402 68
391 68
399 81
402 77
383 73
380 86
393 114
383 91
403 69
395 65
382 95
394 78
378 88
387 66
398 66
406 79
398 75
390 71
387 84
398 84
390 80
398 93
387 93
390 89
379 89
399 67
390 98
391 63
399 76
401 95
391 72
402 72
401 104
402 81
404 100
393 100
393 109
397 79
382 90
405 101
394 64
397 97
385 95
394 73
397 106
386 69
394 82
395 81
386 78
403 94
392 94
394 91
384 90
395 90
386 87
375 87
392 103
403 103
394 100
376 86
395 99
396 64
386 96
392 112
378 92
387 70
398 70
388 69
390 66
396 82
398 79
387 79
388 78
390 75
388 87
390 84
407 100
388 96
401 81
389 70
400 70
391 67
402 67
393 86
401 99
389 79
400 79
404 95
383 72
377 86
393 104
399 83
393 113
405 78
397 74
391 88
380 88
382 85
399 101
397 83
385 81
391 97
380 96
402 97
405 96
382 94
383 93
397 92
385 90
392 71
403 71
394 68
397 101
391 115
403 80
392 80
394 77
395 76
392 89
394 86
384 85
395 85
386 82
392 98
403 98
394 95
384 94
386 91
392 107
376 90
378 87
395 103
396 68
387 65
398 65
388 64
396 77
387 74
398 74
389 93
400 93
388 73
390 70
400 102
388 82
390 79
388 91
401 76
400 65
389 65
406 99
393 81
404 81
398 95
387 95
401 94
393 90
381 88
401 103
390 100
393 99
404 99
399 78
393 108
397 69
391 83
399 96
385 76
397 78
391 92
380 92
382 89
383 88
385 85
391 101
402 101
403 66
392 66
394 63
383 97
385 94
392 75
403 75
394 72
395 71
384 71
386 68
392 84
394 81
396 100
395 80
384 80
386 77
395 89
384 89
386 86
384 98
396 63
378 91
396 72
398 69
389 88
388 68
394 102
390 65
389 97
388 77
394 111
401 71
393 67
404 67
401 80
393 76
404 76
387 90
393 85
398 99
387 99
401 98
399 64
390 95
379 95
381 92
393 94
399 73
391 69
402 69
393 103
405 68
399 82
397 64
391 78
402 78
405 77
383 74
397 73
385 71
380 87
391 87
382 84
399 100
383 83
397 82
392 116
385 80
391 96
402 96
382 93
383 92
385 89
391 105
403 70
392 70
394 67
395 66
385 98
392 79
403 79
396 95
395 75
384 75
386 72
396 104
395 84
384 84
388 100
376 89
389 74
400 74
396 67
400 83
389 83
394 97
389 92
377 90
388 72
394 106
389 101
401 66
406 80
398 76
401 75
