262 314
262 315
261 313
260 313
259 314
263 315
264 316
265 315
262 313
263 312
264 313
265 312
262 316
261 317
260 316
259 317
258 316
261 314
266 313
267 312
258 315
266 316
267 315
260 312
257 314
256 315
255 314
254 315
259 311
261 311
262 310
268 313
257 313
258 312
260 318
263 317
255 313
254 312
255 311
253 313
252 314
264 318
256 314
259 313
261 310
260 309
261 308
260 307
262 307
263 306
263 308
264 309
262 309
261 319
262 318
253 315
257 315
268 315
258 314
269 314
270 313
271 312
270 311
272 311
260 311
272 313
263 310
260 320
259 320
258 319
257 320
256 321
255 320
257 322
258 321
255 322
256 323
259 322
257 324
258 323
255 315
264 311
259 306
254 319
256 316
259 315
270 315
261 312
262 311
256 325
259 324
260 325
261 326
262 325
263 324
264 325
260 327
265 326
266 325
267 324
266 323
268 311
264 327
262 327
266 327
268 324
267 326
269 323
268 322
269 321
268 320
269 319
270 320
271 319
272 318
272 320
270 322
265 328
264 329
270 324
262 320
266 311
258 307
257 306
257 308
257 317
267 319
266 318
266 320
269 316
268 317
266 329
257 326
268 326
267 328
268 329
269 328
270 329
271 330
269 330
268 331
267 331
266 332
253 320
265 333
272 329
273 328
272 327
273 330
270 331
269 332
252 321
260 322
271 328
267 321
267 330
253 322
252 323
253 324
264 306
264 315
256 311
264 324
256 320
264 333
263 333
268 312
257 312
260 308
272 310
268 321
260 317
271 314
272 315
271 323
263 319
264 320
271 332
263 328
274 328
255 324
267 316
275 329
275 330
267 325
264 310
256 306
264 319
264 328
256 324
257 307
259 326
271 309
271 318
263 314
271 327
270 326
255 310
263 323
255 319
263 332
262 331
252 313
267 311
252 322
267 320
267 329
264 305
264 314
266 333
256 310
256 319
259 321
270 321
270 330
262 326
271 313
263 309
271 322
272 309
262 334
255 305
263 318
271 331
263 327
274 327
255 323
266 328
275 328
254 305
253 306
253 305
252 304
256 305
257 304
257 303
256 302
256 301
259 307
259 316
270 316
262 312
251 312
259 325
270 325
262 321
251 321
262 330
271 308
270 307
263 304
271 317
255 300
263 313
271 326
255 309
263 322
255 318
274 331
252 303
252 312
267 310
266 314
256 300
257 299
257 298
256 297
256 296
257 295
257 294
257 293
256 292
255 291
256 291
257 290
258 291
257 289
256 288
257 288
255 295
255 304
254 303
252 307
252 308
252 309
253 310
251 307
266 309
270 306
251 302
251 311
250 310
249 309
249 308
248 307
248 306
248 310
248 311
248 312
249 313
249 312
248 305
249 304
249 303
248 302
248 301
249 300
249 299
249 298
248 297
248 296
249 295
250 296
249 294
248 293
248 292
247 291
246 290
246 289
245 288
245 287
249 293
245 291
245 292
244 290
247 305
248 291
249 290
249 289
248 288
251 320
250 319
249 318
249 317
248 316
248 315
247 314
262 329
255 290
254 289
263 303
262 302
261 301
261 300
260 299
260 298
259 297
261 333
255 299
254 298
253 297
253 296
252 295
252 294
252 298
252 299
251 298
251 293
255 308
273 316
252 293
253 292
253 291
252 290
252 289
244 289
243 288
254 321
265 321
265 330
258 300
247 300
246 299
245 300
244 300
245 301
245 302
246 303
244 299
244 303
244 304
245 305
245 306
245 307
246 308
243 302
242 301
241 300
244 298
245 297
245 296
244 295
244 294
243 293
242 292
242 291
243 297
258 309
247 309
266 322
250 305
258 318
269 318
266 331
250 314
258 327
258 328
259 329
259 330
260 331
269 327
259 292
260 293
261 292
261 291
260 290
260 294
260 295
261 296
260 289
259 293
259 288
262 293
263 294
263 295
264 296
264 297
265 298
264 295
259 301
259 302
260 303
260 304
261 305
262 297
251 297
259 310
270 310
269 309
268 308
267 307
268 307
267 306
251 306
262 306
270 319
251 315
251 316
251 317
252 318
252 317
263 298
263 299
263 300
264 301
264 300
255 294
261 328
243 292
255 303
243 301
265 307
254 307
254 316
265 316
244 293
273 329
254 325
254 326
255 327
255 328
256 329
256 330
257 331
258 332
258 333
259 334
259 335
258 336
265 325
266 299
258 295
247 295
246 294
266 308
250 291
247 304
258 304
266 317
250 300
269 313
258 313
247 313
246 312
245 311
245 310
244 309
244 312
243 312
244 313
244 314
245 315
245 316
244 317
244 318
244 319
245 320
245 321
245 319
244 322
244 323
245 324
245 325
243 321
243 316
242 315
241 314
241 313
240 315
240 316
239 314
243 311
243 320
243 315
243 324
243 325
243 326
244 327
244 328
245 329
245 330
244 331
244 332
244 333
245 334
243 330
243 334
243 335
244 336
244 337
245 338
245 339
243 329
246 331
246 340
247 332
247 333
248 334
248 335
249 336
250 337
246 317
246 326
246 335
247 318
247 319
248 320
248 321
249 322
247 327
248 326
249 327
248 325
248 324
247 324
247 328
248 329
248 330
249 331
247 323
250 328
251 329
252 328
252 327
251 326
252 326
242 329
251 330
251 331
252 332
252 331
251 325
250 324
250 323
247 336
247 337
247 338
250 332
250 333
251 334
251 335
252 336
252 337
239 313
242 324
241 323
241 322
240 321
240 320
239 319
238 318
238 317
240 324
240 325
240 326
241 327
239 323
238 322
237 321
237 320
236 322
236 323
236 324
237 325
237 326
238 327
237 324
236 327
236 328
237 329
237 330
238 331
239 328
240 329
240 330
235 326
239 318
239 327
240 319
241 318
235 325
239 322
239 331
242 333
241 332
253 333
243 310
246 321
254 334
255 333
256 334
255 332
254 335
246 330
246 339
266 326
250 309
258 322
269 322
247 322
250 318
269 331
259 296
250 327
251 292
262 292
270 305
271 304
270 303
270 302
271 303
270 301
269 300
268 299
268 298
267 297
268 296
267 296
266 295
269 295
268 294
267 293
268 293
269 304
268 304
268 303
267 302
267 301
270 296
270 297
259 305
272 324
273 325
262 301
251 301
257 335
251 310
239 317
261 323
243 287
255 289
253 319
242 319
261 332
243 296
242 328
253 328
254 293
243 305
253 337
254 302
253 301
265 302
265 303
266 304
273 315
246 298
265 311
254 311
273 324
246 307
254 320
265 320
246 316
265 329
254 329
254 330
266 294
265 293
264 292
264 291
263 290
262 289
262 288
263 289
246 325
258 290
247 290
266 303
246 334
258 299
247 299
269 299
266 312
250 295
247 308
269 308
258 308
250 304
269 317
258 317
247 317
250 313
235 324
259 291
250 322
257 321
262 287
272 319
268 330
251 296
262 296
257 330
249 326
238 326
260 326
272 328
260 335
249 335
241 331
261 309
261 318
253 314
242 314
261 327
243 291
242 323
253 323
253 332
242 332
254 297
265 297
246 293
265 306
254 306
246 302
246 311
265 324
254 324
246 320
266 298
246 329
258 294
247 294
276 330
250 290
269 303
258 303
247 303
250 299
245 333
256 333
269 312
250 308
248 338
272 305
272 306
257 316
268 316
272 314
257 325
268 325
251 291
262 291
249 321
272 323
238 321
260 321
257 334
241 317
260 330
238 330
249 330
261 295
241 326
261 304
253 300
242 300
253 309
261 322
253 318
242 318
261 331
242 327
253 327
265 292
254 292
246 288
242 336
241 336
242 337
242 338
243 339
241 335
253 336
265 301
254 301
273 314
246 297
265 310
254 310
246 306
265 319
246 315
266 293
247 289
258 289
264 323
264 332
247 298
269 298
258 298
250 294
245 328
256 328
250 303
245 337
268 302
257 302
248 333
257 311
249 307
238 316
249 316
257 329
241 312
249 325
238 325
261 290
241 321
249 334
260 334
261 299
241 330
253 295
242 295
253 304
242 313
242 322
254 296
265 296
246 292
265 305
246 301
252 335
246 310
245 314
276 329
250 289
245 323
248 319
237 319
245 332
256 332
257 297
268 297
237 328
248 328
268 306
248 337
260 302
272 304
249 302
249 311
272 322
238 320
249 320
257 333
241 316
238 329
260 329
249 329
261 294
241 325
242 290
253 290
249 338
261 303
241 334
242 299
253 299
263 331
253 308
253 317
242 317
255 336
255 337
256 337
254 291
265 291
246 287
252 330
246 296
244 326
264 304
244 335
256 309
245 309
264 322
245 318
256 318
264 331
248 314
256 327
245 327
257 292
248 323
237 323
249 288
260 288
256 336
245 336
257 301
268 301
248 332
249 297
260 297
257 310
268 310
272 308
249 306
260 306
268 319
257 319
241 302
241 303
272 317
238 315
260 315
249 315
260 324
249 324
238 324
261 289
241 320
271 321
261 298
241 329
242 294
253 294
261 307
263 326
274 326
253 303
242 303
255 331
243 338
267 305
252 316
267 314
252 325
246 291
275 327
264 290
265 289
265 288
264 287
265 287
267 323
244 321
252 334
264 299
244 330
267 332
245 295
256 295
236 326
264 308
244 339
256 304
245 304
264 317
248 300
256 313
245 313
264 326
248 309
256 322
245 322
248 318
245 331
256 331
257 296
237 327
248 327
249 292
260 292
257 305
268 305
248 336
260 301
272 303
249 301
268 314
259 333
260 310
249 310
271 307
260 319
241 315
271 316
261 293
242 289
253 289
271 325
263 321
253 298
242 298
255 317
240 328
274 330
263 330
255 326
252 302
243 333
255 335
267 300
252 311
267 309
244 307
252 320
267 318
244 316
252 329
264 294
267 327
244 325
245 290
256 290
236 321
264 303
244 334
245 299
256 299
264 312
265 294
248 295
245 308
256 308
264 321
248 304
256 317
245 317
248 313
256 326
257 291
248 322
237 322
257 300
268 300
259 319
248 331
260 296
249 296
259 328
270 328
249 305
260 305
262 324
251 324
241 301
271 302
262 333
251 333
271 311
263 307
271 320
263 316
240 314
274 316
271 329
255 312
263 325
240 323
274 325
255 321
243 319
263 334
240 332
252 297
255 330
243 328
267 295
252 306
243 337
244 302
267 304
252 315
267 313
244 311
252 324
264 289
267 322
244 320
252 333
264 298
244 329
245 294
256 294
264 307
236 325
248 290
244 338
245 303
256 303
248 299
245 312
256 312
258 331
247 331
248 308
248 317
250 336
268 295
270 314
249 291
260 291
259 323
270 323
260 300
262 319
251 319
259 332
270 332
271 297
239 326
262 328
251 328
263 293
271 306
251 337
263 302
271 315
255 298
263 311
271 324
255 307
263 320
240 318
255 316
243 314
240 327
263 329
274 329
252 292
255 325
243 323
244 288
252 301
255 334
243 332
267 299
244 297
252 310
267 308
244 306
252 319
244 315
267 317
264 293
244 324
256 289
245 289
236 320
264 302
266 321
245 298
256 298
236 329
277 330
266 330
248 294
256 307
258 326
269 326
247 326
248 303
258 335
247 335
270 300
259 300
250 331
259 309
270 309
262 305
251 305
270 318
259 318
251 314
259 327
270 327
239 321
262 323
251 323
263 288
271 301
251 332
239 330
262 332
263 297
271 310
255 293
243 300
255 302
240 313
274 315
240 322
274 324
243 318
240 331
252 296
255 329
243 327
244 292
267 294
252 305
243 336
244 301
267 303
254 333
244 310
264 288
266 307
246 338
256 293
245 293
247 312
248 289
247 321
248 298
250 317
258 330
247 330
270 295
259 295
250 326
247 339
270 304
259 304
250 335
262 300
251 300
251 309
251 318
239 316
259 331
239 325
251 327
263 292
271 305
251 336
263 301
255 297
243 295
243 304
255 306
240 317
243 313
252 291
243 322
244 287
273 323
252 300
243 331
244 296
267 298
254 328
244 305
246 324
254 337
266 302
246 333
269 307
247 307
247 316
277 329
250 312
269 325
258 325
247 325
259 290
250 321
258 334
247 334
259 299
270 299
250 330
251 295
262 295
259 308
270 308
251 304
262 304
270 317
251 313
262 322
239 320
251 322
263 287
239 329
263 296
243 290
255 292
263 305
255 301
261 335
243 299
242 331
253 331
243 317
254 314
265 314
273 327
244 291
254 323
265 323
246 319
254 332
265 332
266 297
246 328
258 293
247 293
266 306
246 337
258 302
269 302
247 302
266 315
250 298
269 311
258 311
247 311
266 324
250 307
258 320
247 320
269 320
250 316
258 329
269 329
235 327
247 329
259 294
250 325
262 290
251 290
259 303
250 334
262 299
251 299
270 312
259 312
272 331
262 308
251 308
262 317
239 315
239 324
263 291
261 321
243 294
255 296
261 330
253 326
242 326
243 303
273 304
253 335
242 335
265 300
254 300
273 313
265 309
254 309
246 305
265 318
254 318
273 331
246 314
254 327
265 327
266 292
246 323
258 288
247 288
254 336
266 301
246 332
269 297
258 297
247 297
266 310
250 293
247 306
258 306
269 306
266 319
250 302
269 315
247 315
250 311
258 324
269 324
259 289
250 320
259 298
270 298
250 329
262 294
268 328
251 294
257 328
272 326
251 303
262 303
260 333
249 333
241 338
261 316
253 312
242 312
261 325
243 289
253 321
242 321
261 334
243 298
242 330
253 330
265 295
254 295
242 339
265 304
254 304
273 317
246 300
254 313
265 313
273 326
246 309
254 322
265 322
246 318
265 331
254 331
266 296
246 327
258 292
247 292
276 328
266 305
250 288
246 336
269 301
258 301
247 301
250 297
247 310
269 310
258 310
250 306
245 340
250 315
272 312
251 289
268 323
257 323
272 321
249 319
238 319
257 332
268 332
262 298
238 328
260 328
272 330
249 328
241 324
249 337
261 302
241 333
253 307
261 320
253 316
242 316
261 329
242 325
253 325
254 290
265 290
242 334
253 334
265 299
254 299
246 295
265 308
254 308
246 304
265 317
254 317
246 313
246 322
247 287
266 300
247 296
258 296
269 296
264 330
245 326
250 292
269 305
258 305
250 301
245 335
256 335
268 327
268 309
257 309
260 323
272 307
268 318
238 323
257 318
272 316
238 314
260 314
249 314
257 327
272 325
249 323
261 288
257 336
241 319
249 332
260 332
261 297
241 328
253 293
242 293
261 306
241 337
253 302
242 302
261 315
253 311
242 311
261 324
253 329
254 294
242 320
