353 422
352 422
351 422
350 421
351 421
354 422
355 421
350 423
349 421
350 420
352 423
349 424
354 420
353 419
352 420
355 419
354 423
356 420
355 422
357 419
358 418
359 417
360 418
356 423
357 422
358 421
359 420
360 421
348 425
347 424
346 425
348 422
353 418
352 417
358 417
347 426
349 423
350 422
352 419
356 419
346 427
348 424
351 423
358 419
360 416
361 415
360 414
361 413
360 412
359 418
349 425
350 424
352 421
354 424
353 425
352 426
356 421
357 420
351 416
350 415
349 414
350 413
349 412
351 412
348 415
347 415
351 414
349 416
352 412
353 411
352 410
353 409
352 408
351 407
350 406
349 405
351 405
349 407
348 408
347 408
348 417
347 417
353 413
348 426
351 425
349 409
359 411
358 410
358 412
350 408
347 421
346 420
345 421
347 419
344 422
345 423
343 421
349 418
350 417
352 414
350 426
354 408
355 407
355 409
356 410
355 411
356 412
354 417
355 416
356 417
354 415
357 413
356 414
348 410
347 410
354 426
354 427
351 409
355 425
356 426
357 427
358 426
359 425
358 424
356 428
358 428
360 425
359 427
357 429
356 430
358 430
360 427
359 429
360 430
361 429
362 428
363 427
346 422
348 419
351 418
357 431
356 432
355 432
354 431
354 433
353 434
356 433
357 434
358 433
359 432
358 435
360 432
359 434
357 436
358 437
359 436
359 438
355 434
343 423
343 424
342 425
341 426
340 425
339 426
340 427
339 428
343 426
341 428
340 429
339 430
341 430
340 431
339 425
340 424
339 423
340 422
360 434
339 421
341 423
357 409
359 413
358 408
344 424
359 422
360 423
359 431
358 416
358 415
340 420
341 419
356 416
348 412
356 425
348 421
356 434
340 426
349 404
339 419
360 413
349 413
342 418
352 409
341 418
340 417
352 418
355 420
355 429
359 408
360 409
359 426
359 435
356 411
348 407
348 416
340 421
340 430
341 417
341 429
354 429
343 417
360 408
351 427
352 428
353 416
362 427
355 415
355 424
351 428
350 429
355 433
359 412
344 423
359 421
349 430
359 430
351 430
356 415
358 434
348 427
350 431
349 432
351 432
352 432
348 411
360 433
341 420
343 419
341 421
351 419
350 433
352 430
344 420
347 412
346 412
345 412
344 411
345 411
344 410
344 419
340 416
351 413
343 418
351 431
339 429
343 427
355 410
355 428
344 409
344 418
359 416
344 427
358 420
343 408
347 420
358 429
348 406
350 425
350 434
342 407
342 406
351 408
351 417
339 415
362 426
351 426
339 424
343 422
355 414
355 423
344 413
344 414
344 415
345 416
343 413
339 414
340 413
341 414
340 412
340 411
341 410
342 411
341 409
340 408
340 407
339 410
338 409
337 408
336 409
336 410
337 411
337 412
337 413
336 414
336 415
337 416
337 417
336 418
336 419
336 420
337 421
337 422
335 417
334 416
333 415
333 414
332 416
332 417
331 415
330 414
329 413
329 412
329 411
330 410
330 409
329 408
328 410
328 414
328 415
329 416
329 417
329 418
330 418
331 410
343 412
362 425
363 424
364 425
363 423
362 422
362 421
363 420
364 420
363 419
331 419
331 420
332 421
332 411
333 410
334 411
334 412
333 409
332 408
332 412
346 413
365 426
338 418
347 405
346 404
335 412
347 414
358 414
366 427
367 426
367 425
366 424
366 423
367 422
368 423
367 421
369 424
365 422
350 410
369 423
347 423
335 421
334 421
358 423
350 419
358 432
350 428
351 411
339 409
343 407
339 418
328 418
327 417
326 417
343 416
331 414
339 427
361 424
353 420
342 420
342 429
353 429
345 425
354 412
346 408
345 407
357 408
354 421
365 421
357 417
346 417
354 430
338 413
357 426
346 426
338 422
357 435
358 409
347 409
350 405
347 418
335 416
350 414
349 427
360 436
339 413
328 413
327 412
326 412
331 409
361 410
362 411
331 418
361 419
342 415
353 415
361 428
342 424
353 424
364 424
361 437
345 420
334 420
333 419
353 433
326 416
325 415
325 414
324 413
324 412
323 411
322 410
322 409
321 411
321 412
320 410
324 411
325 410
325 409
326 408
324 408
324 407
354 407
354 416
323 410
357 412
365 425
354 425
338 408
346 421
357 421
338 417
357 430
347 404
335 411
358 413
350 409
335 420
327 416
350 418
360 422
349 422
349 431
360 431
341 427
352 427
361 414
342 410
353 410
361 423
345 406
344 405
344 404
364 419
342 419
361 432
345 415
334 415
353 428
342 428
326 411
345 424
354 411
346 407
357 407
365 420
366 419
357 416
323 414
346 416
338 412
357 425
338 421
368 422
356 429
327 411
349 408
349 417
360 417
352 413
330 413
341 413
360 426
349 426
341 422
360 435
333 418
352 431
341 431
361 409
342 405
361 418
362 417
342 414
353 414
361 427
334 410
345 410
342 423
364 423
353 423
334 419
345 419
353 432
326 415
346 411
323 409
357 411
338 407
338 416
356 424
337 420
348 420
319 411
319 412
330 408
341 408
330 417
333 413
322 413
342 409
345 405
345 414
334 414
326 410
367 420
368 419
323 413
368 421
337 415
318 411
330 412
341 412
333 408
333 417
334 409
345 409
345 418
326 414
367 424
337 410
368 425
337 419
340 415
329 415
349 411
360 411
352 407
341 407
349 420
360 420
341 416
330 416
352 416
322 412
333 412
343 415
331 413
332 414
324 410
344 406
336 411
325 411
366 421
335 415
328 412
339 412
343 410
331 408
362 423
331 417
343 428
361 436
321 409
332 409
332 418
324 414
365 424
335 410
366 425
351 410
335 419
369 421
327 415
339 407
343 406
362 419
343 405
362 418
339 416
328 416
331 412
320 412
343 414
361 422
361 431
342 427
364 427
353 427
332 413
324 409
341 425
354 410
352 425
333 421
346 406
363 422
365 419
354 419
356 427
355 418
357 415
346 415
354 428
338 411
355 427
346 424
357 424
345 404
338 420
357 433
326 409
344 408
347 407
358 407
366 420
367 419
344 417
335 414
347 416
325 413
336 413
359 415
327 410
350 412
344 426
347 425
328 417
358 425
359 424
359 433
350 430
356 409
348 405
356 418
337 414
348 414
339 411
328 411
329 410
318 410
340 410
343 409
348 423
339 420
340 419
331 416
361 417
342 413
340 428
361 426
349 406
342 422
364 422
361 435
334 418
351 434
353 431
352 411
341 411
330 411
345 427
333 416
354 414
355 413
346 410
357 410
323 408
363 426
365 423
332 420
346 419
354 432
338 415
355 431
357 428
338 424
344 412
358 411
335 409
347 411
359 410
325 408
336 408
350 407
367 423
344 421
335 418
336 417
359 419
350 416
327 414
319 410
359 428
356 413
360 429
349 429
348 409
337 409
360 438
348 418
337 418
352 434
340 414
329 414
320 411
331 411
361 412
340 423
342 408
353 408
361 421
351 420
362 420
353 417
342 417
361 430
334 413
345 413
362 429
351 429
364 426
353 426
342 426
352 406
343 425
345 422
326 418
354 409
355 408
346 405
363 421
354 418
355 417
332 415
346 414
323 412
357 414
365 427
338 410
355 426
346 423
357 423
338 419
368 420
357 432
344 407
347 406
344 416
367 418
335 413
336 412
325 412
359 414
350 411
327 409
344 425
336 421
359 423
366 422
327 418
360 415
349 415
356 408
347 427
358 427
360 424
348 404
358 436
348 413
350 432
352 429
340 409
329 409
351 406
340 418
361 416
351 415
353 412
342 412
361 425
343 411
345 408
334 408
351 424
362 424
339 422
342 421
364 421
353 421
361 434
343 420
345 417
334 417
351 433
342 430
353 430
326 413
345 426
354 413
332 410
355 412
321 410
346 409
363 425
332 419
357 418
346 418
359 437
324 415
338 414
355 430
338 423
356 422
368 424
354 434
356 431
335 408
359 409
325 407
336 416
327 413
347 413
349 410
360 410
366 426
341 406
358 422
347 422
369 422
349 419
360 419
352 415
341 415
330 415
358 431
360 428
349 428
333 411
322 411
350 427
352 424
341 424
360 437
333 420
352 433
361 411
339 408
353 407
361 420
339 417
342 416
