665 546
664 547
663 547
662 548
665 547
666 548
661 547
660 546
659 547
664 546
666 546
662 549
661 550
660 549
659 550
667 545
658 548
666 549
667 548
668 547
669 548
670 547
658 551
657 549
656 548
655 549
654 550
665 550
668 549
659 546
658 545
659 544
660 543
657 546
670 546
669 545
670 544
661 543
660 545
664 545
655 551
666 551
657 548
667 550
656 550
658 547
662 547
665 552
664 552
654 552
668 551
659 548
670 548
660 547
666 544
667 543
666 542
668 542
666 553
655 553
657 550
667 552
656 552
658 549
665 545
668 544
665 554
664 554
663 555
662 554
662 556
661 557
660 556
659 555
658 554
659 553
660 552
657 555
660 554
658 556
657 557
656 557
655 558
654 557
654 559
655 560
656 559
654 561
664 556
665 557
666 558
667 557
668 556
665 559
668 558
666 560
667 559
665 561
664 561
663 562
662 561
662 563
661 564
660 563
664 563
662 565
663 564
668 560
660 565
661 566
664 565
655 562
666 562
653 562
652 562
656 561
658 558
662 558
663 557
654 554
668 553
662 567
663 566
665 563
654 563
660 558
669 554
670 553
670 555
671 552
672 553
673 554
672 555
673 556
674 557
675 557
675 556
676 555
675 554
676 553
675 552
677 552
677 554
673 558
664 549
656 545
655 544
654 543
654 542
655 542
656 541
656 540
657 539
656 543
657 543
659 562
671 545
672 546
671 554
663 550
663 559
663 568
663 569
664 570
656 538
675 551
674 550
664 551
667 547
656 547
664 560
656 556
667 556
668 548
660 544
678 552
679 553
657 538
659 557
659 566
651 562
671 549
663 545
663 554
674 554
663 563
652 563
652 564
667 542
656 542
664 555
675 555
656 551
667 551
656 560
667 560
655 564
656 565
656 566
659 543
659 552
670 552
659 561
671 544
671 553
674 549
663 549
663 558
663 567
656 537
656 546
667 546
655 550
666 559
655 559
658 555
678 551
670 556
670 557
671 558
659 556
659 565
658 564
651 561
671 548
663 544
664 543
664 542
664 541
663 540
674 553
663 553
677 555
662 566
654 562
667 541
668 540
668 539
667 538
667 537
665 571
655 545
666 545
666 554
655 554
658 550
655 563
658 559
666 572
666 573
659 542
678 555
670 551
659 551
659 560
651 565
651 566
651 567
652 568
652 569
652 567
651 570
651 571
652 572
652 573
671 543
670 542
663 539
664 538
664 537
663 536
663 535
664 536
674 548
675 547
676 548
675 546
674 545
674 544
663 548
662 552
673 552
677 550
662 570
662 571
663 572
663 573
664 574
665 575
665 576
666 577
666 578
667 579
655 540
666 540
655 567
655 568
655 569
656 570
654 566
658 563
678 550
679 549
679 548
678 547
678 546
651 560
652 559
652 558
663 534
664 533
664 532
663 531
663 530
650 564
653 569
673 547
677 545
676 544
676 543
675 542
675 541
674 540
674 539
675 538
676 539
662 574
662 575
661 573
660 572
659 571
659 570
658 569
658 568
658 572
658 573
659 574
659 575
659 576
658 577
658 578
659 579
659 580
654 570
654 571
655 572
655 573
665 570
665 579
664 579
663 578
663 577
665 580
666 581
666 582
666 583
667 584
662 579
662 580
661 578
665 584
665 585
666 586
666 587
658 540
665 588
665 589
665 590
666 591
666 592
665 593
665 594
665 595
666 596
666 597
666 595
665 598
665 599
666 600
658 567
678 545
679 544
659 541
660 540
661 541
660 539
659 538
659 537
660 536
661 536
660 535
658 536
670 541
671 540
672 541
671 539
670 538
670 537
657 571
663 529
664 528
665 529
664 527
663 526
663 525
662 524
664 524
664 523
664 522
663 521
663 520
664 519
665 520
664 518
663 517
663 516
662 515
661 559
653 555
652 555
652 554
652 553
651 552
651 551
652 550
652 549
661 568
650 568
662 533
653 564
661 577
662 542
673 542
653 573
677 540
678 541
679 540
680 541
679 539
678 542
665 538
673 551
662 551
677 549
662 560
665 556
654 556
662 569
664 588
663 587
663 586
662 585
662 584
661 583
662 588
662 589
662 590
663 591
661 587
661 582
661 591
661 592
662 593
662 594
662 583
663 582
660 586
659 585
659 584
658 583
658 582
658 586
658 587
658 588
659 589
657 585
656 584
655 583
655 582
655 581
654 580
654 584
654 585
655 586
655 587
653 583
652 582
651 581
651 580
651 579
652 578
652 577
651 576
651 575
650 578
650 582
650 583
651 584
651 585
652 586
652 587
653 588
654 589
654 590
655 591
655 592
654 593
654 594
654 595
655 596
655 597
654 598
654 599
655 600
655 601
653 597
652 596
651 595
651 594
650 596
661 523
660 522
661 522
660 521
650 597
651 598
651 599
660 520
649 595
653 592
652 591
651 590
651 589
659 519
653 578
650 591
650 592
649 590
653 587
650 600
650 601
650 602
651 603
651 604
652 605
650 605
650 606
649 604
649 599
653 596
653 605
654 604
655 605
654 603
653 602
653 601
654 579
655 578
656 579
655 577
654 576
654 575
659 523
659 524
660 525
660 526
661 527
657 580
657 589
657 590
658 591
658 592
659 593
659 594
660 595
661 596
661 597
662 598
662 599
663 600
661 600
661 601
661 602
662 602
660 600
659 599
659 598
658 597
658 596
657 598
657 599
649 594
649 603
648 602
647 602
647 601
646 600
646 599
646 603
646 604
647 605
647 606
646 598
647 597
647 596
646 595
646 594
647 593
647 592
647 591
646 590
646 589
647 588
646 587
646 586
647 587
646 585
647 586
661 532
660 531
661 531
660 530
645 602
648 607
649 608
646 584
647 583
647 582
646 581
647 580
648 579
647 578
647 577
646 576
647 575
648 574
647 574
647 573
646 580
647 572
646 571
646 575
645 574
644 573
643 574
642 574
643 575
643 576
644 577
644 578
643 579
643 580
644 581
644 582
643 581
642 578
659 532
659 533
658 531
657 530
656 529
657 529
656 528
656 527
655 526
645 597
650 577
649 576
650 586
650 587
649 585
661 586
642 582
642 583
643 584
644 585
644 586
658 519
657 520
657 521
656 519
643 585
656 518
641 581
640 580
639 579
640 579
639 578
639 577
640 576
640 575
638 576
653 582
661 595
653 591
654 565
655 530
654 529
653 528
653 527
673 553
652 526
651 525
655 531
656 532
656 533
657 534
651 524
650 523
650 522
649 521
649 520
648 519
647 520
646 520
645 519
663 588
645 518
648 518
649 517
650 518
649 516
650 517
649 515
649 514
650 513
648 514
647 514
646 515
646 516
645 517
644 516
643 515
648 513
648 522
648 523
648 524
649 525
654 574
667 593
655 539
654 538
646 570
658 544
668 594
660 590
657 584
663 515
649 580
653 529
649 526
648 527
669 558
641 576
661 554
662 519
653 550
650 581
642 577
653 581
661 518
658 518
662 555
654 605
650 527
655 593
660 517
651 528
653 586
654 551
657 547
661 517
648 528
647 569
648 570
647 568
665 560
658 521
664 601
656 597
650 521
651 520
660 567
680 545
659 522
645 587
651 518
657 561
648 592
681 546
682 545
683 546
649 593
661 567
662 532
653 563
654 528
673 541
665 537
652 604
664 578
656 574
656 575
676 552
655 529
683 547
682 548
667 583
647 525
646 525
646 524
658 534
648 569
668 584
660 580
672 554
645 600
644 600
644 599
643 598
642 597
657 574
648 605
649 570
661 544
652 581
663 590
654 541
644 576
664 591
656 587
667 596
660 557
645 577
657 551
648 582
650 512
661 521
659 597
651 593
641 579
646 588
653 561
665 548
678 540
661 579
653 579
643 600
642 575
682 549
659 595
683 550
652 570
683 551
682 552
684 551
683 545
662 522
653 553
646 514
662 586
659 526
645 523
645 522
644 521
643 520
643 519
652 594
664 568
656 564
676 542
667 573
668 538
647 515
660 534
679 547
657 528
649 524
665 591
642 518
668 574
660 570
655 604
680 548
647 600
667 575
641 517
640 518
672 544
650 525
669 538
642 521
641 521
642 522
661 534
653 530
651 606
652 571
663 580
643 522
664 581
656 577
667 586
666 590
657 541
648 572
659 587
651 583
652 548
665 517
652 584
663 593
641 522
642 523
664 558
656 554
652 602
649 567
668 545
663 601
644 517
656 589
643 599
654 548
660 582
662 521
668 582
645 579
665 543
652 590
648 603
652 601
641 516
649 529
642 519
652 531
653 532
661 538
682 544
652 583
653 556
653 560
682 553
664 514
665 515
648 598
669 541
660 583
660 516
665 553
641 520
652 517
653 518
661 560
654 539
685 550
667 585
643 521
686 550
687 549
687 548
686 547
686 546
652 516
685 549
668 581
669 581
653 517
654 518
662 597
660 524
644 579
657 518
655 594
663 596
670 580
651 516
667 590
647 590
666 589
645 598
656 585
666 579
654 540
670 579
649 600
677 551
649 591
662 529
669 578
651 529
672 556
641 515
650 519
640 519
652 597
652 521
653 522
653 523
653 524
650 524
652 530
660 601
659 602
658 602
642 520
659 603
658 601
682 543
683 542
683 541
684 541
658 599
659 564
671 538
650 515
682 547
672 537
661 524
682 540
674 543
653 520
659 600
654 520
671 537
661 542
661 561
682 539
683 538
684 538
685 539
686 538
687 539
687 538
688 539
686 540
686 541
687 541
651 596
652 561
663 570
664 535
683 548
656 531
675 544
667 540
645 521
643 597
648 526
668 541
655 571
660 537
646 602
666 580
658 576
678 554
683 537
683 536
682 535
681 536
680 536
679 535
680 535
683 535
679 537
657 531
670 550
649 527
641 523
647 603
659 577
651 573
671 551
674 556
664 548
656 544
667 553
662 587
654 583
665 592
666 557
686 542
655 584
666 593
687 543
639 576
658 589
659 554
687 544
686 537
651 550
663 524
654 549
679 534
654 531
686 536
682 537
687 535
652 551
663 560
664 525
650 590
688 536
656 521
661 599
662 564
687 534
686 543
653 595
643 587
642 587
641 586
640 586
639 587
639 586
648 516
662 600
654 596
655 561
660 527
646 592
658 566
659 531
678 544
670 540
659 567
651 563
652 528
671 541
663 537
649 602
640 585
640 584
640 583
682 550
674 546
686 533
669 580
644 523
650 603
656 534
642 599
641 599
662 577
654 573
655 538
665 582
640 598
639 597
640 596
639 599
666 547
645 524
658 543
648 529
655 574
646 605
647 570
658 579
663 514
685 538
664 515
650 580
642 576
639 598
639 588
639 589
661 589
653 585
643 577
640 589
641 589
654 586
646 582
640 588
639 583
638 584
637 583
659 521
651 517
660 602
681 545
651 553
652 518
636 583
635 584
634 583
635 583
638 583
684 550
657 596
663 527
649 592
641 588
673 540
685 551
633 582
632 582
677 547
650 593
642 589
634 585
653 598
655 528
647 524
665 572
666 537
658 533
668 583
632 581
633 586
660 579
659 534
645 599
632 585
651 530
670 543
657 573
636 582
635 581
636 581
636 580
648 604
649 569
669 547
640 520
639 521
638 596
637 596
637 595
638 594
649 605
650 570
669 583
670 584
670 583
662 544
653 575
665 549
664 590
656 586
655 541
667 595
646 572
666 550
658 546
645 576
648 581
668 596
636 597
635 596
634 596
634 595
635 594
634 593
635 593
636 593
660 592
681 535
684 540
657 586
649 582
641 578
661 556
653 552
654 517
655 516
652 593
685 541
642 579
662 557
654 553
637 579
636 578
670 585
670 586
655 518
665 562
658 523
644 588
644 589
656 599
660 569
636 592
636 591
636 590
680 547
672 543
645 589
637 585
637 586
657 563
648 594
669 537
661 533
681 548
654 515
638 586
661 569
653 514
662 534
653 565
654 530
638 521
637 520
640 595
640 594
673 543
646 526
646 527
665 539
652 606
664 580
656 576
676 554
668 550
647 527
644 601
657 540
648 571
679 536
639 593
668 586
636 587
637 598
657 576
649 572
669 550
661 546
636 596
640 593
645 528
653 513
665 516
663 592
632 584
643 590
664 557
644 591
687 540
637 519
637 518
637 517
638 516
638 518
636 517
635 518
634 518
635 517
664 593
667 598
660 559
688 541
689 542
690 541
680 537
657 553
648 584
650 514
653 519
638 517
634 519
634 520
635 520
690 540
690 539
635 595
638 520
636 595
686 532
687 531
686 530
687 529
686 528
685 529
684 529
684 528
687 528
688 527
687 526
688 526
688 529
685 528
688 528
684 530
687 530
688 531
689 532
689 531
690 531
691 532
691 531
692 532
691 533
691 534
692 534
693 535
694 534
695 533
694 532
695 532
694 533
695 534
696 535
697 536
698 536
699 536
699 535
700 536
697 535
700 535
696 537
699 537
698 538
698 539
699 538
700 538
701 539
701 538
702 537
702 539
703 540
704 539
703 541
702 538
698 540
698 541
701 540
701 541
693 536
693 537
690 530
690 529
690 528
702 541
694 536
689 543
689 544
690 543
691 544
692 544
693 545
694 545
694 544
695 543
694 542
695 542
695 544
642 588
643 589
635 585
638 595
704 540
669 582
641 600
641 601
644 525
697 537
642 601
689 533
689 534
634 597
637 522
635 598
668 595
690 533
685 540
678 536
677 537
651 519
681 547
652 520
638 585
641 590
641 591
644 515
631 582
630 582
642 591
634 587
647 526
665 574
666 539
639 522
639 523
658 535
668 585
660 581
659 536
700 537
645 601
651 532
692 533
637 597
657 575
648 606
649 571
669 549
661 545
640 522
638 598
685 530
649 607
650 572
661 581
662 546
653 577
673 555
665 551
664 592
656 588
667 597
655 543
688 540
645 578
691 545
691 546
657 552
648 583
660 594
681 537
684 542
657 588
649 584
641 580
661 558
662 523
653 554
654 519
685 543
652 595
677 539
664 569
654 555
667 574
655 520
647 516
666 529
633 581
658 525
644 590
656 601
668 575
660 571
680 549
672 545
645 591
637 587
657 565
648 596
650 526
669 539
661 535
681 550
653 531
651 607
650 562
649 562
663 581
643 523
662 536
635 519
653 567
654 532
640 597
673 545
646 528
665 541
664 582
656 578
676 556
667 587
668 552
660 548
688 530
699 539
644 603
691 535
691 536
657 542
648 573
660 584
672 558
659 588
692 536
649 574
669 552
661 548
653 544
665 518
652 585
663 594
664 559
656 555
687 542
679 538
644 580
656 591
657 519
688 543
655 595
660 561
680 539
645 581
658 600
637 577
648 586
650 516
661 525
653 521
659 601
651 597
663 571
683 549
686 529
636 579
691 541
691 527
692 542
675 545
654 522
640 587
646 518
657 525
655 514
656 513
632 583
652 598
664 572
705 538
656 568
676 546
667 577
660 538
683 528
706 539
670 549
694 537
698 535
687 525
695 538
695 539
682 529
696 539
633 584
679 551
638 519
637 581
643 604
638 581
657 532
648 563
649 528
641 524
641 525
702 540
647 604
639 600
639 601
659 578
651 574
670 587
670 588
650 529
636 594
642 525
634 521
694 535
686 531
652 575
698 542
663 584
667 554
695 536
641 526
640 600
687 532
639 602
660 515
660 514
660 551
655 585
640 603
641 603
647 581
666 594
669 579
670 589
642 527
658 590
642 528
690 535
690 544
694 541
656 524
635 586
657 524
639 592
705 537
661 574
636 586
698 534
644 526
697 538
642 602
634 598
687 524
645 527
637 523
637 524
633 587
638 525
638 526
697 533
636 525
656 523
639 591
705 536
636 526
636 527
637 528
638 528
639 525
690 542
682 538
661 515
659 591
651 587
635 525
652 552
663 561
634 524
633 525
632 524
631 523
630 522
631 522
633 524
631 524
664 526
683 539
656 522
640 577
686 544
656 558
643 588
648 517
662 601
654 597
660 528
679 541
706 535
705 534
705 533
705 532
705 531
706 530
707 529
706 532
707 528
704 531
703 531
703 530
704 529
703 528
702 527
701 526
700 526
699 526
698 526
699 525
702 526
701 528
701 529
702 529
704 528
697 525
696 525
700 525
706 531
707 531
708 532
709 532
699 527
698 528
702 528
706 534
695 524
694 524
693 525
693 524
692 524
691 524
691 523
691 522
691 521
692 522
692 521
694 523
694 522
694 521
695 520
695 522
695 521
708 533
708 534
709 534
710 535
710 536
711 534
712 535
713 536
713 535
714 534
713 533
715 535
716 536
714 533
714 536
716 535
712 537
715 537
714 535
710 537
713 537
701 530
693 526
693 527
690 520
690 519
690 518
702 531
694 526
704 530
696 526
696 527
697 527
707 530
700 527
692 523
711 536
703 532
714 537
706 533
698 529
698 530
695 523
707 533
699 529
691 525
709 533
646 593
666 571
657 522
649 518
655 598
702 530
647 594
639 590
658 603
657 604
659 568
705 535
651 564
652 529
670 577
671 542
663 538
636 584
682 551
642 515
674 547
694 525
706 536
652 565
698 532
644 524
663 574
664 539
650 604
656 535
675 548
642 600
662 578
695 526
667 544
632 586
665 583
645 525
637 521
643 601
635 597
655 575
701 542
646 606
647 571
693 538
693 539
666 584
658 580
659 545
638 522
670 554
690 532
641 527
639 603
638 604
659 581
651 577
671 555
663 551
664 516
683 529
661 590
694 538
686 534
643 578
689 545
689 546
662 591
654 587
660 518
655 552
646 583
665 596
666 561
658 557
655 588
647 584
639 580
658 593
657 594
659 558
651 554
652 519
690 545
657 597
663 528
682 541
664 529
677 548
650 594
656 525
697 526
642 590
662 568
634 586
708 535
708 536
653 599
654 564
665 573
666 538
645 515
643 591
648 520
635 587
709 536
654 600
655 565
701 532
646 596
693 528
666 574
658 570
659 535
678 548
651 531
690 522
689 522
689 523
640 521
652 532
638 597
663 541
649 606
650 571
696 538
669 584
641 602
661 580
662 545
653 576
633 518
632 518
644 527
650 607
697 539
642 603
689 535
662 581
654 577
646 573
665 586
668 597
691 519
692 519
693 541
660 593
717 535
692 545
657 587
698 531
695 525
707 536
718 536
710 532
692 543
703 538
691 518
699 531
655 513
681 539
702 533
649 587
660 564
692 525
637 599
631 518
694 528
700 524
634 523
695 529
695 530
644 592
653 543
637 593
630 521
636 600
636 601
700 523
711 532
636 602
636 603
635 604
635 605
635 606
636 605
637 606
638 606
639 607
640 607
640 606
640 608
641 609
642 610
639 609
639 610
642 609
643 608
642 607
644 609
643 607
645 609
641 611
643 609
639 611
637 607
637 608
638 608
696 529
636 604
640 610
644 593
635 607
634 608
635 608
636 607
638 607
634 609
634 610
635 610
629 520
628 521
637 609
637 610
663 518
649 583
638 610
685 542
677 538
650 584
656 515
657 516
658 515
642 580
661 593
653 589
655 519
658 524
656 600
655 555
701 522
693 518
712 531
658 560
659 525
678 538
645 590
651 521
711 535
657 564
648 595
681 549
652 522
638 587
657 600
630 583
630 584
704 532
649 596
650 561
696 528
641 592
661 570
662 535
653 566
673 544
665 540
631 584
697 529
689 525
654 567
655 532
647 528
666 541
639 524
658 537
644 602
636 518
668 587
672 557
700 539
645 603
692 535
684 531
684 532
683 533
657 577
648 608
649 573
669 551
640 524
638 600
685 532
650 574
636 606
627 521
626 521
640 612
636 610
699 522
626 522
639 613
638 614
698 522
697 523
696 541
641 605
654 544
673 557
640 609
658 514
635 600
703 529
635 609
646 609
639 606
698 521
683 532
717 534
718 533
698 520
719 532
719 531
719 530
720 529
719 528
718 527
717 526
716 526
715 525
714 524
713 523
718 526
714 523
717 528
717 529
718 529
720 528
721 527
721 529
713 525
712 525
716 525
720 531
715 527
718 528
711 524
710 523
711 522
710 525
709 522
708 522
708 521
709 520
711 521
710 524
721 528
714 525
717 530
717 531
718 531
707 521
706 520
705 519
704 519
703 519
703 518
702 517
701 516
706 519
707 519
702 516
705 521
705 522
706 522
701 518
704 518
707 518
707 517
707 516
700 515
699 515
698 516
697 515
696 515
696 514
697 513
696 512
695 512
694 512
693 512
692 512
691 511
692 510
691 509
692 509
694 511
695 510
694 509
695 509
690 508
689 509
699 514
699 513
700 513
692 511
703 520
706 521
698 517
698 518
695 511
688 508
687 508
686 508
686 507
687 506
688 506
687 507
699 517
691 513
709 521
720 530
712 526
712 527
702 518
721 531
722 532
713 527
705 523
694 513
693 514
693 515
706 524
697 514
716 527
708 523
708 524
709 524
720 533
693 516
690 510
722 533
722 534
700 514
711 523
704 520
696 516
696 517
697 517
718 530
710 526
710 527
688 507
707 520
699 516
691 512
700 517
692 513
711 526
721 530
713 526
714 527
706 523
698 519
717 532
695 513
687 509
688 510
699 519
709 523
701 519
701 520
720 532
712 528
712 529
690 509
702 520
721 533
713 529
705 525
694 515
682 531
715 528
715 529
697 516
716 529
708 525
719 534
709 526
690 512
708 515
664 594
656 590
693 508
688 542
660 560
680 538
659 515
700 516
645 580
711 525
657 554
703 521
703 522
648 585
660 596
638 577
684 544
704 522
649 586
696 518
641 582
662 525
654 521
646 517
665 530
677 541
664 571
656 567
676 545
667 576
655 522
647 518
633 583
679 550
707 532
658 527
699 528
656 603
668 577
660 573
680 551
700 529
672 547
645 593
637 589
657 567
703 534
649 563
650 528
642 524
661 537
653 533
653 534
652 574
671 587
663 583
643 525
662 538
635 521
654 534
695 535
640 599
664 584
656 580
667 589
668 554
660 550
688 532
699 541
644 605
691 537
657 544
648 575
661 514
681 529
639 612
714 526
659 590
651 586
684 534
696 508
718 532
710 528
710 529
709 530
688 509
707 522
699 518
691 514
691 515
700 519
692 515
702 519
721 532
713 528
705 524
694 514
714 529
706 525
695 515
709 535
701 531
691 517
690 521
702 532
694 527
629 519
643 603
635 599
646 608
693 540
630 520
690 534
682 530
706 515
705 515
704 516
705 514
705 513
705 512
705 511
706 510
705 509
706 509
704 508
703 508
703 507
703 506
704 506
702 506
701 506
701 505
702 504
707 508
706 507
707 507
708 509
709 510
707 506
709 509
708 511
708 512
709 512
710 513
710 512
711 512
712 512
713 513
714 513
712 514
712 515
713 515
715 514
716 513
715 515
716 515
717 516
718 517
719 518
720 519
718 516
717 518
720 518
721 517
720 516
721 516
721 519
722 520
722 519
723 520
724 521
725 520
724 522
726 520
725 522
723 519
719 520
722 521
722 522
711 511
711 510
711 509
723 522
725 521
726 522
727 523
728 522
729 523
730 524
730 523
729 525
730 526
731 526
732 525
733 524
732 523
733 523
730 525
733 525
718 518
710 514
710 515
729 527
700 505
699 505
698 506
698 505
697 505
696 505
696 504
696 503
696 502
697 503
697 502
699 504
699 503
699 502
700 501
700 503
700 502
711 514
721 518
713 514
724 523
724 524
714 515
706 511
725 524
698 507
698 508
695 501
695 500
694 499
695 499
694 501
693 502
692 501
691 501
691 500
691 499
692 499
690 498
689 499
689 498
688 498
687 498
686 498
686 497
687 496
686 495
685 494
684 493
683 493
682 492
681 491
680 490
685 493
681 490
684 495
684 496
685 496
687 495
688 494
687 493
688 496
680 492
679 492
683 492
682 494
685 495
678 491
677 490
678 489
677 492
678 488
677 491
688 495
681 492
684 497
685 498
687 497
679 493
679 494
680 494
709 511
728 524
727 525
701 507
701 508
720 520
712 516
712 517
690 497
690 496
690 495
682 493
702 508
713 517
683 494
694 503
693 504
686 499
676 491
723 521
704 507
715 516
715 517
697 504
716 517
689 500
689 501
708 513
678 490
690 500
726 521
729 526
722 523
722 524
700 504
692 500
711 513
703 509
703 510
723 524
685 497
704 510
677 493
677 494
696 506
678 493
714 514
725 523
717 519
717 520
726 524
718 520
710 516
710 517
688 497
707 510
680 493
699 506
691 502
691 503
681 494
700 507
692 503
684 499
683 500
728 523
702 507
721 520
713 516
724 525
694 502
714 517
706 513
725 526
698 509
695 503
687 499
679 495
679 496
680 496
727 526
727 527
716 516
719 521
719 522
709 513
728 526
701 509
701 510
720 522
693 505
693 506
712 518
690 499
682 495
682 496
702 510
683 496
694 505
731 522
712 508
723 523
704 509
715 518
715 519
697 506
716 519
689 502
689 503
688 504
678 492
734 522
726 523
718 519
708 505
707 504
708 503
706 503
705 503
705 502
705 501
705 500
705 499
705 498
706 497
707 496
706 499
704 498
703 498
703 497
703 496
703 495
702 494
701 493
704 496
700 493
699 493
698 493
699 492
702 493
701 495
701 496
702 496
704 495
697 492
696 492
700 492
707 498
708 499
709 500
710 500
711 500
711 499
709 499
708 501
711 501
712 502
713 503
710 502
710 503
713 502
714 501
713 500
715 502
716 503
714 503
716 502
712 504
712 505
713 505
715 504
715 505
716 505
717 506
718 506
719 507
720 506
721 507
719 508
721 506
720 508
714 502
717 507
717 508
718 508
710 504
699 494
698 495
698 496
702 495
721 508
722 509
722 510
723 510
724 509
725 510
725 509
726 508
726 510
724 511
724 512
725 512
723 509
726 509
722 511
723 512
725 511
726 512
727 513
727 512
728 512
729 513
730 513
729 514
729 515
730 515
731 516
732 515
733 514
732 513
733 513
733 515
734 516
735 517
736 516
737 517
737 516
736 518
736 519
737 519
738 519
735 516
734 518
734 519
735 519
737 518
736 520
737 521
738 522
738 521
728 511
728 510
713 504
732 517
731 518
724 513
714 505
706 501
698 497
695 491
694 491
693 492
693 491
692 491
691 491
691 490
735 518
727 514
727 515
716 504
708 500
719 509
719 510
709 501
728 514
701 497
701 498
720 510
693 493
693 494
712 506
702 498
694 493
730 514
723 511
734 520
704 497
696 493
696 494
715 506
715 507
697 494
716 507
726 511
718 507
737 520
729 516
729 517
707 497
730 517
722 513
700 494
692 490
711 503
703 499
704 500
732 516
714 504
733 517
706 500
725 513
717 509
717 510
736 522
726 514
718 510
707 500
699 496
691 492
731 519
731 520
728 513
720 509
702 497
721 510
713 506
732 519
694 492
695 493
735 520
727 516
727 517
726 518
697 493
716 506
708 502
719 511
719 512
709 503
701 499
720 512
693 495
693 496
692 497
738 515
730 516
722 512
712 498
711 502
723 513
704 499
696 495
696 496
695 497
715 508
697 496
707 509
722 525
704 494
681 493
700 506
692 502
711 515
684 498
703 511
703 512
685 499
704 512
677 495
677 496
676 497
734 512
733 511
734 510
734 509
734 508
735 507
736 506
734 506
736 508
735 506
737 508
733 505
732 505
731 506
731 505
730 505
729 505
729 504
729 503
729 502
730 501
730 503
728 502
727 503
727 502
730 502
732 504
732 503
733 503
731 507
731 508
728 501
727 500
728 500
726 500
725 500
724 499
723 498
722 497
723 497
722 499
725 499
726 498
725 497
726 497
728 499
721 496
720 496
719 495
718 494
717 493
716 493
715 493
715 492
714 491
713 490
714 490
717 495
717 496
718 496
720 495
721 494
721 493
713 492
712 492
713 493
724 501
714 493
716 492
719 497
719 498
720 498
712 494
723 499
715 494
716 495
726 499
718 495
711 491
710 490
711 489
710 492
709 489
708 489
708 488
709 487
714 492
725 501
717 497
717 498
718 498
707 488
706 489
709 488
720 497
712 493
721 498
713 494
732 507
705 490
705 491
706 491
734 507
735 508
727 504
727 505
716 494
708 490
708 491
719 499
719 500
709 491
720 500
730 504
722 500
722 501
711 490
723 501
715 496
733 504
736 509
736 510
726 501
718 497
737 510
738 511
738 512
738 513
710 493
710 494
729 506
730 507
711 493
721 497
732 506
724 502
724 503
714 494
733 507
706 490
725 503
717 499
731 509
731 510
709 490
728 503
720 499
712 495
712 496
721 500
713 496
705 492
723 500
715 495
735 510
727 506
716 496
708 492
708 493
707 494
719 501
709 493
727 496
726 495
728 497
727 494
729 496
727 493
727 492
727 491
727 490
728 489
729 490
730 491
730 490
729 492
729 493
730 493
731 493
732 493
732 492
733 491
732 490
733 490
733 493
734 494
735 494
736 495
737 494
736 496
734 495
734 496
735 496
730 492
733 492
736 497
736 498
726 489
726 488
725 487
726 487
724 488
724 489
723 487
722 487
725 489
722 488
722 489
723 489
725 488
729 494
732 494
731 495
731 496
732 495
724 490
724 491
733 495
725 491
735 495
731 497
731 498
728 491
721 488
720 488
719 487
720 487
723 488
734 497
734 498
735 498
719 489
738 493
730 494
722 490
722 491
723 491
733 494
725 490
736 499
736 500
726 491
718 487
717 487
728 490
721 487
732 496
724 492
724 493
725 493
735 497
719 488
731 499
728 493
720 489
738 492
738 491
738 490
738 489
738 488
739 487
740 486
739 489
740 485
740 484
737 488
736 488
736 487
736 486
736 485
737 484
736 483
735 484
734 484
737 483
737 486
735 483
734 485
734 486
735 486
737 485
739 488
740 488
735 485
734 487
737 487
740 487
733 484
736 489
739 490
735 487
731 489
730 488
731 487
731 486
731 485
732 486
723 490
734 499
734 500
733 501
735 500
737 509
730 506
722 502
722 503
721 504
711 492
723 503
738 482
733 516
736 521
726 513
718 509
737 522
710 505
710 506
709 507
729 518
729 519
728 520
707 499
699 495
730 519
722 515
734 489
700 496
692 492
711 505
703 501
727 486
728 487
729 486
714 516
706 512
725 525
726 490
717 521
717 522
716 523
696 498
729 495
695 502
726 526
718 522
710 518
730 496
722 492
688 499
707 512
680 495
699 508
691 504
691 505
690 506
723 493
681 496
692 505
733 506
684 501
683 502
682 502
681 501
680 500
683 503
681 500
680 502
679 502
681 503
678 501
681 502
683 504
678 502
725 502
736 511
736 512
726 503
718 499
737 512
710 495
710 496
709 497
729 508
707 489
722 505
721 509
732 518
711 495
724 514
724 515
714 506
733 519
706 502
725 515
698 498
698 499
697 500
717 511
737 489
729 485
695 492
718 512
710 508
730 486
728 525
707 502
720 521
699 498
691 494
702 509
721 522
713 518
733 496
684 491
683 490
724 527
725 492
717 488
717 489
716 490
736 501
683 495
694 504
714 519
686 500
686 501
726 493
638 609
717 524
718 489
683 531
656 514
729 498
716 528
676 492
695 505
687 501
679 497
719 533
689 547
689 548
634 611
709 525
701 521
720 534
680 498
721 499
693 517
712 530
713 495
732 508
678 537
724 504
724 505
690 511
702 522
639 582
713 531
714 496
705 527
733 509
706 492
725 505
717 501
694 517
731 521
631 583
697 528
642 592
689 524
634 588
634 589
708 537
708 538
709 502
728 515
720 511
740 489
712 507
732 485
643 593
635 589
701 534
702 499
721 512
713 508
732 521
705 504
733 486
690 524
694 494
640 523
727 528
632 519
632 520
652 534
698 501
638 599
685 531
650 573
696 540
669 586
641 604
716 518
708 514
728 492
633 520
719 523
719 524
697 541
642 605
689 537
709 515
701 511
720 524
693 507
721 489
712 520
659 514
732 498
724 494
690 501
682 497
682 498
735 509
681 538
705 517
637 611
637 612
636 613
635 614
636 614
636 615
637 616
638 617
635 616
635 617
638 616
637 618
635 618
636 617
636 616
738 514
684 543
717 491
704 521
683 498
715 530
715 531
638 612
685 544
731 511
697 518
716 531
708 527
709 492
728 505
655 521
719 536
647 517
720 501
666 530
667 531
667 532
668 532
668 531
667 533
667 534
666 535
668 534
669 535
670 534
670 533
671 534
712 497
658 526
656 602
668 576
701 524
693 520
734 521
680 550
713 498
659 527
700 528
705 494
645 592
651 523
670 536
637 588
711 537
657 566
703 533
648 597
669 540
735 522
681 551
727 518
638 589
657 602
630 585
731 488
704 534
649 598
650 563
696 530
697 495
669 576
641 594
643 524
716 508
661 572
662 537
708 504
653 568
654 533
673 546
719 513
718 514
665 542
677 553
664 583
697 531
689 527
709 505
667 588
655 534
701 501
693 497
666 543
639 526
712 510
658 539
699 540
732 488
644 604
690 491
689 490
689 489
689 492
688 489
687 489
686 489
687 488
686 490
686 491
687 491
689 491
636 520
723 525
668 589
660 585
735 499
727 495
700 541
645 605
692 537
637 601
684 533
657 579
704 511
649 575
696 507
669 553
715 520
714 521
661 549
662 514
653 545
653 546
632 522
719 490
719 491
665 519
685 534
731 501
696 543
663 595
697 508
689 504
662 550
708 517
654 546
728 495
640 611
719 526
720 491
665 555
658 516
678 494
664 596
656 592
723 502
660 562
688 544
734 511
680 540
700 518
672 536
645 582
651 513
692 514
637 578
711 527
657 556
703 523
703 524
648 587
715 497
715 498
661 526
735 512
681 541
727 508
738 517
739 482
638 579
684 546
704 524
696 520
641 584
636 618
715 533
716 498
661 562
662 527
708 494
653 558
654 523
646 519
665 532
652 599
664 573
656 569
730 518
676 547
722 514
667 578
668 543
734 488
633 585
707 534
679 552
639 516
658 529
699 530
644 594
643 595
700 495
691 526
711 504
657 533
703 500
648 564
648 565
723 515
668 579
660 575
734 524
735 489
680 553
727 485
672 549
700 531
692 527
637 591
657 569
703 536
704 501
648 600
649 565
650 530
696 497
669 543
642 526
661 539
634 522
653 535
652 576
731 491
726 525
698 543
718 521
663 585
664 550
697 498
643 527
689 494
730 495
635 523
654 536
667 555
695 537
640 601
687 533
707 511
699 507
664 586
656 582
722 527
667 591
723 492
688 534
734 501
680 530
681 495
699 543
700 508
644 607
645 572
691 539
692 504
711 517
684 500
703 513
702 514
648 577
661 516
653 512
727 498
714 528
659 592
651 588
684 536
685 501
726 502
717 533
677 497
696 510
636 608
737 511
683 540
716 488
715 488
714 488
715 487
729 507
662 517
653 548
721 501
654 513
695 514
640 578
686 545
719 493
652 589
718 534
663 598
710 530
730 508
722 504
668 533
687 546
660 529
707 524
679 542
699 520
644 584
691 516
711 494
657 523
723 505
649 519
655 599
680 543
647 595
672 539
659 569
692 517
733 518
738 484
725 514
670 578
704 491
703 491
650 520
736 523
736 524
636 585
642 516
715 500
661 529
653 525
706 537
651 601
652 566
698 533
726 515
718 511
663 575
664 540
710 507
656 536
729 520
730 485
675 549
695 527
640 591
632 587
707 501
699 497
645 526
691 493
656 572
676 550
643 602
722 517
668 546
688 524
660 542
655 576
734 491
646 607
721 521
666 585
700 498
658 581
691 529
692 494
638 523
711 507
684 490
724 526
657 536
703 503
630 519
648 567
647 608
639 604
714 518
659 582
706 514
651 578
725 527
685 491
698 510
698 511
726 492
631 520
671 556
717 523
718 488
663 552
636 598
664 517
683 530
729 497
634 525
694 539
695 504
686 535
687 500
652 579
718 524
664 553
710 520
656 549
730 498
722 494
662 592
667 558
654 588
687 536
688 501
660 519
707 514
680 497
665 597
699 510
644 574
691 506
635 611
655 589
702 521
647 585
681 498
721 534
666 598
639 581
713 530
658 594
714 495
659 559
705 526
733 508
651 555
684 503
725 504
717 500
690 546
736 513
735 514
736 514
682 542
674 538
653 515
694 516
714 531
706 527
651 591
652 556
698 523
726 505
717 536
718 501
663 565
664 530
737 514
710 497
650 595
683 543
656 526
729 510
675 539
667 535
695 517
640 581
741 484
653 600
686 548
707 491
645 516
643 592
648 521
635 588
709 537
654 601
660 532
655 566
701 533
646 597
721 511
693 529
693 530
666 575
713 507
658 571
732 520
733 485
678 549
724 516
724 517
703 493
670 545
649 522
690 523
736 490
736 491
641 518
702 534
647 598
639 594
714 508
659 572
705 539
733 521
706 504
651 568
652 533
725 517
698 500
670 581
671 546
717 513
663 542
737 491
636 588
729 487
669 585
674 551
694 529
695 494
686 525
697 521
687 490
633 519
644 528
710 510
656 539
697 540
642 604
689 536
662 582
709 514
654 578
728 527
688 491
646 574
720 523
665 587
699 500
666 552
712 519
691 496
732 497
637 525
629 521
643 605
635 601
655 579
702 511
693 542
721 524
666 588
713 520
658 584
659 549
705 516
733 498
725 494
670 558
717 490
690 536
663 519
682 532
681 533
683 497
694 506
686 502
686 503
706 517
698 513
638 611
718 491
664 520
710 487
711 487
712 487
650 585
729 500
656 516
642 581
716 530
676 494
661 594
662 559
695 507
708 526
653 590
687 503
728 504
719 535
679 499
678 499
643 582
662 595
709 527
654 591
655 556
701 523
665 600
693 519
712 532
713 497
658 561
732 510
705 493
678 539
724 506
723 507
651 522
670 535
702 524
639 584
735 521
714 498
705 529
706 494
652 523
725 507
671 536
638 588
717 503
718 504
719 503
657 601
663 532
704 533
649 597
641 593
674 541
661 571
694 519
644 518
731 523
631 585
650 598
697 530
642 594
689 526
662 572
634 590
634 591
709 504
653 603
654 568
728 517
655 533
701 500
720 513
665 577
712 509
658 538
732 487
690 490
635 591
636 519
701 536
668 588
702 501
693 532
721 514
713 510
714 511
715 510
658 574
659 539
700 540
705 506
733 488
645 604
724 519
637 600
657 578
690 526
736 493
694 496
640 525
686 492
632 521
698 503
638 601
685 533
731 500
650 575
696 542
697 507
641 606
669 588
716 520
661 584
708 516
653 580
654 545
728 494
633 522
679 489
719 525
720 490
697 543
664 595
689 539
709 517
654 581
655 546
701 513
646 577
720 526
721 491
693 509
666 555
712 522
713 487
659 516
732 500
651 512
724 496
690 503
682 499
660 597
735 511
681 540
727 507
652 513
637 613
738 516
638 578
684 545
657 591
663 522
704 523
650 552
696 519
641 583
715 532
675 496
716 497
662 526
653 557
686 505
685 505
719 502
665 531
685 546
731 513
677 542
650 588
697 520
642 584
716 533
662 562
708 529
709 494
653 593
654 558
728 507
655 523
647 519
720 503
666 532
712 499
740 481
741 482
639 515
658 528
656 604
723 514
668 578
702 491
693 522
660 574
734 523
735 488
680 552
659 529
672 548
700 530
705 496
645 594
692 526
637 590
657 568
703 535
648 599
649 564
669 542
715 509
735 524
640 515
681 553
727 520
638 591
731 490
704 536
650 565
696 532
641 596
697 497
643 526
716 510
689 493
662 539
635 522
708 506
653 570
654 535
673 548
719 515
665 544
664 585
689 529
656 581
722 526
655 536
668 555
701 503
688 533
693 499
658 541
699 542
644 606
691 538
715 512
726 527
718 523
710 519
689 496
730 497
722 493
688 500
707 513
699 509
697 501
722 529
723 494
734 503
680 532
681 497
700 510
692 506
711 519
684 502
703 515
715 489
714 530
706 526
685 503
726 504
677 499
718 500
737 513
729 509
695 516
649 577
741 483
685 490
707 490
730 510
722 506
723 508
668 535
707 526
711 496
703 492
714 507
733 520
636 611
738 486
725 516
704 493
734 513
717 512
737 490
726 517
718 513
710 509
730 520
716 487
729 522
730 487
688 490
707 503
699 499
719 492
637 580
691 495
727 497
734 493
721 523
700 500
713 519
711 529
692 496
733 497
724 528
684 492
703 505
736 502
714 520
706 516
725 529
726 494
710 533
698 512
717 525
692 507
718 490
729 499
676 493
695 506
687 502
679 498
710 522
730 500
722 496
634 612
628 522
688 503
720 535
680 499
699 512
691 508
732 509
657 515
635 613
702 523
713 532
643 516
714 497
696 536
705 528
641 577
733 510
706 493
725 506
671 535
717 502
736 515
694 518
706 529
726 507
698 525
738 483
718 503
648 566
710 499
729 512
642 593
695 519
727 501
728 516
707 493
643 594
676 549
635 590
701 535
702 500
693 531
647 607
721 513
713 509
732 522
733 487
705 505
724 518
690 525
736 492
702 536
639 596
694 495
714 510
734 504
706 506
725 519
698 502
717 515
737 493
665 534
704 517
729 489
669 587
694 531
695 496
686 527
687 492
633 521
679 488
697 542
642 606
689 538
709 516
688 493
701 512
720 525
738 487
680 489
721 490
712 521
691 498
732 499
637 527
724 495
629 523
635 603
690 502
702 513
693 544
721 526
713 522
714 487
733 500
705 518
652 512
725 496
717 492
690 538
736 505
682 534
683 499
675 495
715 503
694 508
686 504
698 515
638 613
718 493
685 545
731 512
710 489
697 519
716 532
676 496
708 528
687 505
728 506
639 518
679 501
720 502
666 531
635 580
709 529
701 525
693 521
721 503
712 534
713 499
659 528
732 512
705 495
724 508
644 596
735 523
714 500
681 552
727 519
706 496
652 525
698 492
638 590
717 505
657 603
704 535
696 531
669 577
641 595
716 509
719 514
644 520
731 525
697 532
642 596
689 528
634 592
709 506
655 535
699 523
728 519
701 502
720 515
693 498
639 527
712 511
732 489
690 492
636 521
723 526
668 590
702 503
647 567
693 534
713 512
705 508
700 542
645 606
692 538
725 486
637 602
715 521
694 498
640 527
686 494
632 523
638 603
685 535
731 502
696 544
669 590
697 509
641 608
716 522
689 505
708 518
654 547
655 512
728 496
719 527
679 491
720 492
712 488
631 519
658 517
678 495
664 597
656 593
689 541
709 519
655 548
701 515
646 579
688 545
693 511
712 524
713 489
658 553
732 502
659 518
645 583
651 514
724 498
711 528
723 530
724 531
690 505
648 588
682 501
735 504
660 599
735 513
681 542
727 509
652 515
738 518
637 615
739 483
638 580
684 547
657 593
704 525
649 589
696 521
641 585
715 534
716 499
661 563
662 528
708 495
653 559
654 524
673 537
719 504
665 533
739 519
685 548
652 600
731 515
677 544
697 522
642 586
634 582
708 531
709 496
654 560
655 525
728 509
701 492
647 521
720 505
666 534
712 501
740 483
639 517
707 535
658 530
644 595
723 516
668 580
660 576
734 525
735 490
680 554
672 550
700 532
645 596
651 527
692 528
637 592
657 570
703 537
648 601
704 502
649 566
669 544
715 511
661 540
640 517
727 522
653 536
638 593
731 492
704 538
650 567
696 534
641 598
697 499
716 512
643 528
689 495
661 576
662 541
708 508
635 524
653 572
654 537
728 486
627 520
673 550
640 602
719 517
664 587
656 583
722 528
667 592
668 557
693 501
660 553
688 535
734 502
680 531
644 608
700 509
645 573
691 540
711 518
703 514
648 578
636 524
682 491
723 529
668 593
628 520
660 589
735 503
681 532
727 499
692 541
637 605
684 537
657 583
685 502
704 515
677 498
649 579
696 511
641 575
636 609
669 557
715 524
716 489
661 553
662 518
653 549
654 514
719 494
718 535
663 599
697 512
664 564
710 531
689 508
730 509
676 538
655 515
687 547
707 525
712 491
679 543
658 520
699 521
678 498
664 600
656 596
723 506
688 548
660 566
734 515
680 544
700 522
672 540
645 586
692 518
738 485
637 582
711 531
657 560
703 527
648 591
704 492
669 534
642 517
715 501
661 530
653 526
739 486
706 538
651 602
726 516
663 576
696 524
643 518
729 521
662 531
708 498
675 550
654 527
695 528
640 592
646 523
665 536
632 588
627 519
652 603
664 577
656 573
730 522
676 551
722 518
667 582
688 525
633 589
734 492
639 520
707 538
699 534
700 499
644 598
691 530
692 495
638 524
711 508
657 537
703 504
648 568
735 493
727 489
639 605
659 583
692 531
684 527
685 492
725 528
704 505
671 557
631 521
696 501
636 599
634 526
694 540
652 580
726 529
718 525
663 589
710 521
730 499
635 527
722 495
695 541
640 605
687 537
688 502
679 533
707 515
699 511
644 575
691 507
657 514
722 531
723 496
635 612
688 538
655 590
734 505
680 534
681 499
721 535
666 599
700 512
691 543
658 595
692 508
684 504
703 517
715 491
661 520
653 516
714 532
659 596
706 528
651 592
652 557
726 506
698 524
677 501
676 501
718 502
636 612
737 515
664 531
710 498
683 544
729 511
675 540
667 536
695 518
741 485
640 582
686 549
707 492
664 567
710 534
656 563
730 512
676 541
722 508
668 537
654 602
660 533
679 546
699 524
666 576
691 520
711 498
657 527
703 494
649 523
641 519
655 603
702 535
647 599
639 595
714 509
659 573
733 522
705 540
706 505
651 569
725 518
670 582
671 547
717 514
663 543
696 491
636 589
737 492
729 488
674 552
694 530
695 495
686 526
651 605
698 537
726 519
676 500
718 515
663 579
664 544
710 511
729 524
730 489
675 553
667 549
695 531
687 527
688 492
707 505
699 501
679 532
691 497
637 526
629 522
643 606
635 602
655 580
702 512
647 576
693 543
721 525
713 521
658 585
692 498
733 499
638 527
684 494
724 530
725 495
630 523
690 537
736 504
682 533
639 608
694 507
714 522
659 586
706 518
651 582
726 496
698 514
717 527
718 492
663 556
664 521
710 488
683 534
656 517
729 501
676 495
694 543
695 508
686 539
687 504
679 500
656 553
643 583
722 498
662 596
635 579
709 528
654 592
655 557
688 505
660 523
680 501
721 502
712 533
691 510
658 562
732 511
711 488
724 507
657 517
649 513
635 615
702 525
647 589
639 585
713 534
658 598
714 499
659 563
705 530
733 512
706 495
651 559
652 524
725 508
717 504
736 517
663 533
682 546
674 542
694 520
652 560
698 527
718 505
644 519
731 524
664 534
631 586
676 499
710 501
650 599
656 530
675 543
642 595
662 573
667 539
653 604
654 569
728 518
707 495
720 514
665 578
645 520
637 516
643 596
648 525
635 592
655 570
701 537
702 502
646 601
693 533
721 515
713 511
658 575
659 540
732 524
705 507
733 489
678 553
724 520
724 529
690 527
736 494
736 503
694 497
714 512
640 526
686 493
706 508
651 572
726 486
698 504
671 550
638 602
717 517
663 546
650 576
729 491
669 589
674 555
641 607
716 521
661 585
695 498
687 494
633 523
679 490
642 608
689 540
709 518
654 582
655 547
701 514
646 578
680 491
720 527
721 492
693 510
626 520
666 556
712 523
713 488
658 552
732 501
659 517
724 497
690 504
682 500
702 515
647 579
660 598
639 575
713 524
714 489
705 520
733 502
652 514
725 498
637 614
717 494
657 592
736 507
663 523
649 588
682 536
683 501
675 497
694 510
686 506
638 615
685 547
731 514
710 491
677 543
650 589
656 520
642 585
716 534
676 498
661 598
634 581
708 530
653 594
709 495
655 524
728 508
720 504
666 533
740 482
712 500
643 586
648 515
635 582
709 531
701 527
646 591
702 492
721 505
693 523
712 536
713 501
658 565
659 530
732 514
705 497
678 543
645 595
651 526
724 510
670 539
736 484
735 525
640 516
727 521
706 498
652 527
698 494
638 592
704 537
649 601
650 566
696 533
641 597
716 511
661 575
662 540
708 507
653 571
728 485
673 549
719 516
644 522
697 534
642 598
689 530
662 576
634 594
709 508
654 572
655 537
728 521
701 504
720 517
693 500
665 581
712 513
658 542
732 491
724 487
690 494
636 523
682 490
723 528
668 592
702 505
628 519
660 588
735 502
681 531
705 510
645 608
692 540
637 604
657 582
704 514
649 578
683 491
641 574
669 556
715 523
661 552
694 500
686 496
632 525
638 605
685 537
731 504
650 579
697 511
641 610
716 524
689 507
661 588
662 553
708 520
653 584
728 498
719 529
720 494
665 558
712 490
678 497
664 599
656 595
701 517
688 547
721 495
693 513
734 514
713 491
659 520
700 521
645 585
724 500
711 530
657 559
690 507
703 526
648 590
682 503
669 533
735 515
681 544
727 511
738 520
637 617
739 485
638 582
684 549
657 595
704 527
696 523
641 587
715 536
716 501
643 517
661 565
662 530
708 497
654 526
673 539
719 506
646 522
665 535
731 517
677 546
697 524
664 576
634 584
730 521
662 543
689 506
669 546
709 498
640 604
667 581
655 527
701 494
647 523
720 507
666 536
633 588
712 503
707 537
639 519
658 532
699 533
644 597
724 486
723 518
711 516
690 493
657 545
648 576
636 522
660 578
723 527
668 591
735 492
727 488
660 587
700 534
672 552
735 501
681 530
692 530
637 594
645 607
657 572
692 539
703 539
637 603
704 504
649 568
684 535
696 500
685 500
657 581
704 513
715 513
696 509
669 555
715 522
727 524
661 551
662 516
653 547
654 512
685 527
726 528
731 494
665 521
650 569
652 588
685 536
731 503
716 514
689 497
663 597
708 510
664 562
697 510
635 526
653 574
728 488
695 540
627 522
708 519
719 519
720 493
687 545
707 523
712 489
664 589
644 583
678 496
664 598
722 530
656 594
667 594
723 495
668 559
693 503
688 537
660 555
723 504
680 533
700 520
688 546
700 511
645 575
691 542
648 593
680 542
672 538
711 520
645 584
651 515
692 516
703 516
648 580
723 531
657 558
703 525
660 591
648 589
715 490
704 490
661 519
735 505
681 534
669 532
715 499
661 528
681 543
727 510
684 539
715 526
685 504
739 484
649 581
677 500
684 548
651 600
696 513
704 526
716 491
661 555
662 520
696 522
737 523
653 551
716 500
654 516
683 552
719 496
708 496
654 525
640 590
652 592
673 538
719 505
646 521
664 566
656 562
689 510
730 511
664 575
676 540
722 507
656 571
655 517
668 536
704 503
722 516
667 580
707 527
679 545
658 522
647 522
660 541
688 523
734 490
644 587
679 554
678 500
699 532
656 598
700 497
711 497
657 526
691 528
692 493
711 506
657 535
703 502
655 602
660 568
734 517
723 517
680 546
660 577
672 542
735 491
645 588
692 520
637 584
727 487
700 533
672 551
711 533
669 536
657 562
692 529
696 499
