633 318
632 319
631 319
633 319
634 318
635 318
636 317
636 316
635 315
637 315
636 319
637 318
631 320
634 319
633 317
634 316
633 320
638 316
639 315
638 319
640 316
641 316
642 317
639 318
641 315
642 314
643 313
644 314
645 313
646 312
647 313
648 312
643 312
642 311
632 318
635 317
637 314
648 314
642 313
639 314
640 313
639 312
638 318
640 315
643 314
645 311
644 310
645 309
644 308
646 308
647 309
646 310
632 320
635 319
637 316
636 320
637 321
642 315
644 312
633 321
634 320
638 311
637 312
643 307
642 306
643 305
638 320
639 321
640 320
640 322
641 323
642 322
643 321
642 320
643 319
644 319
645 318
644 317
645 316
646 315
647 316
646 317
640 324
643 323
646 319
648 316
642 324
644 321
640 317
643 316
648 309
641 325
640 326
632 322
631 322
630 323
631 324
632 325
633 326
634 325
635 324
632 327
635 326
636 327
633 328
634 327
632 329
631 329
630 330
631 331
630 332
635 328
636 329
631 333
632 334
633 335
634 334
635 333
636 334
632 336
634 336
633 330
634 329
630 325
629 326
628 325
627 324
635 321
630 334
632 331
636 313
635 312
634 311
633 310
634 309
633 308
635 308
632 311
631 311
635 310
633 312
632 313
631 313
627 326
642 308
641 309
640 308
639 307
640 306
636 322
637 323
628 327
640 310
640 319
632 324
632 333
644 307
633 307
632 306
633 316
632 315
644 316
635 335
636 336
647 318
639 323
636 308
637 309
636 326
636 335
640 305
640 314
632 310
640 323
632 328
643 325
644 326
644 311
635 330
636 331
639 309
639 327
639 328
640 329
640 328
636 312
636 321
636 330
628 326
640 309
632 305
640 318
631 337
632 338
632 314
643 311
632 323
643 320
635 316
646 316
635 325
635 334
647 308
639 304
647 317
639 313
639 322
636 307
636 325
631 323
631 332
632 309
634 328
643 306
634 337
643 315
646 311
635 311
643 324
635 320
646 320
635 329
627 325
635 338
635 339
636 340
647 312
639 308
647 321
639 317
639 326
636 311
630 335
631 318
642 318
631 327
634 323
631 336
634 332
643 310
635 306
636 306
637 305
638 325
641 330
631 304
642 331
642 332
643 333
643 334
637 337
638 329
638 338
639 337
639 336
631 308
631 317
630 316
634 313
631 326
642 326
642 327
643 328
643 329
644 330
634 322
642 335
641 334
640 333
639 332
639 331
631 335
634 331
643 309
634 340
634 341
634 342
635 305
634 304
635 314
646 314
645 327
646 328
646 329
626 323
625 322
625 321
624 320
624 319
623 318
624 323
624 324
624 325
625 326
623 322
623 317
623 326
623 327
624 328
624 329
624 318
625 317
622 321
621 320
621 319
620 318
620 317
620 321
620 322
620 323
621 324
621 325
620 326
620 327
621 328
621 329
619 325
619 320
618 319
617 318
617 317
617 316
616 315
616 319
616 320
617 321
617 322
615 318
614 317
613 316
613 315
613 314
614 313
614 312
613 311
613 310
612 313
612 317
612 318
613 319
613 320
613 321
614 322
614 321
615 323
616 324
616 325
617 326
617 327
612 322
616 328
616 329
616 330
617 331
617 332
616 333
616 334
617 335
617 336
615 332
614 331
613 330
613 329
612 331
612 332
613 333
613 334
611 330
615 327
614 326
613 325
613 324
615 313
612 326
612 327
611 325
610 324
609 323
609 322
608 321
608 320
609 321
608 324
608 325
609 326
609 327
609 328
608 329
608 330
609 331
609 332
608 333
608 334
608 335
609 336
609 337
615 322
612 335
612 336
612 337
613 338
611 334
615 331
616 314
617 313
618 314
617 312
616 311
616 310
608 319
609 318
609 317
608 316
608 315
622 330
623 331
623 332
624 333
624 334
623 335
623 336
623 337
624 338
624 339
625 340
624 337
623 340
623 341
624 342
624 343
624 344
622 340
622 335
621 334
621 333
620 332
620 331
622 339
621 338
620 337
620 336
619 338
619 339
620 340
620 341
619 315
619 324
619 333
619 334
611 329
611 338
612 312
611 311
610 310
609 309
609 308
609 307
610 306
610 305
608 306
608 310
607 309
606 309
606 308
608 311
609 312
609 313
605 310
605 311
606 312
606 313
604 309
605 314
605 315
605 316
606 317
606 318
605 319
605 320
604 318
604 313
604 308
603 307
602 306
612 321
611 320
623 321
615 317
604 317
603 316
602 316
602 315
601 314
600 313
599 314
598 313
598 312
601 313
597 311
601 317
601 318
602 319
602 320
602 321
601 322
601 323
602 324
602 325
598 311
601 312
602 311
602 310
601 309
601 308
600 316
603 321
604 322
604 323
605 324
605 325
606 326
606 327
597 310
596 309
595 308
595 307
594 306
600 311
603 325
623 330
615 326
604 326
637 332
616 309
617 308
617 307
616 306
616 305
617 304
618 305
615 304
614 304
613 305
613 306
614 307
614 308
619 306
620 307
621 306
622 307
621 305
620 304
620 308
621 309
621 310
621 311
620 303
620 312
620 313
621 314
621 315
623 308
622 312
623 313
624 314
625 313
626 314
625 312
624 315
627 315
627 316
628 317
628 318
629 319
628 316
624 309
625 308
626 309
627 308
625 307
628 308
624 306
624 310
628 307
624 305
625 304
626 305
625 303
625 302
624 301
627 306
623 312
615 308
627 310
627 311
628 312
628 313
629 314
627 319
627 320
627 321
628 322
628 321
624 304
623 303
605 309
629 328
618 328
619 329
626 341
627 340
628 341
628 340
627 339
627 338
628 337
628 336
627 335
628 335
627 334
626 342
627 343
627 344
626 337
629 342
629 343
630 343
631 342
632 342
631 341
631 340
630 339
608 305
638 306
618 337
629 337
608 314
610 333
638 315
649 315
630 311
629 310
641 311
638 324
607 318
630 320
641 320
638 333
638 334
622 316
607 327
630 329
641 329
622 325
630 338
650 316
651 316
651 315
652 316
651 314
650 313
650 317
650 318
650 312
651 311
652 312
651 310
651 309
622 334
631 312
642 312
634 308
611 306
642 321
619 319
631 321
634 317
600 315
619 328
603 311
600 324
599 325
600 325
599 323
598 322
597 321
596 321
595 321
594 320
593 320
594 319
598 321
597 320
593 318
592 321
591 320
591 319
590 318
589 319
588 319
590 317
590 321
590 322
590 323
591 324
589 321
589 316
589 320
593 322
593 323
594 324
594 325
597 319
598 318
599 319
598 317
597 316
598 316
597 315
596 314
596 318
595 317
594 316
594 315
593 314
594 314
593 313
593 312
594 311
595 312
594 310
627 312
593 309
589 315
588 314
587 313
587 312
586 311
586 310
586 314
586 315
585 314
585 309
589 324
589 325
586 309
587 308
587 307
586 306
586 305
600 320
592 325
593 308
592 307
591 306
591 305
590 307
590 308
589 309
591 309
591 310
591 311
591 312
591 313
590 313
591 314
591 315
633 324
590 312
589 307
589 311
589 306
588 305
592 316
599 310
593 317
585 313
584 312
583 311
583 310
582 309
581 309
580 310
582 308
582 312
582 313
591 325
583 314
583 315
583 316
582 317
582 318
583 319
583 320
592 306
596 316
581 316
580 315
580 314
579 313
579 312
584 321
585 321
586 320
585 319
586 318
584 309
587 317
586 319
585 318
596 313
593 326
596 322
596 323
597 324
597 325
585 322
589 310
588 323
587 322
592 311
581 311
634 326
611 324
619 337
592 320
603 320
611 333
584 316
612 307
612 308
619 303
623 307
646 309
633 339
627 305
623 316
612 316
611 315
610 315
614 335
615 336
615 337
616 338
616 339
625 335
615 312
604 312
625 344
596 308
585 308
584 307
615 321
604 321
645 322
645 323
645 324
585 317
596 317
626 318
648 318
645 331
645 332
646 333
646 334
647 335
617 337
637 327
626 327
629 323
618 323
648 336
637 336
626 336
610 319
629 332
628 332
628 331
627 330
628 330
604 324
627 329
588 320
618 332
649 310
638 310
610 328
589 305
629 341
641 306
610 337
649 319
649 320
622 302
607 313
630 315
638 328
622 311
588 309
599 309
598 308
598 307
599 306
599 305
597 306
597 305
600 306
607 322
606 322
630 324
641 324
599 318
588 318
622 320
610 332
630 333
641 333
622 329
650 311
631 307
630 306
629 305
642 307
652 313
619 305
626 338
622 338
634 303
653 316
654 315
655 316
656 315
631 316
642 316
619 314
634 312
611 310
600 310
619 323
603 306
604 305
605 306
607 306
605 305
606 304
621 342
621 343
622 344
622 343
611 319
600 319
634 321
581 315
592 315
603 315
611 328
584 311
603 324
592 324
633 325
644 325
623 302
584 320
633 334
644 334
623 311
625 330
625 331
626 332
614 330
593 307
604 307
615 307
645 308
625 339
626 304
637 304
607 324
636 303
645 317
596 312
585 312
648 313
637 313
626 313
645 326
618 309
618 310
619 310
629 309
637 322
626 322
645 335
595 316
618 318
629 318
626 331
637 331
610 314
595 325
629 327
618 327
626 340
638 305
610 323
587 321
629 336
618 336
649 314
638 314
641 310
607 308
630 310
638 323
622 306
641 319
630 319
607 317
599 313
622 315
588 313
607 326
630 328
641 328
599 322
588 322
622 324
640 332
619 309
634 307
611 305
600 305
619 318
632 337
621 337
611 314
600 314
603 310
592 310
581 310
633 311
603 319
592 319
644 320
584 315
625 316
614 316
633 329
644 329
591 323
614 325
625 325
633 338
606 321
614 334
625 334
645 312
625 343
648 308
637 308
626 308
645 321
618 304
629 304
628 303
627 302
628 302
626 317
637 317
648 317
645 330
618 313
629 313
595 311
637 326
626 326
610 309
618 322
629 322
595 320
637 335
626 335
587 316
610 318
629 331
618 331
649 309
610 327
638 309
629 340
618 340
641 305
636 339
630 305
610 336
607 312
630 314
641 314
588 308
622 310
628 344
599 308
607 321
588 317
599 317
622 319
580 313
640 327
619 304
621 323
632 332
621 332
600 309
611 309
613 328
621 341
592 305
632 341
644 306
633 306
613 337
603 314
633 315
644 315
584 310
614 311
625 311
644 324
606 307
614 320
591 318
625 320
633 333
644 333
606 316
614 329
625 329
633 342
594 323
645 307
606 325
614 338
625 338
626 303
637 303
626 312
618 308
595 306
629 308
648 321
626 321
595 315
618 317
629 317
610 313
587 311
618 326
595 324
587 320
638 304
610 322
610 331
617 330
607 307
630 309
622 305
628 339
617 339
607 316
620 335
609 335
588 312
599 312
652 315
620 344
599 321
621 318
640 331
602 314
621 327
598 325
613 323
602 323
621 336
613 332
625 306
614 306
614 315
625 315
644 328
583 309
606 311
594 309
591 322
614 324
625 324
606 320
583 318
594 318
625 333
614 333
637 307
626 307
629 303
626 316
639 335
618 312
629 312
595 310
610 308
587 306
595 319
629 321
610 317
587 315
587 324
617 325
636 338
628 334
617 334
620 330
609 330
599 307
588 307
628 343
620 339
632 304
621 304
580 312
621 313
602 309
613 309
598 320
621 322
640 335
613 318
602 318
590 316
621 331
613 327
590 325
621 340
632 340
633 305
613 336
625 301
633 314
625 310
614 310
591 308
633 323
644 323
606 306
625 319
614 319
591 317
606 315
594 313
583 313
625 328
606 324
594 322
626 302
647 334
624 332
591 321
639 330
624 341
618 307
629 307
616 337
595 314
612 324
636 315
587 310
610 312
624 321
628 311
651 313
617 311
636 324
587 319
628 320
617 320
636 333
609 316
620 316
628 329
617 329
609 325
620 325
628 338
617 338
601 321
620 334
609 334
640 312
652 314
620 343
632 308
598 306
621 308
640 321
613 304
612 303
598 315
621 317
632 317
640 330
602 313
579 311
613 313
590 311
632 326
621 326
598 324
613 322
602 322
590 320
621 335
632 335
582 316
613 331
580 311
597 307
643 332
644 309
633 309
614 305
625 305
635 337
625 314
614 314
655 315
627 333
623 344
594 308
606 310
583 308
647 311
627 342
583 317
594 317
606 319
647 320
639 316
594 326
624 327
639 325
616 323
605 323
624 336
639 334
616 332
595 309
636 310
608 328
587 305
617 306
628 306
608 337
617 315
628 315
636 328
620 311
609 311
628 324
617 324
601 307
636 337
620 320
609 320
628 333
617 333
601 316
620 329
609 329
628 342
640 307
601 325
620 338
609 338
621 303
632 312
598 310
621 312
602 308
613 308
590 306
621 321
632 321
598 319
613 317
602 317
590 315
643 318
582 311
598 314
613 326
590 324
643 327
633 304
635 323
612 330
635 332
625 309
591 307
627 328
635 341
623 339
606 305
591 316
615 335
627 337
594 312
583 312
624 313
647 315
639 311
594 321
624 322
639 320
605 318
616 318
624 331
597 314
616 327
639 329
605 327
624 340
608 323
636 305
597 323
616 336
639 338
608 332
636 314
617 310
651 312
628 310
636 323
609 306
620 306
617 319
628 319
636 332
609 315
620 315
586 313
617 328
628 328
601 311
586 322
620 324
609 324
601 320
620 333
609 333
640 311
642 330
631 330
632 307
621 307
598 305
631 339
621 316
632 316
634 335
602 312
613 312
590 310
598 323
635 309
590 319
643 322
582 315
646 318
643 331
627 314
646 327
635 327
612 325
623 325
627 323
593 321
635 336
623 334
612 334
615 330
627 332
594 307
623 343
624 308
647 310
615 339
627 341
616 304
605 304
639 306
647 319
624 317
616 313
605 313
624 326
608 309
597 309
639 324
616 322
605 322
624 335
597 318
608 318
616 331
639 333
589 314
636 309
608 327
589 323
628 305
617 305
608 336
636 318
638 337
617 314
628 314
620 310
586 308
609 310
628 323
617 323
601 306
630 342
620 319
586 317
609 319
601 315
620 328
601 324
642 325
631 325
642 334
619 332
612 338
631 334
598 309
634 330
619 341
602 307
631 343
613 307
590 305
643 308
611 337
634 339
635 304
590 314
643 317
582 310
635 313
612 311
646 313
643 326
627 309
635 322
623 320
646 322
612 320
593 316
604 316
627 318
615 316
635 331
612 329
623 329
593 325
627 327
604 325
615 325
623 338
635 340
624 303
627 336
615 334
647 314
624 312
616 308
639 310
605 308
639 319
616 317
605 317
624 330
608 313
597 313
616 326
605 326
636 304
608 322
597 322
616 335
589 318
608 331
638 332
617 309
628 309
620 305
609 305
630 337
609 314
620 314
586 312
622 333
650 315
601 310
586 321
622 342
601 319
642 329
619 327
611 323
600 323
619 336
631 338
611 332
590 309
623 306
612 306
627 304
582 314
612 315
604 311
623 315
623 333
643 330
593 311
627 313
615 311
623 324
646 326
585 307
596 307
627 322
615 320
604 320
612 333
646 335
585 316
615 329
627 331
623 342
596 325
624 307
615 338
639 305
624 316
616 312
605 312
608 308
626 344
597 308
605 321
616 321
608 317
597 317
649 318
589 313
608 326
638 327
589 322
628 304
638 336
641 332
620 309
586 307
622 328
650 310
601 305
630 341
631 306
586 316
622 337
578 312
631 315
653 315
619 313
619 322
611 318
600 318
642 333
619 331
581 314
592 314
611 327
619 340
603 323
592 323
634 338
611 336
584 319
635 303
654 316
612 310
623 310
604 306
615 306
593 306
623 319
612 319
646 321
604 315
627 317
615 315
593 315
612 328
623 328
585 311
596 311
593 324
615 324
645 325
624 302
596 320
585 320
615 333
645 334
624 311
637 330
626 330
616 307
605 307
626 339
616 316
629 335
618 335
597 312
608 312
649 313
638 313
629 344
589 308
638 322
589 317
630 318
641 318
638 331
622 314
618 339
641 327
630 327
610 326
607 325
622 323
588 321
630 336
622 332
650 314
631 310
622 303
619 308
642 310
622 341
634 306
611 304
642 319
619 317
611 313
634 315
631 328
642 328
619 326
592 309
603 309
634 324
600 322
611 322
619 335
603 318
592 318
634 333
611 331
584 314
612 305
646 307
635 307
623 305
633 337
627 303
623 314
612 314
593 310
615 310
604 310
623 323
612 323
625 342
585 306
596 306
615 319
604 319
593 319
645 320
585 315
596 315
615 328
645 329
596 324
626 325
637 325
618 321
637 334
626 334
629 330
618 330
626 343
608 307
649 308
638 308
629 339
630 304
638 317
610 335
649 317
589 312
630 313
607 311
641 313
638 326
622 309
607 320
641 322
630 322
638 335
599 316
588 316
622 318
630 331
607 329
641 331
650 309
622 327
630 340
642 305
631 305
622 336
653 314
631 314
619 312
600 308
634 310
611 308
619 321
642 323
600 317
611 317
619 330
581 313
592 313
603 313
611 326
603 322
592 322
611 335
584 318
633 332
644 332
612 309
623 309
614 328
633 341
593 305
627 307
615 305
645 306
625 337
614 337
604 314
615 314
645 315
585 310
596 310
626 311
637 311
648 311
596 319
626 320
648 320
637 320
645 333
629 316
618 316
626 329
637 329
629 325
595 323
618 325
637 338
610 321
638 303
629 334
618 334
610 330
638 312
649 312
630 308
641 308
638 321
622 304
641 317
630 317
607 315
638 330
599 311
588 311
622 313
630 326
641 326
599 320
622 322
641 335
622 331
619 307
631 309
642 309
634 305
619 316
611 312
600 312
634 314
621 344
603 308
592 308
600 321
611 321
603 317
592 317
644 318
584 313
592 326
644 327
633 327
584 322
623 304
612 304
625 323
614 323
633 336
614 332
625 332
615 309
645 310
606 328
625 341
596 305
637 306
626 306
645 319
626 315
648 315
645 328
618 311
629 311
626 324
637 324
610 307
618 320
629 320
595 318
637 333
626 333
610 316
587 314
618 329
629 329
587 323
638 307
610 325
618 338
629 338
630 303
649 316
610 334
607 310
641 312
630 312
622 308
588 306
641 321
607 319
630 321
599 315
622 317
588 315
607 328
622 326
599 324
588 324
640 325
640 334
619 311
632 330
621 330
611 307
600 307
632 339
621 339
611 316
613 335
581 312
592 312
603 312
633 313
644 313
584 308
614 309
644 322
633 322
584 317
625 318
614 318
644 331
633 331
606 314
625 327
614 327
633 340
606 323
625 336
614 336
626 301
645 314
637 310
648 310
626 310
618 306
629 306
626 319
648 319
637 319
629 315
618 315
595 313
626 328
637 328
610 311
587 309
595 322
618 324
629 324
610 320
587 318
629 333
618 333
649 311
610 329
641 307
636 341
607 305
630 307
610 338
607 314
588 310
607 323
620 342
