669 506
668 505
667 505
666 506
666 505
667 504
665 505
668 504
669 505
668 507
670 504
669 508
670 507
664 506
663 505
662 506
661 507
660 506
659 507
666 503
665 502
664 503
663 502
662 503
661 504
660 503
659 504
667 502
668 501
669 501
669 502
658 508
662 508
663 507
665 504
668 503
660 508
669 504
661 509
664 508
671 504
662 501
661 500
662 499
663 498
664 497
660 499
664 499
663 500
665 497
666 496
665 495
666 494
665 493
667 493
668 492
668 494
669 495
667 495
668 496
663 509
665 506
660 501
669 497
664 492
663 491
662 490
664 490
662 492
670 505
659 505
661 502
664 501
666 498
667 497
667 506
658 503
663 493
662 494
665 490
666 489
665 488
664 488
666 487
665 486
666 485
667 484
668 485
667 486
668 487
669 488
670 489
667 488
671 488
657 507
656 506
668 489
671 506
672 505
673 506
674 505
675 506
674 507
673 508
675 508
674 509
673 510
672 510
671 509
671 511
672 512
671 513
675 510
665 499
673 512
672 514
673 515
674 514
675 515
674 516
673 517
672 517
675 517
674 518
673 519
672 519
674 511
665 508
669 490
670 491
674 520
664 485
676 514
677 513
678 514
677 515
678 516
676 512
679 517
680 516
681 515
680 514
681 513
680 512
682 513
683 512
682 511
678 518
681 517
682 518
683 519
684 518
685 517
682 520
681 521
680 521
681 522
677 516
680 523
679 524
678 523
678 525
680 518
681 510
680 509
665 492
673 505
662 505
665 501
676 507
677 508
666 484
665 483
676 516
679 512
679 521
657 502
680 513
672 509
680 522
669 485
672 518
669 494
669 503
661 499
661 508
683 514
684 515
662 491
665 487
675 519
665 496
668 498
669 499
676 511
676 520
676 521
679 516
679 525
657 506
680 508
679 507
672 504
680 517
672 513
669 489
669 498
669 507
680 519
679 510
656 502
678 507
676 519
658 501
670 484
682 522
664 483
668 483
678 509
684 513
682 515
673 516
666 482
665 481
664 481
666 480
666 479
661 503
664 505
683 518
670 487
666 478
665 482
671 486
672 486
673 486
675 514
670 492
667 479
665 491
668 478
668 493
676 506
668 502
673 485
676 515
660 498
679 511
681 520
668 480
669 480
660 507
679 520
657 501
666 504
667 481
662 497
664 494
678 511
666 491
667 490
678 520
677 522
676 523
679 519
667 499
667 508
656 508
671 490
663 486
674 484
673 483
672 482
673 481
672 480
662 487
662 496
675 524
676 525
676 526
673 482
662 486
675 523
676 524
672 481
672 508
669 484
674 523
673 524
672 523
672 522
669 493
671 512
682 521
671 521
661 498
674 517
664 500
683 513
664 509
662 488
674 525
671 522
672 521
670 523
671 479
674 526
675 509
656 505
675 518
668 479
655 504
656 504
674 527
674 528
675 528
666 508
671 524
671 525
671 526
672 527
672 528
675 527
668 488
671 527
672 526
674 529
674 530
672 524
663 484
671 481
670 482
670 525
668 482
663 495
680 511
671 508
677 520
672 507
663 504
680 520
682 517
669 483
672 516
674 513
669 492
672 525
674 522
664 487
667 483
670 500
659 500
661 497
678 513
664 496
670 509
669 510
669 511
668 510
667 492
673 526
659 509
661 506
678 522
677 524
667 501
671 483
662 489
670 526
663 488
655 505
665 485
683 521
668 484
662 498
663 497
665 494
671 510
675 526
674 506
663 506
665 503
674 515
666 477
666 476
666 475
666 474
666 473
658 504
664 486
667 472
666 471
666 509
666 510
668 471
665 474
667 509
668 473
669 474
670 473
671 472
671 471
668 474
670 475
671 475
667 474
671 474
670 471
674 521
668 475
668 476
670 472
669 476
670 477
667 476
677 509
676 509
664 489
666 486
670 502
671 502
667 485
659 502
659 506
676 518
678 515
677 517
679 514
670 511
673 528
667 494
671 476
678 524
677 526
679 523
671 485
672 484
668 477
663 490
666 507
655 507
657 504
671 503
663 499
680 515
669 478
682 512
672 511
663 508
674 508
669 487
670 486
672 520
669 496
667 478
685 514
664 491
678 508
677 510
667 487
673 521
661 501
678 517
677 519
667 496
671 478
665 471
668 470
671 487
673 484
666 500
674 483
681 519
665 480
683 516
662 493
675 512
663 492
665 489
669 471
671 505
658 505
675 521
663 501
665 498
670 479
674 510
666 472
668 491
670 488
670 480
675 522
667 471
664 484
668 500
676 522
660 505
678 519
685 516
667 480
673 514
676 513
678 510
677 512
668 509
679 509
670 506
667 489
673 523
677 521
679 518
671 480
672 479
666 493
681 512
665 473
671 489
663 485
666 502
684 517
663 494
657 508
680 510
669 473
667 510
658 507
672 506
663 503
669 482
672 515
670 481
669 491
673 507
670 490
667 473
662 507
661 487
669 500
682 519
670 499
667 482
659 499
661 496
678 512
677 514
670 508
673 525
659 508
671 473
661 505
674 524
677 523
671 482
664 498
681 514
666 495
671 491
675 507
664 507
663 487
665 484
683 520
667 503
656 503
658 500
684 519
675 516
663 496
669 475
658 509
670 474
675 525
668 486
662 500
670 483
668 495
667 475
673 509
662 509
676 508
677 507
680 524
659 501
673 518
670 501
676 517
660 500
679 513
673 527
670 510
660 509
677 525
666 488
679 522
671 484
672 483
666 497
681 516
655 506
663 489
657 503
658 502
669 477
670 476
669 486
670 485
665 507
662 502
682 514
668 497
667 477
673 511
676 510
671 523
668 506
659 503
670 503
673 520
674 519
660 502
677 518
666 481
679 515
673 529
671 477
664 493
666 490
672 485
664 502
666 499
681 518
683 515
665 479
667 498
684 514
675 511
657 505
656 507
670 524
667 507
668 472
675 520
669 479
668 481
669 472
662 495
670 478
668 490
671 507
662 504
673 504
665 500
682 516
668 499
685 515
673 513
674 512
665 509
677 511
668 508
679 508
673 522
660 504
666 483
664 495
672 478
669 509
666 492
681 511
665 472
667 491
672 487
678 521
664 504
666 501
683 517
667 500
658 506
669 481
684 516
675 513
