511 435
510 435
509 434
512 435
513 434
514 434
515 435
516 434
510 436
512 433
510 433
513 432
512 436
513 435
517 435
518 434
509 437
508 433
507 434
506 435
505 434
504 435
503 434
502 435
501 436
500 435
503 433
502 432
504 432
505 431
508 432
511 437
500 437
514 436
502 434
515 437
510 432
512 438
501 438
513 437
504 434
506 431
508 434
519 434
509 433
520 433
519 432
518 431
521 432
522 431
521 430
522 433
511 439
510 439
509 440
508 441
507 442
510 441
508 443
509 442
500 439
502 436
514 438
515 439
507 435
521 434
510 434
512 431
511 430
510 430
512 429
511 428
512 427
513 426
514 427
513 428
514 429
515 430
516 431
501 431
500 430
501 429
500 428
501 427
502 427
503 426
502 425
503 424
504 423
514 425
505 424
504 425
523 431
505 422
506 422
513 430
507 444
506 445
504 427
505 427
510 443
511 444
512 445
513 444
514 443
515 444
511 446
513 446
506 424
512 440
499 440
498 439
498 441
513 439
504 436
506 433
517 430
508 436
509 435
520 435
519 436
500 432
511 432
514 431
502 429
508 445
509 444
511 441
500 441
502 438
515 432
510 427
509 426
508 425
510 425
508 427
501 441
502 441
507 428
506 429
501 424
500 423
499 424
498 423
501 422
500 421
497 424
507 437
499 433
507 446
499 442
508 429
511 425
519 430
519 429
500 425
508 438
511 434
500 434
508 447
511 443
500 443
500 444
501 445
501 426
512 426
514 445
515 446
504 422
504 431
503 435
518 433
515 427
496 423
507 423
515 436
507 432
515 445
499 428
507 441
506 440
499 437
508 424
500 420
519 433
500 429
511 429
500 438
511 438
522 435
523 436
514 440
515 441
503 430
518 428
503 439
518 437
518 438
519 438
506 444
515 431
507 427
515 440
499 423
507 436
499 432
507 445
499 441
519 428
500 424
511 424
511 433
522 430
514 426
514 435
514 444
502 442
503 425
506 421
506 430
518 432
503 443
503 444
506 439
515 426
496 422
495 421
507 422
507 431
499 427
507 440
499 436
521 433
510 442
500 419
501 418
501 417
500 416
499 418
513 438
522 434
502 428
514 430
514 439
502 437
502 446
502 447
503 448
503 449
504 450
503 429
506 425
518 427
503 438
518 436
506 434
503 447
506 443
507 426
509 445
499 422
499 431
510 428
510 437
498 435
513 433
510 446
513 442
522 429
521 428
502 423
502 450
502 451
503 452
503 453
503 454
502 455
495 420
506 420
505 419
504 418
504 417
503 416
506 438
499 417
510 423
498 430
497 429
496 428
496 427
496 426
495 425
495 429
495 430
496 431
496 432
494 428
493 427
492 426
492 425
492 424
493 423
493 422
492 421
492 420
491 423
502 418
491 427
491 428
492 429
492 430
492 431
493 432
493 431
494 433
495 434
495 435
496 436
496 437
491 432
495 438
495 439
495 440
496 441
496 442
495 443
495 444
496 445
496 446
494 442
493 441
492 440
492 439
491 441
491 442
492 443
492 444
490 440
489 439
488 438
488 437
489 438
488 436
489 435
489 434
488 433
488 432
487 431
487 435
487 430
487 439
487 440
488 441
488 442
489 443
489 444
488 431
489 430
489 429
488 428
488 427
487 426
494 437
493 436
492 435
492 434
487 425
487 434
487 443
487 444
487 445
488 446
488 447
489 448
487 448
487 449
488 450
488 451
490 449
491 450
492 449
493 450
492 448
491 447
491 451
491 446
494 451
494 452
495 453
495 454
496 455
486 447
485 446
484 445
484 444
484 443
483 442
483 446
483 447
484 448
490 435
490 444
494 423
491 436
491 437
494 432
502 445
491 445
483 441
482 440
481 439
480 438
481 438
484 440
485 441
480 437
484 439
483 438
484 437
485 437
483 437
484 438
494 441
503 419
503 420
494 450
495 449
496 450
496 451
495 448
494 447
494 446
516 447
495 424
497 452
498 453
498 454
487 429
517 439
517 440
518 441
518 442
519 443
486 442
520 444
498 416
497 415
496 414
496 413
495 415
495 416
496 417
496 418
498 425
521 427
520 426
519 425
519 424
518 423
518 422
517 421
521 436
521 437
522 438
522 439
523 440
522 440
521 441
521 442
522 443
522 444
523 445
520 440
498 434
490 430
521 445
521 446
521 447
522 448
498 443
498 444
510 445
513 441
479 439
479 440
480 441
480 442
480 443
481 443
479 444
478 438
477 437
477 436
476 435
476 434
475 433
490 439
498 452
499 451
499 450
498 449
498 448
499 447
500 448
499 446
490 448
514 424
515 423
516 424
515 422
514 421
515 421
514 420
513 419
512 418
512 417
511 416
511 419
511 420
511 421
512 422
510 418
513 423
491 422
490 421
489 421
489 420
488 419
488 418
489 419
488 422
488 423
489 424
489 425
487 421
487 420
486 419
485 419
484 420
484 421
485 422
485 423
484 424
484 425
484 426
485 427
485 428
484 429
484 430
483 428
483 423
482 422
481 421
482 421
480 422
480 423
480 424
481 425
482 426
481 424
502 422
501 454
500 453
491 431
502 431
494 427
483 427
502 440
483 436
484 435
484 434
483 433
483 432
482 431
481 430
481 429
480 428
485 426
480 427
479 426
494 436
524 437
525 438
526 437
527 438
526 436
525 435
525 439
525 440
526 441
526 442
527 442
525 434
526 433
527 433
499 452
526 432
526 431
525 430
525 443
525 444
526 445
526 446
526 447
527 447
525 448
525 449
525 429
524 428
523 427
523 426
526 428
527 429
527 428
526 427
525 426
522 425
525 425
526 426
522 424
521 423
524 442
528 430
528 439
528 448
528 449
529 431
530 430
531 431
530 429
529 432
531 432
532 432
533 433
534 432
534 431
533 430
532 429
533 434
533 435
534 436
534 437
535 438
535 439
534 440
534 441
534 442
533 439
533 443
533 444
534 445
534 446
532 442
532 428
531 427
530 426
533 429
533 438
532 437
531 436
530 435
530 434
536 439
529 427
529 436
529 437
530 438
530 439
528 435
532 441
532 427
529 440
529 441
529 442
530 443
530 444
531 445
532 446
532 447
533 448
532 449
529 445
529 446
528 444
532 436
532 445
535 447
536 446
537 447
538 448
537 446
537 445
536 444
536 448
536 449
539 449
540 449
541 449
541 448
541 447
540 446
539 445
540 445
541 444
542 445
541 443
540 442
540 441
541 442
539 440
538 439
538 438
537 437
537 436
536 443
537 442
538 443
537 441
540 440
541 439
541 438
541 437
542 436
540 437
540 436
525 424
475 432
474 431
473 430
473 429
476 431
477 432
477 431
476 430
475 429
476 428
477 428
477 427
476 426
477 425
476 424
478 424
477 423
477 426
472 428
475 424
476 425
475 428
474 427
473 426
473 425
508 439
476 429
472 427
471 426
470 425
505 433
539 435
538 434
538 433
539 432
538 431
538 430
538 429
537 428
537 432
537 427
537 431
540 432
541 433
541 434
537 426
538 425
538 424
537 423
536 430
535 429
508 430
536 425
540 431
540 430
541 430
542 431
543 431
544 432
543 433
545 432
546 431
546 433
546 434
544 430
545 431
541 429
540 428
544 434
544 435
545 436
545 437
545 435
547 435
548 435
539 444
497 447
517 425
536 438
528 434
520 430
506 441
510 440
546 438
486 437
478 433
510 422
509 421
521 431
513 427
479 434
498 447
490 443
502 417
505 428
524 441
475 436
516 437
482 444
517 438
520 443
498 424
480 445
490 420
474 436
543 432
535 428
501 435
512 444
473 435
504 440
504 441
547 438
539 434
505 441
497 437
536 428
506 418
507 418
508 419
486 427
478 423
531 435
513 445
493 452
495 418
549 434
542 444
513 417
500 447
479 424
512 421
516 436
478 429
499 448
508 420
550 435
551 434
523 430
543 445
544 444
545 445
535 441
501 448
493 444
485 440
505 418
524 431
497 414
516 427
482 434
481 434
474 430
530 447
530 448
509 424
496 454
508 428
545 446
544 447
527 441
478 436
519 437
498 414
499 414
531 448
546 447
547 448
489 451
501 425
493 421
473 434
512 434
518 439
514 432
498 442
504 437
480 433
534 427
481 433
549 433
550 432
550 431
548 432
534 426
551 431
504 430
523 443
481 446
539 424
546 432
497 427
538 428
549 430
542 434
489 428
492 433
549 429
549 428
535 431
481 423
493 434
488 426
520 431
549 436
490 441
496 443
480 446
539 442
552 434
544 448
553 435
553 436
549 437
549 438
550 438
534 435
485 430
504 443
545 444
546 443
545 442
537 440
482 424
546 445
538 441
530 437
496 444
488 440
480 436
508 418
499 449
527 431
519 427
511 423
549 439
531 438
477 430
550 440
551 441
469 426
469 427
489 441
500 450
492 446
533 447
512 424
504 420
523 433
470 427
481 436
473 432
534 448
470 426
513 425
469 428
532 440
486 448
470 429
470 430
471 430
526 444
545 441
518 440
497 417
546 442
472 426
525 428
537 439
547 432
501 432
545 440
544 439
543 438
481 444
480 432
469 431
469 432
469 433
470 434
484 447
549 427
496 421
515 434
507 430
497 420
490 431
507 429
494 453
539 431
546 439
477 438
552 440
553 441
554 441
499 426
550 428
551 428
552 428
489 418
508 431
500 427
519 440
492 423
511 436
552 437
552 438
493 424
523 441
552 439
553 440
503 418
491 430
552 429
523 423
523 422
523 421
525 437
522 421
544 443
472 433
471 432
553 430
543 442
554 431
523 420
524 419
523 418
522 419
521 418
524 418
485 420
553 438
545 434
537 430
503 437
495 433
506 442
546 435
530 427
549 440
496 434
553 432
554 433
488 430
553 431
510 420
548 441
551 433
498 421
524 439
476 439
476 440
477 441
507 443
480 426
499 439
489 431
477 442
477 443
491 449
477 440
484 436
476 442
475 438
551 442
552 443
522 428
541 441
492 436
552 444
533 437
525 433
553 445
544 446
533 436
524 429
518 425
494 435
550 436
507 417
508 416
508 415
491 440
502 449
475 431
508 414
507 413
481 426
526 443
506 416
505 415
505 414
548 427
494 445
506 437
540 423
534 438
526 434
494 434
548 436
524 449
541 424
542 424
545 447
543 424
544 424
518 430
537 443
541 425
503 450
476 433
528 432
542 426
495 446
542 427
544 425
468 429
487 442
515 424
531 433
545 426
507 420
499 416
488 443
546 425
547 425
529 444
546 424
545 427
480 439
508 421
546 428
521 440
546 429
522 420
552 433
514 416
515 417
516 417
500 417
511 426
515 418
516 419
544 429
552 442
543 430
544 438
524 447
547 440
475 442
505 425
505 438
515 416
551 437
476 443
548 431
540 427
548 440
479 435
471 431
541 428
543 447
544 433
555 430
556 429
557 429
527 448
556 428
485 433
485 432
557 428
556 431
556 432
556 433
557 434
557 435
557 433
556 436
556 437
555 429
558 434
557 431
477 433
469 429
556 434
522 441
554 428
557 438
514 437
475 430
495 431
556 438
483 434
474 441
558 436
521 424
559 437
497 425
493 451
501 450
504 419
555 439
472 432
535 443
558 435
547 444
548 443
549 443
548 445
548 446
542 432
475 437
506 415
493 433
559 436
551 432
468 434
468 435
486 430
468 436
469 437
470 436
471 437
469 436
472 438
505 420
473 439
472 437
471 427
548 426
540 422
547 431
479 430
541 423
554 442
554 443
471 435
544 428
494 418
493 418
493 417
555 434
483 426
558 430
547 430
555 443
556 442
556 441
539 426
547 427
472 436
501 442
547 439
516 433
524 446
475 441
505 442
516 442
506 419
495 419
484 419
497 438
536 429
559 431
560 430
561 431
560 429
559 432
542 437
516 430
494 430
560 433
560 434
561 435
467 429
555 431
560 428
487 424
493 446
551 436
517 434
536 447
486 428
509 430
517 443
517 444
518 445
518 446
518 447
519 448
519 447
528 443
492 450
551 445
550 445
551 446
538 435
509 439
520 439
486 446
548 430
520 448
529 426
528 425
540 426
478 442
521 422
520 421
519 420
518 419
519 419
518 418
498 420
540 435
513 418
498 429
532 431
510 431
562 432
563 432
564 433
564 432
563 434
521 438
502 448
542 428
563 433
479 425
490 425
543 434
543 428
498 438
513 436
490 434
554 437
543 437
535 433
536 434
479 443
543 446
501 440
535 442
523 449
501 449
491 426
502 426
504 445
493 445
494 422
483 422
524 423
555 438
494 431
483 431
524 432
547 434
475 427
516 428
539 430
547 443
505 437
482 435
539 439
497 433
539 448
516 446
505 446
505 447
506 448
506 449
539 436
515 428
474 440
497 442
517 420
536 433
497 451
509 416
517 429
528 429
536 442
486 423
509 425
520 425
528 438
486 432
520 434
467 428
478 428
486 441
509 443
550 444
478 437
531 440
542 440
498 415
510 417
531 449
542 449
521 426
513 422
498 433
500 452
490 429
513 431
479 429
554 432
471 425
479 438
490 438
543 441
471 434
523 435
535 437
501 444
523 444
535 446
493 440
494 417
501 453
485 436
504 449
555 433
481 447
493 449
485 445
558 429
547 429
524 427
516 423
539 425
527 443
505 423
524 436
497 419
505 432
482 430
516 432
524 445
497 428
474 426
516 441
539 443
482 439
474 435
505 450
497 446
538 447
517 424
509 420
520 420
517 433
528 433
520 429
509 429
550 430
561 430
509 438
520 438
486 436
550 439
527 437
478 432
542 435
486 445
527 446
478 441
519 442
531 444
508 442
498 419
489 447
562 431
490 424
543 427
501 421
554 436
492 452
543 436
471 429
512 430
535 432
501 430
504 426
493 426
512 439
523 439
501 439
493 435
470 433
523 448
485 431
481 442
504 444
555 428
473 438
524 422
547 424
516 418
485 449
558 433
547 433
482 425
539 429
524 440
497 423
505 436
546 437
557 437
497 432
516 445
505 445
482 443
546 446
474 439
497 441
538 442
542 441
549 442
517 419
509 415
486 422
520 424
486 431
550 434
527 432
561 434
478 427
542 430
531 430
550 443
467 436
542 439
508 437
531 439
500 433
489 433
542 448
508 446
519 446
511 442
500 442
489 442
490 419
491 418
491 417
492 438
500 451
562 435
501 416
512 416
492 447
512 425
523 425
535 427
543 440
554 440
504 421
501 434
535 436
523 434
493 430
470 428
481 428
501 443
512 443
553 444
493 439
481 437
504 439
470 437
501 452
485 435
473 433
504 448
493 448
485 444
524 426
516 422
482 420
497 418
482 429
557 432
474 425
482 438
546 441
497 436
474 434
538 437
530 433
561 429
538 446
527 427
549 446
530 442
496 440
520 419
496 449
507 449
486 426
550 429
499 445
488 445
508 423
542 425
519 423
499 454
527 436
478 431
531 434
527 445
531 443
519 441
542 443
477 435
489 437
489 446
500 446
492 442
543 426
501 420
512 420
492 451
504 416
493 416
523 429
519 439
493 425
523 438
553 439
485 421
470 432
481 432
523 447
473 428
493 443
481 441
534 444
485 439
473 437
526 440
505 417
485 448
497 413
537 449
526 449
516 426
546 427
497 422
538 423
482 433
557 436
546 436
495 452
474 429
549 432
538 432
530 428
474 438
549 441
496 435
530 446
496 453
519 418
550 433
561 433
488 449
531 429
542 429
527 440
489 423
542 438
492 419
527 449
489 432
519 445
492 428
477 439
469 435
492 437
556 440
489 450
522 447
523 424
534 430
493 420
501 433
553 434
504 429
481 427
493 429
545 430
485 425
553 443
504 438
534 439
545 439
485 434
526 435
537 435
481 445
545 448
473 441
537 444
503 442
503 451
506 447
506 427
495 447
474 424
538 427
515 425
546 440
557 440
507 421
538 436
466 429
496 430
530 432
549 445
484 442
515 443
538 445
507 439
530 441
496 439
488 435
499 435
507 448
496 448
508 413
480 431
499 444
527 426
488 444
487 423
480 440
508 422
519 422
499 453
527 435
511 418
500 418
542 433
519 431
511 427
489 427
508 440
500 436
489 436
477 434
469 430
492 432
556 435
500 445
511 445
552 446
541 446
492 441
533 442
544 442
522 442
512 419
501 419
523 419
525 447
553 429
481 422
504 424
545 425
502 454
470 431
481 431
534 434
485 429
473 427
503 428
526 430
506 436
545 443
534 443
518 426
473 436
526 439
484 433
518 435
537 448
526 448
503 446
546 426
495 442
518 444
515 420
476 438
538 422
487 438
495 451
507 416
496 416
487 447
549 431
515 429
496 425
507 425
515 438
538 440
499 421
488 421
530 436
499 430
465 428
464 428
530 445
548 444
488 439
496 452
508 417
480 435
488 448
527 430
529 449
519 426
508 426
480 444
489 422
511 422
500 422
492 418
511 431
500 431
477 429
552 432
541 432
564 434
492 427
533 428
556 430
552 441
469 434
544 437
545 429
556 439
522 437
514 433
533 446
522 446
514 442
525 442
553 433
483 445
534 429
553 442
514 441
526 425
503 423
537 425
545 438
518 421
473 431
537 434
503 432
534 447
506 428
495 428
484 428
503 441
495 437
487 433
484 446
506 446
538 426
495 455
496 420
515 433
496 429
530 431
560 432
488 425
499 425
496 438
476 437
507 438
548 439
495 441
499 434
488 434
529 435
480 430
499 443
540 444
519 421
511 417
487 419
489 417
477 424
500 426
506 414
541 427
492 422
522 423
541 436
552 436
514 419
533 432
522 432
552 445
541 445
514 428
544 441
533 441
491 435
472 431
514 446
491 444
553 428
502 444
525 446
483 440
545 424
494 440
553 437
502 453
545 433
494 449
534 433
495 414
503 427
526 429
537 429
484 423
506 423
495 423
526 438
537 438
503 436
484 432
495 432
506 432
559 435
503 445
487 428
484 441
518 443
515 419
487 437
551 440
506 450
495 450
496 415
507 415
487 446
528 447
517 447
507 424
496 424
488 420
499 420
507 433
496 433
560 436
548 434
488 429
499 429
529 430
480 425
510 426
499 438
540 439
529 439
480 434
521 435
532 435
529 448
540 448
510 444
532 444
521 444
513 440
492 417
498 451
522 418
541 431
490 447
552 431
533 427
544 427
522 427
541 440
514 423
491 421
502 421
525 423
544 436
522 436
502 430
525 432
533 445
522 445
544 445
494 426
491 439
525 441
502 439
555 442
483 435
472 435
491 448
494 444
534 428
545 428
483 444
547 447
475 440
526 424
537 424
503 422
518 420
537 433
503 431
518 429
484 427
495 427
559 430
503 440
495 436
536 437
476 432
487 432
551 435
495 445
468 428
487 441
476 441
517 442
528 442
551 444
496 419
507 419
499 415
560 431
520 447
548 429
488 424
529 425
540 425
548 438
510 421
521 421
529 434
540 434
480 429
548 447
498 428
532 430
529 443
540 443
532 439
498 437
521 439
479 433
490 433
521 448
498 446
532 448
479 442
490 442
541 426
522 422
490 451
552 435
541 435
514 418
502 416
533 431
544 431
525 427
491 425
533 440
544 440
483 421
494 421
491 434
525 436
555 437
483 430
472 430
502 443
525 445
491 443
475 426
472 439
483 439
494 439
547 442
491 452
502 452
503 417
475 435
539 438
494 448
506 413
539 447
518 424
495 422
484 422
487 418
484 431
497 450
559 434
536 432
476 427
487 427
517 428
528 428
551 430
536 441
487 436
476 436
517 437
531 441
551 439
528 437
507 414
517 446
528 446
520 442
486 440
499 419
560 435
548 433
486 449
510 416
529 429
540 429
563 431
548 442
521 425
529 438
540 438
513 421
532 434
497 445
498 432
540 447
529 447
479 428
490 428
532 443
521 443
479 437
490 437
498 450
471 433
552 430
490 446
543 449
544 426
522 426
535 445
491 420
502 420
514 422
494 416
525 431
491 429
555 432
483 425
494 425
472 425
558 428
547 428
491 438
555 441
472 434
547 437
558 437
524 435
539 433
483 443
494 443
547 446
524 444
475 439
503 421
516 440
505 440
506 417
495 417
505 449
482 447
506 426
495 426
559 429
536 427
487 422
517 423
497 454
536 436
509 419
517 432
468 427
536 445
520 428
509 428
551 443
517 441
528 441
520 437
486 435
486 444
548 428
520 446
509 446
540 424
478 440
548 437
521 420
498 418
529 433
520 423
540 433
513 416
521 429
498 427
510 429
562 430
490 423
479 423
532 438
498 436
510 438
479 432
490 432
554 435
543 435
498 445
471 428
513 443
479 441
554 444
543 444
535 440
490 450
514 417
501 447
535 449
491 424
502 424
483 420
494 420
547 423
491 433
502 433
504 452
555 436
472 429
483 429
494 429
558 432
524 430
475 425
505 426
539 428
494 438
547 441
475 434
516 435
539 437
505 435
524 448
497 431
539 446
505 444
482 442
516 444
497 440
517 418
536 431
497 449
559 433
509 414
551 429
517 427
528 427
536 440
486 421
509 423
528 436
551 438
517 436
520 432
509 432
528 445
517 445
478 426
486 439
509 441
520 441
550 442
478 435
467 435
498 413
510 415
529 428
542 447
531 447
510 424
498 422
513 420
490 418
532 433
498 431
562 434
513 429
479 427
490 427
554 430
498 440
535 426
479 436
490 436
543 439
554 439
535 435
490 445
543 448
523 442
512 442
535 444
491 419
502 419
493 438
494 415
501 451
493 447
504 447
494 424
483 424
485 443
524 425
555 440
505 421
539 423
516 421
547 436
524 434
482 428
505 430
547 445
524 443
497 426
539 441
505 439
516 439
482 437
497 435
474 433
505 448
482 446
497 444
559 428
536 426
517 422
536 435
497 453
509 418
520 418
528 431
517 431
486 425
509 427
520 427
528 440
520 436
486 434
509 436
550 437
478 430
520 445
486 443
527 444
550 446
478 439
542 442
531 442
510 419
498 417
521 419
498 426
489 445
490 422
479 422
513 424
543 425
500 454
479 431
554 434
565 434
535 430
501 428
512 428
516 416
523 428
543 443
471 436
523 437
512 437
501 437
504 433
512 446
523 446
501 446
535 448
504 442
493 442
481 440
494 419
485 438
555 435
504 451
505 416
558 431
485 447
516 425
482 423
539 427
524 438
497 421
482 432
474 428
497 430
505 443
516 443
482 441
546 444
497 439
474 437
517 417
497 448
538 449
528 426
517 426
520 422
486 420
509 422
486 429
509 431
561 432
478 425
531 428
486 438
527 439
550 441
478 434
531 437
508 435
519 435
478 443
542 446
531 446
508 444
519 444
511 440
489 440
500 440
490 417
489 449
500 449
562 433
490 426
554 429
543 429
492 445
512 423
501 423
554 438
493 419
535 434
512 432
523 432
493 428
504 428
512 441
485 424
493 437
470 435
481 435
504 446
524 424
547 426
473 440
485 442
516 420
539 422
524 433
497 416
505 429
482 427
516 429
557 430
546 430
516 438
482 436
557 439
474 432
497 434
549 435
482 445
546 448
466 428
497 443
538 444
549 444
515 442
530 440
509 417
530 449
496 447
507 447
486 424
527 425
489 426
542 423
486 433
527 434
