165 326
165 325
166 325
167 326
168 326
169 326
164 326
163 326
166 327
166 324
168 327
163 325
162 326
161 325
160 326
159 325
158 326
157 327
156 326
155 327
165 328
165 329
166 330
167 329
168 330
169 329
170 328
165 323
171 329
172 328
164 323
163 322
162 323
161 322
164 329
154 328
153 327
152 328
151 329
156 325
167 331
169 328
170 327
159 327
161 324
153 329
158 325
168 329
171 328
162 325
164 322
163 324
165 321
164 320
165 319
166 320
165 330
154 330
156 327
167 324
169 330
170 329
161 326
168 331
171 330
172 331
173 332
172 333
173 334
172 335
171 335
170 334
169 335
168 336
169 337
170 336
168 338
167 338
171 337
169 339
170 338
162 327
160 327
171 339
172 340
173 341
167 335
166 334
165 335
167 333
169 332
170 331
150 328
149 327
148 326
150 326
161 328
170 340
172 337
174 331
175 330
175 332
168 324
157 324
158 323
157 322
159 322
174 340
175 339
174 338
176 338
166 336
165 337
168 333
171 332
160 329
159 329
163 328
151 326
152 325
151 324
150 324
152 323
151 322
150 322
152 321
153 320
152 319
154 319
155 318
155 320
154 321
156 318
153 322
154 323
156 320
153 324
154 325
167 319
176 331
167 328
159 324
161 321
160 320
159 320
161 319
162 320
176 340
176 341
177 341
150 321
149 320
148 320
148 319
150 319
148 321
147 322
166 328
146 321
145 320
144 319
143 318
144 317
143 316
144 315
145 316
146 315
145 318
147 315
148 316
148 317
146 317
143 320
142 320
141 319
141 321
141 322
142 322
146 319
143 322
144 321
141 318
167 337
152 318
151 317
150 317
152 316
151 315
150 315
150 320
152 314
153 313
152 312
154 312
143 319
165 320
155 311
154 310
155 309
154 308
156 321
156 309
168 325
155 313
154 314
156 311
157 311
153 315
156 314
156 315
156 316
154 316
156 323
156 313
169 334
142 317
153 317
170 333
172 330
161 330
161 331
162 332
163 331
161 333
148 325
153 326
148 324
171 341
162 334
163 333
164 333
173 339
171 340
165 332
152 327
144 323
145 324
146 324
162 330
172 339
157 317
158 318
159 318
174 333
148 314
147 313
166 321
167 322
168 322
149 313
148 312
149 311
150 311
150 310
150 312
147 316
151 310
152 310
152 309
166 329
155 329
156 329
173 337
174 336
175 336
157 329
176 336
145 323
155 328
177 336
178 335
179 334
154 309
175 341
169 340
143 323
157 320
164 327
178 333
164 330
178 337
178 338
179 336
157 326
148 323
174 342
160 322
149 322
177 338
163 321
140 319
151 319
154 318
168 335
146 314
171 331
160 331
159 331
158 331
157 331
156 331
158 332
151 328
163 330
146 323
167 321
150 314
164 331
176 333
176 334
167 330
152 311
169 327
153 310
159 326
147 324
161 323
150 323
176 342
176 343
178 339
141 320
152 320
139 320
153 319
142 319
179 338
170 335
144 316
172 332
161 332
153 328
157 310
166 322
155 322
157 319
168 319
169 319
169 318
174 335
149 315
175 334
151 312
155 331
166 331
154 311
157 328
168 328
171 327
156 308
158 327
160 324
149 324
163 323
177 340
151 321
168 337
160 333
146 316
164 324
167 323
173 336
159 319
147 317
150 316
176 335
167 332
152 313
153 312
159 328
150 325
142 321
153 321
144 318
170 337
172 334
157 321
155 315
153 330
155 324
168 321
148 318
174 337
158 320
149 317
166 333
151 314
177 333
157 330
154 313
158 329
149 326
151 323
168 339
162 329
173 329
174 328
150 309
167 325
156 322
145 322
173 338
159 321
147 319
151 327
164 335
176 337
150 318
160 330
178 334
167 334
152 315
165 334
153 314
170 330
159 330
161 327
155 308
153 323
163 332
170 339
162 333
168 334
157 325
155 317
174 330
175 329
155 326
166 326
148 313
157 323
174 339
158 322
175 338
160 319
149 319
151 316
166 335
177 335
168 332
157 332
160 328
151 325
162 322
156 324
164 319
145 315
171 334
173 331
162 331
164 328
167 327
165 327
154 327
173 340
147 321
159 323
161 320
176 339
165 336
179 335
153 316
170 332
159 332
153 325
155 310
169 336
143 317
155 319
166 319
174 332
175 331
149 312
152 329
151 309
174 341
148 322
158 324
172 341
160 321
149 321
176 332
175 340
166 337
177 337
151 318
162 324
156 317
164 321
167 320
154 320
171 336
145 317
147 314
173 333
150 313
154 329
153 309
173 342
147 323
146 325
179 337
153 318
142 318
155 312
157 309
152 322
155 321
169 338
157 318
168 318
174 334
148 315
149 314
175 333
155 330
151 311
149 323
175 342
160 323
177 339
151 320
140 320
160 332
156 310
154 322
165 322
171 338
156 319
145 319
173 335
146 318
164 332
163 334
165 331
156 328
153 311
147 325
168 320
169 331
155 314
150 327
152 324
155 323
166 323
143 321
144 320
172 336
158 319
175 335
149 316
151 313
177 332
166 332
158 328
149 325
160 325
162 319
154 315
156 312
173 328
162 328
164 325
163 327
154 324
165 324
145 321
147 318
146 320
164 334
165 333
156 330
178 336
167 336
152 317
155 316
169 333
174 329
161 329
172 329
152 326
155 325
144 322
172 338
158 321
149 318
175 337
177 334
158 330
162 321
163 320
154 317
171 333
173 330
163 329
154 326
147 320
146 322
