625 619
626 618
627 617
626 616
626 617
625 617
627 616
626 620
628 617
627 619
629 616
628 620
629 619
625 615
626 614
624 619
623 618
622 617
621 618
620 619
625 618
624 616
623 615
622 614
625 621
624 622
623 621
622 620
621 621
621 617
620 616
622 616
622 622
622 623
623 624
624 625
625 624
626 623
627 622
628 623
629 622
621 614
621 620
623 617
622 619
623 614
624 613
627 615
623 620
627 618
629 615
623 623
626 622
628 619
627 621
626 619
629 618
628 616
628 622
627 624
629 621
620 618
624 615
625 614
625 620
624 618
624 624
625 623
624 621
622 615
622 618
621 616
623 613
621 622
623 619
622 621
621 619
623 616
623 622
626 615
627 614
627 620
623 625
628 615
626 624
627 623
629 620
626 621
620 617
628 618
629 617
628 621
620 620
625 613
624 617
625 616
625 622
624 623
624 614
624 620
621 615
