587 641
586 641
585 640
584 639
587 640
583 640
588 639
589 638
588 642
590 639
591 638
592 637
589 641
582 641
581 640
590 642
591 641
592 640
593 641
594 640
580 641
579 642
593 638
594 637
595 641
596 640
597 639
591 640
594 636
595 642
594 643
595 638
596 637
587 643
588 641
589 640
593 640
586 644
585 643
595 637
596 636
586 643
585 645
587 642
591 642
583 638
594 638
597 637
589 642
593 642
595 639
585 638
596 638
587 644
592 643
591 644
590 645
589 644
591 637
590 636
592 636
583 642
583 643
594 642
584 641
589 637
589 646
589 647
590 638
593 637
582 643
581 643
580 644
579 645
578 644
577 645
578 646
577 647
580 646
578 648
581 645
577 644
579 647
585 642
587 639
591 639
592 638
581 647
581 648
583 644
583 645
584 643
589 639
577 646
588 643
590 640
593 639
595 636
580 648
582 645
585 644
586 645
587 646
587 647
587 648
581 649
583 646
583 647
584 648
585 647
583 649
584 645
588 636
587 637
588 645
582 638
581 638
585 637
582 647
585 646
586 638
586 647
591 643
578 643
592 642
578 647
581 646
584 642
579 648
580 647
582 644
592 639
581 639
581 642
594 639
583 639
584 638
584 644
583 648
584 647
597 638
588 638
588 644
579 641
590 641
589 643
580 640
588 647
590 644
579 644
580 643
582 640
580 649
585 639
596 639
582 646
593 643
582 649
595 640
586 637
586 640
586 646
585 648
591 636
587 645
578 642
581 641
592 641
584 637
578 645
592 644
581 644
583 641
594 641
584 640
584 646
591 645
584 649
597 640
588 637
589 636
588 640
588 646
590 637
590 643
579 643
577 643
589 645
580 642
582 639
590 646
579 646
580 645
582 642
596 641
582 648
586 639
585 641
587 638
586 642
586 648
