350 548
350 547
351 547
352 547
350 546
349 545
348 544
347 543
349 546
350 545
349 543
350 542
349 549
352 548
346 544
348 547
347 546
351 546
348 550
347 549
351 549
351 550
350 551
352 551
353 550
349 552
348 553
348 554
347 552
346 551
349 555
347 555
350 554
351 553
346 554
352 554
346 553
346 556
348 556
351 552
353 549
351 555
353 552
347 542
348 541
347 540
349 540
350 539
346 541
349 539
348 538
350 544
347 545
347 551
349 542
349 548
350 541
347 548
347 554
349 551
350 550
349 554
352 553
350 553
352 550
348 537
348 536
346 543
354 550
348 540
348 546
348 543
346 552
348 549
346 555
351 545
348 552
351 551
353 548
351 548
348 555
351 554
353 551
347 541
347 544
349 541
350 540
349 538
347 547
349 544
347 553
350 543
350 549
347 550
347 556
349 547
349 553
350 552
349 550
352 549
349 556
350 555
352 552
346 542
354 549
348 539
348 542
348 548
348 545
348 551
