112 244
111 245
112 245
110 246
113 244
114 245
113 245
112 243
111 242
110 243
109 242
108 243
107 244
106 243
105 244
113 242
112 246
115 245
116 244
104 245
114 243
114 244
115 242
116 241
114 246
103 246
102 245
101 246
100 245
117 243
99 246
98 247
97 246
117 245
106 242
107 241
108 240
109 241
97 248
111 247
100 247
105 246
116 246
118 243
119 242
118 241
120 241
107 243
108 242
99 248
101 245
112 242
117 247
115 247
114 248
104 247
103 248
106 244
109 243
120 243
110 244
102 249
116 248
105 248
106 249
107 250
108 249
109 248
106 251
109 250
110 251
107 252
108 251
106 253
109 252
110 253
96 245
95 244
96 243
95 242
96 241
97 241
98 240
97 239
98 238
99 237
100 238
99 239
100 240
118 245
107 245
98 242
108 244
99 241
101 238
108 253
101 247
114 241
117 240
116 239
117 238
103 250
115 249
114 250
104 249
106 246
95 246
109 245
97 243
105 241
104 240
103 239
105 239
103 241
102 242
101 243
96 238
95 237
94 238
93 237
92 236
96 236
95 235
92 238
91 238
90 238
89 239
93 239
94 240
102 251
101 252
105 250
116 250
116 251
96 247
118 247
107 247
94 247
93 246
92 245
93 244
92 243
91 242
92 241
90 243
89 242
89 244
90 245
89 246
88 246
87 247
86 246
86 248
85 249
84 249
88 248
86 250
87 251
88 243
87 242
99 243
110 248
102 244
91 244
83 249
103 245
106 241
95 241
84 250
84 251
106 250
87 246
118 242
82 248
99 238
121 244
122 245
113 240
113 249
102 239
91 239
110 252
94 235
102 248
94 244
114 240
103 240
95 236
114 249
95 245
106 245
96 249
95 250
95 251
94 249
117 242
87 250
117 251
118 252
109 247
98 237
98 246
101 242
90 242
101 251
82 247
110 247
91 243
102 243
94 239
102 252
94 248
83 248
106 240
95 240
95 249
96 248
96 250
118 250
112 249
114 239
113 238
114 237
87 245
117 246
120 242
88 244
91 240
82 250
97 250
87 249
104 238
103 237
103 236
98 251
99 252
103 235
86 249
109 251
97 249
118 244
102 235
101 235
105 237
106 237
107 238
106 236
121 243
98 241
101 237
113 239
90 237
98 250
90 246
113 248
105 235
101 236
106 235
107 234
103 244
107 236
98 243
108 235
88 241
85 251
88 250
89 251
99 250
90 247
109 236
91 248
91 249
92 250
90 251
110 242
102 238
91 247
102 247
94 243
83 252
93 251
102 240
120 245
86 243
107 248
89 248
108 237
109 238
110 238
111 238
91 251
93 248
83 247
84 246
83 245
108 246
85 244
101 240
90 240
112 237
109 239
123 246
124 246
125 247
124 248
126 247
110 239
111 240
123 249
122 250
121 249
122 249
84 245
100 236
121 248
120 247
116 249
105 249
117 241
109 237
117 250
97 244
86 244
120 246
109 246
120 248
120 250
124 250
125 251
125 250
120 251
121 252
121 253
121 254
122 254
120 255
120 256
121 257
121 258
122 259
89 249
98 236
121 247
98 245
113 243
101 241
90 241
90 250
101 250
82 246
110 237
120 259
120 260
120 261
121 262
121 263
122 263
120 264
120 265
121 266
121 267
119 263
123 251
123 260
124 252
124 253
127 248
127 249
128 250
128 251
129 252
129 253
128 254
128 255
128 256
129 257
129 258
128 259
128 260
129 261
129 262
127 258
127 253
124 261
125 260
125 259
124 258
124 262
124 263
125 264
125 265
124 257
125 256
126 256
125 255
123 256
124 266
124 267
123 265
127 257
119 258
98 235
104 242
123 255
115 251
81 249
104 251
123 264
124 247
93 241
105 243
116 243
108 239
105 252
127 252
116 252
116 253
116 254
117 255
117 256
117 254
93 250
108 248
85 246
130 254
131 255
126 265
127 266
128 265
129 266
129 267
128 264
127 263
127 267
127 268
128 269
127 262
130 268
131 269
132 268
133 269
132 267
132 266
131 265
131 264
132 263
133 264
132 262
134 265
134 266
135 267
136 268
135 266
136 265
137 266
131 268
138 267
138 268
130 263
120 240
97 238
86 247
97 247
89 243
119 244
119 253
100 249
111 249
119 262
118 261
112 241
131 254
104 237
123 250
112 250
112 251
113 252
113 253
113 254
114 255
114 254
131 263
104 246
115 246
123 259
115 255
105 238
93 236
116 238
93 245
116 247
85 250
108 252
126 251
126 260
130 258
131 259
132 258
133 259
133 260
132 257
131 260
118 256
130 267
119 239
100 235
119 248
100 244
111 244
119 257
92 240
111 253
119 266
118 265
117 265
117 264
116 263
116 262
116 266
115 265
114 264
113 263
112 264
112 265
111 263
115 264
92 249
134 264
135 263
112 236
133 268
123 245
115 241
104 241
123 254
112 254
115 250
81 248
104 250
122 258
122 267
114 263
93 240
108 238
93 249
85 245
107 242
96 242
126 255
107 251
96 251
130 253
118 251
126 264
99 247
88 247
118 260
130 262
119 243
100 239
111 239
119 252
111 248
100 248
119 261
92 244
133 263
112 240
104 236
125 268
122 253
103 249
122 262
93 235
96 237
107 237
126 250
118 246
96 246
107 246
126 259
99 242
88 242
118 255
130 257
126 268
88 251
99 251
118 264
130 266
119 238
119 247
100 243
111 243
92 239
111 252
100 252
92 248
133 258
125 254
133 267
125 263
115 240
81 247
122 248
122 257
114 253
122 266
126 254
130 252
131 251
131 250
126 263
118 259
129 256
129 265
121 261
132 261
125 249
133 262
125 258
125 267
122 252
122 261
126 249
128 268
118 254
129 251
129 260
132 256
121 256
129 269
121 265
132 265
133 257
125 253
133 266
110 264
109 265
109 264
108 263
107 264
106 264
105 263
104 264
103 264
102 263
101 264
101 265
104 265
100 263
107 265
103 263
106 263
110 265
99 264
98 265
98 264
99 265
102 265
98 263
125 262
122 247
103 243
122 256
106 239
95 239
103 252
114 252
95 248
84 248
106 248
87 244
136 267
117 263
128 263
107 240
96 240
118 240
99 236
88 245
99 245
121 242
129 255
98 249
121 251
129 264
113 247
132 260
121 260
132 269
101 263
113 265
110 241
102 237
91 237
110 250
102 246
125 248
91 246
133 261
94 242
125 257
83 251
94 251
125 266
102 264
114 238
103 238
122 251
106 234
114 247
103 247
95 243
106 252
84 252
87 248
128 249
117 249
128 258
107 235
120 254
128 267
128 261
120 257
120 266
97 264
134 268
131 253
97 251
131 262
123 258
115 254
123 267
135 264
104 263
115 263
111 241
124 259
116 255
127 255
135 268
124 268
127 264
105 264
116 264
120 252
119 256
119 265
117 252
134 263
131 257
112 253
123 253
131 266
123 262
124 254
127 250
127 259
108 264
130 261
97 236
120 238
97 245
86 245
89 241
89 250
119 251
119 260
100 265
111 265
134 267
112 239
131 252
104 235
112 248
97 237
123 248
131 261
115 244
104 244
123 257
115 253
123 266
115 262
105 236
124 249
137 268
116 245
105 245
93 243
108 241
118 258
127 254
85 248
108 250
126 258
130 256
126 267
107 263
130 265
118 263
97 240
89 245
119 246
100 242
119 255
100 251
111 251
119 264
92 247
109 263
120 263
134 262
121 255
99 240
129 250
98 244
121 246
129 259
131 256
115 239
104 239
132 255
123 252
112 252
129 268
113 251
90 249
101 249
115 248
96 265
95 264
94 265
93 264
92 264
91 265
90 264
89 264
88 264
87 265
86 264
127 260
85 265
117 266
86 266
85 267
84 267
83 266
88 240
87 267
128 262
84 264
83 265
83 267
85 264
88 266
87 264
91 264
85 266
90 265
91 266
89 266
92 265
81 246
104 248
121 264
132 264
123 261
110 236
122 265
117 253
110 245
102 241
91 241
116 240
93 238
105 240
94 237
108 236
102 250
91 250
125 252
93 247
126 262
84 266
94 246
83 246
108 245
124 256
126 253
107 249
118 249
94 264
130 251
135 265
124 265
103 242
114 242
127 261
130 260
106 238
95 238
97 235
130 269
95 247
107 253
106 247
99 263
87 243
89 240
117 244
119 241
109 240
119 240
100 237
111 237
128 253
119 250
136 266
109 249
120 249
100 246
111 246
117 262
119 259
92 242
120 258
92 251
97 265
120 267
86 265
100 264
111 264
132 259
121 241
98 239
112 238
129 254
113 237
121 250
98 248
123 247
112 247
113 246
90 244
101 244
104 243
115 243
121 259
115 252
104 252
82 249
88 265
113 264
122 260
110 240
102 236
110 249
114 265
103 265
137 267
91 245
93 242
96 244
94 241
86 267
83 250
94 250
96 235
124 251
85 247
87 266
126 248
105 247
124 260
126 257
127 256
116 256
118 253
130 255
126 266
99 249
88 249
127 265
116 265
105 265
130 264
118 262
117 239
109 235
117 248
128 248
119 245
97 242
109 244
120 244
100 241
128 257
119 254
92 237
120 253
109 253
86 251
111 250
100 250
128 266
89 247
92 246
120 262
133 256
129 249
89 265
110 263
133 265
121 245
125 261
113 241
101 239
90 239
115 238
132 254
93 265
101 248
90 248
113 250
96 264
122 246
131 258
122 255
110 235
103 251
114 251
90 266
131 267
122 264
84 247
112 263
123 263
94 236
95 265
84 265
106 265
94 245
116 242
105 242
118 239
107 239
96 239
124 255
126 252
99 235
105 251
127 251
118 248
130 250
124 264
108 247
126 261
99 244
118 257
130 259
127 269
118 266
108 265
129 263
120 239
111 236
128 252
119 249
