339 381
340 380
341 380
342 380
343 379
339 380
338 379
337 380
338 382
337 383
340 379
343 378
339 383
340 382
343 381
342 379
344 382
342 382
345 381
344 379
345 378
346 377
347 378
348 377
336 381
335 382
334 381
333 380
349 378
341 381
336 384
335 385
346 379
348 376
349 375
348 374
337 385
339 382
338 384
340 381
344 381
347 380
334 380
345 380
336 386
335 387
334 387
346 381
337 378
336 377
335 376
336 375
337 374
338 373
337 376
339 373
338 375
340 372
339 371
340 370
341 371
335 378
341 373
348 378
339 375
338 377
340 374
337 387
338 386
340 383
342 377
347 373
346 372
344 383
335 380
345 382
334 382
336 379
336 388
346 374
338 370
337 369
338 368
336 370
335 369
335 371
337 371
339 368
346 383
348 380
340 376
338 388
342 370
343 369
344 370
343 371
344 372
334 375
333 376
332 375
331 376
345 375
344 374
344 376
336 372
335 373
334 373
339 389
340 388
341 387
342 386
343 385
342 384
342 388
344 385
343 387
344 388
345 387
346 386
345 384
334 384
332 377
331 378
333 378
346 376
348 373
337 373
341 389
338 372
340 369
346 385
333 385
332 384
331 385
332 386
338 381
340 378
342 372
344 369
342 381
344 378
343 380
335 375
334 377
345 377
336 374
344 387
345 386
334 386
336 383
349 377
341 382
332 379
331 380
330 380
329 379
329 381
329 378
330 382
329 383
346 378
338 374
340 371
333 387
338 383
342 374
342 375
344 371
343 373
334 370
333 369
333 371
332 370
331 371
345 370
339 384
340 385
342 383
344 380
343 382
334 379
345 379
336 376
334 388
336 385
347 382
348 383
349 382
349 384
348 385
349 379
330 375
329 375
329 374
330 373
329 376
331 373
341 375
332 372
346 371
341 384
330 384
332 381
332 382
346 380
338 376
340 373
339 377
342 376
344 373
343 375
345 372
337 389
334 372
339 386
336 369
342 385
343 384
331 382
336 378
347 375
341 368
347 384
349 381
341 377
330 377
332 374
346 373
333 373
338 369
341 386
332 383
333 382
338 378
339 370
342 369
337 382
348 382
339 379
342 378
344 375
343 377
331 375
334 374
345 374
336 371
339 388
342 387
340 387
331 384
343 386
345 383
334 383
336 380
347 377
349 374
341 370
347 386
335 384
349 383
330 379
341 379
332 376
333 375
338 371
341 388
332 385
333 384
348 375
337 375
339 372
342 371
343 370
346 387
337 384
348 384
329 380
331 377
345 376
334 376
336 373
340 389
343 388
331 386
334 385
345 385
347 379
335 377
349 376
341 372
335 386
330 381
332 378
333 377
332 387
333 386
337 377
339 374
342 373
343 372
337 386
334 369
338 385
329 382
331 379
334 378
347 372
335 370
347 381
335 379
341 374
330 374
335 388
332 371
336 387
333 370
330 383
341 383
332 380
333 379
333 388
337 370
346 382
348 379
337 379
339 376
340 375
343 374
331 372
337 388
345 371
334 371
339 385
338 387
340 384
331 381
343 383
347 374
335 372
344 384
335 381
347 383
349 380
341 376
330 376
332 373
336 389
333 372
341 385
330 385
333 381
346 375
337 372
339 369
340 368
346 384
337 381
348 381
339 378
338 380
340 377
329 377
343 376
331 374
345 373
339 387
338 389
340 386
331 383
344 377
347 376
335 374
342 389
341 369
344 386
335 383
347 385
336 382
333 374
341 378
333 383
330 378
