132 116
131 117
130 116
129 117
129 118
130 115
129 119
130 118
132 115
133 114
129 116
131 119
132 118
131 116
128 117
127 116
126 117
125 116
124 117
123 118
122 119
121 118
120 117
128 120
127 121
127 119
127 122
126 120
125 119
124 120
126 123
123 121
122 122
133 116
124 122
126 119
125 121
127 118
130 117
129 121
131 118
123 123
122 124
128 119
133 118
124 115
123 114
122 113
121 112
120 113
119 114
118 113
124 113
125 112
124 111
118 115
122 115
120 115
126 112
125 114
127 111
126 110
127 109
126 108
127 107
128 108
129 107
130 106
130 108
128 110
124 124
126 121
125 123
127 120
131 120
122 117
121 119
123 116
117 112
116 111
117 110
116 109
117 108
116 107
118 108
119 107
118 106
119 105
118 104
120 104
121 103
122 104
121 105
122 106
120 106
117 103
116 102
117 101
116 100
117 99
117 98
118 99
119 100
120 99
121 98
122 99
123 100
123 101
128 112
115 112
114 111
113 110
114 109
113 108
112 107
114 113
120 108
123 125
122 126
121 126
124 99
125 107
124 106
124 108
116 104
115 105
114 104
113 103
114 102
113 101
112 100
113 99
111 101
110 102
111 103
118 101
126 114
134 119
135 120
136 121
137 120
138 119
137 122
133 120
125 125
126 126
122 101
114 106
126 107
130 105
118 103
118 112
129 109
130 110
132 114
121 114
121 123
110 104
111 105
133 115
125 111
125 120
122 105
114 101
122 114
114 110
128 121
118 98
118 107
120 126
129 104
121 100
129 113
121 109
122 110
129 122
129 123
130 124
113 105
113 114
114 115
121 127
121 128
122 128
125 106
133 119
125 115
125 124
122 100
122 109
114 105
114 114
117 107
136 120
128 116
117 116
118 117
120 112
129 108
121 104
113 100
121 113
132 113
113 109
121 122
120 121
110 103
125 110
124 123
114 100
117 102
128 111
117 111
120 107
139 120
139 121
140 122
140 123
141 124
120 116
120 125
129 103
128 102
121 99
129 112
121 108
140 121
141 120
141 119
140 118
140 117
139 116
113 104
121 117
132 117
113 113
125 105
124 109
135 118
124 118
127 114
127 123
117 106
128 106
136 119
120 102
109 102
139 115
128 115
117 115
116 114
120 111
139 124
139 125
140 126
140 127
140 128
141 129
141 128
139 129
139 130
140 131
140 132
141 133
128 124
128 125
129 126
129 127
129 128
128 129
128 130
129 131
129 132
127 128
120 120
139 133
139 134
120 129
120 130
121 131
121 132
121 133
122 133
120 134
120 135
121 136
121 137
132 112
133 111
133 110
132 109
132 108
131 125
124 104
135 122
135 123
136 124
136 125
127 127
128 101
138 133
139 119
120 124
142 121
143 122
119 128
142 130
143 131
143 132
144 133
144 134
131 111
123 134
123 135
143 121
144 120
145 121
144 119
143 118
143 117
144 116
145 117
144 115
144 114
143 113
146 118
146 119
147 120
148 121
148 122
147 119
148 118
149 119
148 117
148 116
147 115
146 114
147 114
148 113
149 114
148 112
147 111
147 110
146 109
145 108
145 107
144 106
144 105
143 104
143 103
144 102
145 103
144 101
143 112
144 111
145 112
144 110
135 117
136 116
137 117
136 115
136 114
137 113
137 112
136 111
136 110
135 109
135 113
135 108
116 113
127 113
135 126
135 127
135 128
136 129
136 130
137 131
136 128
135 131
135 132
136 133
136 134
134 131
134 126
133 125
133 124
132 123
132 122
124 126
124 127
124 128
125 129
125 130
124 131
124 132
123 130
127 131
127 132
127 133
147 109
148 108
148 107
147 106
147 105
148 104
149 105
148 103
148 102
147 101
147 100
136 109
137 108
138 128
117 105
128 105
127 104
126 103
125 102
126 102
125 101
109 101
120 101
139 114
140 113
141 114
141 115
140 112
141 111
141 110
140 109
140 108
141 109
139 111
138 110
140 107
141 106
141 105
140 104
139 104
138 105
137 104
137 103
140 103
139 102
139 106
136 105
136 106
135 104
134 103
133 102
133 101
133 100
132 99
132 103
132 104
133 105
133 106
139 101
138 100
137 99
137 98
136 97
136 96
137 95
138 96
137 94
137 93
139 97
139 110
140 102
141 101
132 98
136 100
136 101
135 99
134 98
139 96
139 105
130 133
131 134
132 133
133 134
132 132
132 131
131 130
131 129
132 128
133 129
132 127
120 110
142 107
143 108
150 120
151 121
152 120
152 119
151 118
151 122
151 123
152 124
151 117
150 116
151 115
152 115
152 114
151 113
151 112
152 111
152 110
152 109
151 108
151 107
152 106
153 107
152 105
151 104
151 103
151 102
152 101
152 100
153 121
154 122
154 123
155 124
155 125
156 126
150 102
150 111
149 110
153 116
142 116
134 112
119 123
118 122
117 121
117 120
116 119
116 118
117 119
116 122
116 123
117 124
117 125
118 126
117 126
116 127
116 128
117 129
117 130
118 131
115 126
115 121
114 120
113 119
114 119
113 118
113 117
112 116
116 131
116 132
116 133
117 134
117 135
117 136
116 137
116 136
115 135
115 130
114 129
113 128
113 127
142 125
142 126
143 127
143 126
144 125
145 126
144 124
146 127
146 128
147 129
148 128
148 127
147 130
148 131
148 132
148 126
147 125
147 124
147 128
146 123
149 128
150 129
150 130
151 131
151 132
153 125
134 121
142 134
119 132
134 130
112 111
111 110
110 109
110 108
109 107
110 107
109 106
108 105
107 104
107 103
106 102
106 101
106 105
106 106
106 107
107 108
105 100
105 104
108 109
109 110
109 111
109 112
110 113
110 112
154 108
154 109
155 110
155 111
156 112
131 106
123 102
146 104
112 102
154 117
155 116
156 117
155 115
154 118
155 119
155 120
156 121
157 121
158 121
159 122
160 123
159 123
158 120
158 124
158 125
159 126
159 127
159 128
158 129
158 130
159 131
155 114
154 113
158 119
159 118
160 119
159 117
158 116
158 115
157 123
160 128
161 120
161 121
162 122
163 121
164 121
163 120
163 119
162 123
163 124
163 125
162 118
161 117
161 116
160 115
160 114
159 113
159 112
158 111
162 117
163 116
164 116
163 115
162 126
162 127
162 128
163 129
163 130
164 130
162 131
161 130
161 125
165 122
165 123
165 124
166 125
167 126
167 127
166 124
167 123
168 124
167 122
168 121
167 121
166 120
169 125
170 124
171 125
170 123
171 124
170 122
170 126
170 121
171 120
170 119
170 118
171 119
170 117
171 116
171 115
171 114
170 113
171 112
171 111
171 110
170 109
169 109
168 109
167 108
170 108
167 107
166 106
166 127
165 128
170 112
165 127
166 119
167 118
166 117
166 116
167 117
166 115
165 118
166 128
170 107
171 106
170 105
170 104
171 105
170 103
171 102
171 101
151 114
171 100
169 111
169 120
172 116
172 125
173 117
174 118
175 117
105 106
173 118
171 126
174 119
174 120
173 126
174 125
175 125
174 124
166 105
165 104
172 120
173 121
165 117
131 124
104 107
123 120
115 116
105 108
116 117
157 118
136 95
135 94
108 113
127 126
139 100
126 130
150 115
142 111
161 124
134 107
153 120
119 127
146 117
107 113
123 133
124 98
115 129
135 107
147 122
164 103
163 102
164 102
127 103
122 137
138 118
157 131
156 130
155 129
154 128
130 114
149 127
169 105
168 104
167 103
172 110
119 104
142 124
162 102
161 102
161 101
134 120
175 121
175 122
165 107
112 101
131 114
123 110
115 106
176 122
137 130
138 95
108 103
149 104
168 117
160 113
107 107
118 116
138 131
130 127
150 105
142 101
161 114
134 97
153 110
119 117
111 113
125 133
145 111
164 124
137 107
156 120
122 127
138 108
130 104
149 117
160 126
139 98
153 118
172 121
164 107
163 107
126 133
176 120
118 129
134 110
118 137
111 111
103 106
103 105
102 104
119 137
141 118
144 123
164 101
145 124
168 107
114 136
113 137
160 103
171 118
163 114
153 100
140 130
132 126
152 104
175 124
141 131
133 127
164 114
137 97
156 110
157 109
156 108
157 108
103 104
106 109
106 110
167 125
159 121
138 98
149 107
128 133
107 110
148 111
118 119
151 116
163 127
121 130
113 126
141 108
133 104
152 117
169 116
169 115
125 100
144 113
127 101
163 113
164 112
162 112
161 111
164 111
155 128
145 114
137 110
114 126
147 123
126 100
171 108
117 137
163 104
163 105
129 111
148 124
121 107
140 120
160 110
159 109
151 129
152 128
151 127
152 127
141 121
133 117
125 113
144 126
152 129
119 111
140 119
106 111
146 124
160 100
159 99
153 130
154 131
164 104
177 123
143 130
122 107
114 103
167 115
159 111
170 120
151 105
161 99
160 124
144 129
107 112
147 102
163 111
155 130
156 107
167 104
163 106
125 97
126 98
114 135
159 104
113 125
113 124
114 124
155 106
112 124
111 123
114 123
126 97
117 114
136 127
128 123
107 100
148 101
120 119
139 132
151 106
171 121
110 123
109 124
108 123
163 117
129 124
121 120
140 133
113 116
132 129
152 107
144 103
110 110
107 122
106 122
102 106
101 106
100 105
99 104
100 104
99 106
155 118
158 123
137 100
124 130
103 107
116 126
136 104
106 112
147 113
139 109
159 124
117 127
109 123
129 101
148 114
120 132
140 110
132 106
151 119
160 105
113 129
154 130
133 107
146 126
130 101
136 99
100 107
110 122
109 121
110 121
131 101
110 120
125 103
166 104
143 120
135 116
155 131
111 119
110 118
167 105
159 101
158 101
170 110
117 104
136 117
128 113
147 126
157 100
156 100
120 109
139 122
129 114
142 133
121 110
156 99
156 98
157 98
135 103
130 125
99 103
113 123
110 117
126 104
163 101
156 123
131 121
163 110
98 102
176 119
138 124
144 130
145 131
151 126
101 107
173 123
114 130
113 136
102 108
102 109
103 110
150 125
103 111
97 103
104 110
162 111
113 106
132 119
173 120
96 104
95 103
94 103
94 102
165 116
131 123
155 108
174 121
158 113
105 107
95 102
96 103
123 104
177 120
115 109
108 124
159 108
109 116
143 133
131 122
174 116
136 98
174 115
154 105
116 116
124 129
135 115
115 123
109 125
109 126
135 129
110 127
136 94
108 112
127 125
147 103
115 104
110 126
154 106
98 106
150 108
113 122
168 114
153 127
167 113
166 112
166 111
167 112
154 132
125 96
102 103
112 135
158 102
102 112
112 121
112 134
111 133
110 133
109 133
112 133
139 99
159 114
97 102
117 117
109 113
128 126
120 122
161 123
110 132
109 131
110 131
110 130
140 100
151 109
98 103
101 108
162 124
154 120
146 116
113 133
112 123
114 133
127 124
111 130
113 132
115 117
102 113
102 114
103 115
103 114
102 116
101 116
102 117
100 117
99 117
99 116
103 117
101 118
101 119
102 119
123 132
124 97
143 110
115 128
135 106
155 121
127 102
158 126
124 133
170 100
116 129
157 130
136 107
108 125
128 103
147 116
139 112
150 127
142 123
162 101
153 132
173 110
165 106
131 113
123 109
155 98
146 129
166 107
112 136
99 118
158 103
124 110
122 123
103 120
104 120
104 119
105 118
105 120
106 120
107 120
143 123
116 106
135 119
108 102
127 115
138 130
130 126
109 103
107 126
150 104
169 117
161 113
106 125
153 109
172 122
119 116
102 118
104 118
103 119
106 124
98 116
97 116
96 117
134 132
162 114
95 116
154 110
115 127
174 111
175 111
146 106
106 119
109 130
164 122
105 119
98 115
138 106
101 111
100 110
101 120
101 121
165 119
112 113
102 122
131 126
104 109
123 122
102 123
115 118
103 124
135 96
105 110
157 120
152 103
174 110
94 117
96 118
95 119
108 115
149 116
160 125
126 132
118 128
94 119
93 120
97 105
150 117
142 113
161 126
134 109
153 122
95 120
96 121
168 105
100 116
168 115
93 121
105 123
108 119
159 103
97 118
109 120
163 100
109 129
108 128
107 129
106 130
107 131
107 130
106 129
105 128
105 130
119 129
111 125
162 104
162 113
98 119
98 120
98 121
131 103
99 122
123 99
122 103
173 122
101 115
154 127
155 101
156 102
156 103
156 104
155 102
135 95
146 132
146 133
174 114
173 113
112 130
166 110
165 109
174 123
177 119
178 118
178 117
177 116
105 109
167 102
166 101
166 100
100 114
179 117
112 126
104 122
145 123
124 100
99 113
115 131
99 112
167 99
98 111
127 105
168 106
160 102
180 117
138 120
149 129
168 100
167 98
181 117
159 98
108 114
105 127
104 126
159 107
158 106
108 132
97 104
109 115
98 105
162 108
154 104
101 110
165 113
104 112
112 125
104 121
155 105
166 114
158 110
105 113
105 114
106 115
106 116
107 117
180 116
105 122
168 123
108 118
108 127
169 106
172 111
169 124
97 117
161 129
162 103
100 119
154 99
165 99
173 112
111 128
101 105
165 108
162 121
131 115
123 111
146 113
154 126
165 126
115 107
146 122
112 120
176 123
131 133
104 116
155 100
146 131
123 129
112 129
104 125
115 125
143 107
158 105
124 103
143 116
115 134
105 99
127 99
116 99
115 98
124 112
135 112
127 108
116 108
135 121
108 104
105 117
127 117
168 118
138 114
157 127
108 122
149 123
138 123
128 100
129 99
117 100
169 101
130 119
138 132
149 132
169 110
130 128
120 105
161 106
150 106
172 106
173 105
169 119
118 135
142 102
153 102
97 112
96 111
172 115
161 115
119 109
153 111
172 124
150 124
142 120
119 118
111 114
134 116
142 129
153 129
100 123
134 125
162 107
119 136
165 103
154 103
92 119
92 118
111 132
173 116
134 134
131 110
165 112
154 112
123 106
146 108
112 106
165 121
115 102
112 115
123 115
176 118
131 128
104 111
115 111
123 124
164 125
143 102
115 120
135 98
158 100
104 129
103 129
145 130
106 121
124 107
157 105
137 126
116 103
93 101
92 101
105 103
104 102
157 104
116 112
127 112
168 113
157 113
108 108
138 109
149 109
160 109
93 119
168 122
157 122
108 117
149 118
126 116
160 118
139 95
140 94
140 93
140 92
126 125
138 127
160 127
130 123
118 121
107 121
150 101
118 130
169 114
130 132
150 110
161 110
169 123
142 106
153 106
150 119
161 119
172 119
134 102
119 113
142 115
153 115
161 128
134 111
111 109
153 124
119 122
111 118
100 118
119 131
165 98
134 129
111 127
131 105
154 107
146 103
115 97
133 133
112 110
146 112
104 106
112 119
123 119
164 120
104 115
115 115
179 118
145 116
156 116
164 129
135 93
104 124
115 124
145 125
156 125
135 102
137 121
116 98
127 98
122 132
157 99
168 99
114 128
168 108
114 137
160 104
138 104
157 117
130 100
149 113
138 113
126 111
157 126
168 126
130 109
160 122
138 122
149 122
107 116
96 116
169 100
149 131
126 129
160 131
118 125
107 125
161 105
99 121
172 105
118 134
119 99
153 101
172 114
150 114
142 110
119 108
111 104
134 106
153 119
142 119
100 113
134 115
175 116
119 126
111 122
134 124
100 122
152 123
141 123
131 100
111 131
141 132
152 132
131 109
133 128
144 128
123 105
112 105
164 106
104 101
115 101
145 102
176 117
164 115
115 110
156 111
122 118
145 120
137 116
145 129
156 129
137 125
103 123
122 136
157 103
168 103
137 134
114 132
160 99
138 99
106 128
168 112
157 112
160 108
149 108
126 106
107 102
118 102
96 102
160 117
126 115
138 117
118 111
130 113
107 111
149 126
126 124
138 126
130 122
169 104
96 120
118 120
171 123
161 100
130 131
148 130
172 109
163 128
142 105
119 103
153 105
134 101
160 101
119 112
111 108
100 108
111 117
152 118
175 120
141 127
133 123
133 132
144 132
125 128
164 110
145 106
156 106
164 119
176 121
137 102
156 115
145 115
164 128
137 111
103 109
156 124
103 118
114 118
145 133
122 131
168 98
106 114
114 127
137 129
138 94
157 107
106 123
126 101
138 103
149 103
168 116
130 99
138 112
160 112
149 112
96 106
107 106
171 109
160 121
107 115
126 128
99 111
118 124
107 124
171 127
148 125
99 120
163 123
118 133
151 130
129 130
100 103
141 104
121 135
100 112
111 112
141 113
152 113
113 131
175 115
133 109
144 109
141 122
152 122
144 118
110 116
152 131
144 127
110 125
164 105
102 121
110 134
156 101
125 132
122 108
145 110
164 123
137 106
145 119
156 119
106 100
137 115
103 113
167 116
156 128
137 124
103 122
114 122
122 135
157 102
95 118
168 102
106 118
114 131
106 127
159 130
138 107
126 105
160 107
130 103
107 101
171 104
117 133
118 110
171 113
163 109
96 119
107 119
171 122
148 120
99 115
163 118
140 116
148 129
137 127
129 125
151 125
140 125
121 121
132 121
140 134
132 130
152 108
175 110
144 104
113 135
141 117
175 119
133 113
110 111
141 126
152 126
125 109
102 107
144 122
133 122
125 118
164 100
133 131
110 129
144 131
123 128
164 109
112 128
125 127
156 105
94 121
145 105
137 101
114 99
156 114
122 112
103 108
114 108
167 111
122 121
106 104
95 104
137 119
114 117
167 120
168 97
106 113
149 101
159 116
138 101
170 116
138 93
159 125
170 125
136 123
106 131
147 132
136 132
126 109
117 128
139 128
128 128
118 105
96 105
107 105
148 106
129 102
120 133
148 115
171 117
140 111
151 111
132 107
163 122
129 120
151 120
121 116
129 129
163 131
140 129
113 112
121 125
132 125
141 103
113 121
98 122
132 134
121 134
133 99
141 112
113 130
152 112
125 95
126 94
125 93
126 93
126 92
144 108
110 106
133 108
152 121
125 104
110 115
144 117
102 111
110 124
133 126
102 120
125 122
91 120
90 121
89 121
88 120
91 121
90 119
166 123
155 123
122 98
94 116
125 131
155 132
137 96
167 97
158 128
137 105
103 103
167 106
122 116
170 102
114 125
159 102
103 112
114 112
106 108
170 111
167 124
106 117
95 117
136 118
147 118
159 120
128 114
159 129
147 127
117 123
139 123
118 100
171 103
109 119
128 132
117 132
148 110
120 128
109 128
99 105
129 106
157 114
163 108
140 106
148 119
120 137
132 102
121 102
140 115
129 115
121 111
132 111
140 124
163 126
151 124
113 107
132 120
98 118
129 133
101 114
121 129
162 130
101 123
141 107
110 101
133 103
113 134
152 116
125 99
144 112
133 112
174 113
125 108
155 109
166 109
110 119
174 122
102 115
125 117
177 118
166 118
158 114
102 124
143 125
155 127
94 120
122 102
124 121
114 98
143 134
167 101
135 130
114 107
167 110
105 126
106 103
147 104
170 106
159 106
116 135
178 119
167 119
170 115
136 113
159 115
108 131
128 109
117 109
136 122
109 105
139 118
117 118
128 118
147 131
136 131
109 114
120 114
128 127
139 127
148 105
97 121
171 107
120 123
140 101
163 103
151 101
109 132
151 110
129 110
163 112
148 123
98 104
121 106
113 102
121 115
162 116
151 128
101 109
113 111
132 124
121 124
162 125
173 125
152 102
141 102
113 120
154 121
133 98
125 94
144 107
110 105
155 104
110 114
174 117
102 110
143 111
155 113
166 113
174 126
158 109
91 119
155 122
166 122
158 118
124 116
143 129
105 112
167 96
135 125
124 125
158 127
105 121
116 121
124 134
135 134
170 101
127 130
167 114
116 130
108 126
136 108
147 108
159 110
128 104
147 117
159 119
120 100
117 113
139 113
136 126
109 109
117 122
128 122
109 118
148 100
120 118
117 131
128 131
139 131
120 127
148 109
109 127
150 128
140 105
129 105
120 136
132 101
121 101
140 114
132 110
173 111
101 104
98 117
162 120
101 113
113 115
154 116
162 129
101 122
154 125
165 125
146 121
131 132
125 98
155 99
166 99
174 112
146 130
102 105
143 106
166 108
94 101
158 104
124 102
115 133
177 117
143 115
155 117
135 111
143 124
166 126
155 126
158 122
105 116
167 100
158 131
105 125
167 109
116 125
159 105
108 121
136 103
116 134
128 99
170 114
108 130
147 112
136 112
139 108
147 121
109 104
139 117
169 118
97 111
139 126
109 122
97 120
172 123
150 123
129 100
120 131
150 132
142 128
153 128
132 105
162 106
173 106
119 135
154 102
165 102
98 112
162 115
173 115
134 133
165 111
154 111
173 124
146 107
101 117
165 120
112 114
154 129
131 127
146 125
166 103
143 101
115 119
155 103
112 132
158 99
135 97
155 112
104 128
158 108
115 137
166 121
143 119
105 102
158 117
143 128
105 111
135 124
108 107
116 120
135 133
108 116
159 100
105 129
127 129
139 94
147 107
139 103
169 113
97 106
109 108
150 109
161 109
169 122
109 117
161 118
150 118
172 118
142 114
153 114
161 127
172 127
89 120
153 123
119 121
132 100
142 132
119 130
111 126
134 128
162 110
101 103
131 104
162 119
173 119
146 102
101 112
154 115
165 115
146 111
112 109
154 124
104 105
146 120
112 118
131 131
115 114
166 98
104 114
112 127
123 127
135 92
104 123
143 105
155 107
124 101
135 101
143 114
115 132
135 110
158 112
127 106
124 119
116 115
105 115
180 118
157 116
136 93
108 111
116 124
105 124
157 125
168 125
136 102
108 120
149 121
138 121
169 99
108 129
149 130
160 130
128 107
139 107
169 108
120 103
161 104
172 113
150 113
169 126
142 109
97 119
161 122
150 122
134 105
142 118
150 131
161 131
134 114
142 127
119 125
100 121
134 123
162 105
111 121
119 134
131 99
154 101
165 101
173 114
165 110
131 108
112 104
154 119
115 100
123 113
146 115
176 116
112 122
176 125
166 102
112 131
123 131
158 98
143 109
104 127
145 128
124 105
135 105
158 107
115 136
105 101
116 101
135 114
124 114
137 133
116 110
127 110
157 111
168 111
108 106
93 117
168 120
160 116
138 116
157 129
130 112
138 125
149 125
130 121
169 103
138 134
107 128
169 112
130 130
161 108
169 121
142 104
119 102
153 104
172 117
134 100
153 113
172 126
150 126
111 107
119 120
142 122
134 118
111 116
162 100
153 131
142 131
134 127
162 109
92 121
165 105
111 134
146 101
165 114
154 114
131 112
123 108
146 110
112 108
104 104
123 117
112 117
164 118
104 113
115 113
123 126
164 127
115 122
135 100
122 130
145 132
137 128
116 105
93 103
105 105
157 106
108 101
138 102
149 102
157 115
108 110
138 111
149 111
160 111
157 124
130 107
149 120
126 118
160 120
107 114
118 114
138 129
160 129
126 127
169 107
118 123
107 123
161 103
99 119
150 103
118 132
161 112
150 112
172 112
119 106
142 108
153 108
150 121
134 104
111 102
153 117
119 115
142 117
134 113
100 111
119 124
153 126
111 120
134 122
100 120
175 123
119 133
154 100
165 100
111 129
141 130
152 130
131 107
123 103
112 103
146 105
115 99
123 112
112 112
164 113
115 108
104 108
156 109
145 109
176 124
104 117
145 118
156 118
124 95
137 114
156 127
122 125
145 127
114 121
103 121
137 123
127 100
122 134
168 101
157 101
137 132
138 97
157 110
168 110
106 126
149 106
160 106
168 119
157 119
130 102
149 115
126 113
138 115
157 128
118 109
107 109
103 125
130 111
126 122
149 124
130 120
118 118
169 102
107 118
126 131
99 114
130 129
107 127
118 127
161 107
99 123
150 107
118 136
153 103
119 101
142 103
134 99
119 110
142 112
153 112
100 106
134 108
111 106
119 119
100 115
111 115
134 117
141 116
175 118
111 124
141 125
152 125
92 120
131 102
133 121
144 121
123 98
141 134
164 99
133 130
110 128
123 107
164 108
125 126
115 103
104 103
145 104
164 117
122 111
145 113
156 113
164 126
137 109
145 122
122 120
156 122
103 116
137 118
114 116
156 131
95 121
114 134
122 129
126 99
105 87
105 88
106 88
104 87
103 88
107 88
108 87
106 87
109 87
102 88
101 87
100 86
109 86
110 87
102 86
99 87
104 89
104 90
105 91
106 90
107 91
106 86
107 85
103 87
106 89
103 90
109 85
100 85
101 84
100 83
102 85
108 89
105 90
107 87
108 86
107 90
101 86
106 91
109 84
100 84
100 87
102 87
104 91
109 83
105 86
105 89
107 86
99 86
98 85
97 85
96 85
97 84
98 83
97 82
96 83
98 82
95 85
97 81
98 81
96 81
95 81
98 84
96 80
98 86
108 85
97 86
99 82
107 89
97 83
108 88
99 85
103 89
104 88
96 82
