1144 593
1143 594
1144 595
1145 596
1146 595
1145 593
1146 592
1142 594
1143 593
1143 596
1142 597
1147 596
1148 595
1149 594
1150 595
1151 594
1147 593
1144 592
1148 592
1149 591
1150 592
1151 591
1152 590
1152 589
1151 588
1150 589
1149 588
1148 589
1153 588
1141 595
1144 594
1145 595
1150 591
1149 593
1151 590
1142 596
1143 595
1140 594
1147 595
1153 590
1141 597
1140 597
1139 598
1138 599
1137 598
1136 597
1136 599
1137 600
1140 599
1138 601
1139 600
1145 597
1149 595
1151 592
1137 602
1140 601
1141 602
1142 603
1143 602
1144 601
1145 602
1141 604
1143 604
1143 597
1147 588
1147 597
1148 596
1139 593
1138 592
1139 591
1138 590
1140 590
1137 593
1136 592
1140 592
1138 594
1141 590
1142 589
1141 588
1140 588
1142 587
1141 586
1142 585
1143 584
1144 585
1143 586
1144 587
1145 588
1143 588
1144 589
1138 603
1139 602
1141 599
1145 590
1140 585
1139 584
1138 585
1137 586
1136 585
1146 598
1145 599
1135 598
1134 599
1149 597
1150 598
1151 597
1151 599
1137 595
1143 590
1137 604
1147 590
1138 587
1139 586
1133 600
1134 601
1132 599
1147 599
1138 596
1144 583
1144 582
1145 581
1146 582
1138 597
1144 580
1143 579
1142 578
1142 577
1142 576
1143 577
1144 576
1144 578
1142 580
1143 581
1142 582
1147 581
1148 580
1147 579
1149 579
1150 580
1151 579
1152 580
1152 587
1151 581
1150 582
1133 598
1152 582
1153 581
1151 583
1150 584
1149 584
1132 597
1142 583
1131 596
1130 595
1131 594
1129 596
1130 597
1141 592
1141 601
1150 579
1152 598
1153 599
1142 575
1142 584
1144 603
1145 604
1148 582
1148 591
1133 602
1148 600
1145 576
1146 577
1145 585
1149 583
1145 594
1149 592
1137 590
1145 603
1137 599
1149 601
1149 602
1129 595
1138 591
1141 587
1130 596
1141 596
1152 593
1153 594
1144 598
1136 594
1136 603
1133 597
1145 580
1149 578
1148 577
1145 589
1137 585
1149 587
1148 586
1145 598
1137 594
1137 603
1140 605
1141 606
1132 601
1152 588
1144 584
1152 597
1136 589
1144 602
1136 598
1148 581
1148 590
1133 601
1148 599
1145 575
1145 584
1149 582
1137 589
1129 594
1140 591
1140 600
1151 600
1132 596
1143 605
1152 583
1144 579
1152 592
1144 588
1152 601
1152 602
1136 584
1144 597
1136 593
1144 606
1144 607
1145 608
1136 602
1148 585
1133 596
1148 594
1145 579
1147 598
1137 584
1139 603
1140 586
1151 586
1140 595
1151 595
1143 591
1140 604
1143 600
1132 600
1144 574
1152 596
1136 588
1132 595
1154 600
1155 601
1156 600
1157 601
1156 599
1155 598
1155 602
1155 603
1156 604
1156 605
1157 606
1156 603
1155 597
1155 606
1155 607
1156 608
1154 605
1153 604
1158 602
1159 603
1160 602
1160 601
1159 600
1159 604
1159 605
1159 599
1158 598
1157 597
1157 596
1156 595
1156 594
1155 593
1155 592
1156 591
1157 592
1156 590
1156 589
1157 588
1157 587
1156 586
1156 585
1155 584
1155 588
1155 583
1158 593
1159 594
1160 593
1161 594
1160 592
1159 595
1162 595
1163 596
1164 595
1164 594
1163 593
1163 597
1163 598
1164 599
1164 600
1164 598
1163 592
1162 591
1163 601
1163 602
1162 600
1162 590
1161 589
1160 588
1160 587
1159 586
1162 599
1163 591
1164 590
1155 587
1155 596
1146 605
1141 593
1158 588
1158 597
1128 593
1158 606
1147 606
1148 605
1149 606
1148 604
1147 607
1159 589
1159 590
1151 585
1159 598
1160 597
1162 594
1162 603
1151 603
1151 604
1151 605
1152 606
1152 607
1151 608
1151 609
1151 610
1152 611
1152 610
1143 599
1165 596
1166 597
1144 573
1150 607
1136 587
1154 586
1153 585
1154 595
1135 591
1134 590
1134 589
1133 588
1133 587
1133 591
1133 592
1133 593
1134 594
1132 591
1132 586
1131 585
1132 590
1131 589
1130 588
1130 587
1129 586
1129 585
1129 589
1129 590
1129 591
1130 592
1128 589
1128 584
1146 591
1154 604
1135 600
1146 600
1146 609
1146 610
1147 611
1148 610
1149 611
1148 609
1147 612
1148 613
1148 614
1147 615
1147 616
1146 614
1145 613
1144 612
1145 612
1144 611
1143 610
1143 609
1143 613
1143 614
1143 615
1144 616
1144 617
1145 617
1143 618
1143 619
1142 617
1142 612
1147 583
1166 596
1167 595
1168 596
1168 597
1167 594
1147 592
1158 592
1139 588
1128 588
1127 587
1126 586
1126 585
1125 584
1126 584
1125 587
1125 588
1126 589
1126 590
1126 591
1125 592
1125 593
1126 594
1126 595
1124 587
1125 596
1125 597
1125 598
1126 599
1126 600
1125 601
1125 602
1125 603
1126 604
1126 603
1124 601
1124 596
1124 591
1123 590
1124 600
1123 599
1122 598
1122 597
1121 599
1121 600
1120 598
1119 597
1118 596
1118 595
1118 594
1117 593
1117 597
1117 598
1118 599
1118 600
1119 601
1119 602
1120 603
1121 604
1121 605
1122 606
1122 607
1121 608
1120 607
1119 606
1118 605
1118 604
1117 603
1117 602
1117 606
1117 607
1117 608
1117 592
1118 591
1119 592
1118 590
1117 589
1117 588
1116 605
1115 604
1114 603
1114 602
1114 601
1113 600
1113 604
1113 605
1114 606
1114 607
1120 593
1120 602
1121 594
1122 593
1123 594
1122 592
1121 591
1121 595
1121 590
1121 603
1122 602
1113 599
1114 598
1115 599
1114 597
1113 596
1113 595
1113 608
1127 601
1117 587
1118 586
1119 587
1119 588
1118 585
1118 584
1117 584
1116 591
1115 590
1128 602
1128 603
1129 604
1129 605
1130 606
1116 600
1120 588
1124 586
1123 585
1122 584
1121 585
1121 586
1122 587
1122 588
1120 584
1120 597
1124 595
1120 606
1124 604
1124 605
1124 606
1125 607
1126 608
1125 606
1121 589
1123 608
1113 594
1114 593
1114 592
1113 591
1113 590
1112 589
1112 598
1127 596
1112 607
1127 605
1116 586
1115 586
1115 585
1114 584
1114 587
1114 588
1113 586
1113 585
1112 584
1147 601
1147 602
1158 601
1128 597
1128 598
1129 599
1129 600
1130 601
1130 602
1131 603
1132 604
1132 605
1133 606
1133 607
1134 608
1139 597
1147 610
1139 606
1139 607
1140 608
1116 604
1128 606
1128 607
1129 608
1128 608
1161 603
1151 580
1143 576
1140 589
1151 589
1162 589
1153 608
1154 609
1132 585
1143 585
1132 594
1120 592
1150 593
1124 590
1165 591
1166 592
1120 601
1150 602
1131 598
1142 598
1165 600
1150 611
1142 607
1131 607
1121 584
1134 603
1123 603
1142 616
1115 608
1154 590
1135 586
1134 585
1146 586
1154 599
1135 595
1112 593
1169 597
1154 608
1127 591
1146 604
1135 604
1135 605
1136 606
1136 607
1136 608
1137 608
1127 600
1146 613
1147 578
1147 587
1158 587
1158 596
1139 592
1128 592
1116 590
1128 601
1116 599
1139 601
1161 598
1116 608
1138 605
1153 603
1143 580
1120 587
1150 588
1124 585
1131 584
1120 596
1150 597
1165 595
1142 593
1131 593
1150 606
1123 589
1142 602
1131 602
1134 598
1123 598
1142 611
1115 594
1115 595
1116 595
1123 607
1134 607
1142 620
1115 603
1154 585
1146 581
1154 594
1146 590
1112 588
1135 590
1154 603
1127 586
1146 599
1135 599
1112 597
1127 595
1146 608
1112 606
1135 608
1127 604
1157 605
1147 582
1158 591
1149 610
1116 585
1128 587
1139 587
1116 594
1161 593
1116 603
1153 589
1161 602
1138 600
1119 596
1153 598
1143 575
1119 605
1153 607
1130 605
1141 605
1150 583
1122 601
1142 579
1142 588
1131 588
1150 601
1123 584
1134 584
1131 597
1165 599
1150 610
1134 593
1123 593
1131 606
1142 606
1115 589
1134 602
1123 602
1142 615
1115 598
1146 576
1154 589
1115 607
1135 585
1146 585
1153 595
1154 598
1135 594
1112 592
1146 594
1127 590
1157 591
1146 603
1112 601
1112 602
1127 599
1157 600
1147 577
1149 596
1160 596
1145 607
1149 605
1160 605
1145 616
1149 614
1116 589
1118 608
1138 586
1161 588
1153 584
1138 595
1161 597
1141 591
1119 591
1130 591
1153 593
1138 604
1153 602
1119 600
1141 600
1130 600
1150 578
1122 596
1153 611
1142 574
1122 605
1150 587
1150 596
1142 592
1131 592
1165 594
1150 605
1134 588
1123 588
1131 601
1142 601
1115 584
1134 597
1123 597
1142 610
1115 593
1134 606
1123 606
1154 584
1115 602
1146 580
1146 589
1112 587
1135 589
1148 608
1127 585
1157 586
1112 596
1127 594
1157 595
1168 595
1160 591
1157 604
1149 600
1126 598
1160 600
1145 611
1149 609
1137 607
1126 607
1116 584
1118 603
1129 603
1161 592
1130 586
1119 586
1161 601
1153 597
1119 595
1130 593
1138 608
1122 591
1119 604
1130 604
1153 606
1122 600
1131 587
1144 615
1123 592
1134 592
1164 593
1115 588
1123 601
1115 597
1156 598
1167 598
1167 599
1146 575
1115 606
1133 605
1156 607
1148 603
1112 591
1148 612
1157 590
1149 586
1157 599
1160 595
1126 593
1145 606
1118 589
1160 604
1149 604
1126 602
1145 615
1118 598
1129 598
1149 613
1129 607
1118 607
1153 583
1161 596
1153 592
1130 590
1119 590
1122 586
1130 599
1153 601
1119 599
1122 595
1119 608
1141 608
1130 608
1142 573
1122 604
1150 586
1152 605
1144 610
1123 587
1134 587
1156 584
1164 597
1115 592
1156 593
1167 593
1156 602
1114 596
1148 598
1145 574
1114 605
1125 605
1148 607
1145 583
1117 601
1157 585
1149 581
1168 594
1157 594
1145 592
1160 590
1149 590
1137 588
1126 588
1157 603
1145 601
1129 584
1160 599
1137 597
1126 597
1149 599
1145 610
1118 593
1129 593
1149 608
1137 606
1126 606
1118 602
1129 602
1138 589
1153 587
1141 585
1130 585
1119 585
1138 598
1119 594
1141 594
1130 594
1122 590
1152 591
1141 603
1122 599
1152 600
1163 600
1144 596
1152 609
1155 605
1144 605
1136 601
1144 614
1164 592
1156 588
1133 586
1164 601
1148 584
1167 597
1133 595
1156 597
1148 593
1125 591
1114 591
1133 604
1156 606
1114 600
1125 600
1148 602
1117 596
1145 578
1148 611
1157 589
1117 605
1145 587
1149 585
1160 594
1137 592
1126 592
1145 605
1129 588
1118 588
1137 601
1126 601
1118 597
1129 597
1129 606
1118 606
1138 584
1140 603
1151 612
1130 589
1141 589
1119 589
1132 608
1143 608
1122 585
1152 586
1143 617
1122 594
1152 595
1163 595
1144 591
1155 591
1152 604
1121 598
1155 600
1144 600
1136 596
1155 609
1144 609
1121 607
1136 605
1113 603
1144 618
1156 583
1164 596
1148 579
1133 590
1156 592
1125 586
1148 588
1114 586
1156 601
1133 599
1148 597
1125 595
1114 595
1133 608
1117 591
1148 606
1114 604
1125 604
1145 582
1157 584
1117 600
1149 580
1145 591
1126 587
1137 587
1160 589
1126 596
1137 596
1129 592
1118 592
1159 593
1129 601
1118 601
1159 602
1140 598
1162 598
1151 598
1140 607
1151 607
1132 603
1143 603
1152 581
1124 599
1143 612
1144 577
1163 590
1124 608
1144 586
1155 586
1152 599
1163 599
1155 595
1121 593
1152 608
1136 591
1113 589
1144 604
1155 604
1121 602
1136 600
1113 598
1144 613
1164 591
1113 607
1156 587
1133 585
1148 583
1156 596
1133 594
1167 596
1125 590
1114 590
1133 603
1117 586
1114 599
1148 601
1125 599
1166 600
1145 577
1117 595
1114 608
1125 608
1145 586
1117 604
1147 605
1158 605
1147 614
1137 591
1129 587
1118 587
1159 588
1140 584
1151 584
1159 597
1140 593
1162 593
1151 593
1159 606
1132 589
1143 589
1151 602
1162 602
1140 602
1132 598
1143 598
1151 611
1124 594
1132 607
1120 605
1143 607
1152 585
1124 603
1143 616
1144 581
1152 594
1163 594
1144 590
1121 588
1155 590
1152 603
1136 586
1113 584
1121 597
1155 599
1144 599
1136 595
1113 593
1155 608
1121 606
1144 608
1136 604
1113 602
1148 578
1133 589
1114 585
1148 587
1125 585
1114 594
1125 594
1166 595
1117 590
1147 591
1117 599
1158 600
1147 600
1139 596
1128 596
1147 609
1128 605
1139 605
1159 592
1162 588
1159 601
1132 584
1162 597
1132 593
1120 591
1140 606
1151 606
1124 589
1120 600
1132 602
1124 598
1143 611
1163 589
1124 607
1155 585
1121 592
1155 594
1113 588
1136 590
1121 601
1113 597
1169 596
1113 606
1154 607
1133 584
1135 603
1146 612
1114 589
1125 589
1127 608
1117 585
1158 586
1147 586
1166 599
1117 594
1158 595
1128 591
1158 604
1147 604
1116 598
1128 600
1147 613
1116 607
1159 587
1170 596
1159 596
1162 592
1120 586
1132 588
1151 601
1162 601
1124 584
1120 595
1124 593
1143 606
1132 606
1120 604
1152 584
1124 602
1155 589
1121 587
1142 619
1121 596
1113 592
1154 593
1113 601
1154 602
1135 607
1146 607
1112 605
1127 603
1146 616
1166 594
1158 590
1128 586
1158 599
1128 595
1139 595
1116 593
1147 608
1128 604
1139 604
1116 602
1159 591
1143 574
1140 587
1151 587
1143 583
1162 596
1151 596
1140 596
1120 590
1143 592
1132 592
1124 588
1120 599
1143 601
1150 600
1124 597
1165 598
1120 608
1150 609
1144 575
1142 605
1131 605
1142 614
1113 587
1154 588
1146 584
1135 584
1154 597
1169 595
1135 593
1146 593
1154 606
1127 589
1135 602
1112 600
1146 602
1127 598
1146 611
1147 576
1127 607
1158 585
1147 585
1166 598
1147 594
1158 594
1116 588
1139 590
1128 590
1147 603
1158 603
1139 599
1128 599
1116 597
1139 608
1116 606
1151 582
1143 578
1153 610
1132 587
1143 587
1120 585
1120 594
1124 592
1165 593
1142 591
1131 591
1150 604
1142 600
1131 600
1150 613
1134 596
1123 596
1142 609
1123 605
1134 605
1142 618
1154 583
1115 601
1146 579
1154 592
1135 588
1112 586
1146 588
1154 601
1127 584
1135 597
1146 597
1112 595
1154 610
1127 593
1112 604
1135 606
1146 606
1127 602
1146 615
1147 580
1166 593
1147 589
1158 589
1139 585
1128 585
1128 594
1139 594
1116 592
1161 591
1116 601
1161 600
1153 596
1143 573
1138 607
1130 603
1119 603
1153 605
1143 582
1150 581
1120 589
1150 590
1122 608
1131 586
1142 586
1150 599
1142 595
1131 595
1165 597
1150 608
1123 591
1134 591
1131 604
1142 604
1115 587
1134 600
1123 600
1142 613
1115 596
1154 587
1115 605
1146 583
1154 596
1169 594
1135 592
1112 590
1127 588
1146 601
1112 599
1135 601
1127 597
1157 598
1168 598
1112 608
1170 595
1127 606
1157 607
1147 584
1149 603
1160 603
1145 614
1149 612
1139 589
1116 587
1116 596
1153 582
1171 596
1161 595
1138 593
1153 591
1138 602
1161 604
1153 600
1141 598
1119 598
1130 598
1153 609
1119 607
1141 607
1130 607
1142 572
1150 585
1122 603
1142 581
1150 594
1131 590
1165 592
1142 590
1150 603
1134 586
1123 586
1142 599
1165 601
1131 599
1150 612
1123 595
1134 595
1131 608
1142 608
1115 591
1123 604
1134 604
1154 582
1115 600
1146 578
1154 591
1146 587
1112 585
1135 587
1135 596
1146 596
1112 594
1148 615
1127 592
1168 593
1157 593
1112 603
1149 589
1145 600
1157 602
1149 598
1160 598
1145 609
1137 605
1149 607
1126 605
1138 588
1161 590
1141 584
1130 584
1119 584
1153 586
1161 599
1119 593
1138 606
1122 589
