146 375
146 376
145 377
145 374
146 373
144 373
144 376
143 377
142 376
141 377
143 374
142 373
141 374
140 375
139 374
138 375
140 378
139 377
138 378
137 377
136 378
135 379
134 378
133 379
132 379
132 380
132 381
131 381
130 380
136 377
135 376
147 377
137 376
139 373
141 376
143 373
144 372
143 371
142 370
145 371
146 370
133 381
135 378
138 377
145 373
147 370
146 372
136 379
137 378
139 375
141 369
141 378
143 375
142 377
144 374
135 380
134 382
133 383
140 379
139 380
129 379
128 380
127 381
126 382
128 382
127 383
126 384
125 384
124 385
123 384
122 385
123 386
124 387
125 386
127 385
145 375
147 372
146 374
121 384
120 385
132 384
131 383
131 385
136 375
137 380
141 371
141 380
142 379
143 380
144 379
145 380
146 379
144 381
143 382
145 382
147 379
146 381
144 383
143 384
142 384
141 383
141 385
140 386
141 387
142 386
140 388
139 389
145 384
146 383
147 384
148 383
149 384
150 383
134 375
133 374
133 376
141 389
143 386
142 388
143 389
144 388
145 387
146 386
145 389
147 386
146 388
144 390
143 391
142 391
141 392
140 393
141 394
142 393
145 391
146 390
143 393
142 395
144 392
146 392
147 393
148 392
149 391
148 390
150 390
150 392
151 393
152 392
153 391
154 392
155 392
152 394
156 391
133 385
144 385
125 381
144 394
122 384
148 369
149 370
148 378
140 374
148 387
148 388
151 383
129 383
140 383
140 392
139 391
151 392
141 375
144 371
141 384
152 384
152 385
133 380
144 380
144 389
125 385
136 381
137 382
137 383
147 381
147 390
128 386
139 386
148 373
148 374
149 375
140 369
148 382
129 378
148 391
132 374
140 387
129 387
129 388
121 383
120 382
132 383
141 370
144 375
133 375
144 384
125 380
143 388
155 390
136 376
147 376
139 372
147 385
139 381
128 381
147 394
147 395
148 396
148 397
139 390
148 368
147 367
120 386
148 377
140 373
148 386
140 382
129 382
151 382
132 378
151 391
140 391
154 393
144 370
146 389
143 383
124 379
143 392
155 394
155 395
156 396
127 384
147 371
136 380
147 380
139 376
147 389
139 385
128 385
147 398
147 399
147 400
148 401
146 398
120 381
139 394
148 372
140 368
141 367
141 366
141 365
140 364
139 367
138 366
140 377
129 377
128 376
142 396
143 397
132 373
133 372
133 371
133 370
132 369
121 382
132 382
131 386
132 387
132 388
133 389
133 390
146 384
146 393
143 369
143 378
135 374
143 387
155 389
154 388
124 383
135 383
143 396
127 379
147 366
147 375
139 371
138 370
137 369
137 368
136 367
136 366
136 384
136 385
136 386
137 387
128 389
127 388
148 367
149 366
140 363
141 362
142 363
141 361
140 360
140 359
139 362
138 361
137 360
137 359
132 368
133 367
134 368
133 366
143 364
146 397
145 396
135 369
124 378
125 377
126 377
135 387
135 388
136 389
136 390
136 361
136 362
137 363
137 364
136 370
136 371
139 366
149 398
128 375
129 374
130 375
129 373
127 374
139 384
120 380
121 379
122 380
122 379
150 381
140 358
141 357
141 356
140 355
140 354
139 357
138 357
138 356
137 355
137 354
153 386
150 399
150 400
151 401
151 402
153 395
134 391
146 365
145 364
145 363
144 362
144 361
131 376
154 387
155 386
156 387
155 385
155 384
154 383
123 381
154 396
154 397
154 398
155 399
155 400
154 401
154 402
155 403
153 400
143 368
144 367
145 368
144 366
146 401
146 402
135 373
135 382
124 382
127 378
135 391
136 356
136 357
127 387
157 388
158 389
159 388
159 387
158 386
158 390
158 391
159 392
159 393
158 385
158 394
158 395
159 396
159 397
159 398
158 399
158 400
159 401
159 402
157 393
160 398
161 399
161 400
162 401
147 365
148 364
148 363
147 362
147 361
136 365
135 364
138 384
157 397
139 361
160 393
149 393
138 393
137 392
139 370
130 389
131 390
149 402
160 402
150 367
151 368
152 367
152 366
151 369
152 370
152 371
152 365
151 364
151 363
152 362
153 363
152 361
151 360
151 372
151 373
150 372
150 376
151 377
151 378
151 379
152 380
152 379
142 372
150 385
150 386
151 387
151 388
152 389
142 381
153 381
161 394
162 393
163 394
163 395
162 392
161 395
162 396
162 397
162 391
163 390
161 390
150 394
150 395
151 396
151 397
152 398
134 377
153 390
142 390
134 386
153 399
154 364
154 365
146 360
145 359
145 358
144 357
144 356
145 355
145 354
143 355
142 354
146 369
154 382
155 381
156 382
155 380
154 379
154 378
131 380
146 378
131 389
143 354
123 385
146 387
155 365
156 364
156 363
155 362
143 363
164 395
165 396
165 397
165 398
166 399
166 400
166 398
143 372
135 368
156 400
145 400
144 399
135 377
124 377
127 382
157 383
147 360
148 359
148 358
149 357
147 357
147 356
148 355
138 379
149 379
157 392
139 356
126 386
138 388
160 388
149 388
157 401
157 402
130 384
160 397
149 397
150 362
149 361
142 358
143 359
150 371
153 367
142 367
150 380
161 389
150 389
134 372
142 385
153 385
161 398
134 381
142 394
153 394
134 390
146 355
146 364
131 375
131 384
146 382
123 380
143 358
143 367
156 386
145 386
135 363
164 399
163 399
164 400
156 395
145 395
135 372
137 391
156 404
149 365
138 365
149 374
138 374
137 373
157 387
149 383
126 381
138 383
157 396
130 379
149 392
160 392
138 392
130 388
160 401
149 401
150 366
142 362
153 362
150 375
142 371
150 384
134 367
142 380
153 380
134 376
142 389
153 389
134 385
154 363
152 393
141 393
146 359
131 370
130 371
131 371
130 370
146 368
152 402
131 379
144 398
145 372
145 381
156 381
164 394
145 390
156 390
137 386
145 399
156 399
138 360
149 360
149 369
138 369
157 382
149 378
126 376
157 391
130 374
149 387
126 385
160 387
138 387
130 383
160 396
149 396
150 361
142 357
150 370
142 366
153 366
148 400
163 398
142 375
134 371
119 382
118 381
134 380
141 379
146 354
152 388
141 388
133 384
152 397
144 393
145 367
145 376
137 372
156 385
122 383
145 385
164 398
137 381
156 394
145 394
137 390
138 355
156 403
149 364
138 364
167 400
138 373
149 373
126 380
149 382
138 382
130 378
160 391
130 387
150 365
142 361
148 395
163 393
134 366
151 400
152 383
133 388
152 401
144 397
145 362
137 358
137 367
156 380
156 389
137 385
156 398
149 359
138 359
159 391
138 368
149 368
159 400
149 377
126 375
130 373
118 380
148 381
142 356
151 386
129 386
148 399
151 395
163 397
141 360
152 369
144 365
152 378
152 387
152 396
125 379
145 357
145 366
137 362
155 398
137 371
122 382
156 384
158 403
158 404
137 389
138 354
159 386
138 363
149 363
159 395
147 402
126 379
148 376
129 372
140 372
148 385
140 381
129 381
151 381
148 394
132 377
140 390
151 390
163 392
141 355
121 386
132 386
151 399
141 364
152 364
144 360
141 373
133 369
144 369
141 382
152 382
133 378
144 378
141 391
152 391
144 387
133 387
125 383
144 396
145 361
155 393
137 357
145 370
137 366
155 402
158 398
137 375
122 386
149 358
159 390
147 388
136 388
128 384
147 397
159 399
148 362
139 393
148 371
151 367
140 367
148 380
140 376
129 376
151 376
148 389
132 372
151 385
129 385
140 385
148 398
121 381
151 394
163 396
140 394
141 359
132 390
144 355
141 368
152 368
162 400
144 364
152 377
133 373
133 382
144 382
125 378
155 379
145 356
125 387
155 388
145 365
158 384
137 361
143 395
155 397
166 397
158 393
137 370
158 402
147 374
136 374
147 383
136 383
139 379
128 379
159 394
136 392
147 392
148 357
128 388
139 388
159 403
147 401
148 366
120 384
151 362
140 362
148 375
140 371
151 371
148 384
132 367
129 380
140 380
151 380
148 393
132 376
151 389
129 389
140 389
141 354
132 385
121 385
151 398
152 363
141 363
144 359
162 395
141 372
154 391
133 368
144 368
154 400
165 400
133 377
144 377
146 396
143 381
155 383
143 390
137 356
124 386
135 386
158 388
155 401
158 397
136 360
136 369
147 369
139 365
147 378
128 374
136 387
159 389
147 387
128 383
139 383
147 396
148 361
139 392
140 357
148 370
151 366
140 366
148 379
150 398
129 375
132 371
140 384
129 384
151 384
153 403
121 380
141 358
132 389
144 354
162 390
154 386
144 363
162 399
154 395
146 391
146 400
143 376
143 385
155 387
124 381
135 381
155 396
143 394
127 377
135 390
158 392
154 399
165 399
143 362
155 364
146 395
135 367
155 382
155 391
135 385
158 387
143 398
158 396
147 359
136 359
139 355
136 368
147 368
139 364
157 400
128 373
139 382
154 381
158 401
131 388
148 360
150 379
140 356
147 355
150 388
132 375
161 388
151 365
140 365
153 384
161 397
150 397
153 393
132 370
134 389
163 400
153 402
154 367
146 363
131 374
162 389
154 385
162 398
123 379
154 394
143 357
154 403
143 366
146 399
135 371
124 380
127 376
135 389
136 354
147 354
157 386
136 363
147 363
157 395
139 359
136 372
138 391
139 368
157 404
160 400
149 400
128 377
150 374
153 379
161 392
153 388
161 401
150 401
134 384
153 397
154 362
146 358
131 369
146 367
131 378
154 380
131 387
154 389
146 385
123 383
155 363
143 361
146 394
143 370
135 366
143 379
145 398
135 375
124 384
135 384
127 380
157 381
136 358
147 358
127 389
157 390
139 354
138 386
149 386
139 363
157 399
130 382
149 395
160 395
150 360
150 369
153 365
142 365
150 378
142 374
150 387
134 370
142 383
119 381
153 383
161 396
150 396
134 379
142 392
153 392
134 388
153 401
154 366
146 362
131 373
146 371
154 384
131 382
123 378
146 380
143 356
143 365
164 397
156 393
145 393
135 370
156 402
127 375
138 372
149 372
157 385
138 381
149 381
157 394
144 358
139 358
130 377
149 390
160 390
126 388
138 390
157 403
130 386
160 399
149 399
150 364
142 360
150 373
153 369
142 369
150 382
134 365
153 378
142 378
150 391
161 391
134 374
142 387
153 387
134 383
153 396
146 357
131 368
152 400
146 366
131 377
123 382
143 360
145 379
156 379
156 388
145 388
135 365
137 384
156 397
145 397
137 393
138 358
149 367
138 367
157 380
138 376
149 376
157 389
130 372
149 385
126 383
138 385
157 398
130 381
160 394
149 394
150 359
142 355
150 368
153 364
142 364
150 377
134 369
119 380
153 382
142 382
134 387
141 386
152 386
152 395
146 361
141 395
131 372
144 391
144 400
145 383
156 383
122 381
164 396
137 379
156 392
145 392
137 388
145 401
156 401
149 362
138 362
149 371
138 371
157 384
138 380
126 378
149 380
130 376
126 387
149 389
160 389
138 389
136 355
127 386
130 385
147 364
136 364
150 363
139 360
142 359
136 373
147 373
136 391
163 391
139 369
148 402
142 368
153 368
136 382
147 382
139 378
128 378
147 391
148 356
134 373
128 387
139 387
148 365
120 383
152 381
141 381
140 361
151 361
161 393
150 393
146 356
141 390
152 390
151 370
140 370
133 386
144 386
150 402
152 399
125 382
153 398
144 395
145 360
145 369
137 365
145 378
162 394
146 377
137 374
154 390
