445 527
445 528
444 529
446 528
447 527
448 528
449 527
443 529
445 526
446 525
445 529
444 527
443 526
444 530
450 528
451 527
442 527
442 530
442 531
443 532
444 533
445 532
446 531
447 530
448 531
449 530
450 531
451 530
452 529
453 530
454 529
452 531
441 531
440 530
446 530
448 527
451 526
450 525
451 524
449 526
448 525
440 532
443 531
454 531
444 532
450 527
452 524
441 533
439 532
438 533
437 534
436 535
439 534
437 536
438 535
436 537
439 536
442 532
446 532
448 529
447 531
449 528
437 538
438 537
440 534
444 525
443 524
444 523
443 522
442 521
443 520
441 522
440 521
440 523
441 524
442 523
440 525
439 525
438 526
437 525
437 527
436 528
439 527
437 529
438 528
439 520
438 519
437 518
439 518
437 520
436 521
444 534
445 533
436 530
435 531
450 529
439 529
452 526
441 526
442 525
436 539
439 538
440 539
442 534
455 528
456 529
457 528
458 529
459 528
460 527
457 530
456 531
460 529
458 531
459 530
461 527
462 526
461 525
462 524
457 532
457 533
456 533
455 533
460 531
458 533
459 532
461 529
463 523
437 522
460 524
459 523
458 522
457 521
456 520
458 520
456 522
454 533
459 521
460 520
457 523
457 524
456 524
460 522
458 524
461 520
462 519
461 518
460 518
462 517
461 516
462 515
460 515
459 514
440 518
437 531
440 527
437 540
440 536
441 519
463 516
463 525
455 521
455 530
447 526
444 520
459 518
459 527
436 525
436 534
435 533
456 521
437 517
436 516
460 519
437 526
448 526
440 522
440 531
451 528
462 528
443 533
463 520
463 529
463 530
464 531
455 525
456 526
455 534
455 535
456 535
435 528
435 537
459 513
444 524
436 520
459 522
436 529
459 531
436 538
437 521
439 540
440 541
440 517
440 526
451 523
462 523
443 519
451 532
452 533
454 528
443 528
463 515
463 524
455 520
455 529
447 525
435 532
444 519
459 517
436 515
435 514
444 528
436 524
435 523
436 533
458 530
439 526
439 535
462 518
462 527
443 523
454 532
463 519
455 524
454 523
447 529
435 527
435 536
459 512
460 511
460 510
459 509
459 508
436 519
435 518
434 517
438 538
458 516
458 525
461 521
439 521
458 534
458 535
459 536
459 537
460 538
461 530
439 530
450 530
442 526
439 539
461 539
461 540
462 541
462 542
463 543
463 544
462 545
462 546
462 547
463 548
463 547
461 544
442 535
461 548
461 549
462 550
462 551
463 552
463 553
451 522
450 521
462 522
443 518
451 531
462 531
462 532
463 533
463 534
463 535
462 536
462 537
463 538
463 539
461 535
454 527
443 527
462 540
443 536
443 537
443 538
444 539
444 538
454 536
454 537
455 538
455 539
455 540
456 540
454 541
454 542
455 543
455 544
463 514
462 513
455 519
454 518
435 513
434 512
433 511
433 510
432 509
432 508
447 524
435 522
436 514
437 513
437 512
436 511
436 510
437 509
437 508
437 507
436 506
435 509
434 508
436 505
437 504
438 505
437 503
436 502
436 501
435 504
434 503
433 502
433 501
458 511
439 516
458 538
458 539
457 537
461 534
461 543
442 539
442 540
443 541
443 542
444 543
461 552
461 553
461 554
462 555
462 556
463 557
461 557
461 558
461 559
462 560
462 559
464 545
465 546
454 522
453 521
464 554
465 555
465 556
466 557
466 558
467 559
465 559
465 560
464 559
432 503
432 504
433 505
433 506
431 502
453 535
432 512
432 513
431 511
430 510
429 509
429 508
428 507
428 506
428 510
428 511
429 512
429 513
429 514
428 515
428 516
429 517
429 518
435 508
445 540
435 517
435 526
468 560
468 561
469 562
469 563
470 564
446 523
441 529
436 500
437 499
437 498
435 499
434 499
434 498
433 497
465 545
466 544
467 545
466 543
428 505
429 504
429 503
428 502
446 541
447 540
448 540
447 539
446 542
447 543
447 544
447 545
448 545
446 546
446 547
447 548
447 549
457 541
457 542
458 543
458 544
465 554
466 553
466 552
465 551
465 550
466 549
467 550
466 548
468 551
468 552
469 553
470 554
470 555
469 552
470 551
470 550
469 549
469 548
468 547
469 547
470 546
446 550
446 551
445 549
444 548
443 547
444 547
443 546
442 545
442 544
442 548
442 549
443 550
443 551
443 552
444 552
442 553
442 554
443 555
443 556
444 557
445 558
445 559
446 560
446 561
447 562
447 563
458 515
449 546
449 547
450 548
451 547
451 546
450 549
451 550
451 551
451 545
450 544
450 543
451 542
451 541
450 540
450 539
449 542
461 511
427 509
426 508
450 520
460 552
461 538
450 538
451 537
451 536
450 535
450 534
449 533
449 537
448 536
447 535
447 534
462 512
463 511
464 512
463 510
462 509
462 508
442 543
464 540
465 541
466 540
467 541
466 539
467 540
466 538
465 537
465 536
443 517
444 516
445 517
444 515
443 514
444 514
443 513
442 512
442 516
441 515
440 514
440 513
441 514
440 512
439 511
454 517
455 516
456 517
456 516
455 515
454 514
454 513
453 512
441 547
451 544
452 547
464 549
464 558
432 507
431 506
430 506
434 526
435 503
462 561
463 562
461 562
461 563
462 564
462 565
463 566
464 563
464 564
465 565
465 564
460 561
464 567
464 568
465 569
465 570
466 571
434 535
433 534
445 535
435 512
453 548
454 547
455 548
455 549
456 549
454 546
454 550
454 551
454 552
455 553
456 553
457 553
458 554
458 555
459 555
458 553
457 556
458 557
458 558
458 552
457 551
453 549
457 555
453 553
453 554
454 555
454 556
455 557
455 558
457 550
458 549
459 550
458 548
457 547
457 546
458 547
459 546
457 559
457 560
457 561
458 562
458 563
459 564
457 564
457 565
457 566
458 567
458 568
458 566
457 569
457 570
456 563
455 562
454 561
454 560
453 562
453 563
454 564
454 565
454 566
455 567
453 567
453 568
454 569
452 561
451 562
451 563
451 560
450 559
449 558
450 563
449 563
451 564
451 565
450 558
451 557
451 556
450 555
450 554
451 555
450 553
449 552
450 562
449 561
449 556
450 557
449 551
449 560
449 555
448 554
447 554
447 553
446 555
446 556
445 554
452 556
452 565
445 544
468 546
453 557
453 558
445 553
446 518
457 518
453 566
438 514
446 527
457 527
465 540
438 523
457 536
446 536
446 537
430 519
431 520
431 521
430 522
429 523
429 522
428 521
427 522
426 522
425 521
425 520
428 520
451 561
432 522
432 523
433 524
425 519
426 518
426 517
425 516
425 515
424 514
424 518
428 524
428 525
428 526
429 527
424 513
424 522
424 523
425 524
425 525
423 521
422 520
421 519
421 518
421 517
454 549
420 516
430 524
427 518
420 515
419 514
418 513
417 512
431 524
423 520
446 545
438 541
439 506
458 519
449 550
442 511
461 524
456 558
460 565
464 535
443 512
452 560
453 525
445 521
435 507
445 557
446 522
465 535
438 518
457 531
430 514
427 508
460 542
439 519
471 551
442 524
441 528
452 537
472 552
473 551
474 552
431 514
464 548
434 525
453 538
426 521
445 534
467 558
459 554
438 531
430 527
437 535
456 548
448 544
427 521
440 540
460 555
419 517
471 564
464 525
441 541
434 502
452 550
453 515
452 515
463 565
455 561
434 538
433 537
447 557
447 558
466 570
438 508
430 504
444 551
456 525
467 571
468 571
469 571
459 567
460 532
456 561
448 557
441 518
433 514
433 515
452 527
464 538
463 542
434 515
474 551
453 528
466 547
445 524
467 548
459 544
460 509
456 538
429 521
448 534
460 545
422 518
462 554
428 512
474 553
475 554
476 555
433 527
452 540
463 555
455 551
447 547
466 560
438 498
444 541
437 502
456 515
459 557
458 561
469 570
470 569
469 568
470 568
448 547
461 566
461 567
433 504
451 558
470 571
443 554
462 567
463 532
454 563
434 505
466 537
444 518
455 564
447 560
467 538
459 534
444 554
437 515
456 528
449 545
418 514
459 541
418 518
417 515
416 514
429 511
448 524
440 520
451 535
470 548
462 544
463 509
454 540
433 517
473 553
463 545
455 541
474 554
447 537
475 555
464 508
466 550
459 511
425 518
460 553
416 512
415 512
415 511
444 531
417 514
436 527
428 523
457 529
433 498
461 560
421 514
469 572
460 512
418 515
468 562
461 568
458 551
450 547
441 510
469 560
470 559
469 558
470 558
429 524
461 556
421 520
462 521
451 548
470 561
471 561
472 562
473 563
474 562
473 564
474 561
474 564
443 544
462 557
463 522
454 553
455 518
432 534
431 534
435 539
436 504
468 573
468 574
447 550
459 524
446 554
465 567
457 563
458 528
437 505
449 559
440 510
458 564
450 560
451 525
469 573
443 521
461 569
462 534
454 530
432 511
443 557
476 554
435 516
455 531
425 508
424 508
423 507
422 506
421 505
420 505
419 504
418 503
417 502
418 502
421 507
421 508
422 508
424 507
425 506
465 544
444 521
417 504
416 504
417 505
436 517
428 513
439 528
418 505
458 541
477 554
478 554
479 555
450 537
469 550
442 533
461 546
462 511
420 514
431 523
472 561
451 538
423 519
443 534
463 512
454 543
432 524
424 520
416 516
416 517
435 529
468 563
446 544
465 557
438 540
417 517
458 518
449 549
461 523
439 541
450 550
451 515
450 515
449 514
448 514
447 515
447 514
450 514
451 513
442 546
443 511
454 520
432 501
464 570
435 506
447 517
453 560
445 556
446 521
465 534
436 507
428 503
446 557
449 562
461 536
456 570
420 504
431 513
472 551
423 509
423 510
464 547
475 556
475 557
453 537
432 514
424 510
465 511
416 506
435 519
476 557
468 553
446 534
465 547
438 530
457 543
458 508
457 508
430 526
449 539
461 513
427 520
460 554
419 516
439 531
471 563
442 536
462 514
441 540
420 517
452 549
472 564
431 526
423 522
464 560
434 537
453 550
445 546
438 507
457 520
449 516
449 517
467 570
459 566
439 508
440 508
441 508
458 521
450 517
442 513
456 560
461 526
448 556
460 567
431 503
464 537
441 553
434 514
452 562
453 527
445 523
467 547
446 524
438 520
478 556
478 557
430 516
449 529
456 537
427 510
426 511
460 544
419 506
479 557
480 558
481 557
482 556
481 555
482 555
471 553
441 530
420 507
433 526
452 539
423 512
464 550
463 554
434 527
474 563
453 540
466 559
426 523
445 536
438 497
438 496
439 496
440 495
441 496
441 495
440 497
440 498
441 498
439 495
457 510
415 513
414 514
414 515
467 560
459 556
460 521
439 498
437 537
456 550
448 546
440 542
440 543
419 519
460 557
452 516
452 517
470 570
462 566
441 543
433 539
434 504
452 552
453 517
445 513
445 512
445 511
446 512
447 512
448 512
448 511
446 511
463 567
455 563
447 559
466 572
459 533
438 510
444 553
449 519
456 527
448 523
448 522
459 569
460 534
448 559
422 507
441 520
481 556
433 516
482 557
483 558
484 559
484 558
483 560
415 503
441 497
470 560
414 516
473 565
473 566
474 566
475 567
475 566
476 565
477 564
476 567
477 563
477 562
448 513
440 509
470 573
471 574
471 573
472 572
473 573
473 574
474 574
472 574
473 575
473 576
474 576
475 577
476 577
477 576
476 575
477 575
478 577
477 574
479 577
462 569
480 559
480 560
418 504
477 553
477 552
477 551
421 509
421 510
422 510
481 559
473 555
476 566
417 516
456 507
455 506
456 505
454 507
454 508
455 508
453 507
452 507
452 506
452 505
452 504
453 503
451 503
450 502
453 505
451 502
450 504
449 505
449 504
450 505
451 505
453 504
449 506
455 507
448 503
447 502
448 502
448 501
447 504
447 505
446 501
446 500
445 499
446 499
445 501
444 498
443 499
442 500
442 501
443 501
444 497
444 496
440 499
440 500
418 517
477 566
478 567
479 567
480 568
481 568
481 567
482 566
482 565
482 568
483 568
484 569
484 568
483 570
483 571
484 571
485 572
485 571
486 571
486 570
485 573
485 574
482 567
486 573
487 574
487 573
488 572
489 573
490 574
489 572
488 574
491 574
488 573
489 574
481 569
480 570
484 570
487 575
487 576
488 576
451 514
441 500
431 535
431 536
430 537
429 536
428 536
428 535
428 534
428 533
429 532
429 534
427 533
426 534
426 533
429 533
472 573
475 578
475 579
447 516
432 536
444 510
443 509
444 509
444 508
476 579
468 575
468 576
442 558
424 509
484 560
485 561
485 562
486 561
487 561
488 562
488 561
489 560
489 562
487 563
487 564
488 564
490 563
491 562
490 564
491 564
492 565
493 566
494 567
493 565
492 567
495 567
496 566
495 565
496 565
496 568
497 568
498 568
499 568
500 569
499 570
499 571
500 571
486 560
489 561
500 570
492 566
501 571
502 571
503 571
493 567
485 563
485 564
496 567
488 563
499 572
499 573
489 564
500 573
491 563
502 572
502 573
494 568
494 569
416 505
503 573
504 574
505 574
506 574
507 575
507 574
508 575
509 575
510 576
511 577
511 578
512 578
510 575
506 576
509 577
509 578
510 578
512 577
508 574
511 579
511 580
512 580
513 581
513 580
514 579
515 578
514 581
514 580
506 575
515 580
516 581
517 581
518 582
519 582
519 581
519 583
520 584
521 585
518 584
518 585
521 584
522 583
521 582
523 584
524 585
522 582
522 585
524 584
520 586
521 587
523 586
523 587
524 587
525 588
525 587
526 586
527 585
526 588
527 587
528 588
529 588
522 584
525 589
525 590
526 590
518 586
507 576
528 589
528 590
510 577
529 590
530 591
530 592
531 592
532 591
533 592
533 591
534 590
533 589
534 589
534 592
532 593
532 594
533 594
531 591
534 591
530 593
533 593
534 594
535 595
535 594
536 594
537 595
538 595
537 596
537 597
538 597
539 598
540 597
541 596
540 595
541 595
540 596
541 597
542 598
543 599
544 598
545 599
545 598
546 599
544 600
544 601
545 601
543 598
546 598
542 600
543 601
545 600
546 601
547 602
547 601
548 601
548 600
548 599
548 598
544 602
547 603
547 604
539 599
539 600
536 593
536 592
536 591
548 603
549 604
549 603
550 602
550 604
551 605
552 604
553 603
552 602
553 602
553 604
552 606
551 607
521 586
540 599
513 582
513 583
532 595
522 587
514 583
476 556
495 569
487 565
425 510
417 506
488 566
477 556
490 575
490 576
451 504
443 500
454 509
454 510
431 525
472 563
491 576
492 577
492 578
452 538
493 578
494 577
495 578
495 577
496 576
495 575
496 575
496 578
494 579
495 580
493 577
496 577
492 579
495 579
496 580
497 581
497 580
498 580
499 581
499 580
500 581
501 581
502 581
503 582
503 581
502 583
499 582
499 583
500 583
502 582
503 583
504 584
504 585
505 585
506 584
507 585
507 584
508 585
506 586
506 587
507 587
505 584
508 584
504 586
507 586
508 587
509 588
509 587
510 586
510 588
511 589
512 588
511 590
512 590
513 591
514 592
514 591
513 593
515 590
514 589
515 589
516 591
517 592
515 588
517 591
516 593
517 594
518 595
518 594
519 594
520 594
521 595
521 594
522 593
522 595
520 596
520 597
521 597
523 596
524 595
523 597
524 597
525 598
526 599
526 598
525 600
527 597
528 598
529 599
529 598
528 600
528 601
529 601
530 601
531 602
532 601
533 602
534 602
532 603
532 604
533 604
531 601
530 603
530 604
519 593
531 604
533 603
534 604
535 605
536 604
526 600
518 596
518 597
510 587
529 600
521 596
513 592
532 605
532 606
522 597
514 593
533 606
506 588
535 606
535 607
524 596
517 593
536 606
537 607
538 607
539 608
540 608
540 607
541 606
540 605
541 605
541 608
542 608
543 609
544 610
544 611
545 611
543 608
542 610
542 611
543 611
545 610
546 609
546 611
547 612
548 611
541 607
544 612
544 613
545 613
548 613
549 614
547 614
550 614
540 609
539 610
539 611
543 610
509 589
509 590
528 602
520 598
520 599
498 579
498 578
498 577
510 590
521 599
483 572
475 568
475 569
494 581
455 510
447 506
413 513
413 512
412 511
413 511
412 513
411 510
410 510
409 511
409 510
408 510
407 510
407 509
407 508
407 507
408 508
406 507
405 508
404 507
405 507
408 507
404 509
404 510
405 510
410 509
403 506
403 505
402 504
403 504
402 506
401 504
400 504
409 512
409 513
406 506
405 505
406 505
399 503
398 503
397 504
397 503
398 502
399 501
410 512
412 512
432 526
405 509
397 505
397 506
484 573
444 500
416 518
476 569
438 542
438 543
439 507
430 538
430 539
450 516
550 603
427 532
426 531
427 531
425 531
424 531
423 530
422 529
421 528
422 528
421 530
424 530
425 529
424 528
425 528
427 530
420 527
419 527
419 526
420 525
418 525
417 525
416 526
416 527
417 527
423 532
422 530
415 526
414 525
414 524
415 524
414 527
413 524
412 524
412 523
413 522
412 521
413 521
415 523
414 526
411 520
411 519
410 518
411 518
410 520
409 521
408 520
407 520
407 519
408 518
425 530
417 526
418 527
410 522
409 523
413 523
424 532
416 528
416 529
417 529
406 519
405 518
404 517
403 517
402 517
402 516
403 515
402 514
401 515
400 514
403 514
406 517
401 514
404 519
404 520
405 520
400 516
400 517
401 517
403 516
406 516
406 515
399 513
399 512
398 511
399 511
398 513
397 514
396 513
395 513
395 512
395 511
396 511
394 510
393 511
393 510
402 518
392 510
391 510
390 510
390 509
389 510
388 509
391 509
392 508
405 519
394 509
394 508
394 507
398 515
397 516
390 511
408 519
460 566
419 528
419 529
398 505
439 543
471 575
471 576
451 517
543 600
535 596
535 597
401 516
420 529
393 512
393 513
412 525
431 538
472 576
404 521
404 522
524 586
516 582
516 583
405 522
546 610
517 583
536 596
549 615
549 616
509 579
394 512
520 588
479 556
498 569
497 570
497 571
490 565
490 566
531 603
510 580
542 612
542 613
420 506
431 515
512 589
472 553
491 566
423 511
523 598
523 599
543 613
475 558
453 539
505 586
424 512
524 599
497 582
497 583
457 509
516 595
486 572
438 532
478 568
478 569
439 497
457 545
458 510
430 528
430 529
449 541
450 506
442 502
442 503
461 515
408 509
400 505
400 506
419 518
460 556
479 569
498 582
471 565
451 507
464 526
464 527
443 503
454 512
401 506
441 542
420 519
433 538
452 551
453 516
404 511
423 524
464 562
435 498
474 575
434 539
453 552
426 535
426 536
445 548
446 513
465 526
546 600
438 509
457 522
538 596
430 505
449 518
549 605
549 606
396 512
415 525
407 521
407 522
467 572
459 568
527 586
460 533
439 510
531 593
450 519
550 606
442 515
456 562
542 602
389 509
448 558
408 522
400 518
460 569
452 528
512 579
431 505
464 539
504 575
504 576
523 588
434 516
452 564
534 603
453 529
426 512
426 513
445 525
505 576
545 612
524 589
497 572
537 608
537 609
467 549
486 562
446 526
459 545
546 613
478 558
478 559
438 522
538 609
430 518
449 531
530 605
456 539
448 535
427 512
508 586
527 599
500 582
419 508
460 546
479 559
519 595
471 555
511 591
511 592
531 606
464 516
422 519
441 532
501 583
433 528
433 529
452 541
493 579
453 506
512 592
485 575
485 576
445 502
445 503
411 509
463 556
482 569
455 552
434 529
474 565
466 561
466 562
426 525
445 538
446 503
438 499
457 512
456 513
444 542
415 515
407 511
467 562
459 558
460 523
418 526
437 539
456 552
429 535
448 548
408 512
421 531
421 532
440 544
440 545
441 509
452 518
452 519
552 605
464 529
410 521
451 559
470 572
422 532
462 568
441 545
414 528
414 529
473 577
473 578
434 506
534 593
453 519
553 606
526 589
445 515
545 602
392 509
537 598
537 599
411 522
403 518
463 569
395 514
395 515
455 565
474 578
447 561
515 579
467 539
459 535
438 512
538 599
430 508
444 555
396 515
437 516
388 511
489 563
508 576
548 612
527 589
460 536
500 572
519 585
492 568
492 569
511 581
470 549
422 509
481 558
522 596
501 573
541 609
473 554
433 518
493 569
533 605
485 565
525 601
525 602
544 614
463 546
482 559
455 542
474 555
434 519
447 538
534 606
426 515
466 551
526 602
545 615
518 598
496 579
415 505
456 506
515 592
488 575
467 552
507 588
480 571
480 572
499 584
499 585
459 548
460 513
418 516
477 565
456 542
469 561
429 525
489 576
448 538
421 521
421 522
441 499
500 585
452 508
399 502
410 511
451 549
470 562
402 507
402 508
443 545
462 558
422 522
481 571
454 554
473 567
432 535
411 512
403 508
463 559
435 540
435 541
476 578
455 555
447 551
466 564
459 525
425 532
465 568
551 608
551 609
444 545
417 528
436 541
437 506
409 524
409 525
428 537
428 538
456 519
429 502
529 589
448 515
548 602
440 511
460 526
540 598
406 518
398 514
458 565
418 529
477 578
450 561
429 538
469 574
461 570
461 571
462 535
522 586
441 512
541 599
433 508
514 582
452 521
533 595
552 608
525 591
525 592
399 515
391 511
410 524
443 558
462 571
463 536
503 572
454 567
455 532
495 568
447 528
466 541
547 615
547 616
506 577
506 578
526 592
425 509
444 522
436 518
536 605
496 569
428 514
515 582
488 565
507 578
480 561
480 562
499 574
459 538
458 542
418 506
437 519
477 555
510 589
469 551
429 515
489 566
529 602
421 511
461 547
548 615
521 598
440 524
540 611
513 594
513 595
532 607
451 539
491 575
470 552
443 535
502 584
502 585
462 548
463 513
522 599
481 561
454 544
494 580
455 509
514 595
432 525
424 521
484 572
444 499
503 585
435 530
476 568
495 581
455 545
468 564
468 565
487 577
487 578
447 541
459 515
425 522
465 558
444 535
457 554
417 518
436 531
409 514
409 515
456 509
428 527
427 528
488 578
448 505
440 501
406 508
439 542
398 504
477 568
450 551
451 516
469 564
442 547
462 525
454 521
420 528
399 505
431 537
472 575
432 502
451 552
464 571
464 572
423 533
423 534
443 548
475 580
475 581
463 526
454 557
455 522
447 518
547 605
547 606
413 525
453 561
539 601
539 602
432 538
405 521
424 534
397 517
397 518
444 512
416 530
476 581
436 508
517 582
536 595
468 577
428 504
528 591
528 592
520 587
394 511
446 558
465 571
417 531
457 567
458 532
510 579
429 505
529 592
461 537
521 588
540 601
513 584
513 585
398 517
450 564
451 529
491 565
483 561
483 562
443 525
462 538
543 612
502 574
502 575
494 570
494 571
454 534
535 608
535 609
514 585
432 515
424 511
524 598
484 562
416 507
416 508
503 575
516 594
476 558
435 520
495 571
468 554
468 555
487 567
446 535
425 512
465 548
457 544
417 508
458 509
517 595
449 540
536 608
428 517
509 591
509 592
461 514
479 568
458 545
498 581
450 541
490 577
490 578
451 506
469 554
510 592
442 537
443 502
461 550
454 511
401 505
420 518
412 514
412 515
431 527
472 565
491 578
464 561
423 523
483 574
475 570
455 512
413 515
453 551
445 547
405 511
424 524
397 507
397 508
444 502
476 571
477 572
478 571
436 498
468 567
467 568
446 548
465 561
438 544
439 509
457 557
449 553
450 518
550 605
442 514
542 601
408 521
427 534
460 568
419 530
419 531
471 577
471 578
431 504
451 519
442 550
441 551
443 515
543 602
454 524
535 598
535 599
401 518
420 531
393 514
393 515
452 563
472 578
404 523
432 505
505 575
524 588
435 510
516 584
516 585
468 544
453 564
539 604
538 605
445 560
465 538
546 612
438 521
457 534
538 608
430 517
517 585
549 617
549 618
509 581
427 511
527 598
419 507
439 522
479 558
498 571
471 554
531 605
490 567
542 614
501 582
420 508
431 517
472 555
512 591
491 568
423 513
464 551
504 587
504 588
503 589
483 564
523 600
523 601
475 560
447 498
448 499
449 498
434 528
453 541
426 524
445 537
446 502
505 588
524 601
497 584
416 510
457 511
449 507
449 508
448 509
447 508
446 509
415 514
467 561
486 574
446 538
478 570
438 534
439 499
458 512
430 530
449 543
450 508
442 504
442 505
441 506
461 517
456 551
408 511
427 524
400 507
400 508
399 509
460 558
419 520
479 571
471 567
464 528
443 505
444 506
445 505
422 531
554 601
441 544
401 508
452 553
412 517
453 518
404 513
553 605
445 514
411 521
435 500
463 568
474 577
426 537
466 573
466 574
465 575
464 574
445 550
446 515
546 602
438 511
538 598
430 507
449 520
530 594
530 595
529 596
549 607
549 608
548 609
396 514
415 527
388 510
520 580
407 523
407 524
406 525
467 574
427 501
426 501
426 500
427 500
425 500
426 502
426 503
424 501
527 588
459 570
460 535
519 584
439 512
531 595
550 608
442 517
542 604
456 564
389 511
448 560
408 524
441 521
460 571
501 572
452 530
493 568
431 507
512 581
504 577
504 578
503 579
464 541
523 590
475 550
482 558
434 518
452 566
453 531
534 605
426 514
526 601
545 614
505 578
537 610
497 574
516 587
449 497
449 496
449 495
449 494
450 494
451 493
452 492
453 493
450 492
453 492
452 494
452 495
453 495
454 495
455 496
455 495
456 495
451 492
454 497
454 498
455 498
453 494
456 494
456 493
456 492
452 496
455 497
456 497
457 498
457 497
458 496
458 498
459 499
460 500
461 501
460 499
459 501
462 501
463 500
462 499
463 499
463 502
464 503
464 502
465 502
466 502
467 503
467 502
466 504
466 505
467 505
465 501
464 504
464 505
467 504
459 500
460 501
463 501
466 506
466 507
467 507
468 508
468 507
469 507
448 493
447 494
447 493
458 497
469 506
469 505
469 504
470 503
470 505
471 506
472 507
473 508
474 509
472 506
471 508
474 508
473 510
472 508
470 504
473 509
474 510
461 502
461 503
451 494
470 507
462 503
454 499
455 500
468 509
468 510
465 503
457 499
457 500
458 500
450 496
469 509
471 509
471 510
472 510
464 506
453 496
446 493
445 493
467 506
459 502
459 503
456 496
448 492
460 503
470 506
462 502
463 503
455 499
447 495
447 496
466 508
448 495
458 499
450 495
469 508
461 504
461 505
451 496
470 509
462 505
454 501
472 509
454 491
468 511
465 505
457 501
415 504
515 591
467 551
486 564
459 547
546 615
478 560
438 524
430 520
458 502
530 607
450 498
437 528
442 494
456 541
461 507
448 537
489 575
508 588
427 514
440 533
527 601
460 548
500 584
519 597
492 580
492 581
491 582
471 557
511 593
422 521
481 570
441 534
414 517
414 518
413 519
501 585
433 530
433 531
432 532
452 543
493 581
453 508
512 594
485 577
445 504
504 590
503 591
411 511
403 507
463 558
482 571
455 554
474 567
434 531
466 563
426 527
446 505
438 501
457 514
449 510
444 544
549 597
436 540
415 517
456 518
407 513
467 564
459 560
460 525
418 528
437 541
477 577
456 554
542 594
541 593
542 592
542 591
542 590
542 589
543 590
544 590
545 590
544 591
544 592
545 592
541 589
540 589
539 590
539 589
543 589
539 591
539 592
543 592
545 591
546 592
547 592
547 591
547 593
548 592
549 592
550 592
549 593
549 594
550 594
551 595
551 594
552 594
552 593
553 594
554 595
555 595
551 596
551 597
552 596
554 596
554 597
555 597
556 598
556 599
557 597
557 596
558 598
559 599
557 595
559 598
560 597
559 596
561 598
562 599
560 596
560 599
562 598
558 600
560 598
556 600
559 600
550 593
553 593
557 599
549 595
560 600
552 595
553 596
555 596
558 601
551 598
551 599
554 598
554 599
555 599
558 594
557 598
550 595
556 601
556 602
555 603
553 595
557 601
429 537
448 550
421 533
421 534
440 546
400 510
441 511
541 598
433 507
452 520
552 607
399 514
544 603
544 604
410 523
470 574
402 519
402 520
462 570
422 534
468 501
414 530
473 579
534 595
426 504
526 591
545 604
518 587
518 588
517 589
392 511
411 524
537 600
457 491
458 491
459 491
459 490
459 489
459 488
460 487
460 489
461 490
462 489
461 491
463 489
464 490
465 490
462 491
465 491
466 492
467 493
464 492
464 493
467 492
466 494
467 495
468 496
468 495
469 495
469 494
470 495
471 496
471 495
472 496
473 497
474 496
473 498
474 498
475 499
476 500
476 499
475 501
477 498
478 499
479 500
479 499
478 501
478 502
479 502
480 502
481 502
481 501
482 500
481 499
482 499
482 502
483 503
484 503
483 504
483 505
484 505
476 501
468 497
468 498
458 488
457 488
457 487
460 488
479 501
471 497
471 498
472 498
464 494
482 501
474 497
467 494
478 503
460 491
470 494
462 490
481 503
480 504
480 505
481 504
473 499
473 500
463 491
482 504
474 500
466 496
484 504
480 506
458 487
477 500
469 496
461 492
461 493
470 497
462 493
472 497
475 502
475 503
476 503
468 499
465 493
457 489
460 490
479 503
471 499
471 500
472 500
463 490
482 503
474 499
466 495
467 496
459 492
459 493
460 493
477 499
470 496
462 492
481 505
473 501
473 502
463 493
474 502
476 502
465 492
458 489
477 502
469 498
461 494
462 495
461 496
460 497
480 498
479 497
480 496
480 495
481 495
472 499
464 495
464 496
463 497
475 504
475 505
474 506
476 505
477 506
478 505
465 495
403 520
463 571
395 516
395 517
394 518
515 581
466 576
507 577
460 502
478 550
538 601
471 511
530 597
396 517
489 565
508 578
548 614
540 610
500 574
519 587
492 570
492 571
491 572
452 497
452 498
422 511
481 560
522 598
541 611
433 520
473 556
473 557
514 594
533 607
493 571
453 498
525 603
525 604
485 567
445 494
544 616
503 584
502 579
501 579
482 561
474 557
534 608
506 589
506 590
526 604
527 605
528 604
415 507
414 508
413 509
414 507
496 581
456 508
515 594
488 577
448 504
507 590
480 573
480 574
479 575
499 586
477 567
483 498
489 578
421 523
441 501
492 583
491 584
490 584
489 583
488 582
491 585
489 582
488 584
487 584
488 585
489 585
487 586
490 586
491 587
492 588
492 587
493 588
494 587
495 588
495 587
496 586
496 588
494 589
493 587
486 583
485 584
489 584
495 589
496 590
488 586
491 586
486 582
486 581
490 588
485 585
485 586
486 585
496 589
489 586
487 587
487 588
488 588
490 587
491 588
484 585
483 585
486 584
485 587
485 588
486 587
488 587
489 588
552 597
399 504
544 593
544 594
410 513
402 509
402 510
422 524
481 573
414 520
415 521
416 520
545 594
432 537
478 504
411 514
537 590
424 533
403 510
444 511
395 506
487 589
460 492
479 505
551 610
550 611
550 612
425 534
471 501
417 530
409 526
409 527
408 528
529 591
448 517
548 604
540 600
406 520
532 596
532 597
398 516
418 531
390 512
390 513
464 498
465 499
466 498
469 576
442 559
522 588
541 601
514 584
533 597
525 593
485 557
484 556
486 558
485 555
487 557
485 554
485 553
485 552
485 551
486 550
485 549
487 551
488 552
488 551
489 552
487 553
490 553
490 554
491 554
492 555
492 556
492 557
488 553
489 554
484 550
483 550
483 549
483 548
486 549
490 555
486 552
489 553
492 558
492 559
493 559
482 549
481 549
480 548
480 547
481 547
480 550
479 547
478 547
478 546
480 549
479 546
478 548
481 548
484 549
487 554
487 555
488 555
480 551
477 545
476 545
475 546
476 546
491 555
483 551
483 552
475 547
475 548
484 552
476 548
486 551
479 548
493 558
482 548
486 554
488 554
489 555
492 560
481 550
399 517
391 513
410 526
484 561
503 574
495 570
474 547
473 547
473 546
487 566
547 617
547 618
546 619
506 579
506 580
467 508
459 504
459 505
458 506
518 590
519 591
520 590
425 511
417 507
496 571
536 607
456 498
488 567
528 603
448 494
507 580
480 563
480 564
479 565
499 576
460 505
418 508
477 557
563 597
510 591
529 604
421 513
548 617
513 596
513 597
491 577
483 573
502 586
501 587
502 587
494 582
494 583
455 511
514 597
515 598
515 599
515 600
516 597
555 598
447 507
547 594
547 595
413 514
432 527
484 574
444 501
416 519
503 587
476 570
495 583
468 566
487 579
479 495
478 495
477 496
551 600
417 520
409 516
428 529
448 507
480 576
481 577
482 577
548 594
540 590
406 510
439 544
398 506
451 518
469 566
463 492
482 505
474 501
420 530
466 497
525 583
412 526
412 527
411 528
472 577
431 539
464 573
423 535
423 536
483 586
484 551
475 582
475 583
476 547
487 556
447 520
547 607
467 498
413 527
539 603
459 494
405 523
478 507
477 508
476 509
424 536
397 519
397 520
398 521
399 522
396 521
399 521
398 523
397 524
398 524
396 524
395 523
399 524
400 524
401 525
402 526
402 527
403 527
400 526
400 527
401 527
403 526
396 523
399 523
402 528
402 529
403 529
404 530
405 530
395 525
406 529
405 528
407 530
408 531
409 531
410 531
410 530
411 531
406 527
408 530
411 530
407 532
410 532
409 533
410 533
411 533
412 533
413 532
413 533
398 525
397 526
397 527
399 526
401 526
404 531
404 532
405 532
397 528
394 522
393 521
394 520
393 523
392 520
391 520
390 520
390 519
391 518
389 518
388 517
392 518
387 517
386 517
385 516
384 515
383 514
384 514
383 516
386 516
387 515
386 514
387 514
389 517
382 513
381 513
381 512
382 511
380 511
379 511
378 510
385 518
388 519
388 520
389 520
391 519
384 516
387 516
390 521
390 522
391 522
386 518
389 519
408 532
400 528
400 529
381 514
401 529
382 515
392 519
411 532
403 528
395 524
396 525
388 521
388 522
389 522
406 528
380 512
399 525
391 521
383 517
383 518
402 530
402 531
392 522
384 518
403 531
405 531
394 521
387 518
406 531
398 527
390 523
391 524
401 528
393 524
393 525
404 533
404 534
382 514
385 519
385 520
405 534
394 524
386 520
407 533
407 534
389 521
408 534
400 530
382 517
400 520
392 521
384 517
403 530
395 526
395 527
394 528
393 527
392 528
391 528
392 529
391 530
390 530
392 531
393 531
394 531
394 530
389 530
388 530
388 529
389 528
388 527
387 527
386 527
385 526
384 525
383 524
382 524
381 523
380 522
379 521
384 524
380 521
383 526
383 527
384 527
386 526
387 525
379 523
378 523
382 523
385 528
385 529
386 529
381 525
392 530
384 526
377 522
376 521
376 523
376 522
387 526
390 531
390 532
380 523
391 532
383 528
384 529
394 532
395 533
395 534
396 534
393 533
393 534
396 533
395 535
395 536
396 536
397 537
397 536
398 536
398 535
398 534
398 533
399 532
399 534
399 533
399 536
397 538
397 539
386 528
378 524
378 525
387 529
379 525
398 538
393 535
382 525
385 530
375 522
374 522
396 535
388 531
388 532
377 521
389 532
399 535
391 531
392 532
384 528
376 524
395 537
377 524
387 528
379 524
398 537
390 533
390 534
380 525
391 534
383 530
375 521
394 534
386 530
378 526
387 531
379 527
389 531
381 526
381 527
382 527
374 523
396 537
388 533
388 534
387 535
377 523
389 534
396 527
388 523
380 524
399 537
391 533
383 529
392 534
384 530
388 513
406 530
398 526
399 527
391 523
383 519
383 520
382 521
402 532
392 524
384 520
395 529
394 533
387 530
379 526
398 539
390 535
390 536
380 527
391 536
405 533
397 529
397 530
396 531
394 523
386 519
387 520
406 533
398 529
390 525
393 536
393 537
392 538
383 522
382 526
385 531
385 532
375 523
394 536
386 532
425 501
416 532
415 533
476 583
477 584
517 584
536 597
509 580
456 488
455 489
454 489
455 488
528 593
528 594
527 595
488 557
394 513
520 589
465 573
498 570
477 547
409 529
451 495
510 581
470 508
529 594
421 503
420 502
462 504
521 590
408 533
454 500
513 586
387 510
386 510
385 510
385 509
384 510
383 509
386 509
398 519
472 554
431 516
491 567
483 563
502 576
502 577
543 614
475 559
463 505
535 610
494 572
494 573
455 501
401 530
447 497
466 510
393 526
432 517
558 593
505 587
484 564
524 600
416 509
516 596
476 560
495 573
468 556
382 516
487 569
385 521
385 522
559 594
397 532
417 510
517 597
450 507
509 593
528 606
527 607
528 608
529 609
527 608
394 526
386 522
427 523
479 570
498 583
471 566
490 579
489 580
490 580
451 508
443 504
543 591
389 533
482 495
483 495
484 495
485 496
485 495
486 495
487 496
485 497
485 498
486 497
483 496
486 496
485 499
485 500
484 496
485 501
486 502
486 503
486 504
554 600
401 507
420 520
412 516
431 529
472 567
404 512
491 580
423 525
483 576
475 572
381 528
381 529
555 601
447 510
547 597
393 539
394 540
394 541
392 540
391 541
391 540
392 541
390 542
391 542
394 542
392 542
395 539
434 540
480 507
413 517
539 593
405 513
446 514
397 509
416 522
477 501
468 569
382 529
469 497
467 573
486 586
531 594
490 556
490 557
550 607
470 498
542 603
462 494
521 580
408 523
454 490
427 536
473 503
400 519
460 570
419 532
491 557
423 502
423 503
523 589
483 553
543 604
475 549
463 495
535 600
455 491
401 520
393 516
466 500
412 529
404 525
424 503
505 577
465 504
484 554
524 590
497 573
476 550
516 586
487 559
385 511
486 563
546 614
538 610
458 501
517 587
449 532
530 606
450 497
549 619
549 620
548 621
547 622
548 622
546 621
545 621
509 583
510 583
511 583
396 526
469 510
442 493
442 492
442 491
442 490
443 491
443 492
441 491
440 491
461 506
520 592
427 513
527 600
460 547
419 509
419 510
479 560
519 596
439 524
498 573
471 556
490 569
531 607
451 498
550 620
551 621
550 622
551 620
551 623
552 624
552 625
553 625
550 624
553 624
552 626
551 627
551 628
552 627
553 627
554 628
555 628
551 629
551 630
552 629
554 629
554 630
555 630
556 631
557 630
553 626
552 628
553 629
555 629
551 631
554 631
554 632
557 631
550 628
553 628
552 630
555 631
554 633
554 623
555 624
556 623
556 622
556 621
557 622
558 623
558 622
559 623
560 623
561 623
562 623
556 625
555 626
558 624
558 625
559 625
561 624
561 625
562 626
563 626
562 625
557 621
561 627
562 628
563 628
563 627
556 624
559 624
560 625
562 624
555 621
554 621
553 621
558 626
559 627
561 626
562 627
557 623
442 529
443 494
462 507
389 523
454 503
400 532
501 584
420 510
493 580
452 542
512 593
431 519
472 557
504 589
464 553
423 515
483 566
475 562
381 518
380 519
482 570
434 530
480 497
453 543
426 526
553 630
445 539
446 504
505 590
546 591
392 533
438 500
497 586
457 513
516 599
557 600
449 509
549 596
395 538
415 516
407 512
467 563
486 576
459 559
438 536
478 572
439 501
458 514
430 532
450 510
550 597
396 539
442 506
542 593
461 519
388 535
481 497
489 587
408 513
448 549
427 526
400 509
460 560
479 573
471 569
377 525
464 530
543 594
476 504
535 590
422 533
468 500
441 546
401 510
434 507
452 555
453 520
404 515
445 516
545 603
465 494
411 523
457 490
403 519
463 570
455 566
474 579
466 575
446 517
486 553
546 604
438 513
478 549
457 526
538 600
430 509
477 504
530 596
449 522
444 556
549 609
396 516
469 500
415 529
388 512
456 530
407 525
467 576
427 503
508 577
527 590
460 537
479 550
560 624
519 586
471 546
511 582
472 511
531 597
490 559
464 507
542 606
456 566
389 513
448 562
454 493
400 522
441 523
501 574
541 610
433 519
452 532
493 570
453 497
512 583
485 566
544 615
504 579
464 543
423 505
523 592
556 626
482 560
474 556
434 520
534 607
453 533
426 516
526 603
446 494
505 580
545 616
392 523
465 507
497 576
457 503
456 503
384 519
403 532
449 499
395 528
415 506
515 593
467 553
507 589
486 566
459 549
460 514
478 562
439 491
438 491
530 609
531 610
532 609
533 610
450 500
396 529
433 525
442 496
437 530
483 497
388 525
456 543
429 526
561 596
489 577
448 539
508 590
440 535
527 603
460 550
419 512
500 586
492 582
452 509
452 510
511 595
510 596
464 520
465 521
465 522
484 498
470 563
422 523
481 572
441 536
414 519
487 503
473 568
473 569
433 532
434 497
493 583
452 545
380 526
453 510
553 597
445 506
545 593
391 535
537 589
383 531
383 532
382 533
381 533
380 532
379 531
485 550
382 534
383 535
380 531
383 536
383 537
384 537
379 533
378 533
379 534
380 534
385 538
386 537
387 537
378 535
381 535
381 536
382 536
384 536
377 532
376 531
377 530
376 533
380 533
383 538
386 538
379 535
380 536
382 535
381 537
384 538
377 534
387 538
380 535
378 536
382 537
377 533
379 536
380 537
381 538
411 513
403 509
463 560
482 573
455 556
474 569
480 500
447 552
426 529
466 565
446 507
514 599
459 526
546 594
392 536
438 503
479 504
538 590
384 532
425 533
449 512
444 546
395 541
549 599
396 506
436 542
415 519
407 515
488 589
448 516
459 562
373 522
472 501
418 530
464 497
437 543
429 539
469 575
475 506
448 552
421 535
421 536
440 548
439 549
441 513
541 600
433 509
452 522
533 596
493 560
399 516
485 556
544 605
544 606
391 512
523 582
410 525
470 576
443 559
402 521
402 522
476 507
462 572
422 536
463 537
468 503
454 568
414 532
482 550
434 510
474 546
534 597
466 542
426 506
445 519
526 593
545 606
465 497
392 513
518 589
537 602
536 602
411 526
457 493
384 509
403 522
395 518
455 569
496 570
515 583
467 543
507 579
459 539
499 575
460 504
478 552
559 626
551 622
444 559
530 599
418 507
563 596
563 595
388 515
429 516
529 603
489 567
421 512
548 616
508 580
441 490
500 576
387 519
519 589
560 627
406 532
492 572
532 608
452 499
452 500
511 585
398 528
464 510
390 524
564 597
565 597
451 540
470 553
422 513
462 549
522 600
481 562
454 545
414 509
541 613
473 558
473 559
433 522
514 596
533 609
453 500
552 622
525 605
399 529
485 569
445 496
391 525
383 521
463 550
503 586
495 582
455 546
474 559
447 542
466 555
506 591
505 592
506 592
526 606
459 516
384 522
425 523
444 536
417 519
436 532
437 497
496 583
428 528
456 510
515 596
488 579
448 506
507 592
480 575
548 593
394 535
440 502
440 503
460 517
386 531
406 509
418 520
458 556
437 533
477 569
450 552
483 500
429 529
469 565
475 496
421 525
461 561
440 538
441 503
387 532
541 590
433 499
379 528
379 529
452 512
552 599
525 582
525 581
525 580
526 580
526 581
524 580
523 580
527 580
528 580
529 580
530 581
531 580
532 581
533 581
534 580
531 581
532 582
532 583
530 582
530 583
531 583
532 584
532 585
528 581
529 582
531 582
530 584
530 585
529 586
531 585
529 581
532 586
532 587
533 587
528 583
531 584
530 586
531 587
533 586
399 506
390 537
389 538
544 595
543 596
451 553
410 515
470 566
402 511
401 512
443 549
462 562
463 527
414 522
454 558
455 523
473 571
447 519
380 529
534 587
467 497
526 583
413 526
432 539
478 506
383 534
537 592
424 535
403 512
484 586
416 531
444 513
395 508
476 582
436 509
382 538
447 555
488 556
480 552
481 553
480 553
459 529
460 494
446 559
479 507
465 572
425 536
471 503
417 532
457 568
409 528
477 546
437 510
456 523
429 506
529 593
448 519
489 557
421 502
548 606
440 515
521 589
540 602
387 509
492 562
406 522
532 598
532 599
398 518
458 569
390 514
390 515
462 539
422 503
463 504
481 552
522 590
454 535
433 512
473 548
472 549
554 622
514 586
533 599
466 509
525 595
399 519
544 608
391 515
432 516
383 511
402 524
484 563
463 540
503 576
476 559
435 521
455 536
495 572
555 623
447 532
487 568
466 545
547 619
506 581
505 582
467 510
459 506
558 628
557 628
559 593
465 549
397 531
425 513
444 526
417 509
436 522
517 596
536 609
496 573
428 518
456 500
488 569
528 605
448 496
394 525
480 565
440 492
440 493
499 578
386 521
560 594
551 625
439 533
458 546
418 510
563 599
477 559
450 542
550 629
469 555
510 593
429 519
442 538
529 606
421 515
461 551
462 516
441 493
387 522
398 531
390 527
431 528
472 566
491 579
451 543
443 539
483 575
462 552
502 588
501 589
501 590
475 571
494 584
494 585
454 548
455 513
555 600
447 509
393 538
547 596
486 500
413 516
432 529
405 512
478 496
424 525
484 576
444 503
416 521
476 572
435 534
436 499
495 585
468 568
382 528
487 581
528 582
385 533
385 534
459 519
446 549
465 562
551 602
425 526
438 545
438 546
437 547
437 548
437 549
437 550
438 551
439 551
417 522
418 523
419 522
457 558
458 523
449 554
437 500
409 518
428 531
529 583
461 528
548 596
394 538
440 505
481 506
386 534
540 592
427 535
378 530
532 588
531 589
406 512
439 546
398 508
458 559
451 520
491 556
442 551
443 516
461 564
543 603
462 529
463 494
522 580
494 561
494 562
454 525
455 490
474 503
401 519
420 532
466 499
525 585
412 528
432 506
404 524
464 575
424 502
484 553
435 511
476 549
455 526
495 562
468 545
447 522
487 558
547 609
467 500
453 565
413 529
539 605
459 496
405 525
465 539
397 521
425 503
457 535
517 586
436 512
536 599
456 490
509 582
428 508
488 559
528 595
480 555
394 515
520 591
386 511
439 523
458 536
498 572
477 549
450 532
490 568
451 497
442 528
470 510
443 493
461 541
462 506
521 592
561 628
560 629
454 502
513 588
387 512
400 531
420 509
565 598
565 599
390 517
431 518
472 556
451 533
491 569
464 552
423 514
483 565
502 578
543 616
463 507
475 561
454 538
494 574
493 575
455 503
554 625
401 532
447 499
393 528
566 599
567 600
568 599
569 599
570 599
570 598
571 599
568 598
569 598
572 599
573 599
570 600
569 601
570 601
571 601
573 600
573 601
574 601
575 601
575 600
576 601
577 601
577 602
576 600
575 602
578 602
579 603
580 604
580 603
581 604
582 604
583 604
584 605
585 606
585 605
584 607
585 608
585 607
584 609
582 605
583 606
586 606
587 607
581 603
584 608
585 609
583 605
576 602
579 602
583 607
568 600
586 607
571 600
572 601
585 610
574 600
573 602
453 542
432 519
558 595
424 515
505 589
484 566
524 602
444 493
497 585
416 511
435 524
516 598
476 562
382 518
468 558
487 571
385 523
486 575
446 539
397 534
551 592
465 552
439 500
457 548
458 513
430 531
449 544
450 509
509 595
508 595
507 595
506 594
507 596
508 596
550 596
396 538
481 496
386 524
427 525
378 520
460 559
419 521
479 572
498 585
471 568
450 545
490 581
451 510
442 541
443 506
389 535
543 593
535 589
482 497
454 515
554 602
401 509
420 522
412 518
452 554
431 531
472 569
404 514
464 565
423 527
483 578
484 579
485 579
475 574
435 501
381 530
393 541
547 599
539 595
453 555
426 538
405 515
445 551
446 516
546 603
397 511
416 524
457 525
458 490
449 521
477 503
382 531
536 589
469 499
528 585
415 528
461 495
520 581
385 536
467 575
427 502
446 552
486 588
438 548
478 584
479 549
439 513
458 526
449 557
531 596
490 558
450 522
550 609
470 500
442 518
461 531
542 605
456 565
462 496
389 512
448 561
408 525
454 492
513 578
427 538
473 505
400 521
479 585
480 586
480 585
481 585
431 508
472 546
512 582
491 559
464 542
423 504
483 555
523 591
543 606
475 551
494 564
535 602
455 493
401 522
393 518
412 531
453 532
404 527
424 505
505 579
465 506
524 592
497 575
457 502
476 552
516 588
430 521
468 548
385 513
486 565
446 529
465 542
546 616
478 561
438 525
457 538
458 503
557 625
449 534
530 608
450 499
549 621
509 585
396 528
442 495
461 508
388 524
561 595
427 515
508 589
527 602
460 549
419 511
519 598
479 562
498 575
471 558
511 594
531 609
490 571
451 500
443 496
484 497
389 525
562 596
454 505
400 534
401 535
402 534
441 535
487 502
501 586
420 512
452 544
493 582
453 509
512 595
552 631
472 559
404 504
485 578
464 555
423 517
504 591
475 564
381 520
482 572
474 568
434 532
480 499
453 545
426 528
553 632
445 541
446 506
546 593
392 535
438 502
497 588
498 588
498 589
499 588
457 515
384 531
538 589
449 511
549 598
395 540
396 505
415 518
407 514
550 599
467 565
486 578
459 561
478 574
439 503
430 534
450 512
531 586
396 541
437 542
442 508
542 595
456 555
388 537
448 551
408 515
489 589
440 547
473 495
400 511
460 562
419 524
471 571
464 532
523 581
470 575
476 506
535 592
422 535
468 502
441 548
414 531
393 508
473 580
473 581
473 582
434 509
452 557
453 522
534 596
426 505
445 518
545 605
392 512
465 496
524 582
537 601
411 525
457 492
403 521
463 572
455 568
474 581
467 542
486 555
446 519
546 606
478 551
438 515
538 602
430 511
458 493
449 524
530 598
444 558
549 611
396 518
469 502
415 531
388 514
461 498
456 532
407 527
427 505
508 579
527 592
460 539
419 501
418 500
419 500
419 499
420 500
500 575
519 588
560 626
479 552
471 548
511 584
531 599
490 561
572 600
464 509
564 596
456 568
389 515
422 512
441 525
541 612
501 576
433 521
533 608
493 572
452 534
453 499
552 621
512 585
485 568
399 528
445 495
544 617
544 618
504 581
523 594
556 628
402 533
381 510
380 509
463 549
482 562
474 558
434 522
534 609
466 554
553 622
445 531
526 605
446 496
545 618
392 525
465 509
438 492
438 493
497 578
457 505
384 521
403 534
449 501
395 530
496 582
415 508
515 595
467 555
507 591
486 568
499 587
459 551
460 516
478 564
439 493
418 519
442 498
437 532
483 499
456 545
429 528
475 495
489 579
448 541
421 524
508 592
400 501
401 502
402 501
403 502
440 537
441 502
500 588
492 584
452 511
511 597
552 598
464 522
410 514
484 500
470 565
476 496
422 525
481 574
441 538
414 521
487 505
473 570
493 585
380 528
553 599
445 508
526 582
545 595
391 537
411 515
537 591
383 533
403 511
395 507
482 575
474 571
466 567
546 596
479 506
384 534
538 592
425 535
471 502
530 588
549 601
396 508
461 488
462 487
463 487
407 517
489 556
448 518
548 605
527 582
406 521
492 561
472 503
418 532
464 499
437 545
469 577
475 508
422 502
440 550
522 589
481 551
541 602
493 562
533 598
453 489
452 489
451 490
450 490
450 489
525 594
399 518
485 558
544 607
391 514
410 527
383 510
402 523
468 505
482 552
555 622
474 548
534 599
467 509
526 595
545 608
518 591
392 515
558 627
537 604
457 495
384 511
403 524
449 491
395 520
496 572
456 499
515 585
488 568
507 581
499 577
460 506
559 628
551 624
571 602
418 509
563 598
477 558
529 605
489 569
548 618
508 582
441 492
500 578
387 521
492 574
406 534
532 610
452 501
511 587
398 530
390 526
564 599
556 595
402 500
422 515
481 564
414 511
487 495
514 598
473 560
453 502
380 518
399 531
445 498
391 527
432 528
383 523
484 575
503 588
495 584
487 580
506 593
479 496
551 601
417 521
409 517
496 585
456 512
428 530
488 581
448 508
507 594
548 595
394 537
480 577
440 504
386 533
540 591
406 511
378 529
398 507
439 545
418 522
464 489
477 571
483 502
469 567
429 531
475 498
421 527
441 505
541 592
387 534
452 514
533 588
379 530
552 601
525 584
399 508
544 597
390 539
410 517
402 513
483 587
447 521
547 608
467 499
526 585
413 528
459 495
518 581
405 524
478 508
537 594
425 502
484 588
416 533
395 510
476 584
536 598
456 489
488 558
480 554
394 514
460 496
465 574
471 505
477 548
409 530
510 582
529 595
448 521
489 559
421 504
548 608
521 591
540 604
513 587
387 511
406 524
492 564
532 600
452 491
398 520
390 516
543 615
422 505
463 506
522 592
481 554
455 502
514 588
473 550
554 624
401 531
533 601
574 602
466 511
525 597
566 598
391 517
432 518
383 513
484 565
503 578
476 561
495 574
468 557
555 625
487 570
506 583
547 621
567 599
558 630
559 595
397 533
417 511
517 598
509 594
456 502
488 571
528 607
448 498
394 527
480 567
440 494
386 523
485 502
418 512
498 584
477 561
451 509
510 595
469 557
529 608
482 496
387 524
379 520
420 521
390 529
431 530
472 568
491 581
423 526
402 503
483 577
502 590
475 573
494 586
555 602
447 511
393 540
547 598
539 594
413 518
432 531
405 514
478 498
424 527
397 510
484 578
416 523
444 505
476 574
468 570
382 530
487 583
528 584
385 535
551 604
438 547
417 524
409 520
470 499
529 585
521 581
440 507
540 594
386 536
427 537
513 577
473 504
532 590
378 532
406 514
419 533
419 534
398 510
439 548
491 558
483 554
543 605
463 496
535 601
494 563
455 492
514 578
401 521
474 505
420 534
393 517
466 501
412 530
404 526
424 504
484 555
524 591
476 551
495 564
487 560
506 573
547 611
413 531
539 607
459 498
385 512
405 527
397 523
425 505
417 501
557 624
517 588
536 601
509 584
469 511
528 597
480 557
520 593
394 517
386 513
378 509
479 561
498 574
531 608
490 570
451 499
550 621
510 585
443 495
389 524
562 595
454 504
513 590
400 533
379 510
420 511
472 558
491 571
423 516
483 567
502 580
475 563
494 576
455 505
381 519
554 627
401 534
447 501
393 530
453 544
432 521
553 631
558 597
405 504
505 591
424 517
416 513
497 587
444 495
476 564
382 520
385 525
486 577
478 573
439 502
430 533
450 511
396 540
550 598
442 507
388 536
481 498
408 514
427 527
378 522
532 580
419 523
479 574
485 505
498 587
471 570
490 583
451 512
443 508
543 595
389 537
535 591
554 604
401 511
474 495
420 524
466 491
412 520
431 533
472 571
404 516
423 529
524 581
475 576
381 532
487 550
474 580
539 597
405 517
546 605
397 513
458 492
449 523
477 505
509 574
549 610
469 501
528 587
415 530
461 497
520 583
407 526
467 577
427 504
527 591
438 550
439 515
479 551
471 547
531 598
450 524
490 560
451 489
442 520
470 502
461 533
542 607
456 567
389 514
462 498
448 563
408 527
454 494
473 507
400 523
501 575
420 501
472 548
431 510
512 584
491 561
423 506
504 580
464 544
523 593
483 557
475 553
556 627
494 566
535 604
381 509
401 524
568 601
393 520
434 521
453 534
404 529
445 530
446 495
505 581
545 617
465 508
524 594
416 503
497 577
457 504
516 590
403 533
449 500
382 510
468 550
385 515
467 554
486 567
546 618
478 563
438 527
439 492
457 540
430 523
458 505
557 627
449 536
450 501
549 623
396 530
442 497
461 510
456 544
388 526
561 597
508 591
427 517
400 500
527 604
419 513
500 587
460 551
479 564
471 560
511 596
490 573
464 521
443 498
484 499
389 527
476 495
554 594
555 593
556 593
400 536
441 537
401 501
487 504
501 588
433 533
452 546
412 510
493 584
453 511
512 597
485 580
553 598
404 506
445 507
464 557
381 522
463 561
482 574
434 534
474 570
480 501
453 547
466 566
426 530
445 543
446 508
392 537
546 595
438 504
457 517
384 533
538 591
477 495
449 513
530 587
549 600
396 507
415 520
461 487
407 516
467 567
486 580
459 563
527 581
460 528
478 576
439 505
430 536
472 502
531 588
550 601
442 510
437 544
456 557
542 597
462 488
475 507
408 517
448 553
400 513
440 549
460 564
452 523
493 561
464 534
523 583
470 577
476 508
468 504
441 550
481 586
482 551
414 533
434 511
452 559
534 598
453 524
426 507
445 520
526 594
545 607
465 498
392 514
537 603
411 527
497 567
457 494
516 580
517 579
403 523
449 490
395 519
482 587
515 584
467 544
486 557
459 540
546 608
438 517
478 553
538 604
430 513
458 495
444 560
530 600
450 491
549 613
396 520
456 534
388 516
461 500
407 529
448 530
489 568
508 581
427 507
527 594
460 541
500 577
419 503
560 628
479 554
519 590
492 573
471 550
511 586
572 602
464 511
564 598
556 594
422 514
481 563
441 527
414 510
501 578
433 523
452 536
493 574
453 501
512 587
552 623
485 570
399 530
445 497
544 619
504 583
391 526
556 630
402 535
463 551
482 564
455 547
488 495
434 524
474 560
466 556
426 520
526 607
446 498
545 620
392 527
438 494
457 507
384 523
557 594
449 503
444 537
395 532
415 510
496 584
456 511
515 597
407 506
488 580
467 557
507 593
459 553
499 589
478 566
418 521
464 488
477 570
483 501
456 547
429 530
475 497
448 543
489 581
421 526
508 594
400 503
441 504
500 590
387 533
541 591
433 500
492 586
452 513
552 600
399 507
390 538
544 596
451 554
410 516
484 502
470 567
402 512
476 498
462 563
422 527
468 494
463 528
481 576
414 523
454 559
473 572
433 536
434 501
380 530
453 514
534 588
553 601
485 583
445 510
526 584
545 597
391 539
518 580
537 593
411 517
484 587
403 513
463 564
395 509
455 560
474 573
447 556
466 569
460 495
538 594
430 503
425 537
471 504
444 550
530 590
376 532
417 533
396 510
437 511
429 507
448 520
489 558
548 607
440 516
527 584
540 603
519 580
492 563
406 523
452 490
511 576
472 505
458 570
418 534
464 501
477 583
422 504
440 552
441 517
522 591
541 604
433 513
514 587
473 549
493 564
533 600
453 491
399 520
525 596
485 560
544 609
504 573
391 516
410 529
383 512
402 525
503 577
463 541
482 554
455 537
558 629
474 550
447 533
534 601
426 510
466 546
506 582
547 620
467 511
526 597
567 598
459 507
518 593
392 517
537 606
384 513
425 514
449 493
395 522
436 523
496 574
536 610
456 501
428 519
515 587
488 570
448 497
507 583
480 566
499 579
459 543
460 508
559 630
560 595
551 626
418 511
477 560
437 524
510 594
429 520
469 556
529 607
489 571
448 533
421 516
548 620
440 529
441 494
500 580
387 523
492 576
452 503
379 519
398 532
390 528
470 557
556 597
402 502
443 540
422 517
462 553
502 589
463 518
481 566
414 513
455 514
473 562
380 520
445 500
486 501
391 529
432 530
478 497
383 525
424 526
484 577
403 503
444 504
503 590
435 535
476 573
455 550
495 586
447 546
487 582
459 520
479 498
465 563
551 603
425 527
471 494
530 580
444 540
417 523
436 536
409 519
437 501
496 587
456 514
428 532
488 583
529 584
448 510
394 539
548 597
440 506
540 593
386 535
532 589
378 531
406 513
472 495
398 509
439 547
458 560
418 524
464 491
477 573
450 556
451 521
469 569
475 500
442 552
461 565
421 529
462 530
441 507
522 581
454 526
387 536
541 594
433 503
474 504
379 532
533 590
420 533
552 603
399 510
525 586
390 541
544 599
410 519
443 553
402 515
555 605
463 531
454 562
455 527
495 563
447 523
547 610
467 501
526 587
539 606
413 530
459 497
518 583
405 526
425 504
397 522
444 517
436 513
496 564
536 600
428 509
456 491
488 560
528 596
394 516
480 556
499 569
460 498
386 512
465 576
471 507
429 510
418 501
458 537
477 550
409 532
437 514
450 533
582 603
510 584
469 546
470 511
529 597
461 542
421 506
548 610
440 519
521 593
540 606
513 589
387 513
406 526
532 602
379 509
452 493
398 522
390 518
491 570
451 534
470 547
443 530
543 617
462 543
463 508
522 594
454 539
494 575
455 504
554 626
473 552
514 590
401 533
447 500
380 510
393 529
525 599
432 520
558 596
383 515
424 516
484 567
444 494
503 580
435 525
476 563
495 576
468 559
382 519
555 627
487 572
447 536
506 585
459 510
385 524
559 597
397 535
446 540
425 517
551 593
465 553
417 513
457 549
436 526
409 509
437 491
456 504
509 596
428 522
448 500
480 569
394 529
440 496
386 525
378 521
439 537
498 586
458 550
490 582
450 546
451 511
469 559
442 542
443 507
461 555
462 520
389 536
454 516
482 498
554 603
379 522
533 580
420 523
399 500
412 519
431 532
472 570
491 583
464 566
423 528
443 543
402 505
475 575
463 521
435 502
494 588
455 517
381 531
447 513
547 600
393 542
413 520
453 556
539 596
459 487
432 533
445 552
478 500
405 516
424 529
397 512
416 525
444 507
476 576
435 538
436 503
468 572
382 532
536 590
487 585
528 586
520 582
480 546
385 537
446 553
465 566
551 606
438 549
439 514
457 562
458 527
409 522
450 523
550 610
442 519
470 501
529 587
461 532
462 497
521 583
408 526
513 579
473 506
532 592
378 534
439 550
398 512
431 509
472 547
491 560
483 556
462 533
543 607
463 498
475 552
535 603
494 565
455 494
474 507
401 523
466 503
393 519
412 532
404 528
432 510
424 506
484 557
524 593
416 502
435 515
476 553
516 589
495 566
382 509
468 549
487 562
547 613
539 609
385 514
405 529
465 543
397 525
425 507
546 617
457 539
417 503
458 504
517 590
557 626
449 535
536 603
509 586
549 622
528 599
569 600
461 509
394 519
520 595
386 515
427 516
479 563
458 540
498 576
471 559
490 572
450 536
451 501
550 623
443 497
461 545
389 526
462 510
562 597
454 506
400 535
554 593
401 500
420 513
412 509
472 560
431 522
512 596
404 505
491 573
464 556
423 518
483 569
475 565
494 578
381 521
401 536
555 594
447 503
393 532
434 533
453 546
413 510
558 599
445 542
405 506
424 519
497 589
416 515
457 516
382 522
385 527
467 566
446 543
486 579
438 539
478 575
439 504
457 552
458 517
430 535
449 548
450 513
550 600
442 509
461 522
542 596
388 538
456 556
481 500
408 516
427 529
400 512
473 496
419 525
460 563
479 576
471 572
490 585
464 533
443 510
543 597
389 539
463 488
454 519
535 593
441 549
401 513
420 526
393 509
466 493
452 558
412 522
453 523
404 518
464 569
423 531
524 583
435 505
516 579
381 534
463 573
482 586
487 552
474 582
453 559
445 555
486 556
446 520
546 607
397 515
438 516
538 603
430 512
458 494
517 580
477 507
449 525
509 576
549 612
396 519
469 503
415 532
461 499
520 585
407 528
427 506
527 593
419 502
460 540
439 517
479 553
584 606
471 549
450 526
490 562
531 600
451 491
550 613
442 522
456 569
542 609
462 500
389 516
408 529
454 496
400 525
420 503
501 577
452 535
493 573
431 512
472 550
512 586
464 546
504 582
423 508
483 559
523 595
556 629
381 511
482 563
393 522
434 523
534 610
453 536
426 519
553 623
446 497
505 583
545 619
465 510
392 526
497 579
457 506
516 592
403 535
557 593
449 502
382 512
395 531
415 509
385 517
430 502
467 556
446 533
486 569
459 552
546 620
438 529
478 565
439 494
458 507
430 525
557 629
449 538
450 503
396 532
442 499
461 512
388 528
456 546
561 599
448 542
408 506
427 519
508 593
400 502
527 606
500 589
419 515
479 566
492 585
471 562
464 523
484 501
389 529
476 497
422 526
468 493
401 503
481 575
441 539
433 535
434 500
452 548
493 586
453 513
404 508
553 600
445 509
391 538
545 596
411 516
381 524
463 563
482 576
455 559
434 536
474 572
480 503
466 568
426 532
445 545
446 510
546 597
392 539
438 506
457 519
384 535
538 593
477 497
444 549
530 589
449 515
549 602
396 509
469 493
415 522
461 489
407 518
467 569
527 583
459 565
460 530
472 504
531 590
490 552
418 533
464 500
437 546
542 599
456 559
475 509
448 555
400 515
440 551
441 516
541 603
493 563
452 525
453 490
485 559
377 531
464 536
504 572
523 585
410 528
468 506
441 552
482 553
545 609
392 516
434 513
474 549
534 600
453 526
426 509
526 596
445 522
505 573
465 500
518 592
497 569
537 605
411 529
457 496
384 512
403 525
449 492
395 521
515 586
467 546
507 582
486 559
459 542
460 507
559 629
478 555
538 606
430 515
530 602
450 493
396 522
437 523
456 536
388 518
407 531
448 532
489 570
508 583
548 619
440 528
527 596
460 543
500 579
419 505
519 592
492 575
452 502
471 552
511 588
464 513
556 596
470 556
422 516
481 565
414 512
501 580
473 561
493 576
512 662
512 663
513 662
514 662
515 662
515 663
515 664
513 661
513 664
512 665
511 663
510 662
509 663
508 664
507 663
506 664
505 663
504 664
503 665
511 666
510 665
509 666
514 665
516 662
502 664
517 661
516 660
518 660
519 661
520 661
521 662
520 663
505 662
503 664
517 663
518 662
522 662
515 665
516 664
505 664
512 660
504 665
506 662
507 661
506 660
505 660
507 659
508 658
507 657
509 657
510 656
509 659
511 656
518 664
509 661
514 660
516 666
523 662
524 661
523 660
522 660
524 659
525 658
524 657
526 657
526 659
525 660
526 661
527 662
524 663
515 660
525 662
516 659
515 658
514 658
516 657
515 656
516 655
515 654
517 654
517 656
518 655
517 658
518 657
519 658
520 657
521 656
520 659
522 655
522 657
505 659
504 658
503 657
505 657
503 659
503 660
502 660
501 660
507 656
506 655
507 665
507 666
521 658
510 658
511 658
512 655
511 654
513 654
513 656
523 655
524 654
523 653
522 653
524 652
525 651
526 652
527 653
528 652
529 653
530 652
531 651
528 654
527 655
526 655
525 653
526 654
528 651
512 664
523 664
522 664
521 665
520 666
519 667
520 668
518 666
522 666
523 667
524 666
525 665
526 664
526 666
524 668
525 667
523 669
522 669
526 668
527 669
528 670
524 655
524 670
525 669
529 669
530 668
529 667
523 671
522 671
521 672
526 670
527 671
531 669
524 672
525 672
525 671
529 671
521 667
503 661
503 662
526 663
513 663
504 660
518 659
506 657
509 656
520 656
518 668
518 669
529 651
527 664
528 665
519 660
508 660
522 659
524 656
514 655
525 655
528 672
519 669
520 670
522 668
524 665
511 665
525 664
502 662
501 662
500 662
499 662
500 663
499 661
514 664
516 661
505 661
507 658
499 663
521 660
510 660
512 657
523 657
526 656
521 669
512 666
523 666
503 663
513 665
504 662
506 659
518 661
527 666
517 665
519 662
508 662
522 661
524 658
514 657
525 657
516 654
522 670
514 666
525 666
516 663
521 653
520 654
528 666
515 667
529 666
498 660
497 660
496 659
495 658
496 657
497 656
498 656
497 658
499 655
498 654
495 660
500 656
496 661
498 658
499 657
497 662
499 659
496 656
495 655
494 656
519 665
496 654
497 655
500 661
495 657
496 658
494 658
493 659
492 659
525 654
492 658
492 657
524 664
493 658
493 660
497 657
501 657
501 658
495 659
500 658
494 660
497 659
499 656
523 659
512 659
501 659
503 656
513 658
493 655
492 654
493 653
491 655
490 654
489 654
488 655
489 656
490 657
490 658
490 659
487 656
486 655
485 654
530 669
486 657
488 657
487 658
487 659
488 659
520 655
490 656
484 655
483 656
508 665
483 655
496 660
505 665
482 655
481 656
506 665
483 654
484 657
486 654
485 656
486 656
485 658
487 655
489 658
488 656
518 654
521 671
523 668
495 661
506 661
486 658
487 657
508 655
509 654
519 655
522 654
527 668
524 651
519 659
517 667
528 667
519 664
522 663
500 660
511 660
525 659
502 657
514 659
491 657
505 656
516 656
482 654
492 656
494 654
525 668
497 661
519 668
522 667
522 658
511 655
517 662
500 655
510 655
521 655
523 652
529 668
526 651
530 667
510 664
521 664
498 662
501 661
512 661
523 661
503 658
513 660
493 657
504 657
495 654
484 654
518 656
523 670
527 652
506 663
527 661
517 660
519 657
508 657
522 656
527 670
524 653
526 672
525 652
528 669
531 668
519 666
508 666
520 665
509 665
511 662
491 659
525 661
502 659
514 661
482 656
494 655
497 654
525 670
529 652
530 651
498 655
521 657
510 657
523 654
512 654
529 670
510 666
521 666
501 663
523 663
504 659
484 656
506 656
495 656
523 672
485 655
527 654
528 653
527 663
526 665
508 659
509 658
527 672
520 658
489 655
514 654
528 671
520 667
511 664
525 663
502 661
514 663
492 660
494 657
483 657
515 655
530 653
524 667
507 660
521 659
510 659
498 657
512 656
501 656
523 656
513 655
521 668
523 665
504 661
506 658
527 656
485 657
526 658
517 655
528 655
527 665
526 667
517 664
508 661
518 663
520 660
509 660
489 657
511 657
500 657
514 656
525 656
491 654
520 669
502 663
494 659
524 660
521 661
515 657
522 672
524 669
515 666
516 665
507 662
496 662
498 659
510 661
512 658
523 658
499 658
488 658
513 657
490 655
493 654
521 670
513 666
504 663
526 660
517 657
519 654
520 653
527 667
526 669
517 666
508 663
519 663
518 665
509 662
520 662
511 659
500 659
489 659
491 656
502 656
492 655
522 665
494 661
524 662
515 659
516 658
505 658
496 655
507 655
510 654
524 671
521 654
516 667
530 666
507 664
521 663
510 663
498 661
499 660
513 659
493 656
504 656
527 651
526 653
526 662
517 659
508 656
519 656
518 658
509 655
526 671
517 668
528 668
518 667
520 664
509 664
502 658
511 661
491 658
515 661
410 619
411 619
412 618
409 620
408 621
409 619
409 622
408 620
410 623
411 622
412 621
408 623
410 620
413 619
414 618
413 622
415 619
414 621
416 618
417 617
407 621
415 622
416 621
417 620
418 621
419 620
406 620
406 619
405 618
405 621
407 618
408 617
409 616
406 617
411 618
417 622
408 619
419 619
410 616
409 618
413 618
406 621
416 623
415 624
407 620
411 620
417 624
419 621
413 620
415 617
405 616
416 616
415 615
417 615
418 614
417 613
418 612
417 611
419 612
416 625
415 626
414 626
413 625
413 627
412 628
411 627
414 628
407 622
406 623
405 623
419 614
417 626
406 616
407 615
406 614
405 614
407 613
406 612
407 611
406 610
407 609
408 608
409 607
408 610
410 607
409 609
408 612
410 609
409 611
408 614
409 613
410 614
411 613
412 614
413 613
414 612
415 613
413 611
405 609
404 610
403 609
415 628
416 627
407 624
411 606
410 605
412 605
404 608
412 607
409 604
408 603
407 602
408 601
409 600
406 603
410 600
409 602
407 604
406 605
408 605
410 602
413 604
414 603
415 604
414 605
415 606
407 606
406 607
411 615
417 610
416 609
415 608
414 608
413 609
417 608
418 607
419 608
420 609
419 610
417 606
418 605
417 604
418 603
417 602
419 603
419 605
415 610
417 601
416 600
415 600
415 599
414 598
412 612
411 611
417 599
415 601
408 607
411 624
411 625
407 605
419 607
412 623
409 606
417 619
409 615
409 624
409 625
408 626
407 627
406 628
420 607
408 628
409 627
407 629
406 630
405 630
409 629
407 631
408 631
405 627
404 626
403 625
405 625
403 627
402 628
407 616
403 629
403 630
404 628
413 606
415 603
418 602
405 602
404 603
416 602
413 615
413 616
415 612
414 614
406 609
405 611
404 612
416 611
410 625
407 608
413 624
421 607
415 621
414 623
416 620
405 620
407 617
411 599
412 599
412 598
412 600
405 629
416 628
407 626
411 608
418 623
419 623
420 624
420 625
419 626
419 627
418 628
419 628
412 603
420 627
403 604
402 604
401 605
400 604
399 604
418 619
402 603
402 605
403 606
404 606
411 604
404 605
402 607
400 603
417 603
411 617
412 616
417 612
419 609
411 626
412 625
409 608
417 621
404 621
403 622
403 623
409 617
413 599
403 631
404 630
413 608
415 605
406 602
414 607
405 604
416 604
410 618
413 617
415 614
414 616
408 630
416 613
405 613
407 610
410 627
413 626
414 625
402 623
405 622
416 622
407 619
411 601
418 616
419 617
405 631
405 632
411 610
412 609
418 625
417 605
408 602
419 602
409 601
406 632
407 633
407 634
417 614
411 628
404 614
412 627
409 610
403 624
404 623
413 601
415 598
414 600
404 632
410 611
413 610
415 607
407 612
406 604
414 609
410 612
405 606
416 606
407 603
415 616
416 615
405 615
410 629
413 628
402 625
401 625
414 627
416 624
405 624
418 609
420 606
421 605
411 603
412 602
418 618
417 598
411 612
412 611
418 627
403 608
406 625
417 607
404 607
411 621
412 620
409 603
404 616
409 612
403 626
404 625
410 604
408 625
413 603
414 602
416 599
419 616
408 616
410 613
413 612
415 609
414 611
417 628
419 625
405 608
416 608
410 622
413 621
414 620
405 617
416 617
407 614
402 627
405 626
418 611
416 626
420 608
411 605
401 604
412 604
418 620
406 618
417 600
411 614
412 613
406 627
403 610
420 626
404 609
411 623
409 605
412 622
403 628
404 627
408 609
410 606
413 605
415 602
414 604
416 601
419 618
408 618
410 615
413 614
414 613
416 610
408 627
405 610
407 607
410 624
409 626
414 622
416 619
418 604
411 598
418 613
406 611
411 607
412 606
415 623
401 606
403 603
418 622
411 616
412 615
406 629
420 628
404 611
407 628
401 624
412 624
410 599
413 598
414 597
404 629
408 611
419 611
410 608
413 607
417 623
414 606
405 603
416 603
410 617
414 615
416 612
408 629
405 612
410 626
409 628
414 624
418 606
411 600
402 631
418 615
406 613
411 609
415 625
412 608
418 624
403 605
406 622
404 604
412 617
406 631
405 633
405 634
404 613
407 630
412 626
404 622
419 604
408 604
410 601
413 600
415 597
406 626
414 599
404 631
417 616
419 613
408 613
410 610
417 625
402 606
408 622
416 605
405 605
419 622
409 621
414 617
416 614
410 628
409 630
402 624
406 606
418 608
420 605
411 602
412 601
415 618
406 615
418 617
415 627
412 610
406 624
418 626
403 607
410 603
407 623
412 619
406 633
407 632
404 615
417 609
404 624
419 606
408 606
399 603
413 602
417 618
414 601
416 598
419 615
408 615
409 614
417 627
414 610
405 607
416 607
408 624
419 624
410 621
409 623
414 619
418 601
402 626
415 611
418 610
406 608
421 606
413 623
407 625
405 628
415 620
401 603
547 641
547 640
548 641
549 640
550 641
551 642
552 641
550 640
551 639
550 643
552 640
546 639
548 639
549 638
549 644
548 642
549 641
553 641
550 639
551 638
552 637
553 638
550 642
552 639
551 641
552 636
552 638
547 643
548 644
549 643
547 642
553 637
549 639
546 640
547 639
547 645
547 646
546 647
545 648
545 647
544 649
546 646
545 649
553 640
549 642
548 640
553 636
548 643
547 644
553 639
551 637
544 648
551 640
550 638
