269 324
269 325
270 326
271 326
268 326
267 325
268 323
269 322
272 327
271 325
272 324
271 328
273 325
274 324
273 328
274 327
275 326
276 327
270 323
271 322
272 321
273 322
270 329
269 328
268 328
267 328
266 329
268 329
265 330
266 326
265 327
275 328
266 325
268 322
267 324
266 323
269 321
268 320
269 319
270 320
271 319
272 320
269 330
268 331
267 331
266 332
265 333
264 334
266 334
267 333
272 329
273 330
264 327
276 329
265 326
264 325
263 324
262 325
261 326
260 325
260 327
270 322
265 335
264 336
270 331
262 327
275 330
277 327
278 326
277 325
279 325
266 327
268 324
267 326
269 323
272 322
266 336
268 333
267 335
269 332
273 323
276 331
277 332
278 333
279 332
280 331
281 331
282 330
281 329
264 329
265 328
279 327
270 324
259 324
258 323
257 322
256 321
257 320
258 319
255 320
259 320
258 321
255 322
256 323
259 322
257 324
257 325
260 320
261 319
260 318
261 317
260 316
262 316
263 315
264 316
263 317
264 318
262 318
254 319
253 320
259 315
258 314
257 313
256 313
258 312
259 311
255 313
254 312
255 311
253 313
252 314
255 321
256 314
259 313
253 315
257 315
260 311
261 310
260 309
261 308
260 307
262 307
271 329
263 308
264 309
262 309
263 310
263 311
255 315
264 311
265 312
266 312
267 311
256 316
256 325
257 317
260 313
257 326
260 322
282 328
263 333
283 329
267 312
275 325
267 321
267 330
264 315
256 311
276 326
264 324
256 320
264 333
279 331
257 312
260 308
268 321
260 317
271 323
263 319
264 320
271 332
271 333
282 332
263 328
274 328
255 324
263 337
263 338
264 338
275 329
267 334
264 310
264 319
256 315
264 328
256 324
278 330
259 326
260 312
263 314
282 327
271 327
255 310
274 323
263 323
255 319
263 332
262 331
252 313
275 324
267 320
267 329
264 314
266 333
256 310
256 319
278 325
259 321
270 321
270 330
281 330
262 326
263 309
263 318
271 331
282 331
255 314
263 327
255 323
263 336
262 335
266 328
277 328
266 337
269 333
259 307
259 316
278 329
262 312
262 334
283 332
251 312
259 325
270 325
270 334
270 335
271 336
271 337
262 330
262 339
262 340
263 341
263 342
264 343
263 313
282 326
283 325
283 324
281 325
255 309
263 322
262 321
255 318
274 331
274 332
274 333
275 334
252 312
267 310
270 338
269 338
270 339
270 340
271 341
271 342
270 343
270 344
269 342
269 337
266 309
269 341
268 340
267 340
267 339
266 341
266 342
267 343
265 340
262 311
251 311
250 310
249 309
249 308
248 307
248 310
248 311
248 312
249 313
249 312
272 343
273 344
262 320
262 329
284 326
285 327
261 333
255 308
254 321
265 321
273 334
273 335
273 343
274 342
275 343
275 344
276 345
274 341
277 346
277 347
277 345
278 344
278 343
277 342
265 339
266 313
266 314
267 315
267 316
268 317
285 326
286 325
287 326
287 327
286 324
285 323
288 328
289 329
289 330
247 309
246 308
245 307
244 308
244 309
245 310
245 311
243 307
242 306
241 305
241 304
241 303
240 302
240 306
240 307
241 308
241 309
242 310
243 311
243 312
244 313
244 314
245 315
245 316
244 317
244 318
244 319
245 320
245 321
245 319
243 316
242 315
241 314
241 313
240 315
240 316
239 314
238 313
237 312
237 311
237 310
238 309
238 308
237 307
237 306
236 305
236 309
236 304
236 313
236 314
237 315
237 316
238 317
238 318
239 319
240 320
240 321
243 320
243 321
244 312
236 308
236 317
236 318
236 319
237 320
237 321
239 309
239 318
240 301
241 300
242 301
241 299
239 300
238 300
238 299
238 298
237 297
237 301
237 302
238 303
238 304
236 300
237 296
238 295
238 294
237 293
237 292
236 295
236 299
235 298
234 297
234 296
233 295
233 294
234 293
235 293
234 292
232 293
237 291
238 290
238 289
237 288
237 287
283 330
236 286
236 290
235 289
234 288
234 287
240 310
240 311
240 319
241 318
243 315
233 289
233 290
236 285
233 298
233 299
233 300
234 301
234 302
233 303
233 304
232 302
231 301
230 300
231 300
230 299
229 298
229 297
229 301
229 302
229 303
230 304
230 305
231 305
230 303
229 306
229 307
230 308
230 309
231 310
232 311
232 312
233 313
233 314
234 315
229 296
230 295
231 296
230 294
229 293
229 292
228 300
232 297
232 306
232 307
233 308
233 309
232 315
232 316
233 317
233 318
233 319
234 320
246 317
236 294
236 303
235 307
234 306
266 322
258 318
269 318
235 316
247 318
247 319
248 320
248 321
249 322
277 331
266 331
250 314
269 327
258 327
258 328
259 329
259 330
260 331
250 323
250 324
251 325
251 326
252 327
252 328
252 326
251 329
251 330
251 331
252 332
252 331
250 328
249 327
269 336
250 332
249 331
250 333
251 334
280 333
239 295
228 295
227 294
226 293
225 293
226 292
225 291
225 290
226 291
224 293
223 292
223 291
225 294
225 295
226 296
226 297
227 298
226 298
258 331
257 331
256 330
256 329
255 328
255 327
254 326
225 299
225 300
226 301
226 302
227 303
224 298
223 297
223 296
222 295
222 294
222 298
222 299
222 300
223 301
221 298
221 293
258 332
258 333
259 334
259 335
260 336
259 337
259 338
258 338
259 339
258 337
221 297
224 302
225 303
225 304
225 305
226 306
226 307
225 308
225 309
226 310
226 311
226 312
225 313
224 312
224 307
223 306
223 305
222 304
222 303
221 302
224 311
223 310
222 309
222 308
221 307
221 306
220 305
219 304
219 303
218 302
218 301
218 305
218 306
218 307
219 308
217 305
216 305
217 300
217 304
216 303
215 302
215 301
214 300
214 299
214 303
213 302
217 299
217 308
217 309
217 310
218 311
219 312
218 310
227 312
228 312
229 312
230 313
230 314
229 311
229 315
228 314
258 336
259 310
258 309
257 308
239 304
228 304
270 319
272 338
273 339
228 313
251 315
251 316
251 317
252 318
252 317
239 313
262 315
220 309
240 296
240 297
261 328
284 330
285 331
286 330
287 331
286 329
232 292
231 291
240 305
232 301
221 301
220 300
219 299
219 298
218 297
217 296
218 296
219 295
261 337
224 297
253 333
243 310
232 310
221 310
221 311
221 312
224 306
231 314
254 316
265 316
273 329
246 312
254 325
253 324
252 323
252 322
251 321
251 320
250 319
249 318
249 317
248 316
248 315
247 314
265 325
225 289
236 289
288 327
273 338
246 321
265 334
254 334
255 333
256 334
255 332
265 343
266 308
267 307
265 307
235 302
266 317
266 318
216 298
258 313
247 313
277 326
279 345
227 307
250 309
258 322
235 320
247 322
250 318
269 331
250 327
280 328
239 290
257 335
239 299
228 299
268 335
272 333
220 295
239 308
262 310
251 310
252 309
253 310
252 308
251 307
252 307
228 308
228 309
260 340
272 342
220 304
239 317
261 314
261 323
284 325
240 300
253 319
242 319
221 296
261 332
232 296
224 292
253 328
261 341
261 342
213 301
224 301
231 309
265 311
254 311
273 324
246 307
265 320
254 320
273 333
246 316
254 329
254 330
265 329
235 288
265 338
235 297
227 293
247 308
235 306
258 308
276 344
264 342
216 302
227 302
235 315
247 317
258 317
250 313
227 311
216 311
216 312
217 313
217 314
217 315
216 316
227 314
250 322
257 321
257 330
268 330
280 332
239 294
228 294
260 326
272 328
249 326
228 303
268 339
239 303
272 337
220 299
260 335
239 312
220 308
261 309
242 305
261 318
242 314
253 314
232 291
284 329
261 327
234 310
234 311
235 311
253 323
261 336
234 319
253 332
224 296
231 295
231 304
223 300
254 315
265 315
231 313
246 311
223 309
265 324
254 324
246 320
235 292
276 330
287 330
279 326
264 337
235 301
227 297
256 333
235 310
276 348
275 348
274 347
274 346
273 348
273 349
274 350
274 351
276 349
275 347
279 344
227 306
216 306
250 308
235 319
216 315
260 321
268 316
257 316
238 312
268 325
280 327
238 321
249 321
272 323
239 298
228 298
257 334
268 334
241 317
260 330
249 330
220 294
272 332
268 343
260 339
220 303
272 341
242 300
261 313
242 309
219 307
253 309
261 322
284 324
234 305
242 318
253 318
261 331
234 314
222 312
253 327
283 328
231 299
223 295
275 333
254 310
231 308
265 310
275 342
223 304
265 319
215 300
267 338
275 351
246 315
287 325
276 325
264 323
235 287
264 332
276 334
235 296
279 330
227 292
256 328
264 341
276 343
235 305
227 301
216 301
216 310
227 310
257 311
249 307
238 307
249 316
238 316
257 329
239 293
240 292
241 312
230 312
249 325
268 338
241 321
272 336
260 334
234 291
271 340
219 302
234 300
219 311
242 313
274 345
234 309
222 307
253 322
234 318
231 294
286 328
223 290
231 303
223 299
231 312
223 308
246 310
275 346
267 342
215 304
245 314
287 329
235 291
235 300
237 319
248 319
227 296
256 332
238 293
238 302
230 298
278 347
249 311
238 311
230 307
241 307
238 320
249 320
257 333
241 316
218 314
260 329
249 329
290 330
291 329
291 328
290 327
290 326
289 325
289 324
290 323
291 324
290 322
290 321
288 323
287 322
292 325
293 326
294 325
293 327
295 326
296 327
288 322
291 323
292 324
291 327
291 322
292 321
292 320
292 319
291 326
260 338
234 286
271 335
219 297
261 312
222 293
263 331
234 295
242 308
219 306
271 344
253 308
263 340
222 302
234 304
274 340
242 317
253 317
274 349
222 311
234 313
283 327
286 323
252 321
231 298
267 319
275 332
252 330
223 294
231 307
275 341
223 303
267 337
215 299
275 350
264 313
256 309
245 309
287 324
276 324
264 322
235 286
226 305
237 305
245 318
256 318
264 331
237 314
248 314
279 329
256 327
229 310
264 340
248 323
238 288
256 336
238 297
257 310
230 293
238 306
257 319
268 319
230 302
218 300
241 302
238 315
260 315
249 315
241 311
230 311
218 309
260 324
249 324
290 325
241 320
271 321
271 330
261 307
234 290
263 326
274 326
219 301
271 339
263 335
222 297
234 299
219 310
255 331
222 306
274 344
234 308
252 316
283 331
231 293
267 314
233 312
275 327
252 325
223 289
286 327
244 321
267 323
223 298
252 334
267 332
264 308
215 303
267 341
264 317
226 300
237 300
245 313
264 326
248 309
237 309
226 309
278 346
256 322
229 305
248 318
237 318
256 331
229 314
238 292
278 328
289 328
238 301
257 314
218 295
230 297
270 333
259 333
249 310
238 310
260 310
270 342
241 306
230 306
218 304
260 319
290 320
262 338
230 315
241 315
218 313
290 329
263 312
282 325
293 325
263 321
271 334
219 296
255 317
274 330
263 330
222 292
234 294
271 343
219 305
255 326
274 339
222 301
263 339
222 310
274 348
252 311
283 326
294 326
244 307
233 307
267 309
252 320
267 318
233 316
244 316
275 331
286 331
252 329
236 312
225 312
267 327
236 321
237 286
267 336
217 317
264 312
237 295
226 295
256 308
245 308
264 321
237 304
214 302
266 340
226 304
256 317
245 317
229 300
248 313
226 313
237 313
256 326
229 309
248 322
238 287
289 323
259 319
278 332
238 296
259 328
230 292
270 328
281 328
238 305
262 324
251 324
270 337
241 301
230 301
218 299
262 333
251 333
241 310
218 308
262 342
290 324
263 307
271 320
263 316
240 314
282 329
255 312
274 325
263 325
234 289
271 338
243 319
274 334
263 334
222 296
255 330
233 293
263 343
274 343
233 302
252 315
236 298
225 298
233 311
267 313
273 347
244 311
286 326
252 324
225 307
236 307
267 322
244 320
217 303
252 333
236 316
285 330
217 312
264 307
237 290
226 299
266 335
237 299
256 312
245 312
229 295
277 344
237 308
226 308
248 308
269 340
229 304
237 317
248 317
229 313
259 314
289 327
278 327
238 291
259 323
262 319
251 319
281 332
230 296
259 332
270 332
278 345
262 328
251 328
218 303
270 341
262 337
218 312
290 328
240 309
271 324
282 324
293 324
221 305
232 305
263 320
240 318
255 316
232 314
243 314
222 291
263 329
274 329
224 310
255 325
233 288
296 326
255 334
233 297
252 310
288 331
236 293
267 308
233 306
273 342
252 319
236 302
225 302
233 315
267 317
244 315
217 298
225 311
236 311
285 325
217 307
297 327
298 327
298 326
299 327
300 326
301 327
299 326
302 327
301 326
302 326
236 320
237 285
266 321
217 316
226 294
266 330
237 294
277 330
258 326
269 326
214 301
266 339
237 303
226 303
258 335
269 335
229 299
277 348
250 331
229 308
259 309
289 322
259 318
289 331
278 331
262 314
251 314
259 327
281 327
270 327
262 323
239 321
251 323
218 298
270 336
259 336
251 332
262 332
240 295
262 341
240 304
232 300
221 300
240 313
243 309
232 309
221 309
225 297
224 305
243 318
255 329
233 292
288 326
236 288
273 337
233 301
254 333
236 297
244 310
233 310
273 346
225 306
265 342
236 306
266 307
217 302
236 315
266 316
217 311
285 329
247 312
237 289
300 327
247 321
237 298
250 317
229 294
258 330
266 343
277 343
250 326
269 339
289 326
228 307
251 309
239 307
239 316
251 318
259 331
220 312
272 350
251 327
292 328
262 336
240 299
221 295
232 295
240 308
224 291
232 304
261 340
221 304
240 317
224 300
213 300
232 313
243 313
224 309
288 321
273 332
233 296
225 292
236 292
254 328
288 330
233 305
273 341
225 301
236 301
265 337
273 350
217 297
236 310
225 310
266 311
285 324
217 306
297 326
258 307
247 307
266 320
258 316
235 314
247 316
277 329
250 312
258 325
266 338
250 321
269 334
258 334
250 330
228 293
269 343
259 308
289 321
239 302
228 302
259 317
220 298
262 313
239 311
228 311
251 313
281 326
220 307
272 345
239 320
251 322
262 322
292 323
240 294
284 328
232 290
240 303
261 335
232 299
221 299
240 312
224 295
253 331
243 308
232 308
221 308
224 304
243 317
232 317
254 314
265 314
273 327
233 291
265 323
288 325
254 323
236 287
273 336
246 319
254 332
265 332
225 296
236 296
273 345
265 341
217 301
266 315
285 328
235 309
258 311
247 311
276 347
266 324
227 305
250 307
247 320
235 318
258 320
269 320
277 333
250 316
216 314
269 329
258 329
250 325
280 326
228 297
239 297
259 312
272 331
239 306
228 306
262 308
251 308
268 342
220 302
272 340
262 317
239 315
220 311
272 349
292 327
303 327
304 327
284 323
261 321
240 298
232 294
221 294
284 332
261 330
253 326
224 290
232 303
221 303
261 339
224 299
224 308
265 309
254 309
305 327
254 318
265 318
273 331
246 314
223 312
236 291
254 327
288 329
273 340
265 336
276 333
235 295
266 310
276 342
235 304
266 319
227 300
216 300
247 315
235 313
258 315
250 311
227 309
258 324
216 318
216 319
250 320
291 321
250 329
257 328
280 330
257 332
228 292
239 292
272 326
239 301
228 301
268 337
257 337
272 335
220 297
260 333
239 310
228 310
220 306
272 344
292 322
261 316
240 293
242 312
253 312
261 325
284 327
253 321
242 321
261 334
232 298
234 317
253 330
224 294
224 303
231 302
254 313
265 313
231 311
273 326
223 307
275 345
246 309
288 324
254 322
265 322
246 318
265 331
254 331
235 290
287 328
276 328
264 335
235 299
279 333
227 295
247 310
235 308
276 346
258 310
216 304
227 304
235 317
250 315
227 313
216 313
291 325
280 325
257 323
249 319
238 319
228 296
268 332
239 296
272 330
249 328
260 328
268 341
228 305
239 305
260 337
220 301
272 339
220 310
261 311
292 326
242 307
261 320
234 303
253 316
242 316
284 331
261 329
234 312
224 289
253 325
261 338
253 334
231 297
223 293
265 308
254 308
231 306
275 340
223 302
231 315
265 317
254 317
223 311
246 313
275 349
287 323
235 285
276 332
235 294
264 330
279 328
264 339
276 341
235 303
227 299
256 335
216 299
276 350
235 312
227 308
257 309
239 291
280 329
230 310
216 317
268 318
257 318
291 320
260 314
238 314
249 314
268 327
257 327
260 323
249 323
272 325
268 336
257 336
241 319
260 332
272 334
220 296
219 300
261 315
234 298
253 311
242 311
219 309
261 324
222 305
234 307
234 316
253 329
231 292
242 320
