893 654
894 653
895 653
896 654
896 653
894 654
897 652
898 652
892 654
891 655
890 654
889 655
897 653
896 651
895 650
894 651
897 650
898 649
899 653
900 652
899 650
900 649
901 650
888 656
888 657
902 649
901 653
903 650
903 651
904 650
902 652
904 649
905 648
906 647
907 646
908 647
907 648
907 645
893 655
893 656
892 657
906 646
903 653
893 652
892 651
891 652
887 655
886 656
887 654
888 653
895 649
894 648
893 658
895 655
895 656
896 657
897 656
888 654
898 648
895 652
898 651
895 658
900 648
890 653
898 654
900 651
890 656
890 657
892 653
889 654
891 657
892 656
905 647
904 646
903 647
891 654
896 650
905 650
897 649
907 647
894 656
899 649
902 648
888 655
896 656
897 655
899 652
902 651
901 649
887 656
904 648
893 651
901 652
903 649
906 648
903 652
895 651
906 645
893 657
895 654
898 653
900 650
898 650
900 653
889 653
889 656
891 653
905 646
890 655
892 652
891 656
905 649
894 655
892 655
894 652
897 651
896 649
899 648
896 655
897 654
896 652
899 651
901 648
897 657
902 653
901 651
903 648
902 650
904 647
893 653
