95 257
94 258
93 259
95 258
96 259
96 258
94 257
93 256
92 257
91 258
97 258
91 257
92 256
94 259
93 257
92 259
91 260
94 256
90 258
89 257
96 256
98 259
88 258
87 257
86 258
99 258
100 257
101 258
102 257
103 258
104 258
105 259
106 258
107 259
108 258
104 257
101 259
86 257
97 257
109 259
110 258
87 256
89 259
89 260
111 259
100 259
87 259
87 260
86 260
89 256
91 259
102 259
92 258
91 256
105 258
88 257
107 258
99 257
88 260
98 258
101 257
90 257
90 260
104 259
103 257
95 259
106 259
95 256
86 259
97 259
110 259
89 258
100 258
97 256
102 258
93 258
96 257
85 260
99 259
98 257
103 259
108 259
88 256
90 259
88 259
90 256
87 258
109 258
