887 569
886 570
885 569
887 570
885 568
884 567
883 566
882 567
881 566
880 567
888 568
889 567
888 571
887 572
879 568
885 566
884 570
883 569
882 570
881 569
880 570
879 571
878 570
886 568
877 571
876 570
886 567
887 566
888 565
875 570
876 569
877 568
890 568
880 569
891 569
882 566
877 570
888 570
884 566
885 565
884 564
886 572
885 572
884 573
883 572
882 573
883 574
882 575
884 575
885 574
876 571
878 568
880 571
882 568
883 567
883 576
882 577
881 577
880 576
880 578
881 579
884 568
886 565
885 567
884 577
885 576
881 572
880 573
882 579
883 578
879 574
878 573
878 575
885 578
886 579
887 578
888 577
887 576
889 576
890 575
891 576
889 574
889 569
880 566
879 565
878 566
880 564
881 565
882 564
882 563
883 562
882 561
883 560
882 559
884 559
885 558
884 561
886 558
885 560
886 561
887 560
888 559
888 561
889 560
890 559
890 561
891 562
892 562
893 562
894 561
893 560
894 559
895 559
890 563
891 564
894 563
895 564
896 563
897 562
898 563
896 565
897 564
895 566
894 566
893 567
894 568
893 569
898 565
898 566
894 570
896 567
897 566
893 571
895 568
896 560
894 572
894 573
895 573
896 572
897 571
897 573
892 572
891 571
892 571
891 573
897 568
898 568
899 568
899 565
893 564
895 561
893 573
895 570
898 572
894 565
892 565
891 566
889 578
889 579
880 575
891 575
888 558
890 577
891 578
897 563
882 572
881 574
892 574
883 571
897 570
883 580
887 562
886 563
888 563
896 574
895 575
894 575
893 576
895 571
894 577
893 578
897 575
895 577
887 571
879 567
893 566
884 563
895 563
886 560
888 579
885 562
879 576
878 577
893 575
884 572
895 572
885 571
876 568
878 565
884 580
880 568
881 562
880 562
885 579
885 580
889 562
891 559
892 558
891 557
898 574
889 571
891 568
890 566
882 565
890 570
892 567
881 567
883 564
880 577
891 577
890 579
882 574
881 576
892 576
883 573
887 564
893 559
896 576
887 573
877 572
876 573
876 574
876 575
888 572
879 569
893 568
884 565
895 565
885 564
879 578
893 577
885 573
898 567
889 564
880 561
880 560
891 561
892 560
881 560
886 574
889 573
891 570
890 572
892 569
880 579
891 579
881 578
892 578
883 575
887 557
896 569
877 565
876 565
876 566
879 562
878 562
878 563
893 561
884 558
887 575
888 574
877 574
893 570
885 575
889 557
898 569
899 570
889 566
891 563
880 563
882 560
890 565
884 579
886 576
883 559
889 575
891 572
878 567
880 572
881 563
890 574
878 572
881 571
883 568
896 562
883 577
887 559
894 574
896 571
887 568
888 567
877 567
899 567
879 564
893 563
895 560
887 577
877 576
888 576
885 559
879 573
889 559
890 558
881 564
875 569
886 569
898 571
889 568
891 565
880 565
890 567
892 564
883 561
886 578
889 577
878 574
890 576
892 573
881 573
883 570
894 567
896 564
887 561
888 560
894 576
896 573
897 572
888 569
877 569
899 569
879 566
893 565
887 579
888 578
885 561
879 575
886 562
898 564
889 561
891 558
890 560
895 574
884 574
898 573
886 571
889 570
891 567
890 569
892 566
883 563
886 580
890 578
878 576
894 560
881 575
892 575
894 569
896 566
887 563
897 565
888 562
882 576
893 558
896 575
897 574
899 571
885 563
879 577
895 567
886 564
889 563
891 560
890 562
881 559
892 559
895 576
884 576
886 573
889 572
876 572
890 571
878 569
892 568
881 568
883 565
892 577
894 562
882 569
894 571
896 568
887 565
897 567
888 564
877 564
882 578
887 574
877 573
888 573
879 570
884 560
893 572
884 569
895 569
886 566
889 565
890 564
884 578
881 561
892 561
886 575
883 558
885 577
880 574
876 567
878 571
890 573
881 570
892 570
882 562
894 564
896 561
887 558
888 557
891 574
882 571
896 570
887 567
897 569
877 566
899 566
888 566
879 563
883 579
877 575
888 575
879 572
884 562
895 562
886 559
889 558
884 571
893 574
890 557
898 570
885 570
878 564
892 563
886 577
