323 320
324 321
324 322
323 323
325 322
326 322
325 320
326 319
327 323
328 322
329 321
325 323
327 320
328 319
329 318
330 319
331 318
330 322
331 321
332 319
333 319
334 320
335 321
336 320
337 319
338 318
323 322
337 321
339 319
340 318
338 320
333 318
329 317
328 316
329 315
327 317
340 317
339 316
340 315
336 322
335 323
334 323
327 319
326 321
332 318
323 324
324 323
329 319
334 318
325 324
327 321
326 323
330 323
329 324
332 320
338 315
337 314
336 313
335 312
335 314
338 313
336 315
335 316
334 316
337 316
324 325
323 326
328 325
327 326
329 326
335 318
336 317
326 316
325 315
326 314
325 313
324 316
323 315
323 317
325 317
327 314
325 326
326 325
341 316
342 315
330 316
331 316
330 325
332 322
323 319
322 321
321 320
320 321
319 322
321 322
321 323
333 321
324 318
338 317
329 314
339 318
328 318
342 317
343 316
334 313
333 314
332 313
331 314
331 323
320 323
319 324
318 324
317 325
316 326
315 325
315 327
318 326
316 328
314 328
313 328
317 327
319 326
313 327
312 326
311 325
313 325
311 327
310 328
315 324
314 323
313 323
315 322
316 321
315 320
316 319
315 318
316 317
315 316
317 316
318 315
318 317
317 318
319 315
320 314
318 319
317 320
319 317
317 322
319 319
315 315
314 314
316 314
317 313
318 314
334 322
325 319
336 319
327 316
316 316
326 318
314 316
313 316
312 317
311 318
310 319
312 319
310 317
313 318
311 320
310 321
309 321
308 322
307 321
306 322
319 320
307 323
306 324
308 324
305 321
304 320
305 319
304 318
303 321
302 320
302 319
302 318
301 317
300 318
309 325
299 319
298 320
301 319
299 321
300 320
298 322
297 322
296 321
318 316
296 323
302 322
301 318
300 322
304 322
306 319
307 318
308 317
316 315
303 323
308 319
310 326
306 321
297 323
305 323
322 319
321 318
307 320
309 323
302 317
311 328
308 320
317 315
311 329
311 330
312 331
313 330
311 332
310 333
309 334
309 335
308 333
309 332
312 328
321 315
332 315
321 324
321 325
332 324
332 325
324 320
310 324
308 331
313 320
313 321
313 329
344 316
307 330
306 331
305 330
325 312
336 312
325 321
336 321
317 317
329 325
321 321
307 332
305 322
306 333
305 333
305 334
305 335
306 335
317 326
308 335
328 313
320 318
309 318
320 327
312 323
301 323
312 332
321 319
313 315
312 314
324 315
321 328
313 324
324 324
304 334
305 320
302 323
303 335
335 320
327 325
316 325
318 320
302 336
301 336
308 321
300 336
311 323
304 335
309 322
321 327
307 334
327 312
316 324
314 321
311 334
329 312
310 335
328 326
299 335
300 334
299 333
335 319
323 327
328 323
301 333
312 327
327 324
304 331
303 330
302 331
301 331
300 330
302 333
300 331
324 313
323 313
324 314
325 325
317 314
337 315
307 336
298 333
301 322
309 330
314 322
301 335
299 322
317 323
303 332
304 333
305 332
326 327
314 325
317 324
319 321
295 321
302 335
303 334
300 317
330 318
322 314
323 321
322 323
333 323
338 319
315 317
304 317
297 333
296 332
295 331
296 330
297 330
312 315
294 332
297 331
333 316
309 326
295 333
294 334
294 335
307 335
293 335
292 335
296 334
296 335
334 321
298 331
295 335
292 334
292 333
294 331
312 322
319 314
330 317
295 330
310 330
299 330
315 326
307 322
296 322
298 319
328 320
291 335
293 332
320 316
296 331
309 316
309 315
309 314
308 315
310 314
297 320
307 331
322 317
311 313
310 312
309 312
334 315
318 328
331 325
320 325
334 324
311 322
312 321
301 321
314 318
326 320
303 318
311 331
308 314
301 330
312 330
314 327
303 336
330 320
294 333
332 317
321 317
323 314
295 332
322 316
321 326
299 323
310 323
322 325
333 325
313 322
315 319
304 319
297 335
305 318
299 332
310 332
315 328
307 324
318 321
293 334
307 333
334 317
311 315
325 314
336 314
326 313
311 324
302 321
314 320
303 320
317 319
311 333
301 332
314 329
330 313
316 323
323 316
295 334
322 318
310 316
338 314
319 328
322 327
310 325
315 321
304 321
307 317
310 334
299 334
337 318
300 333
332 314
339 315
328 315
341 317
328 324
326 326
326 317
332 323
308 323
318 323
329 323
309 320
320 320
331 320
334 319
311 317
312 316
301 316
306 330
326 315
309 329
311 326
312 325
326 324
303 322
311 335
298 335
301 334
303 331
341 315
330 315
330 324
332 321
297 321
322 320
333 320
310 318
324 317
313 317
315 314
308 330
310 327
324 326
313 326
307 319
337 320
300 335
328 317
339 317
342 316
329 316
340 316
305 331
309 313
331 313
334 312
306 323
318 325
331 322
320 322
311 319
302 316
312 318
314 315
306 332
309 331
335 313
314 324
335 322
316 318
327 318
303 333
321 314
322 313
333 313
316 327
319 323
322 322
299 320
310 320
333 322
313 319
324 319
300 319
297 332
308 332
310 329
337 313
291 334
318 318
301 320
343 317
331 315
320 315
334 314
318 327
320 324
331 324
309 324
311 321
298 321
312 320
314 317
306 334
303 317
309 333
335 315
296 333
298 330
312 329
314 326
295 322
316 320
332 316
321 316
308 316
319 316
333 315
322 315
310 313
302 330
317 328
319 325
308 325
310 322
322 324
333 324
300 321
308 334
297 334
310 331
299 331
328 312
323 325
328 321
298 323
293 333
306 318
329 320
331 317
309 317
320 317
311 314
312 313
326 312
320 326
306 336
303 319
314 319
335 317
298 332
325 316
336 316
316 313
327 313
327 322
316 322
330 321
317 321
308 318
319 318
302 332
310 315
333 317
313 314
319 327
322 326
300 323
308 336
323 318
337 317
339 314
328 314
300 332
338 316
329 313
304 323
315 323
318 322
329 322
306 320
309 319
320 319
331 319
311 316
304 332
320 328
312 324
298 334
325 318
336 318
327 315
330 314
302 334
300 316
325 327
308 329
