616 517
615 518
614 518
616 518
617 519
613 519
612 520
611 519
615 516
616 515
614 515
613 516
612 517
615 519
618 518
617 516
618 515
619 516
620 515
611 518
610 517
609 518
608 517
607 518
619 519
620 519
621 520
622 519
623 520
623 521
624 522
625 521
623 523
614 514
625 523
616 520
608 516
621 519
612 516
613 515
612 514
615 521
614 521
613 522
612 523
611 522
610 523
611 524
614 523
612 525
613 524
610 516
611 517
614 516
611 526
614 525
608 518
621 521
612 518
622 520
613 517
615 514
616 513
615 512
614 512
616 511
615 510
612 527
613 526
615 523
610 518
617 517
619 514
618 513
620 522
619 521
619 523
609 522
608 523
611 528
614 527
615 528
616 527
617 526
607 524
608 525
606 523
621 523
622 522
613 528
615 525
626 522
627 523
628 524
627 525
628 526
609 515
608 514
610 514
618 525
619 526
617 524
617 528
617 529
614 511
613 510
612 509
611 510
610 509
612 511
610 511
611 512
619 525
618 527
619 528
620 529
621 528
622 527
621 526
619 530
621 530
623 527
609 511
622 529
620 531
608 511
621 532
623 529
622 531
623 532
624 531
625 530
625 532
626 529
627 530
628 531
627 532
628 533
629 534
630 533
631 532
630 531
631 530
630 529
631 528
632 528
633 529
632 530
628 535
631 534
632 535
633 534
634 533
635 533
634 530
630 535
610 521
632 532
626 531
608 512
631 527
630 526
629 527
628 528
620 524
609 524
611 521
614 520
608 513
634 532
606 525
606 526
624 524
623 525
625 525
624 533
625 534
626 534
621 516
621 517
612 513
616 529
613 512
607 526
630 528
621 525
623 522
612 522
622 524
613 521
632 534
622 533
617 512
615 527
609 508
609 507
609 506
608 505
607 506
625 528
608 507
607 508
610 507
608 509
606 505
606 504
605 506
625 527
606 507
626 524
617 521
619 518
618 520
620 517
609 517
611 514
626 533
614 513
617 530
628 530
619 527
629 529
618 529
609 526
609 527
620 526
608 506
611 523
610 525
607 510
624 526
616 522
605 522
606 521
607 519
608 520
621 518
612 515
613 514
615 511
630 530
621 527
608 527
622 526
613 523
615 520
617 514
609 510
626 526
611 507
617 523
619 520
618 522
609 519
611 516
628 532
619 529
627 534
629 531
620 528
611 525
610 527
633 531
624 528
612 508
605 524
616 524
607 521
630 532
615 513
622 528
613 525
635 531
612 529
609 512
611 509
626 528
617 525
628 525
627 527
619 517
619 522
618 524
620 521
609 521
610 520
628 534
629 533
620 530
611 527
607 505
624 521
633 533
624 530
614 529
625 529
616 526
613 509
607 523
608 522
622 521
613 518
622 530
609 505
626 521
617 518
619 515
618 517
609 514
623 531
626 530
611 511
617 527
610 513
628 527
627 529
618 526
629 526
620 523
609 523
611 520
610 522
629 535
620 532
631 529
607 507
624 523
614 522
625 522
616 519
624 532
634 534
608 515
625 531
613 511
616 528
630 527
607 525
608 524
622 523
613 520
622 532
612 524
623 524
626 523
610 506
617 520
627 522
618 519
609 516
620 516
627 524
623 533
611 513
626 532
628 529
610 515
627 531
615 529
629 528
618 528
620 525
609 525
610 524
631 531
616 512
607 509
624 525
608 508
625 524
614 524
616 521
605 521
606 520
624 534
617 522
625 533
610 508
613 513
608 526
622 525
617 513
632 529
621 529
612 526
623 526
609 509
626 525
615 522
618 521
620 518
611 515
627 533
629 530
618 530
620 527
610 526
605 505
614 517
631 533
619 531
616 514
633 530
607 511
624 527
608 510
625 526
614 526
616 523
605 523
607 520
606 522
608 519
622 518
612 510
621 522
623 519
612 519
617 515
615 515
630 534
621 531
618 514
632 531
612 528
623 528
626 527
611 508
610 510
613 527
627 526
615 524
618 523
609 520
620 520
610 519
629 532
610 528
614 510
619 524
607 504
606 506
624 520
614 519
631 535
616 516
633 532
624 529
611 529
634 531
614 528
616 525
607 522
606 524
608 521
612 512
621 524
612 521
615 517
632 533
618 516
635 532
623 530
629 525
609 513
610 512
613 529
627 528
615 526
