619 559
618 560
619 561
617 560
616 560
615 559
618 558
618 561
620 558
621 557
617 559
619 562
620 561
621 560
622 559
623 560
617 562
624 561
614 560
613 559
625 560
626 559
627 558
628 559
629 558
630 557
631 556
630 556
629 555
628 556
622 561
613 558
623 562
626 561
628 558
617 558
616 557
617 556
618 555
627 560
619 555
618 557
629 557
620 554
619 553
620 552
621 553
622 552
620 563
624 563
625 562
616 559
630 558
622 554
622 563
623 564
626 563
628 560
627 562
615 560
618 559
629 559
620 556
624 565
625 564
616 561
622 556
623 557
624 556
625 555
624 554
626 554
627 553
626 552
626 556
628 553
627 555
629 552
628 551
618 552
617 553
623 566
615 562
614 562
629 561
631 555
624 558
614 557
613 556
625 557
630 553
616 563
621 562
623 559
626 558
628 555
627 557
629 554
618 554
620 551
618 563
631 557
619 564
624 560
614 559
625 559
616 556
622 551
623 550
622 549
624 551
624 552
621 555
632 555
623 552
626 551
621 564
623 561
626 560
613 560
615 557
627 559
629 556
618 556
620 553
619 557
631 559
632 560
633 559
633 561
634 560
635 559
636 560
637 559
638 560
632 562
631 562
630 563
635 561
637 558
629 563
633 563
633 564
634 562
637 560
633 556
633 557
624 553
625 552
633 565
624 562
614 561
625 561
616 558
621 548
620 549
630 560
632 557
623 554
626 553
627 552
623 563
622 565
627 561
619 550
628 562
631 561
633 558
624 555
634 557
625 554
625 563
621 550
630 562
632 559
621 559
635 558
623 556
622 558
627 554
629 551
623 565
615 561
627 563
636 559
617 555
631 554
619 552
631 563
633 560
620 560
634 559
625 556
614 556
630 555
621 552
623 549
632 561
621 561
623 558
622 560
618 553
613 557
627 556
615 563
617 557
628 557
619 554
619 563
621 554
632 554
623 551
622 553
621 563
632 563
622 562
615 556
626 562
631 558
619 556
633 555
620 555
625 551
620 564
634 563
624 564
621 547
630 559
621 556
632 556
623 553
622 555
627 551
621 565
622 564
613 561
615 558
626 555
628 552
628 561
617 561
619 558
631 560
629 560
620 557
634 556
625 553
624 557
630 552
624 566
621 549
622 548
616 562
630 561
621 558
632 558
623 555
622 557
636 558
635 560
626 557
617 554
628 554
619 551
631 553
629 553
620 550
617 563
628 563
619 560
629 562
618 562
620 559
634 558
620 562
634 561
625 558
624 550
614 558
633 562
624 559
616 555
630 554
621 551
622 550
