489 295
488 296
489 296
490 297
491 297
488 294
488 293
490 296
487 294
487 297
486 298
485 297
484 298
486 295
485 294
484 295
489 294
490 293
489 297
491 294
492 293
493 292
494 291
495 292
494 290
493 289
495 289
495 288
495 293
494 294
493 295
492 296
494 293
493 288
490 298
493 297
484 294
483 293
484 292
485 291
482 294
481 293
480 292
480 294
481 295
495 294
486 291
485 293
487 290
486 289
487 288
488 289
487 299
489 293
491 299
482 296
492 298
494 295
483 295
479 291
493 290
495 287
494 286
493 286
495 285
496 284
495 283
497 283
497 285
490 300
489 300
493 299
494 300
495 301
494 302
495 303
494 304
493 304
492 305
491 306
490 305
490 307
493 306
491 308
492 307
481 297
484 296
495 296
485 295
487 292
490 309
489 309
488 310
489 311
488 312
487 313
486 312
485 311
493 308
494 309
495 310
494 311
485 313
491 292
492 291
491 290
494 288
489 304
488 303
489 302
491 301
482 298
492 300
494 297
483 297
486 314
487 315
489 313
490 314
491 313
492 312
493 313
491 315
492 314
490 316
489 316
488 317
493 315
494 313
491 310
492 309
494 306
496 300
497 299
498 300
497 301
498 302
479 293
478 294
477 293
476 292
475 291
474 290
475 289
476 288
489 307
473 291
474 292
485 288
493 301
481 299
484 310
496 293
497 294
496 302
488 298
496 311
496 312
488 307
488 316
477 288
478 289
489 290
489 291
492 286
489 299
492 295
489 308
492 304
492 313
493 287
493 296
481 294
485 292
473 290
495 305
495 314
484 314
487 310
496 288
497 289
496 297
496 306
496 307
497 308
488 302
499 302
480 298
488 311
477 292
492 290
489 303
500 303
500 304
492 299
492 308
491 312
485 287
481 298
484 291
495 300
487 296
495 309
484 309
496 283
487 314
496 292
488 288
496 301
488 297
496 310
480 293
488 306
487 305
488 315
477 287
489 289
492 285
492 294
491 307
494 312
473 289
495 286
484 286
495 295
476 291
487 291
495 304
487 300
484 313
483 312
495 313
487 309
496 287
487 318
496 296
488 292
488 301
499 301
500 300
501 301
500 299
499 298
499 297
480 297
477 291
492 289
491 293
502 302
491 302
494 298
483 298
491 311
494 307
484 290
495 290
503 303
503 304
476 286
495 299
484 299
484 300
487 295
495 308
484 308
483 307
487 304
496 282
495 281
496 291
488 287
489 286
489 285
488 284
488 283
489 284
487 286
499 296
500 295
501 296
500 294
499 293
499 292
498 309
477 286
478 285
491 288
502 297
483 311
482 310
484 285
485 284
486 284
485 283
483 284
503 298
504 297
504 296
503 295
503 299
503 300
504 301
503 294
502 293
501 292
501 291
500 290
500 289
499 288
499 287
500 286
501 287
500 285
500 284
501 283
501 282
500 281
500 280
499 279
499 283
499 278
502 288
503 289
504 288
505 289
504 287
503 290
506 290
507 291
508 290
508 289
507 288
507 292
507 293
508 294
508 295
507 287
506 286
507 296
507 297
508 298
508 299
506 295
505 294
506 285
505 284
504 283
504 282
503 281
503 280
504 279
505 280
504 278
504 277
503 276
506 281
507 282
508 281
509 282
508 280
507 283
508 284
508 285
508 279
507 278
506 294
476 290
507 277
508 276
509 277
508 275
507 274
507 273
506 276
505 275
504 274
504 273
487 308
488 282
489 281
489 280
488 279
488 278
487 277
487 281
486 280
485 279
486 279
485 278
499 282
498 295
502 283
502 292
472 288
502 301
475 293
503 275
502 274
501 274
501 273
500 272
500 271
501 272
500 275
500 276
501 277
501 278
499 274
499 273
498 272
497 271
483 306
482 305
481 304
480 303
481 303
484 305
485 306
480 302
484 304
483 303
483 302
484 303
485 302
503 284
503 285
483 315
483 316
483 317
484 318
484 319
483 320
506 280
484 280
484 281
483 279
482 278
482 277
481 276
481 275
481 279
481 280
481 281
482 282
480 279
480 274
480 278
479 277
478 276
478 275
477 274
477 273
477 277
477 278
476 277
476 272
477 272
478 271
478 270
477 269
495 280
496 279
497 280
496 278
496 277
497 276
497 275
496 274
496 273
497 290
495 272
495 276
494 279
493 279
493 278
492 277
492 276
493 277
492 280
492 281
493 282
493 283
492 275
493 274
493 273
492 272
492 271
491 279
492 270
493 269
493 268
492 267
492 266
491 274
495 271
476 276
487 276
486 275
485 274
485 273
484 272
484 271
485 270
486 271
486 270
485 269
485 268
484 267
483 268
482 269
482 268
481 270
481 271
482 272
482 273
480 270
487 272
488 273
489 272
489 271
488 274
489 275
489 276
490 277
489 270
488 269
480 269
479 268
506 289
484 289
483 288
482 287
481 286
481 285
482 286
480 284
481 284
480 283
480 287
480 288
480 289
481 290
482 291
481 289
487 285
482 319
476 285
475 284
474 283
474 282
473 281
473 280
472 279
506 298
506 299
506 300
507 301
507 302
508 303
508 304
507 305
506 305
507 306
507 307
508 308
506 304
506 308
506 309
507 310
507 311
507 312
508 312
506 313
505 314
506 303
509 305
510 306
511 305
511 304
512 305
482 292
511 303
510 307
511 308
511 309
512 310
510 302
505 312
504 312
503 313
503 314
502 312
501 313
500 313
499 312
499 311
502 311
501 310
500 309
500 308
499 307
499 306
503 312
502 315
498 313
498 314
499 315
502 310
503 309
503 308
502 307
501 306
502 306
476 294
476 295
476 296
477 297
477 296
507 272
496 272
509 291
488 268
489 267
490 268
489 266
487 267
486 266
509 300
499 277
488 277
480 273
509 309
509 310
510 311
486 307
486 316
498 281
510 283
511 284
512 283
510 305
512 282
511 281
511 285
511 286
512 287
511 280
510 279
513 284
514 285
514 286
515 287
515 288
516 289
515 286
498 290
510 292
511 292
512 292
512 291
511 290
511 289
510 293
511 294
511 295
512 296
510 288
513 293
514 294
514 295
515 296
515 297
515 298
516 298
514 299
514 300
515 301
515 302
515 300
513 298
512 298
511 299
511 300
512 301
511 298
510 298
510 297
513 302
513 303
514 304
514 305
515 306
515 307
515 305
514 308
514 309
514 310
515 310
516 309
513 307
514 303
479 286
513 288
490 286
498 299
510 301
479 295
490 295
513 297
510 310
516 303
517 304
518 303
518 302
518 301
517 300
498 308
490 304
513 306
479 304
479 305
480 306
480 307
480 308
481 308
479 309
479 310
480 311
480 312
481 313
478 303
477 302
500 306
477 301
476 300
476 299
475 298
474 297
474 296
473 295
472 294
473 294
472 293
491 269
490 313
479 313
479 314
478 312
477 311
476 310
477 310
476 309
475 308
476 307
477 307
477 306
476 305
477 305
476 304
475 303
475 307
474 306
473 305
473 304
472 303
471 302
470 303
470 304
469 302
468 301
467 302
466 302
466 301
465 300
469 301
470 300
484 277
470 299
469 298
469 297
468 296
465 299
469 296
470 295
470 294
469 293
469 292
517 288
517 287
518 286
519 285
518 284
519 284
465 303
464 303
518 287
471 296
472 297
475 302
468 299
467 303
491 287
483 283
502 296
494 292
505 307
484 284
497 303
487 289
520 286
486 293
510 278
521 287
513 283
479 290
498 303
490 299
502 273
494 269
501 314
493 310
472 287
473 286
474 287
471 286
483 296
475 292
495 270
482 300
487 266
509 290
486 306
478 302
498 280
490 276
513 296
479 303
471 299
512 300
491 277
483 273
494 282
481 312
485 319
505 297
506 274
482 307
470 286
504 306
506 272
474 301
473 300
470 285
473 299
470 284
469 283
497 293
516 306
482 313
474 309
473 309
486 283
478 279
478 280
509 303
508 307
478 315
479 280
498 293
490 289
501 304
493 300
485 296
504 309
505 274
497 270
482 290
474 286
505 310
497 306
517 284
516 284
516 283
509 280
486 296
478 292
498 270
490 266
501 281
505 305
484 279
477 316
512 290
504 286
506 273
507 280
472 285
476 315
472 284
470 293
496 276
489 283
511 310
482 311
477 315
494 303
473 308
485 298
515 283
473 285
476 314
465 304
465 305
466 306
467 307
472 307
476 313
475 312
464 306
466 305
467 306
481 302
473 298
485 309
505 287
516 296
482 303
474 299
486 273
478 269
508 297
480 315
480 316
500 293
479 270
511 302
477 309
469 305
469 306
501 294
512 303
485 286
504 299
463 306
470 306
481 315
514 302
480 317
516 286
505 308
469 307
498 291
479 288
470 308
512 307
510 303
498 310
481 317
522 286
523 287
522 285
471 309
524 287
482 280
466 308
507 309
508 274
499 305
519 283
511 279
512 278
508 310
501 271
492 302
493 267
512 280
504 276
470 283
481 292
473 288
485 299
505 277
497 273
495 312
509 273
474 289
515 290
514 291
515 291
507 286
496 313
488 309
489 274
520 282
519 281
480 305
508 287
500 283
492 279
477 299
469 295
481 269
501 284
471 282
470 281
492 315
493 280
485 276
512 288
490 310
489 282
484 297
515 292
505 276
479 278
519 280
465 309
465 310
516 293
517 294
504 289
470 296
503 293
482 270
473 301
484 316
476 312
496 290
465 311
465 312
465 313
468 308
468 309
515 303
488 286
507 299
480 282
499 295
465 302
477 276
489 287
466 311
480 318
500 296
492 292
464 314
463 313
462 313
461 312
460 313
459 312
462 312
461 314
462 315
469 308
481 282
473 278
474 277
473 276
474 276
464 315
464 316
484 293
503 306
476 289
495 302
487 298
506 311
507 276
499 272
496 303
488 299
480 295
508 277
499 308
500 273
519 286
492 269
465 315
466 315
467 316
511 282
477 289
469 285
468 286
514 293
493 270
472 296
491 309
483 305
503 283
494 314
495 279
506 288
518 299
484 306
476 302
496 280
468 298
515 293
487 311
488 276
507 289
463 315
467 285
466 285
480 272
499 285
510 300
489 277
458 312
457 311
513 305
492 282
479 312
491 286
502 295
481 272
514 306
519 299
520 299
472 309
504 292
499 281
462 314
464 313
474 278
465 314
488 275
457 310
458 311
516 294
461 316
518 298
468 315
519 298
512 277
457 309
518 297
475 279
476 280
458 309
519 296
464 305
483 318
484 283
503 296
475 314
476 279
506 301
480 285
521 286
477 279
474 315
522 287
514 283
460 312
519 295
519 294
472 286
502 308
514 282
514 281
515 281
515 280
503 273
495 269
496 268
506 278
518 289
517 293
496 270
487 301
488 266
507 279
516 280
517 281
520 298
521 297
522 298
523 299
522 297
499 275
486 305
510 290
513 295
479 302
471 298
490 311
519 290
520 289
491 276
483 272
502 285
494 281
514 296
523 296
522 295
524 297
472 299
483 308
484 273
475 304
503 286
516 305
476 269
475 269
495 282
482 312
487 278
506 291
517 306
518 307
509 302
480 275
467 305
474 269
473 268
486 318
478 314
479 279
498 292
502 272
486 281
511 276
503 271
505 295
475 280
524 298
490 273
471 287
497 313
519 289
466 284
466 283
489 314
523 286
469 315
470 280
474 311
467 283
475 300
505 303
469 279
473 311
465 282
464 283
464 282
490 288
513 308
479 315
472 276
471 276
491 289
483 285
502 298
475 281
505 309
497 305
476 282
517 283
468 278
463 312
509 279
520 288
478 291
510 280
521 289
513 285
459 314
479 292
498 305
471 288
490 301
491 266
463 283
462 282
461 282
461 281
462 280
461 279
460 280
459 280
459 279
462 279
463 278
462 277
463 280
460 279
456 308
455 309
454 309
454 308
453 308
452 308
452 307
453 306
452 305
451 304
450 303
451 303
450 305
449 305
450 306
451 306
453 305
449 307
455 308
502 275
448 304
447 305
494 271
493 312
472 289
485 308
505 286
524 299
475 294
516 295
487 268
482 302
474 298
517 296
509 292
467 295
467 294
466 293
467 293
466 295
465 292
464 293
486 308
478 304
479 269
498 282
490 278
501 293
471 301
512 302
504 298
470 305
475 271
494 284
481 314
473 310
505 299
497 295
516 308
463 302
463 301
462 300
463 300
462 302
461 302
460 302
459 302
459 301
460 300
482 315
466 307
486 285
478 281
478 282
467 308
508 309
500 305
479 282
471 278
490 291
523 288
523 289
493 302
504 311
524 289
525 290
526 291
526 290
525 292
451 305
497 272
516 285
463 279
454 310
454 311
474 288
455 311
459 281
463 292
462 292
461 292
461 291
462 290
461 289
460 290
459 290
459 289
463 290
458 289
457 289
457 288
458 287
457 286
458 286
460 289
459 291
459 292
456 285
456 284
456 283
455 286
454 286
455 287
454 288
453 285
452 285
452 284
453 283
451 283
450 283
449 282
448 282
447 283
447 282
450 282
451 281
449 284
449 285
450 285
446 282
445 282
445 281
446 280
445 279
446 279
448 281
448 280
448 279
460 292
462 291
455 288
447 284
447 285
444 278
443 277
444 277
444 276
443 279
442 279
443 280
442 281
441 278
440 278
440 277
440 276
441 276
439 276
438 276
438 275
439 274
437 275
436 275
435 275
435 274
436 273
435 272
434 273
433 273
433 272
436 272
437 271
436 270
437 273
434 272
437 272
433 274
434 275
436 274
461 303
461 304
462 304
527 289
526 288
527 288
528 290
529 291
530 291
531 292
532 293
533 294
530 293
530 294
527 287
531 294
533 293
534 292
534 294
529 290
532 295
532 296
533 296
528 292
529 293
531 293
530 295
530 296
531 296
450 307
462 281
451 308
463 282
439 275
458 288
450 284
461 293
461 294
451 285
443 281
462 294
474 268
432 271
432 270
431 269
432 269
431 271
430 272
429 271
428 271
428 270
428 269
429 269
427 268
426 269
426 268
431 270
435 276
468 310
468 311
425 268
424 268
423 268
423 267
424 266
423 265
422 264
421 263
422 263
421 265
421 266
422 266
424 265
425 266
420 262
419 262
418 261
417 262
416 262
416 261
422 265
415 261
414 262
414 261
425 265
418 262
421 267
424 267
416 263
416 264
417 264
533 295
525 291
458 301
457 301
457 300
457 299
457 298
458 297
458 299
456 298
455 297
454 296
453 296
452 295
451 294
450 293
455 296
456 296
451 293
454 298
454 299
455 299
450 295
449 295
453 295
456 295
452 297
455 298
448 294
447 293
448 292
447 295
446 292
445 292
445 291
446 290
445 289
444 289
443 290
442 289
441 289
440 288
439 287
438 286
443 289
439 286
442 291
442 292
443 292
438 288
448 291
441 288
447 294
444 288
444 287
444 286
437 285
436 285
435 285
435 284
436 283
434 283
433 282
437 283
432 282
431 282
430 282
431 281
432 280
431 279
432 279
434 282
433 284
433 285
434 285
436 284
429 281
429 280
428 279
429 279
428 281
427 278
426 279
440 290
458 298
451 295
443 291
454 300
432 281
435 286
435 287
455 301
425 278
424 278
423 278
423 277
424 276
423 275
422 276
421 276
421 275
425 276
420 275
419 275
419 274
420 273
419 272
418 271
417 270
418 270
417 272
416 272
417 273
418 273
420 272
416 274
422 275
415 271
414 272
418 272
421 277
421 278
422 278
424 277
417 274
436 287
446 291
449 296
449 297
439 288
450 297
469 310
442 293
470 275
469 275
468 276
468 275
467 275
466 275
466 274
466 273
466 272
467 271
466 270
465 270
464 270
467 273
463 270
462 270
461 269
460 268
459 267
460 267
459 269
462 269
463 268
462 267
463 267
465 269
458 266
457 266
457 265
458 264
461 271
465 272
464 273
464 272
467 272
460 269
463 269
456 265
455 264
454 263
453 263
452 263
452 262
451 261
450 260
455 263
456 263
451 260
454 265
454 266
455 266
450 262
449 262
451 263
453 262
456 262
456 261
456 260
452 264
455 265
448 261
458 265
469 274
469 273
469 272
470 271
470 273
461 270
451 262
462 271
454 267
454 268
420 274
534 296
526 292
431 283
430 284
430 285
518 288
423 279
423 280
455 268
496 269
468 287
468 288
515 282
453 307
413 271
412 271
412 270
412 269
412 268
413 267
413 269
411 268
410 268
409 269
409 268
408 268
407 267
408 266
409 266
410 266
410 265
411 266
408 265
411 265
410 267
409 270
409 271
424 280
465 281
465 280
465 279
521 298
446 304
445 304
445 303
445 302
446 302
444 301
443 300
444 299
442 301
442 302
443 302
444 298
441 301
440 301
440 300
441 299
440 298
439 297
438 296
437 296
436 295
435 295
439 296
438 298
438 299
439 299
441 298
434 295
433 295
433 294
434 293
437 295
443 301
435 296
435 297
436 297
439 298
442 303
442 304
443 304
432 294
431 294
430 295
430 294
429 294
428 293
428 292
428 291
429 292
430 292
431 292
431 291
432 290
432 292
429 291
432 291
431 293
438 300
457 313
458 278
458 277
457 276
458 276
457 278
456 275
455 274
456 273
454 275
454 276
455 276
453 275
452 275
452 274
453 273
452 272
451 271
450 270
451 270
450 272
449 272
450 273
451 273
453 272
449 274
450 275
448 271
447 270
448 270
448 269
447 272
447 273
446 269
445 269
451 272
454 277
454 278
455 278
447 274
444 268
443 267
444 266
442 268
442 269
443 269
441 268
440 268
440 267
443 268
457 277
430 296
430 297
450 274
469 287
442 270
442 271
461 283
427 290
426 289
427 289
427 288
426 291
426 292
425 288
425 287
424 286
425 286
424 288
423 288
422 288
421 288
421 287
422 286
423 289
423 290
424 290
472 298
451 275
443 271
420 287
419 287
419 286
419 285
419 284
420 283
419 282
418 283
417 283
416 282
415 282
414 282
417 282
416 284
416 285
417 285
482 301
420 285
415 281
418 282
417 284
418 285
420 284
413 281
413 280
412 279
413 279
412 281
411 278
410 278
409 279
408 278
407 278
407 277
408 276
407 275
406 275
405 276
404 275
405 275
408 275
404 277
404 278
405 278
410 277
411 276
403 274
403 273
403 272
402 274
401 273
400 272
401 272
400 274
409 280
409 281
406 274
405 273
406 273
406 272
399 271
398 271
397 272
410 280
405 277
397 273
397 274
416 286
398 273
408 277
400 273
401 274
453 284
404 279
468 300
446 281
465 294
464 295
438 277
438 278
457 290
430 273
430 274
449 286
449 287
427 267
419 263
419 264
439 278
471 310
471 311
450 287
473 270
420 264
472 311
431 273
423 269
464 307
475 316
476 281
468 277
434 284
413 261
453 297
426 280
426 281
445 293
445 294
465 271
457 267
457 268
449 263
449 264
415 270
415 269
529 292
521 288
446 294
532 297
498 304
430 286
458 268
450 264
469 277
456 307
456 306
456 305
408 267
522 289
427 280
419 276
460 314
464 284
464 285
422 287
441 300
433 296
433 297
452 309
453 274
445 270
445 271
411 277
517 295
434 297
426 293
446 271
465 284
449 276
415 283
414 284
407 279
407 280
460 291
439 268
471 300
491 278
483 274
483 275
502 287
475 270
408 280
494 283
441 277
452 286
452 287
472 301
505 298
484 275
475 306
476 271
516 307
495 284
487 280
482 314
474 310
434 274
453 287
426 270
426 271
445 283
517 308
509 304
459 303
459 304
478 316
479 281
498 294
471 277
490 290
437 284
456 297
448 293
427 270
440 289
460 304
501 305
472 278
491 291
504 310
464 274
483 287
524 288
475 283
494 296
422 277
441 290
414 273
414 274
433 286
433 287
453 264
505 311
497 307
411 267
517 285
463 314
468 280
509 281
528 294
455 310
434 287
520 290
447 306
447 307
467 284
486 297
478 293
498 271
444 300
490 267
510 282
436 296
415 273
456 274
407 269
521 291
513 287
460 281
479 294
471 290
490 303
491 268
418 284
437 297
456 310
502 277
429 293
448 306
494 273
421 289
421 290
440 302
441 267
452 276
493 314
485 310
399 270
505 288
410 279
497 284
516 297
402 275
402 276
422 290
463 291
482 304
487 270
474 300
453 277
466 296
466 297
486 274
411 280
517 298
403 276
509 294
467 297
486 310
459 293
459 294
478 306
479 271
498 284
490 280
396 273
395 272
437 274
456 287
429 270
448 283
440 279
440 280
460 294
501 295
493 291
472 268
471 268
471 267
471 266
471 265
471 264
470 263
469 263
468 263
467 263
466 263
466 262
467 261
466 260
467 260
469 262
470 261
469 260
470 260
465 259
464 260
464 261
464 262
467 262
470 262
463 259
462 259
461 259
461 258
462 257
460 257
459 257
459 256
460 255
463 257
458 256
457 256
457 255
459 258
459 259
460 259
462 258
466 264
458 255
469 264
468 265
468 266
469 265
461 260
461 261
470 265
462 261
468 267
465 261
457 257
458 258
460 258
512 304
504 300
483 277
470 307
475 273
474 274
422 267
462 303
441 280
481 316
414 263
414 264
482 281
473 312
473 313
433 276
432 277
505 301
497 297
463 304
482 317
455 300
474 313
447 296
447 297
520 280
466 309
467 274
486 287
459 270
459 271
478 283
425 277
444 290
531 295
436 286
415 263
456 264
428 282
428 283
448 260
448 259
489 298
508 311
500 307
460 271
479 284
492 303
471 280
512 281
458 310
418 274
437 287
523 290
523 291
429 283
448 296
461 315
421 279
501 308
485 300
504 313
505 278
524 291
451 307
410 269
497 274
516 287
443 303
462 316
422 280
463 281
454 312
454 313
455 277
466 286
466 287
432 293
411 270
424 289
444 267
435 298
435 299
455 313
496 314
467 287
508 288
478 296
519 297
425 290
511 293
444 303
490 270
417 286
436 299
409 282
409 283
477 300
456 277
428 295
448 273
440 269
501 285
406 276
493 281
398 272
512 294
485 277
418 287
504 290
451 284
470 297
462 293
463 258
481 306
482 271
454 289
454 290
473 302
399 273
505 291
410 282
497 287
484 317
463 294
455 290
474 303
515 304
447 286
466 299
507 300
467 264
486 277
459 260
459 261
478 273
425 267
444 280
417 263
436 276
428 272
428 273
489 288
480 319
480 320
508 301
500 297
460 261
511 306
458 300
418 264
477 313
450 296
469 309
429 273
470 274
461 305
461 306
481 283
501 298
473 279
493 294
534 295
485 290
504 303
451 297
470 310
443 293
462 306
503 307
463 271
454 302
482 284
455 267
473 315
474 280
506 312
466 276
413 270
432 283
424 279
416 275
416 276
530 297
435 288
496 304
488 300
508 278
480 296
527 291
499 309
500 274
519 287
446 303
465 316
425 280
511 283
457 312
417 276
436 289
409 272
449 308
449 309
477 290
469 286
448 263
447 264
489 301
500 310
501 275
406 266
405 266
404 267
405 267
492 306
493 271
512 284
439 300
485 267
458 313
504 280
450 309
451 274
442 305
470 287
443 270
462 283
481 296
454 279
454 280
473 292
420 286
412 282
412 283
431 295
518 300
423 291
423 292
443 306
484 307
476 303
455 280
496 281
487 312
515 294
507 290
413 283
499 286
432 296
405 279
424 292
465 293
397 275
397 276
444 270
488 313
489 278
508 291
480 309
500 287
492 283
511 296
439 277
458 290
477 303
450 286
469 299
442 282
442 283
470 264
461 295
462 260
481 273
473 269
514 307
420 263
485 280
431 272
472 310
451 287
443 283
483 319
503 297
475 315
463 261
474 270
506 302
432 273
424 269
416 265
416 266
476 316
468 312
496 294
488 290
507 303
480 286
499 299
446 293
465 306
438 289
438 290
457 302
417 266
458 267
449 298
449 299
477 280
450 263
469 276
461 272
461 273
522 288
427 279
514 284
439 290
525 293
525 294
458 303
450 299
451 264
491 300
470 277
462 273
502 309
503 274
494 305
454 269
473 282
420 276
506 279
412 272
412 273
526 294
431 285
518 290
404 268
404 269
423 281
503 310
476 293
495 306
468 289
468 290
496 271
487 302
515 284
488 267
434 296
453 309
413 273
499 276
405 269
445 305
445 306
446 270
465 283
457 279
457 280
449 275
510 291
489 268
480 299
479 300
500 277
446 306
492 273
439 267
458 280
430 298
490 312
450 276
469 289
442 272
442 273
502 286
408 279
427 292
514 297
400 275
400 276
419 288
472 300
464 296
464 297
483 309
443 273
444 274
445 273
484 274
475 305
503 287
476 270
401 276
487 279
506 292
453 286
465 260
476 306
517 307
468 302
488 280
480 276
499 289
446 283
465 296
438 279
438 280
430 275
430 276
458 257
449 288
477 270
469 266
510 304
461 262
461 263
427 269
513 309
419 265
419 266
460 303
479 316
439 280
471 312
471 313
472 277
483 286
502 299
462 263
475 282
420 266
452 298
452 299
412 262
472 313
431 275
518 280
464 309
463 310
484 287
476 283
468 279
528 293
434 286
453 299
426 282
426 283
445 295
465 273
457 269
457 270
449 265
449 266
510 281
415 272
529 294
521 290
407 268
513 286
458 270
498 306
471 289
450 266
490 302
491 267
456 309
502 276
522 291
408 269
448 305
494 272
427 282
514 287
525 296
472 290
491 303
464 286
464 287
483 299
475 295
503 277
494 308
422 289
495 273
441 302
414 285
414 286
487 269
433 298
433 299
432 300
506 282
453 276
404 271
445 272
411 279
517 297
403 275
468 292
509 293
488 270
434 299
467 296
446 273
486 309
438 269
478 305
457 282
498 283
449 278
490 279
396 272
510 294
415 285
456 286
407 281
513 299
460 293
479 306
472 267
490 315
491 280
464 263
464 264
463 265
483 276
502 289
475 272
494 285
441 279
433 275
452 288
452 289
464 299
505 300
497 296
476 273
463 303
482 316
487 282
474 312
434 276
520 279
520 278
520 277
520 276
521 277
521 276
522 275
523 274
524 275
521 274
523 276
523 277
524 277
522 274
522 277
524 276
523 278
523 279
524 279
525 280
525 279
526 278
527 277
526 280
527 276
527 275
526 279
527 279
528 280
529 280
530 281
531 282
532 283
533 284
531 281
530 283
530 284
531 284
533 283
534 282
533 281
534 281
534 284
535 285
536 284
536 283
532 285
533 286
535 286
535 287
536 286
537 287
537 286
538 285
538 287
531 283
534 283
537 288
537 289
538 289
539 290
540 289
541 288
542 288
543 289
540 287
543 288
542 290
542 291
541 287
543 290
530 285
519 275
518 274
519 274
519 273
518 276
517 273
516 273
540 288
522 276
541 289
533 285
525 281
525 282
534 286
526 282
539 291
539 292
536 285
528 281
528 282
529 282
521 278
540 291
532 287
522 279
535 288
535 289
524 278
516 274
516 275
517 275
536 288
538 288
527 278
531 285
523 280
534 285
526 281
518 277
518 278
537 290
537 291
538 291
527 281
519 277
529 281
540 290
532 286
522 278
541 291
533 287
525 283
525 284
526 284
527 285
528 284
515 274
514 273
513 273
513 274
513 275
514 275
514 274
539 293
539 294
517 274
536 287
528 283
453 289
426 272
426 273
425 274
445 285
486 286
465 263
457 259
509 306
529 284
415 262
521 280
540 293
467 309
513 276
459 305
459 306
458 307
460 270
479 283
498 296
430 278
471 279
490 292
437 286
456 299
429 282
448 295
440 291
440 292
514 277
515 278
516 277
460 306
501 307
452 265
452 266
493 303
472 280
483 289
524 290
475 285
422 279
441 292
482 293
414 275
414 276
413 277
433 288
453 266
505 313
411 269
497 309
463 316
509 283
455 312
447 308
447 309
446 310
520 292
426 285
427 286
428 285
467 286
486 299
459 282
459 283
458 284
478 295
498 273
425 289
449 268
444 302
490 269
436 298
510 284
415 275
456 276
428 294
407 271
448 272
489 310
513 289
460 283
479 296
471 292
512 293
491 270
418 286
437 299
502 279
429 295
448 308
421 291
421 292
420 293
494 275
481 305
441 269
452 278
399 272
485 312
505 290
410 281
497 286
516 299
402 277
402 278
422 292
463 293
468 259
467 258
482 306
455 289
474 302
466 298
445 275
486 276
478 272
411 282
403 278
444 279
395 274
509 296
467 299
508 300
459 295
460 260
478 308
479 273
498 286
471 269
490 282
418 263
477 312
437 276
456 289
429 272
448 285
535 290
421 268
421 269
420 270
440 281
440 282
501 297
493 293
472 270
512 306
485 289
504 302
464 266
465 267
466 266
451 296
524 280
470 309
475 275
516 276
462 305
422 269
481 318
441 282
414 265
482 283
454 301
473 314
433 278
474 279
517 277
528 286
455 302
447 298
447 299
446 300
467 276
527 290
459 272
459 273
458 274
425 279
444 292
417 275
531 297
436 288
456 266
428 284
448 262
460 273
418 276
437 289
450 308
523 292
429 285
421 281
410 271
524 293
451 309
443 305
414 278
415 279
416 278
455 279
447 275
447 276
446 277
466 288
413 282
432 295
424 291
403 268
444 269
416 287
416 288
415 289
414 288
413 289
412 289
413 290
411 289
410 288
412 291
412 292
413 292
414 292
415 292
415 291
411 288
410 290
409 291
413 291
412 293
415 293
416 294
417 293
416 295
418 293
417 295
414 294
414 295
415 294
417 294
418 295
419 295
420 295
416 296
416 297
417 297
419 296
419 297
420 297
421 298
421 299
422 299
423 298
424 299
424 298
425 297
424 296
425 296
425 299
426 299
427 299
427 298
423 300
422 298
425 298
421 300
424 300
425 301
426 301
427 301
428 301
429 301
427 300
418 294
410 289
422 300
414 296
414 297
411 290
425 300
417 296
409 292
409 293
418 297
410 292
420 296
423 301
413 293
416 298
416 299
417 299
419 298
419 299
420 299
415 295
426 295
418 296
421 301
410 291
414 298
411 292
424 301
417 298
409 294
409 295
408 296
418 299
410 294
435 300
435 301
447 311
448 312
446 312
445 312
446 313
445 314
444 311
444 310
402 272
444 309
443 312
442 312
441 311
440 311
440 310
441 309
440 308
439 307
438 308
438 309
439 309
437 308
436 308
435 307
436 306
435 305
434 306
433 305
436 305
437 306
434 305
437 305
433 307
436 307
439 308
442 313
442 314
443 314
432 304
435 309
446 314
438 310
438 311
439 311
441 310
434 307
437 307
440 312
440 313
441 313
443 313
432 303
431 302
432 302
435 308
444 313
436 309
439 310
438 312
439 313
449 311
441 312
433 308
433 309
434 309
444 312
437 309
435 310
435 311
436 311
467 289
459 285
425 292
417 288
436 301
409 284
409 285
456 279
428 297
448 275
535 280
406 278
398 274
439 312
451 286
443 282
462 295
463 260
454 291
454 292
453 293
420 298
466 265
399 275
412 294
412 295
411 296
432 272
538 290
530 286
530 287
529 288
463 296
435 277
435 278
455 292
456 293
457 292
467 266
413 295
527 280
459 262
519 276
425 269
416 300
444 282
417 265
531 287
436 278
456 256
455 256
454 255
455 255
454 257
454 256
455 257
453 256
452 256
452 255
428 274
439 289
512 273
511 273
458 302
418 266
409 297
450 298
469 311
429 275
442 294
442 295
441 296
470 276
461 307
461 308
421 271
462 272
526 293
431 284
451 299
443 295
462 308
463 273
454 304
455 269
447 265
447 266
446 267
466 278
413 272
432 285
405 268
424 281
416 277
435 290
527 293
446 305
425 282
438 301
438 302
437 303
417 278
458 279
409 274
449 310
428 287
469 288
461 284
461 285
427 291
406 268
439 302
450 311
451 276
470 289
442 307
443 272
462 285
454 281
401 275
420 288
412 284
412 285
411 286
431 297
404 280
404 281
423 293
447 278
434 308
413 285
405 281
424 294
397 277
465 295
416 290
457 291
541 290
439 279
458 292
450 288
442 284
442 285
441 286
470 266
462 262
454 258
454 259
453 260
473 271
419 300
534 287
420 265
526 283
431 274
472 312
518 279
464 308
537 292
423 270
423 271
443 285
475 317
463 263
454 294
455 259
515 273
420 301
466 268
412 297
453 298
413 262
432 275
424 271
416 267
530 289
476 318
477 319
478 318
468 314
446 295
519 279
465 308
438 291
438 292
437 293
511 275
457 304
430 287
430 288
429 289
458 269
477 282
409 264
449 300
450 265
469 278
461 274
461 275
522 290
427 281
419 277
419 278
439 292
525 295
450 301
451 266
442 297
462 275
454 271
420 278
452 310
452 311
526 296
527 297
526 298
527 298
527 299
528 300
526 300
527 300
529 300
527 301
528 296
530 299
412 274
431 287
404 270
518 292
468 291
434 298
453 311
426 294
405 271
445 307
446 272
465 285
438 268
457 281
449 277
415 284
446 308
438 304
439 269
430 300
458 282
449 313
450 278
442 274
408 281
427 294
400 277
400 278
399 279
398 279
472 302
537 282
464 298
484 276
422 301
468 268
468 269
401 278
433 310
433 311
453 288
445 284
465 262
411 291
457 258
476 308
468 304
529 283
434 311
521 279
540 292
446 285
532 288
532 289
438 281
478 317
457 294
458 259
430 277
449 290
469 268
415 297
461 264
522 280
427 271
514 276
460 305
533 289
419 267
419 268
479 318
525 285
471 314
451 256
450 256
464 275
464 276
454 261
441 291
420 268
452 300
452 301
412 264
453 265
472 315
518 282
464 311
517 286
468 281
528 295
434 288
520 291
453 301
426 284
445 297
465 275
457 271
449 267
529 296
415 274
521 292
407 270
460 282
430 290
471 291
450 268
437 298
456 311
502 278
408 271
448 307
494 274
514 289
440 303
440 304
452 277
472 292
464 288
483 301
475 297
503 279
422 291
495 275
468 258
441 304
487 271
414 287
433 300
506 284
453 278
445 274
411 281
517 299
403 277
509 295
395 273
480 268
426 297
467 298
486 311
446 275
438 271
478 307
479 272
498 285
449 280
444 314
490 281
510 296
436 310
396 274
415 287
456 288
448 284
513 301
460 295
479 308
525 275
471 304
472 269
491 282
418 298
464 265
437 311
483 278
502 291
475 274
494 287
422 268
441 281
433 277
452 290
451 291
453 255
505 302
410 293
497 298
476 275
517 276
463 305
536 289
468 271
509 272
482 318
528 285
474 314
434 278
520 281
466 310
426 274
445 287
486 288
465 265
478 284
411 294
457 261
444 291
449 257
448 257
509 308
510 273
529 286
415 264
521 282
467 311
513 278
532 291
459 307
460 272
478 320
479 285
498 298
471 281
490 294
418 275
437 288
456 301
429 284
448 297
421 280
440 293
440 294
501 309
452 267
452 268
493 305
472 282
485 301
504 314
464 278
505 279
410 270
524 292
475 287
516 288
462 317
422 281
441 294
482 295
414 277
433 290
474 291
453 268
411 271
497 311
517 289
509 285
528 298
447 310
520 294
467 288
486 301
459 284
478 297
498 275
425 291
444 304
490 271
417 287
436 300
456 278
428 296
407 273
489 312
448 274
535 279
535 278
535 277
535 276
535 275
535 274
536 274
537 274
538 275
538 274
537 276
537 277
538 277
536 273
538 276
534 273
534 272
533 271
534 271
533 273
532 273
531 272
530 271
531 271
530 273
529 270
528 270
528 269
530 272
531 273
537 278
537 279
538 279
539 280
539 279
540 279
529 269
540 278
540 277
540 276
541 275
541 277
542 278
543 279
544 280
543 278
542 280
545 280
546 279
545 278
546 281
547 281
548 281
549 281
550 282
550 281
549 283
549 284
550 284
548 280
550 283
543 280
546 280
549 285
549 286
550 286
551 287
551 286
552 286
541 276
552 285
552 284
552 283
553 282
553 284
553 283
544 281
544 282
553 286
554 287
555 287
545 282
548 282
547 283
547 284
532 274
532 275
541 279
533 275
547 285
539 281
539 282
536 275
528 271
528 272
529 272
540 281
550 285
542 281
542 282
543 282
553 285
545 281
546 282
538 278
530 274
530 275
549 287
531 275
541 278
533 274
552 287
544 283
544 284
534 275
545 284
537 280
529 271
548 284
540 280
532 276
532 277
541 281
533 277
551 280
543 281
539 283
536 277
528 273
529 274
539 273
531 274
550 287
542 283
542 284
541 285
543 284
535 270
534 269
536 271
535 268
537 270
535 267
536 267
537 266
537 268
537 267
538 268
539 268
539 267
540 267
541 267
542 268
539 269
539 270
542 269
542 270
543 270
544 270
544 271
544 272
540 268
543 269
539 271
542 271
542 272
541 273
543 272
541 268
544 273
540 270
543 271
538 267
542 273
534 274
553 287
545 283
546 284
538 280
530 276
530 277
529 278
527 270
526 271
526 272
525 273
531 277
537 269
538 270
548 283
536 272
541 280
533 276
525 272
544 285
544 286
534 277
526 273
545 286
540 269
541 270
534 267
547 286
547 287
546 288
545 288
537 272
536 276
529 273
548 286
540 282
532 278
531 279
532 279
533 279
539 272
551 282
540 272
543 283
440 270
440 271
460 285
501 286
406 277
471 294
512 295
491 272
418 288
504 291
437 301
429 297
470 298
494 277
421 293
440 306
481 307
441 271
473 303
452 280
539 285
485 314
399 274
505 292
410 283
497 288
516 301
402 279
401 280
402 280
536 279
463 295
468 261
482 308
414 290
455 291
528 275
474 304
447 287
447 288
466 300
467 265
486 278
413 294
478 274
403 280
444 281
531 286
436 277
456 255
467 301
508 302
459 297
500 298
460 262
479 275
471 271
511 307
490 284
417 300
418 265
437 278
477 314
409 296
523 281
523 282
456 291
429 274
448 287
421 270
535 292
440 283
439 284
501 299
452 257
451 258
512 308
504 304
464 268
451 298
524 282
470 311
516 278
443 294
462 307
422 271
463 272
481 320
482 285
454 303
414 267
433 280
473 316
474 281
453 258
466 277
432 284
517 279
530 298
463 308
509 275
435 289
455 304
496 305
520 284
447 300
466 313
467 278
459 274
527 292
499 310
478 287
519 288
425 281
444 294
417 277
436 290
409 273
428 286
456 268
543 273
448 264
535 269
554 282
500 311
460 275
501 276
406 267
493 272
512 285
439 301
418 278
504 281
523 294
450 310
429 287
470 288
442 306
421 283
462 284
473 293
452 270
539 275
485 304
505 282
431 296
546 283
410 273
451 311
497 278
516 291
402 269
401 270
443 307
463 285
455 281
474 294
447 277
515 295
466 290
465 290
486 268
413 284
432 297
405 280
424 293
416 289
444 271
531 276
435 302
434 303
542 285
488 314
489 279
480 310
508 292
459 287
500 288
492 284
425 294
511 297
417 290
458 291
409 286
477 304
437 268
436 268
435 268
434 268
428 299
469 300
543 286
448 277
489 315
461 296
461 297
535 282
440 273
481 274
501 289
406 280
493 285
398 276
485 281
504 294
451 288
524 272
523 272
470 301
443 284
462 297
463 262
481 310
482 275
454 293
455 258
473 306
474 271
420 300
466 267
412 296
432 274
424 270
538 292
530 288
476 317
435 279
435 280
455 294
496 295
468 313
515 308
447 290
488 291
507 304
467 268
413 297
499 300
459 264
527 282
478 277
519 278
465 307
425 271
511 274
444 284
417 267
457 303
531 289
436 280
477 281
428 276
427 276
456 258
489 292
508 305
500 301
492 297
512 275
439 291
418 268
458 304
477 317
523 284
450 300
451 265
469 313
470 278
442 296
421 273
461 309
460 310
462 274
481 287
454 270
473 283
420 277
526 295
431 286
518 291
451 301
423 282
423 283
538 269
443 297
503 311
463 275
454 306
495 307
455 271
474 284
487 303
447 267
515 285
466 280
507 281
413 274
453 310
432 287
405 270
424 283
416 279
435 292
496 308
542 275
543 276
488 304
489 269
480 300
508 282
499 313
527 295
500 278
446 307
519 291
492 274
511 287
438 303
417 280
458 281
430 299
449 312
409 276
477 294
450 277
469 290
461 286
461 287
427 293
514 298
406 270
419 289
419 290
493 275
534 276
439 304
485 271
504 284
545 285
450 313
451 278
491 314
537 281
442 309
470 291
483 310
443 274
462 287
503 288
454 283
473 296
401 277
420 290
506 293
466 257
465 257
412 286
431 299
546 286
518 304
423 295
422 296
538 282
484 311
530 278
435 269
434 270
468 303
496 285
487 316
447 280
488 281
507 294
434 310
480 277
413 287
499 290
527 272
446 284
465 297
397 279
416 292
457 293
477 271
449 289
469 267
415 296
394 273
393 274
392 275
393 273
480 313
500 291
513 310
541 292
492 287
533 288
439 281
479 317
458 294
450 290
469 303
470 268
442 286
461 299
502 300
462 264
481 277
454 260
473 273
472 274
534 289
420 267
526 285
412 263
472 314
431 276
518 281
423 272
423 273
464 310
443 287
484 288
503 301
476 284
495 297
455 261
487 293
447 257
515 275
506 306
413 264
453 300
445 296
424 273
465 274
416 269
435 282
496 298
529 295
508 272
480 290
499 303
541 269
446 297
511 277
438 293
457 306
498 307
458 271
430 289
477 284
449 302
448 302
450 267
469 280
461 276
460 277
408 270
522 292
427 283
514 288
419 279
419 280
439 294
525 297
472 291
451 268
491 304
537 271
442 299
483 300
502 313
503 278
475 296
454 273
495 274
441 303
420 280
506 283
452 312
452 313
412 276
431 289
518 294
404 272
423 285
538 272
484 301
530 268
531 269
532 268
476 297
496 275
468 293
487 306
488 271
507 284
434 300
548 285
453 313
499 280
426 296
445 309
446 274
465 287
438 270
457 283
449 279
510 295
415 286
407 282
406 283
407 283
541 282
513 300
533 278
438 306
439 271
479 307
525 274
544 287
471 303
450 280
491 281
442 276
437 310
502 290
408 283
427 296
514 301
400 279
419 292
534 279
526 275
472 304
537 284
464 300
483 313
484 278
475 309
503 291
476 274
468 270
487 283
414 299
393 276
394 276
394 277
395 276
506 296
434 277
453 290
445 286
465 264
411 293
457 260
449 256
468 306
509 307
529 285
480 280
521 281
467 310
513 277
446 287
532 290
438 283
478 319
457 296
430 279
458 261
498 297
449 292
450 257
469 270
510 308
415 299
461 266
456 300
407 295
522 282
427 273
514 278
533 291
460 307
419 269
479 320
525 287
472 281
464 277
483 290
502 303
475 286
494 299
441 293
433 289
452 302
412 266
453 267
551 281
497 310
476 287
468 283
509 284
528 297
434 290
520 293
453 303
499 270
426 286
540 271
445 299
486 300
465 277
457 273
498 274
449 269
510 285
529 298
415 276
521 294
407 272
513 290
541 272
533 268
460 284
479 297
552 281
553 280
554 280
555 280
556 280
556 281
556 282
557 281
558 280
558 282
558 281
559 282
559 281
560 282
561 282
562 282
563 283
563 284
563 285
558 283
558 284
557 285
556 284
555 285
559 284
561 283
561 284
562 284
558 286
557 287
557 280
560 281
563 286
556 283
559 283
560 284
562 283
558 285
559 286
561 285
561 286
562 286
557 282
560 283
556 285
559 285
560 286
544 277
471 293
490 306
491 271
437 300
483 267
456 313
429 296
502 280
408 273
448 309
494 276
400 269
440 305
441 270
452 279
539 284
464 290
484 268
475 299
516 300
422 293
495 277
468 260
536 278
441 306
487 273
414 289
528 274
433 302
453 280
445 276
411 283
517 301
403 279
509 297
395 275
529 275
467 300
540 284
486 313
459 296
532 280
478 309
438 273
479 274
430 269
498 287
471 270
490 283
436 312
396 276
437 277
456 290
461 256
448 286
522 272
535 291
460 297
525 277
471 306
472 271
418 300
491 284
464 267
483 280
524 281
475 276
494 289
422 270
481 319
441 283
414 266
433 279
452 292
453 257
505 304
410 295
497 300
517 278
536 291
463 307
468 273
509 274
482 320
455 303
528 287
434 280
474 316
520 283
426 276
466 312
467 277
486 290
478 286
457 263
449 259
444 293
531 298
510 275
415 266
456 267
521 284
562 285
467 313
513 280
554 281
459 309
460 274
479 287
471 283
418 277
437 290
523 293
456 303
429 286
448 299
421 282
440 295
555 282
501 311
493 307
452 269
539 274
485 303
558 287
464 280
505 281
410 272
451 310
524 294
497 277
516 290
402 268
422 283
463 284
536 268
482 297
414 279
433 292
474 293
453 270
466 289
445 266
486 267
551 284
411 273
517 291
403 269
509 287
520 296
447 312
540 274
467 290
486 303
459 286
532 270
478 299
425 293
498 277
444 306
417 289
436 302
456 280
428 298
543 285
448 276
535 281
440 272
460 287
501 288
406 279
493 284
512 297
398 275
418 290
464 257
504 293
483 270
429 299
421 295
462 296
481 309
441 273
482 274
433 269
452 282
539 287
485 316
399 276
410 285
463 297
536 281
528 277
455 293
447 289
520 273
426 266
467 267
413 296
459 263
425 270
444 283
416 301
531 288
395 278
436 279
456 257
428 275
459 299
460 264
471 273
512 274
418 267
437 280
523 283
469 312
429 276
448 289
535 294
536 294
536 295
537 294
421 272
440 285
452 259
451 300
524 284
470 313
443 296
422 273
462 309
463 274
454 305
414 269
455 270
466 279
432 286
411 263
424 282
435 291
455 306
542 274
447 302
561 287
467 280
527 294
459 276
425 283
444 296
417 279
436 292
409 275
428 288
456 270
543 275
448 266
535 271
554 284
406 269
439 303
418 280
450 312
451 277
470 290
442 308
421 285
462 286
454 282
420 289
539 277
431 298
546 285
410 275
451 313
423 294
538 281
402 271
443 309
463 287
455 283
447 279
466 292
413 286
527 271
432 299
405 282
424 295
397 278
444 273
416 291
531 278
435 304
436 269
542 287
471 263
417 292
458 293
437 270
523 273
450 289
470 267
461 298
535 284
421 262
440 275
473 272
406 282
419 301
534 288
398 278
451 290
524 274
537 293
443 286
462 299
463 264
454 295
455 260
474 273
466 269
413 263
432 276
424 272
538 294
530 290
416 268
435 281
447 292
467 270
459 266
527 284
446 296
425 273
531 291
417 269
457 305
436 282
477 283
409 265
449 301
428 278
448 256
439 293
458 306
450 302
451 267
442 298
461 311
462 276
454 272
420 279
412 275
526 297
431 288
518 293
423 284
538 271
443 299
557 284
463 277
549 280
455 273
447 269
466 282
453 312
413 276
432 289
445 308
405 272
424 285
465 286
416 281
531 268
435 294
542 277
519 293
446 309
438 305
439 270
430 301
458 283
409 278
450 279
442 275
461 288
408 282
427 295
419 291
534 278
439 306
526 274
545 287
451 280
537 283
442 311
443 276
462 289
454 285
401 279
420 292
466 259
393 275
412 288
431 301
518 306
423 297
538 284
530 280
435 271
468 305
527 274
446 286
438 282
457 295
458 260
449 291
428 268
469 269
415 298
461 265
394 275
522 281
427 272
533 290
439 283
479 319
525 286
458 296
471 315
450 292
451 257
470 270
442 288
461 301
462 266
408 295
454 262
473 275
420 269
534 291
526 287
412 265
431 278
518 283
423 274
464 312
468 282
515 277
434 289
413 266
453 302
445 298
560 285
424 275
465 276
416 271
457 272
529 297
521 293
541 271
446 299
533 267
438 295
552 280
457 308
430 291
458 273
449 304
450 269
469 282
556 287
461 278
456 312
408 272
522 294
427 285
514 290
419 281
534 268
553 281
525 299
464 289
537 273
441 305
401 269
420 282
433 301
412 278
453 279
404 274
518 296
423 287
530 270
468 295
434 302
548 287
426 298
540 283
445 311
446 276
465 289
397 271
438 272
457 285
430 268
449 281
396 275
469 259
415 288
407 284
541 284
460 296
533 280
439 273
525 276
471 305
544 289
491 283
442 278
437 312
462 256
419 294
526 277
452 291
472 306
431 268
518 273
464 302
423 264
475 311
468 272
536 290
434 279
453 292
426 275
445 288
465 266
411 295
457 262
449 258
510 274
529 287
415 265
521 283
467 312
513 279
446 289
459 308
532 292
438 285
458 263
430 281
449 294
450 259
461 268
456 302
407 297
448 298
522 284
427 275
514 280
555 281
460 309
419 271
525 289
472 283
491 296
464 279
483 292
502 305
475 288
494 301
422 282
441 295
506 275
433 291
452 304
453 269
559 287
551 283
411 272
497 312
517 290
468 285
509 286
528 299
434 292
520 295
426 288
540 273
445 301
486 302
446 266
532 269
478 298
457 275
498 276
444 305
449 271
490 272
510 287
415 278
407 274
521 296
541 274
513 292
460 286
533 270
479 299
498 312
544 279
471 295
490 308
491 273
418 289
464 256
437 302
483 269
429 298
502 282
448 311
421 294
494 278
400 271
440 307
441 272
452 281
539 286
485 315
464 292
505 293
410 284
484 270
475 301
516 302
422 295
468 262
536 280
441 308
414 291
487 275
482 309
528 276
433 304
434 269
474 305
453 282
445 278
411 285
403 281
517 303
509 299
395 277
529 277
521 273
540 286
486 315
459 298
532 282
460 263
478 311
479 276
498 289
430 271
471 272
417 301
490 285
396 278
437 279
456 292
448 288
535 293
440 284
460 299
419 261
501 300
452 258
471 308
512 309
472 273
504 305
464 269
483 282
524 283
470 312
475 278
516 279
422 272
441 285
414 268
433 281
452 294
453 259
505 306
410 297
497 302
517 280
463 309
536 293
509 276
528 289
455 305
520 285
447 301
466 314
426 278
467 279
486 292
459 275
478 288
449 261
444 295
510 277
436 291
415 268
456 269
543 274
448 265
562 287
467 315
513 282
554 283
459 311
500 312
460 276
479 289
471 285
512 286
418 279
437 292
523 295
429 288
448 301
421 284
494 268
440 297
555 284
547 280
493 309
452 271
539 276
485 305
505 283
451 312
524 296
410 274
497 279
443 308
516 292
402 270
422 285
463 286
536 270
414 281
482 299
455 282
474 295
466 291
445 268
486 269
432 298
411 275
403 271
444 272
509 289
435 303
542 286
447 314
467 292
508 293
459 288
532 272
478 301
498 279
425 295
471 262
444 308
417 291
490 275
436 304
437 269
428 300
456 282
543 287
448 278
421 261
535 283
440 274
501 290
406 281
398 277
512 299
485 282
418 292
464 259
504 295
451 289
524 273
470 302
475 268
421 297
462 298
422 262
441 275
481 311
482 276
473 307
433 271
474 272
539 289
485 318
399 278
505 296
410 287
497 292
538 293
463 299
455 295
528 279
474 308
515 309
520 275
447 291
466 304
467 269
413 298
486 282
527 283
459 265
478 278
425 272
444 285
531 290
417 268
436 281
428 277
456 259
508 306
500 302
460 266
511 311
471 275
512 276
458 305
418 269
504 272
477 318
437 282
523 285
469 314
429 278
470 279
421 274
461 310
440 287
481 288
501 303
473 284
452 261
504 308
505 273
524 286
410 264
451 302
497 269
470 315
443 298
516 282
557 283
462 311
463 276
414 271
454 307
482 289
455 272
474 285
447 268
466 281
413 275
432 288
424 284
416 280
435 293
550 280
496 309
542 276
447 304
488 305
467 282
480 301
508 283
499 314
459 278
527 296
500 279
519 292
425 285
511 288
417 281
436 294
477 295
409 277
428 290
456 272
469 291
543 277
489 306
448 268
535 273
554 286
500 315
501 280
492 311
406 271
493 276
439 305
512 289
485 272
504 285
523 298
451 279
470 292
442 310
443 275
462 288
481 301
454 284
473 297
420 291
466 258
412 287
431 300
518 305
546 287
497 282
423 296
538 283
402 273
443 311
484 312
530 279
463 289
435 270
455 285
496 286
515 299
487 317
447 281
466 294
507 295
467 259
486 272
413 288
459 255
527 273
499 291
432 301
478 268
424 297
465 298
444 275
416 293
531 280
435 306
436 271
428 267
542 289
480 314
508 296
394 274
500 292
460 256
492 288
511 301
439 282
458 295
477 308
523 275
450 291
469 304
429 268
442 287
470 269
421 264
461 300
462 265
408 294
481 278
473 274
534 290
485 285
526 286
431 277
451 292
537 295
443 288
462 301
463 266
503 302
482 279
454 297
455 262
495 298
474 275
515 276
506 307
466 271
413 265
432 278
424 274
530 292
416 270
435 283
496 299
488 295
507 308
508 273
480 291
459 268
499 304
527 286
519 282
446 298
425 275
511 278
438 294
457 307
417 271
458 272
477 285
449 303
409 267
428 280
469 281
556 286
448 258
461 277
522 293
427 284
492 301
512 279
439 295
525 298
458 308
504 275
450 304
491 305
451 269
470 282
442 300
461 313
462 278
502 314
481 291
494 310
454 274
473 287
420 281
412 277
526 299
431 290
518 295
404 273
423 286
538 273
557 286
484 302
530 269
476 298
549 282
495 311
455 275
468 294
487 307
515 289
447 271
488 272
507 285
434 301
413 278
405 274
445 310
424 287
465 288
416 283
457 284
531 270
542 279
488 308
489 273
480 304
508 286
500 282
541 283
446 311
492 278
438 307
511 291
439 272
458 285
544 288
477 298
450 281
469 294
442 277
461 290
481 268
408 284
427 297
419 293
534 280
485 275
526 276
472 305
545 289
451 282
464 301
537 285
423 263
483 314
443 278
503 292
463 256
475 310
454 287
487 284
420 294
506 297
466 261
412 290
453 291
423 299
424 264
538 286
484 315
530 282
476 311
435 273
468 307
496 289
488 285
507 298
480 281
499 294
446 288
465 301
438 284
457 297
417 261
430 280
458 262
477 275
449 293
450 258
510 309
469 271
415 300
461 267
407 296
522 283
427 274
514 279
533 292
460 308
419 270
439 285
525 288
450 294
491 295
451 259
442 290
470 272
483 291
502 304
462 268
408 297
454 264
473 277
420 271
534 293
452 303
526 289
412 267
431 280
518 285
423 276
503 305
468 284
515 279
506 310
434 291
507 275
453 304
413 268
426 287
499 271
445 300
446 265
560 287
465 278
416 273
457 274
449 270
510 286
529 299
415 277
521 295
513 291
446 301
492 268
533 269
438 297
479 298
552 282
458 275
498 311
430 293
544 278
449 306
450 271
469 284
442 267
461 280
502 281
522 296
408 274
448 310
427 287
514 292
400 270
419 283
534 270
545 279
472 295
537 275
464 291
483 304
484 269
503 282
495 278
422 294
401 271
441 307
487 274
433 303
506 287
412 280
453 281
404 276
445 277
411 284
476 301
517 302
468 297
509 298
529 276
434 304
480 271
499 284
426 300
540 285
445 313
446 278
532 281
465 291
478 310
438 274
457 287
498 288
430 270
449 283
510 299
396 277
469 261
415 290
461 257
522 273
513 304
541 286
533 282
460 298
479 311
525 278
471 307
472 272
491 285
418 301
442 280
483 281
502 294
475 277
441 284
420 261
452 293
472 308
518 275
464 304
423 266
484 282
410 296
475 313
476 278
495 291
468 274
536 292
487 287
528 288
434 281
453 294
426 277
445 290
465 268
411 297
457 264
449 260
509 311
510 276
529 289
415 267
521 285
467 314
513 281
459 310
532 294
438 287
498 301
430 283
471 284
450 261
437 291
456 304
502 271
448 300
494 267
427 277
440 296
555 283
419 273
460 311
501 312
491 298
464 281
483 294
524 295
503 272
475 290
422 284
495 268
536 269
441 297
414 280
433 293
506 277
452 306
453 271
445 267
551 285
411 274
497 314
517 292
403 270
509 288
528 301
434 294
520 297
447 313
426 290
467 291
540 275
486 304
446 268
532 271
478 300
498 278
444 307
449 273
490 274
510 289
436 303
415 280
456 281
407 276
513 294
460 288
533 272
479 301
471 297
418 291
491 275
464 258
437 304
483 271
502 284
429 300
448 313
494 280
421 296
440 309
441 274
433 270
452 283
539 288
485 317
399 277
464 294
410 286
497 291
516 304
476 268
422 297
468 264
536 282
463 298
414 293
528 278
433 306
474 307
434 271
520 274
466 303
426 267
445 280
465 258
392 274
411 287
517 305
509 301
529 279
521 275
467 304
486 317
459 300
532 284
460 265
478 313
471 274
490 287
437 281
456 294
429 277
448 290
535 295
440 286
460 301
501 302
493 298
452 260
472 275
464 271
504 307
505 272
524 285
470 314
516 281
422 274
462 310
441 287
482 288
414 270
433 283
452 296
453 261
411 264
497 304
517 282
463 311
509 278
455 307
528 291
447 303
520 287
466 316
467 281
486 294
459 277
478 290
425 284
444 297
436 293
428 289
456 271
407 266
489 305
448 267
535 272
554 285
459 313
460 278
500 314
501 279
492 310
418 281
437 294
523 297
429 290
448 303
494 270
421 286
440 299
555 286
481 300
501 315
547 282
452 273
493 311
539 278
485 307
505 285
410 276
497 281
443 310
463 288
414 283
455 284
