483 512
484 512
482 513
481 513
485 511
486 512
487 511
482 511
483 510
482 514
483 513
488 512
489 511
490 510
491 511
492 510
490 509
489 508
491 508
492 507
488 509
487 508
486 509
485 508
490 512
490 513
489 514
491 514
492 513
490 515
481 512
493 514
480 514
479 515
485 510
487 507
486 511
489 510
491 507
490 506
491 505
492 504
493 505
492 506
491 516
478 516
477 515
477 517
492 515
488 511
490 508
493 507
490 517
489 517
488 518
489 519
488 520
479 517
481 514
480 516
485 512
486 513
487 514
489 512
491 509
492 508
494 505
487 521
486 520
485 519
486 518
485 517
484 516
486 522
478 518
477 519
494 514
483 514
488 513
479 519
490 519
481 516
480 518
481 519
482 518
483 519
486 506
487 505
485 505
489 505
484 518
486 515
476 514
475 515
494 507
487 523
486 524
478 520
477 521
476 521
488 506
482 520
481 521
480 521
479 522
478 523
477 524
479 524
480 523
478 525
483 521
481 523
480 525
476 523
475 524
474 516
473 515
473 517
475 517
472 514
471 513
472 512
473 512
488 515
480 511
479 510
478 509
477 508
476 507
477 506
476 505
475 506
474 507
473 508
474 509
475 508
479 508
480 507
479 506
473 510
472 510
477 510
475 510
481 507
480 509
478 511
477 512
479 512
481 509
479 521
480 520
473 514
484 511
486 508
489 507
477 505
478 504
478 503
479 503
484 520
486 517
477 514
487 516
476 516
478 513
492 512
477 523
475 505
478 522
488 508
490 505
482 522
479 505
480 504
481 505
482 504
483 505
474 518
475 519
488 517
490 514
479 514
480 513
473 507
480 522
495 504
496 504
484 513
486 510
489 509
477 507
487 509
476 509
478 506
492 505
484 522
484 523
486 519
477 516
485 521
476 518
487 518
478 515
492 514
478 524
482 506
483 507
496 505
496 506
497 504
482 515
474 511
475 512
488 510
479 507
482 524
482 525
490 507
481 504
480 506
483 523
488 519
490 516
480 515
471 512
480 524
493 509
494 510
495 511
494 512
496 510
497 509
496 508
494 509
495 506
484 506
484 515
477 509
485 514
476 511
481 525
478 508
484 524
484 525
486 521
485 523
487 520
476 520
478 517
482 508
496 507
497 506
498 507
474 504
473 505
482 517
483 516
474 513
493 512
482 526
482 527
479 509
480 508
483 525
488 521
475 521
480 517
493 511
495 508
484 508
486 505
485 507
476 504
481 518
484 517
486 514
485 516
477 511
487 513
476 513
478 510
481 527
486 523
485 525
476 522
487 522
491 504
478 519
489 516
491 513
482 510
496 509
483 509
474 506
497 508
488 505
495 509
482 519
483 518
474 515
488 514
475 514
480 510
475 523
493 504
480 519
481 511
493 513
484 510
495 510
486 507
477 504
485 509
487 506
479 523
476 506
481 520
484 519
486 516
473 516
485 518
476 515
487 515
478 512
476 524
491 506
478 521
489 518
491 515
482 512
494 511
483 511
472 511
497 510
474 508
488 507
482 521
475 507
483 520
474 517
475 516
480 512
493 506
479 516
493 515
495 512
473 509
479 525
476 508
478 505
481 522
484 521
485 520
476 517
487 517
478 514
482 505
483 504
494 504
489 520
477 518
491 517
492 516
494 513
472 513
474 510
482 523
475 509
483 522
480 505
474 519
475 518
493 508
481 506
484 505
495 505
490 518
479 518
481 515
484 514
471 514
473 511
485 513
487 510
476 510
481 524
478 507
480 526
485 522
487 519
476 519
489 513
491 510
482 507
492 509
483 506
494 506
477 520
497 505
482 516
483 515
472 515
474 512
475 511
483 524
498 506
475 520
490 511
479 511
493 510
481 508
484 507
495 507
485 506
479 520
481 517
485 515
473 513
476 512
487 512
481 526
485 524
489 506
489 515
477 513
491 512
482 509
492 511
494 508
483 508
477 522
497 507
474 505
475 504
483 517
474 514
475 513
483 526
496 511
498 508
475 522
490 504
479 504
488 516
479 513
481 510
484 509
473 506
