679 494
678 493
679 492
680 492
681 493
679 495
678 496
677 495
676 496
681 492
675 497
680 496
681 495
680 493
682 496
683 495
684 494
674 496
677 492
676 493
675 494
682 493
683 492
684 491
685 490
686 491
687 492
687 493
686 494
685 492
677 493
685 495
688 491
676 498
674 498
673 499
677 497
681 497
683 494
684 493
686 490
687 489
686 488
675 499
682 495
685 494
687 491
676 491
675 490
676 489
675 488
677 488
687 487
677 490
674 500
673 501
677 499
679 496
683 496
684 495
675 492
686 492
675 501
685 487
684 486
683 485
685 485
683 487
682 488
681 488
682 497
685 496
686 497
687 496
687 498
686 499
688 495
689 496
690 497
673 497
674 493
673 492
673 494
674 502
673 503
672 503
671 502
671 504
670 505
669 504
668 503
669 502
668 501
667 502
666 503
665 502
665 504
666 505
667 504
665 506
664 506
663 505
662 506
661 507
660 506
662 508
663 507
660 508
661 509
664 508
662 510
663 509
669 506
659 505
664 501
663 500
662 499
663 498
664 497
661 500
660 499
664 499
662 501
665 497
666 496
665 495
666 494
665 493
667 493
668 492
668 494
669 495
667 495
668 496
660 501
669 497
670 498
666 498
672 505
673 506
684 488
669 499
684 497
685 489
673 496
685 498
665 492
677 494
673 505
662 505
661 504
665 501
688 490
688 499
688 500
680 495
672 491
672 500
681 487
680 486
681 496
669 494
684 492
669 503
661 499
661 508
685 484
684 483
673 491
677 489
673 500
665 496
676 502
668 498
668 507
669 508
660 503
688 494
672 495
672 504
681 491
680 490
684 487
669 498
684 496
669 507
661 503
664 505
665 491
687 488
676 488
687 497
676 497
668 493
679 493
668 502
660 498
688 489
660 507
680 485
688 498
680 494
672 490
672 499
684 482
669 493
661 498
675 500
664 500
686 500
664 509
665 510
665 511
667 505
676 492
687 501
687 502
688 503
688 504
676 501
679 497
679 498
680 499
680 500
681 501
668 497
668 506
660 502
688 493
680 489
679 488
691 498
692 497
692 496
691 495
691 499
691 500
692 501
691 494
680 498
672 494
683 481
683 490
686 486
675 495
664 495
686 495
667 491
664 504
667 500
676 487
675 486
687 505
687 506
687 507
688 508
688 509
687 510
687 511
688 512
688 513
686 509
685 508
686 504
685 503
684 502
684 501
683 500
683 499
679 501
679 502
680 503
680 504
680 505
681 506
681 505
679 506
679 507
680 508
680 509
681 510
682 507
683 508
683 509
684 510
684 511
660 497
679 510
679 511
679 512
680 513
680 514
681 515
679 515
679 516
679 517
680 518
680 517
682 516
683 517
683 518
680 484
681 483
681 482
680 481
680 480
679 479
679 483
678 514
677 513
676 512
676 511
676 510
675 509
675 513
675 514
676 515
676 516
674 512
672 489
671 493
682 502
682 511
674 507
664 490
683 503
683 504
683 512
683 513
683 514
684 515
686 508
675 508
676 507
677 508
676 506
675 505
675 504
676 505
677 504
675 517
674 517
675 518
675 519
676 520
676 521
675 522
675 523
675 524
676 525
676 526
676 524
675 527
675 528
676 529
674 526
674 521
674 516
673 515
672 514
672 513
671 512
671 511
672 510
673 510
672 509
672 508
671 507
674 525
673 524
672 523
672 522
671 521
671 520
672 519
673 519
672 518
670 519
679 478
678 477
677 476
677 475
676 474
676 473
677 472
678 472
677 471
677 470
676 469
679 487
678 486
677 485
693 498
694 499
695 500
695 501
695 502
696 503
696 499
696 498
695 497
695 496
694 495
694 494
694 503
694 504
695 505
695 506
678 509
678 518
671 488
690 501
690 502
691 503
691 504
692 505
692 506
693 507
694 508
694 509
695 510
695 511
694 512
694 513
694 514
695 515
695 516
696 517
694 517
694 518
695 519
695 520
695 521
694 522
694 523
695 524
695 525
693 517
694 526
693 526
693 512
693 521
693 516
692 515
691 514
691 513
690 515
690 516
691 517
691 518
693 525
692 524
691 523
691 522
690 521
690 520
690 524
690 525
689 524
689 519
688 518
688 517
687 516
687 515
686 514
686 513
686 517
685 517
686 518
686 519
687 520
687 521
688 522
686 522
686 523
687 524
687 525
687 526
671 497
671 506
682 506
690 519
663 502
682 515
671 515
671 516
670 514
669 513
668 512
669 512
668 511
667 510
667 509
667 513
667 514
668 515
668 516
668 517
669 517
667 518
667 519
668 520
668 521
669 522
667 522
667 523
667 524
668 525
668 526
669 526
670 523
670 524
671 525
671 526
683 480
684 479
685 480
684 478
684 477
685 476
685 475
684 474
684 473
683 476
686 481
687 482
688 481
689 482
688 480
687 483
688 484
688 485
688 479
689 478
689 477
688 476
688 475
687 474
687 478
687 473
688 474
689 473
690 483
691 484
692 483
692 482
691 481
691 485
691 486
692 487
692 488
692 486
691 480
691 489
691 490
692 491
692 492
691 479
692 478
692 477
691 476
691 475
692 474
693 475
692 473
692 472
691 471
694 476
695 477
696 476
697 477
696 475
695 478
696 479
696 480
691 470
691 469
690 469
689 469
689 468
692 469
693 470
692 468
691 467
688 470
688 471
687 469
687 468
691 466
692 467
693 466
694 466
694 471
695 472
696 471
697 472
697 473
696 470
696 469
697 468
696 467
696 466
697 467
696 465
697 464
697 463
696 462
696 461
697 460
697 459
697 458
696 457
696 456
695 469
696 460
695 464
694 463
687 470
695 473
698 465
699 466
700 467
699 468
699 469
700 469
701 470
700 468
699 470
699 471
700 472
700 473
698 474
699 475
699 476
700 477
700 478
701 479
699 479
699 480
675 469
674 470
673 469
673 468
700 481
700 482
700 483
699 484
699 485
700 486
700 487
698 484
697 483
697 482
696 484
696 485
697 486
695 483
672 467
695 467
698 479
673 467
695 482
698 483
695 459
695 468
695 486
695 487
695 488
694 489
696 489
676 476
673 488
673 487
672 486
673 486
672 485
694 490
694 491
695 492
695 491
694 485
699 465
700 464
701 465
700 463
699 462
699 461
700 462
701 461
699 474
672 466
671 465
670 464
670 463
669 465
698 460
674 511
675 476
686 485
664 503
677 522
697 500
676 477
667 508
687 486
679 482
666 512
699 460
702 471
693 502
659 509
678 522
670 518
690 496
682 492
674 488
698 473
683 493
696 512
675 489
686 498
697 513
689 509
701 483
693 479
666 525
678 499
670 495
690 473
702 484
703 483
704 484
693 515
692 519
671 496
682 505
674 501
694 479
686 475
685 516
677 512
696 525
697 490
697 491
689 486
689 487
701 460
666 502
678 476
689 522
702 461
693 492
688 526
659 499
658 499
658 498
678 512
670 508
690 486
682 482
698 463
685 493
696 502
662 509
673 518
677 525
697 503
689 499
701 473
693 469
666 515
665 515
665 514
664 513
663 512
678 489
681 500
684 505
684 506
704 483
669 525
674 491
673 495
685 506
677 502
696 515
697 480
689 476
666 492
670 462
688 516
693 482
680 512
691 521
671 463
674 468
681 513
692 522
684 518
685 483
696 492
697 457
673 508
677 515
689 489
676 519
701 463
678 479
677 480
677 479
681 490
672 521
692 499
669 515
661 511
660 512
673 485
696 505
697 470
662 512
695 509
688 506
680 502
672 498
700 480
692 476
684 472
685 471
703 485
703 486
669 492
681 503
692 512
691 511
692 510
691 509
692 509
684 508
685 473
704 486
705 486
706 487
677 469
696 482
694 521
673 498
665 494
676 509
695 522
668 505
687 518
688 483
679 514
680 479
681 478
691 488
670 465
703 462
704 461
703 463
688 519
680 515
681 480
672 511
691 524
692 489
684 485
704 463
696 459
669 505
661 501
664 512
675 521
676 486
695 499
667 517
687 495
676 522
696 508
668 518
688 496
705 464
706 464
700 470
672 488
691 501
692 466
706 486
696 472
683 502
678 468
677 467
678 467
679 469
680 470
678 466
694 511
695 476
686 507
676 499
695 512
668 495
687 508
688 473
707 486
679 504
680 469
681 468
680 467
682 469
683 470
681 467
699 482
672 465
691 478
681 470
693 524
672 501
692 479
684 475
690 518
682 514
694 488
673 465
664 502
683 515
675 511
694 524
695 489
667 507
686 520
687 485
658 508
657 508
656 509
679 481
707 463
708 464
709 465
709 464
708 466
708 467
709 467
710 467
711 467
711 466
699 459
700 458
699 457
700 457
668 508
688 486
660 504
680 482
700 460
691 491
678 521
657 498
656 499
656 498
690 495
698 472
671 518
663 514
663 515
674 523
694 501
695 466
664 515
667 520
699 472
691 468
702 483
693 514
705 488
705 489
671 495
690 508
663 491
663 492
682 504
683 469
694 478
686 474
706 489
698 485
664 492
683 505
676 466
675 466
667 497
695 479
686 510
687 475
679 471
697 525
698 526
699 525
689 521
680 472
693 491
672 468
659 498
678 511
670 507
690 485
669 462
668 463
667 462
668 462
682 481
698 462
671 508
663 504
682 517
683 482
674 513
675 478
674 478
695 456
694 456
693 457
692 456
691 456
691 455
692 454
686 487
677 524
697 502
676 479
689 498
679 484
666 514
658 510
658 511
678 488
702 473
703 473
704 474
704 473
703 475
693 504
659 511
678 524
679 525
679 524
680 523
681 524
682 525
681 523
680 525
683 525
670 520
671 485
670 485
690 498
682 494
674 490
694 468
698 475
685 505
696 514
675 491
665 526
664 525
663 525
663 524
664 523
697 515
698 516
699 515
689 511
701 485
693 481
678 501
670 497
671 462
690 475
682 471
682 472
702 486
674 467
681 512
700 525
692 521
671 498
684 517
663 494
683 472
674 503
675 468
694 481
667 464
686 477
673 507
685 518
677 514
697 492
698 493
699 493
699 492
700 491
699 490
700 490
700 493
701 493
702 494
703 495
703 496
704 496
702 493
701 495
701 496
702 496
704 495
689 488
709 466
701 462
666 504
658 500
658 501
678 478
702 463
693 494
680 524
659 501
670 510
690 488
682 484
669 514
694 458
693 459
681 525
677 491
696 504
697 469
662 511
673 520
665 516
665 517
677 527
697 505
698 506
698 505
699 505
689 501
655 508
654 508
653 508
653 507
654 506
653 505
652 506
651 505
654 505
655 506
652 505
655 505
651 507
651 508
652 508
654 507
693 471
666 517
699 514
699 513
700 513
678 491
670 487
690 465
689 464
690 463
689 466
688 463
687 463
686 462
685 461
684 460
683 460
682 460
682 459
681 458
680 457
685 460
681 457
684 462
684 463
685 463
687 462
688 461
680 459
679 459
681 460
683 459
686 464
686 465
687 465
682 461
681 502
700 515
701 516
702 517
703 518
703 519
704 519
705 519
706 520
706 519
707 519
702 516
705 521
705 522
706 522
701 518
704 518
707 518
707 517
707 516
692 511
684 507
703 520
704 485
696 481
662 524
661 524
660 525
660 524
661 523
660 522
661 522
659 522
658 521
661 521
662 522
659 521
662 521
658 523
700 492
703 497
703 498
704 462
704 498
705 499
705 498
706 497
707 496
706 499
677 481
677 482
708 468
655 498
654 497
654 496
653 495
652 496
651 495
654 495
655 494
654 493
655 493
655 496
656 496
657 496
657 495
653 497
652 495
655 495
651 497
679 526
679 527
699 504
699 503
699 502
700 501
700 503
700 502
690 455
689 454
689 453
690 453
689 456
688 453
687 453
686 453
686 452
685 451
684 450
685 450
684 452
685 453
687 452
688 451
687 450
688 450
690 452
690 451
690 450
683 449
682 449
686 454
689 455
657 507
657 506
700 505
701 506
701 505
702 504
702 506
703 506
704 506
703 507
703 508
704 508
705 509
706 510
706 509
705 511
707 508
706 507
707 507
708 509
709 510
707 506
709 509
708 511
708 512
709 512
710 513
710 512
711 512
712 512
713 513
714 513
712 514
712 515
713 515
715 514
716 513
711 511
711 510
711 509
710 514
710 515
711 514
685 462
704 475
705 476
706 477
706 476
707 476
708 477
708 476
709 477
709 476
705 478
706 479
708 478
708 479
709 479
710 480
710 479
711 479
711 478
711 477
711 476
650 504
650 503
649 502
650 502
649 504
648 504
647 504
646 504
646 503
646 502
647 502
645 501
644 501
644 500
645 499
644 498
643 497
642 498
641 498
642 499
640 498
639 499
639 498
643 499
641 500
641 501
642 501
640 497
643 498
639 500
639 501
642 500
661 513
660 514
653 509
706 521
698 517
698 518
664 524
643 501
654 510
707 485
707 484
707 483
678 458
677 457
678 456
677 459
676 456
675 456
674 456
675 455
676 454
674 457
674 458
675 458
677 458
660 526
681 469
699 517
657 520
656 519
657 518
656 521
655 518
654 518
653 518
653 517
652 516
651 517
651 518
652 518
654 517
655 516
653 519
653 520
654 520
703 487
673 464
673 463
673 462
662 491
661 491
660 492
660 491
659 491
658 490
658 489
658 488
659 489
660 489
661 489
661 488
662 487
662 489
659 488
662 488
661 490
666 461
666 460
665 459
666 459
665 461
664 458
664 457
663 459
664 459
665 460
707 498
708 499
709 500
710 500
711 500
711 499
709 499
708 501
711 501
712 502
713 503
710 502
710 503
713 502
714 501
713 500
715 502
716 503
714 503
716 502
712 504
712 505
713 505
715 504
715 505
716 505
717 506
718 506
719 507
720 506
721 507
719 508
721 506
720 508
714 502
717 507
717 508
718 508
710 504
699 494
698 495
698 496
700 459
692 455
711 468
712 469
712 470
713 470
710 469
710 470
711 469
713 469
714 468
715 469
715 470
716 470
714 470
712 471
712 472
713 472
715 471
715 472
716 472
717 473
718 473
719 473
720 474
720 473
721 474
722 474
723 475
724 476
725 477
723 474
719 475
722 476
722 477
723 477
725 476
726 475
726 477
721 473
724 478
724 479
725 479
720 475
723 476
726 476
722 478
722 479
657 497
703 464
703 465
723 479
713 514
685 452
704 465
705 466
706 466
650 494
649 494
648 494
648 493
649 492
648 491
647 490
646 491
646 492
647 492
650 492
645 491
644 491
644 490
645 489
644 488
643 487
642 486
643 486
642 488
641 488
642 489
643 489
645 488
641 490
647 491
640 487
639 486
640 485
639 488
638 485
637 485
637 484
638 483
643 488
646 493
646 494
647 494
636 484
635 483
634 482
633 482
632 482
632 481
631 480
630 479
636 482
631 479
634 484
634 485
635 485
630 481
629 481
630 482
631 482
633 481
629 483
636 481
636 480
632 483
633 484
635 484
628 480
627 479
628 478
627 481
626 478
625 478
625 477
626 476
649 493
631 481
682 526
642 490
634 486
634 487
714 515
673 477
672 476
673 475
672 478
671 475
670 475
670 474
670 473
671 473
669 472
668 473
667 472
666 472
665 472
665 471
666 470
665 469
664 470
663 470
663 469
666 469
668 472
664 469
667 474
667 475
668 475
663 471
666 471
669 471
669 470
669 469
662 468
662 467
661 466
662 466
661 468
660 469
659 468
658 468
658 467
658 466
658 465
659 464
659 466
657 465
656 466
656 465
661 467
706 511
665 473
698 507
698 508
664 514
710 481
710 482
656 510
656 511
635 487
655 465
654 465
653 465
653 464
654 463
653 462
652 461
651 460
652 460
651 462
651 463
652 463
654 462
655 461
654 460
655 460
655 463
650 459
649 459
648 460
648 461
647 459
646 459
646 458
647 457
649 461
652 462
645 458
644 458
644 457
644 456
644 455
643 454
642 453
645 456
643 453
642 455
641 455
642 456
643 456
645 455
641 457
642 458
655 462
647 458
651 464
643 455
654 464
646 460
646 461
647 461
688 462
707 475
706 474
707 474
707 473
645 500
624 477
648 505
648 506
681 459
711 481
712 482
712 481
713 480
714 480
715 480
716 481
716 480
715 482
713 482
716 482
717 483
718 484
719 485
719 486
720 486
718 483
717 485
717 486
718 486
720 485
721 484
720 483
721 483
721 486
722 487
723 487
724 488
725 487
726 488
724 489
726 487
725 489
719 487
720 488
722 488
722 489
723 489
725 488
726 489
727 490
727 491
728 489
729 488
730 488
729 490
730 491
728 487
730 490
729 492
729 493
730 493
731 493
732 493
732 492
733 491
732 490
733 490
733 493
734 494
735 494
736 495
737 494
736 496
737 496
734 495
734 496
735 496
727 492
730 492
733 492
736 497
736 498
718 485
737 498
738 499
739 500
739 499
738 501
729 494
638 497
638 496
637 495
638 495
637 497
636 494
635 493
636 492
635 495
634 495
633 494
632 494
632 493
633 492
632 491
631 490
630 489
630 491
629 491
630 492
631 492
633 491
629 493
629 494
630 494
628 490
627 489
628 489
626 489
625 488
628 488
627 491
627 492
626 488
625 490
631 491
634 496
634 497
635 497
627 493
624 487
623 487
622 488
621 487
620 487
620 486
620 485
620 484
621 485
619 484
621 484
623 486
623 485
624 485
684 464
684 465
657 510
630 493
649 506
622 489
622 490
669 484
668 483
669 482
667 484
667 485
668 485
666 484
665 484
665 483
665 482
665 481
666 480
664 480
663 479
666 482
662 479
661 479
660 479
661 478
662 477
661 476
662 476
664 479
663 481
663 482
664 482
666 481
659 478
659 477
658 476
659 476
658 478
657 475
656 476
662 478
655 475
654 475
653 475
653 474
654 473
653 472
652 473
651 473
651 472
655 473
650 472
649 472
648 471
647 470
646 469
647 469
646 471
649 471
650 470
649 469
650 469
652 472
645 468
644 468
644 467
645 466
643 466
642 466
641 465
640 465
639 466
639 465
642 465
643 464
641 467
641 468
642 468
648 473
638 465
637 464
638 463
639 463
640 463
637 462
640 462
638 462
651 474
651 475
640 464
652 475
643 465
654 474
647 471
639 467
639 468
636 461
635 460
636 460
636 459
635 462
634 462
635 463
634 464
633 461
632 461
632 460
632 459
633 459
631 459
630 459
657 474
657 473
650 471
641 502
642 467
661 480
660 481
660 482
702 518
634 463
653 476
653 477
705 523
706 488
685 465
652 517
631 494
663 526
643 468
635 464
654 477
623 489
660 493
660 494
707 488
708 489
708 488
709 487
709 489
710 490
711 489
711 491
712 492
713 493
710 492
713 492
714 491
713 490
715 492
715 493
716 493
717 493
718 494
719 495
720 496
714 490
717 495
717 496
718 496
720 495
721 494
721 496
722 497
723 498
724 499
725 500
723 497
722 499
725 499
726 498
725 497
726 497
726 500
727 500
728 500
728 499
724 501
714 493
716 492
719 497
719 498
720 498
712 494
723 499
715 494
716 495
726 499
718 495
714 492
725 501
717 497
717 498
718 498
680 471
657 487
656 486
657 486
657 485
656 488
656 489
655 485
655 484
654 483
655 483
654 485
653 485
652 485
651 485
651 484
652 483
653 486
653 487
654 487
669 461
668 460
669 460
669 459
702 495
721 508
722 509
722 510
723 510
724 509
725 510
725 509
726 508
726 510
724 511
723 509
726 509
722 511
725 511
681 472
713 504
714 469
705 500
705 501
725 478
717 474
717 475
650 484
649 484
648 484
648 483
649 482
648 481
647 480
646 479
645 479
644 478
643 477
642 476
647 479
643 476
646 481
646 482
647 482
649 481
650 480
649 479
641 477
641 478
650 482
642 478
645 478
644 480
647 481
640 477
639 476
640 475
639 478
638 475
637 475
637 474
638 473
637 472
636 472
635 473
634 472
635 472
638 472
634 474
634 475
635 475
640 474
633 471
633 470
633 469
632 471
631 470
630 469
631 469
629 470
629 471
630 471
639 477
636 471
635 470
636 470
636 469
650 481
643 478
635 474
646 483
628 470
627 469
627 468
628 468
627 471
626 468
628 467
628 466
627 470
638 474
630 470
649 483
641 479
641 480
631 471
642 480
634 476
662 458
661 458
660 459
660 458
659 458
658 458
658 457
658 456
658 455
659 454
658 453
659 453
659 456
659 455
661 457
661 456
661 455
662 454
662 456
662 455
714 505
706 501
726 479
727 480
728 481
729 480
730 481
730 480
729 482
728 479
727 482
729 481
730 482
731 483
731 484
732 482
733 481
732 480
732 479
733 483
734 484
734 483
731 485
734 485
734 486
735 486
733 482
736 487
736 488
698 497
718 475
737 488
738 489
738 488
739 489
710 471
710 472
656 500
656 501
676 478
668 474
660 470
660 471
688 452
707 465
626 477
645 490
691 457
691 458
637 486
637 487
629 482
657 464
657 463
657 462
648 495
648 496
649 460
709 511
701 507
701 508
721 485
712 516
740 498
741 497
742 498
739 497
740 497
742 497
741 499
741 500
742 500
743 500
744 500
744 499
745 498
744 497
745 500
740 496
742 499
745 499
741 501
744 501
743 502
743 503
744 502
745 502
746 503
746 502
747 501
747 503
748 504
748 505
749 503
748 506
749 505
747 502
743 504
743 505
713 481
692 458
732 494
731 495
731 496
732 495
638 487
678 523
724 490
724 491
684 454
630 483
649 496
650 461
669 474
642 457
702 508
661 470
653 466
714 482
733 495
706 478
652 507
725 491
717 487
663 516
664 481
643 458
656 477
656 478
676 455
667 486
667 487
687 464
633 493
679 460
679 461
644 502
644 503
645 467
697 514
648 472
668 487
709 488
660 483
728 501
729 502
730 501
729 503
730 503
727 502
727 503
728 502
730 502
729 504
729 505
730 505
731 506
731 505
732 505
732 504
732 503
733 503
733 505
734 506
735 507
736 506
737 507
737 506
736 508
736 509
735 506
734 508
737 508
738 509
739 510
739 509
740 509
741 510
741 509
742 510
742 509
738 511
739 512
741 511
740 508
739 507
740 507
740 506
736 510
739 511
731 507
731 508
688 465
680 461
720 497
666 526
626 490
712 493
645 503
638 464
629 495
657 477
630 460
630 461
649 473
641 469
641 470
702 485
721 498
713 494
732 507
659 523
705 490
705 491
651 519
651 520
652 484
631 461
690 510
663 493
642 470
683 471
675 467
694 480
686 476
706 491
652 520
698 487
739 488
644 479
664 494
656 490
696 526
675 503
676 468
716 504
667 499
695 481
668 464
708 500
687 477
660 460
660 461
728 478
728 477
728 476
679 473
719 509
719 510
626 467
626 466
645 480
637 476
637 477
657 454
656 455
656 456
629 472
629 473
648 485
689 523
709 501
701 497
701 498
702 462
720 510
693 493
721 475
712 506
672 470
713 471
659 500
732 484
705 467
705 468
638 477
678 513
724 480
651 496
670 509
630 473
671 474
690 487
682 483
702 498
661 460
674 479
674 480
735 495
694 457
640 486
714 472
746 504
746 505
706 468
652 497
725 481
738 500
698 464
671 510
663 506
704 507
664 471
683 484
656 467
656 468
674 515
675 480
694 493
695 458
667 476
667 477
686 489
687 454
633 483
747 505
625 479
625 480
739 501
644 492
645 457
731 497
731 498
677 526
697 504
648 462
648 463
689 500
708 513
668 477
709 478
655 507
728 491
701 474
701 475
647 503
720 487
626 480
666 516
712 483
712 484
658 512
658 513
678 490
657 467
670 486
649 463
690 464
641 459
636 493
702 475
742 511
693 506
721 488
734 507
713 484
659 513
705 480
700 514
651 509
652 474
670 522
671 487
690 500
663 483
663 484
683 461
674 492
675 457
621 486
694 470
735 508
640 499
686 466
727 504
727 505
632 495
632 496
633 460
698 477
644 469
644 470
685 507
664 484
704 520
677 503
696 516
697 481
676 458
716 494
662 523
708 490
708 491
654 519
687 467
633 496
719 499
719 500
666 493
645 470
637 466
697 517
689 513
709 491
655 520
701 487
720 500
693 483
659 490
678 503
651 486
651 487
670 499
671 464
690 477
663 460
663 461
682 473
723 511
674 469
735 485
681 514
640 476
727 481
632 472
632 473
652 487
692 523
738 490
738 491
684 519
684 520
683 521
663 496
664 461
704 497
683 474
696 493
696 494
656 457
655 458
675 470
715 506
715 507
716 471
662 500
686 479
673 509
633 473
719 476
719 477
665 505
625 469
739 491
685 520
731 487
677 516
697 494
716 507
689 490
709 468
749 504
655 497
660 463
701 464
647 493
720 477
693 460
693 461
666 506
626 470
712 473
639 489
639 490
658 502
658 503
659 467
678 480
670 476
670 477
690 454
636 483
723 488
682 450
682 451
702 465
628 479
742 501
693 496
734 497
734 498
680 526
659 503
700 504
692 500
652 464
671 477
711 513
703 509
703 510
682 486
683 451
669 516
715 483
715 484
735 498
694 460
661 512
640 489
632 485
685 497
644 459
704 510
696 506
697 471
716 484
643 500
689 467
662 513
708 480
635 496
654 509
655 474
673 522
646 505
646 506
719 489
665 518
666 483
658 479
658 480
678 457
624 486
689 503
730 504
709 481
722 500
722 501
655 510
701 477
647 506
693 473
688 507
639 502
707 520
699 516
659 480
691 512
651 476
670 489
669 490
711 490
657 519
690 467
636 496
723 501
628 492
674 459
620 488
620 489
681 504
640 466
700 517
632 462
632 463
692 513
652 477
684 509
685 474
704 487
696 483
715 496
661 525
621 489
662 490
653 521
654 486
633 463
685 510
726 511
677 506
718 507
697 484
689 480
654 522
655 487
695 523
687 519
647 483
707 497
639 479
639 480
658 492
659 457
678 470
670 466
636 473
723 478
628 469
688 520
734 487
680 516
681 481
700 494
672 512
691 525
692 490
711 503
703 499
704 464
650 493
715 473
715 474
667 463
661 502
748 507
748 508
747 509
640 479
681 517
653 498
653 499
714 514
673 476
738 493
684 522
683 523
704 500
677 483
745 501
696 496
697 461
737 497
716 474
643 490
683 526
689 457
689 458
662 503
635 486
654 499
627 482
627 483
655 464
673 512
646 495
647 460
665 508
666 473
658 469
658 470
710 516
710 517
624 476
624 475
730 494
676 523
722 490
722 491
668 519
647 496
693 463
692 464
688 497
660 515
660 516
707 510
699 506
659 470
700 471
691 502
711 480
657 509
703 476
703 477
636 486
723 491
649 505
628 482
669 483
640 456
639 457
681 494
700 507
672 525
692 503
733 504
684 499
685 464
631 493
704 477
677 460
677 461
650 506
696 473
669 519
642 502
643 467
661 515
634 498
635 499
634 499
662 480
653 511
654 476
673 489
646 472
646 473
665 485
726 501
698 519
698 520
677 496
718 497
664 526
737 510
623 488
710 493
710 494
643 503
729 506
729 507
689 470
656 522
656 523
676 500
655 477
695 513
647 473
687 509
666 486
679 505
639 469
707 487
699 483
678 460
624 489
730 507
636 463
688 510
680 506
681 471
699 519
700 484
672 502
691 515
692 480
711 493
684 476
657 522
650 483
669 496
642 479
661 492
662 457
653 488
653 489
673 466
714 504
706 500
665 462
665 463
685 477
726 478
677 473
717 509
717 510
718 474
737 487
683 516
643 480
729 483
729 484
662 493
635 476
675 512
694 525
654 489
695 490
655 454
654 454
653 454
652 454
651 454
651 453
627 472
627 473
686 521
665 498
666 463
707 464
658 459
718 510
730 484
676 513
722 480
695 526
668 509
687 522
660 505
688 487
679 518
707 500
680 483
699 496
700 461
672 479
672 480
691 492
692 457
638 486
711 470
684 453
657 499
703 466
703 467
649 495
650 460
669 473
641 491
641 492
702 507
683 455
661 469
681 484
672 515
714 481
705 512
705 513
733 494
684 489
725 490
685 454
744 503
671 519
704 467
631 483
650 496
736 499
736 500
696 463
642 492
643 457
661 505
662 470
674 524
634 488
748 510
747 511
654 466
694 502
673 479
646 462
646 463
706 513
726 491
698 509
718 487
737 500
664 516
623 478
622 479
622 480
710 483
710 484
656 512
656 513
675 525
676 490
695 503
667 521
668 486
647 463
687 499
688 464
707 477
680 460
699 473
645 502
637 498
637 499
657 476
648 507
648 508
668 522
701 519
701 520
721 497
681 461
672 492
700 474
740 510
691 505
690 506
732 506
692 470
638 499
684 466
724 502
724 503
657 512
630 495
631 460
649 508
690 509
650 473
622 491
622 492
669 486
642 469
702 520
661 482
634 465
634 466
653 478
714 494
673 456
672 456
672 457
619 485
618 486
618 487
733 507
706 490
652 519
725 503
698 486
717 499
664 493
683 506
643 470
675 502
635 466
676 467
694 515
667 498
695 480
686 511
687 476
679 472
697 526
676 503
668 499
687 512
688 477
660 495
679 508
680 473
720 509
699 486
672 469
691 482
732 483
638 476
657 489
630 472
649 485
669 463
641 481
641 482
661 459
702 497
721 510
653 455
653 456
713 506
714 471
733 484
705 502
705 503
706 467
725 480
631 473
671 509
717 476
717 477
690 522
736 489
736 490
682 518
642 482
683 483
674 514
662 460
675 479
694 492
654 456
695 457
706 503
707 504
708 503
747 504
726 481
698 499
718 477
710 473
710 474
683 519
729 486
656 502
675 515
676 480
695 493
667 511
668 476
686 524
688 454
728 490
660 472
660 473
707 467
679 485
699 463
626 479
645 492
691 459
691 460
637 488
637 489
629 484
629 485
657 466
743 506
648 497
649 462
709 513
641 458
701 509
701 510
702 474
721 487
681 451
680 451
679 451
679 450
680 450
693 505
740 500
713 483
692 460
659 512
732 496
705 479
638 489
678 525
724 492
724 493
684 456
683 457
630 485
670 521
671 486
650 463
622 481
690 499
642 459
661 472
702 510
694 469
714 484
706 480
652 509
725 493
698 476
671 522
664 483
656 479
656 480
674 527
676 457
694 505
695 470
667 488
667 489
686 501
687 466
633 495
679 462
679 463
625 491
625 492
644 504
645 469
731 509
731 510
637 465
656 515
657 516
658 515
697 516
648 474
648 475
689 512
668 489
709 490
688 467
728 503
655 519
701 486
720 499
680 463
626 492
712 495
712 496
658 524
658 525
618 488
691 472
638 466
678 502
657 479
630 462
630 463
649 475
690 476
641 471
702 487
721 500
693 518
713 496
659 525
705 492
652 486
631 463
671 499
690 512
663 495
664 460
682 508
683 473
674 504
634 468
694 482
667 465
667 466
666 467
686 478
633 472
698 489
739 490
644 481
644 482
685 519
731 486
664 496
710 463
711 464
712 463
656 492
697 493
716 506
676 470
667 501
668 466
708 502
687 479
728 480
660 462
679 475
719 511
719 512
720 476
626 469
645 482
691 449
637 478
657 456
629 474
629 475
628 476
743 496
689 525
709 503
701 499
702 464
720 512
693 495
721 477
712 508
740 490
741 489
741 491
741 490
742 491
743 490
744 490
745 490
746 490
747 491
747 490
743 492
746 492
746 493
747 493
748 494
748 493
749 493
749 492
749 491
748 495
748 496
749 495
750 495
744 491
747 492
746 494
747 495
749 494
748 497
748 498
745 491
743 493
743 494
744 493
747 494
713 473
732 486
659 502
705 469
706 470
707 471
705 470
704 471
708 470
678 515
651 498
651 499
650 500
724 482
670 511
630 475
671 476
650 453
690 489
663 472
663 473
662 474
682 485
683 450
674 481
674 482
673 483
672 482
671 483
735 497
694 459
640 488
714 474
681 526
727 493
727 494
726 495
686 455
686 456
746 506
746 507
745 508
632 484
652 499
738 502
738 503
737 504
736 504
735 504
698 466
717 479
663 508
704 509
664 473
683 486
656 469
656 470
655 471
675 482
716 483
695 460
667 478
687 456
673 521
633 485
747 507
719 488
679 452
680 453
625 481
625 482
624 483
739 503
740 504
741 503
731 499
645 459
677 528
697 506
689 502
648 464
648 465
708 515
709 480
655 509
728 493
660 475
701 476
720 489
647 505
693 472
666 518
626 482
712 485
712 486
711 487
658 514
659 479
678 492
629 487
670 488
649 465
690 466
636 495
641 461
723 500
682 462
682 463
702 477
628 491
693 508
734 509
734 510
733 511
713 486
659 515
705 482
700 516
652 476
671 489
663 485
703 521
703 522
682 498
683 463
674 494
675 459
715 495
694 472
621 488
735 510
640 501
727 506
686 468
632 497
633 462
644 471
644 472
685 509
704 522
677 505
696 518
656 482
657 483
658 482
676 460
716 496
689 479
662 525
708 492
708 493
707 494
654 521
655 486
679 465
680 465
719 501
666 495
712 462
712 461
712 460
712 459
713 460
713 459
714 458
715 457
716 458
713 457
716 457
715 459
715 460
716 460
714 457
714 460
716 459
715 461
715 462
716 462
717 463
717 462
718 461
719 462
719 463
720 463
718 463
721 463
722 464
723 465
724 466
725 467
723 464
722 466
723 467
725 466
726 465
725 464
726 464
726 467
727 468
727 467
728 467
728 466
724 468
727 469
727 470
719 464
719 465
728 469
729 470
729 469
720 465
723 466
726 466
718 462
729 471
729 472
730 472
722 468
711 458
710 457
711 456
710 459
709 456
709 455
708 454
709 454
708 456
707 453
706 454
705 453
704 453
703 453
703 452
704 451
703 450
702 451
701 451
701 450
704 450
702 450
705 455
705 456
706 456
708 455
701 452
701 453
702 453
704 452
707 452
707 451
700 449
700 448
699 447
700 447
699 449
698 450
697 449
696 449
696 448
696 447
697 447
695 446
694 446
693 447
693 446
692 446
691 446
694 445
695 444
694 443
693 448
693 449
694 448
692 445
692 444
703 454
704 455
714 459
706 455
725 468
717 464
717 465
695 445
726 469
718 465
707 455
699 451
698 452
691 447
728 468
720 464
702 452
721 465
713 461
705 457
705 458
694 447
706 458
695 448
727 471
727 472
697 448
716 461
708 457
708 458
719 466
719 467
709 458
701 454
720 467
693 450
693 451
730 471
722 467
711 457
723 468
704 454
696 450
696 451
715 463
697 451
726 468
718 464
710 460
710 461
729 473
728 474
729 474
707 454
699 450
730 474
700 451
692 447
711 460
703 456
721 464
724 469
724 470
714 461
706 457
725 470
698 453
698 454
717 466
695 447
718 467
707 457
699 453
717 456
718 457
719 456
709 457
728 470
720 466
645 472
658 491
637 468
678 469
689 515
709 493
655 522
701 489
742 490
702 454
693 485
721 467
712 498
713 463
659 492
705 459
678 505
651 488
651 489
650 490
670 501
671 466
711 502
690 479
663 462
663 463
662 464
682 475
674 471
694 449
735 487
681 516
640 478
727 483
727 484
726 485
746 496
632 474
632 475
692 525
652 489
698 456
738 492
684 521
685 486
704 499
664 463
696 495
656 459
715 508
675 472
716 473
667 468
662 502
708 469
654 498
673 511
633 475
719 478
719 479
625 471
665 507
739 493
740 494
741 494
741 493
685 522
731 489
677 518
697 496
689 492
708 505
709 470
728 483
655 499
701 466
741 502
720 479
647 495
693 462
666 508
639 491
639 492
638 493
707 509
712 475
658 504
659 469
678 482
651 465
651 466
650 467
670 478
690 456
636 485
682 452
682 453
723 490
628 481
742 503
734 499
734 500
733 501
732 501
705 472
672 524
700 506
651 501
652 466
692 502
711 515
671 479
684 498
663 475
703 511
703 512
704 476
683 453
650 505
669 518
674 484
715 485
715 486
735 500
661 514
640 491
653 510
727 496
728 497
729 496
738 505
685 499
704 512
737 509
643 502
716 486
662 515
708 482
635 498
654 511
627 494
627 495
655 476
646 507
646 508
645 509
647 472
720 456
666 485
658 481
637 458
678 459
624 488
730 506
722 502
722 503
721 504
636 462
647 508
699 518
659 482
705 449
704 448
705 447
705 446
705 445
705 444
706 446
704 444
703 444
703 443
706 447
702 444
701 444
700 445
721 466
701 443
701 442
651 478
670 491
711 492
671 456
670 456
669 457
668 457
667 456
666 457
667 455
667 454
667 453
668 454
666 453
665 453
668 456
657 521
703 488
703 489
636 498
723 503
628 494
674 461
734 512
620 490
640 468
727 473
700 519
632 464
632 465
704 489
650 518
697 450
716 463
643 479
662 492
708 459
708 460
707 461
654 488
633 465
646 484
646 485
645 486
719 468
718 469
666 462
718 509
710 505
710 506
709 507
730 483
709 460
749 496
655 489
701 456
741 492
647 485
693 452
639 481
712 465
707 499
658 494
699 495
659 459
651 455
651 456
650 457
670 468
636 475
723 480
628 471
742 493
734 489
700 496
652 456
711 505
703 501
704 466
650 495
642 491
715 475
748 509
662 469
727 486
653 500
653 501
673 478
706 512
665 474
665 475
726 490
745 503
737 499
643 492
729 495
689 459
708 472
635 488
654 501
655 466
627 484
626 485
626 486
627 485
646 497
647 462
666 475
639 458
639 459
638 460
658 471
624 478
730 496
749 509
722 492
741 505
660 517
659 518
659 519
660 518
707 512
639 494
640 495
641 494
699 508
651 468
711 482
638 498
657 511
703 478
703 479
723 493
649 507
628 484
641 503
641 504
640 505
639 504
638 505
637 505
638 506
636 505
635 506
634 505
635 505
634 507
635 508
637 507
637 508
638 508
639 508
640 508
640 507
633 504
632 504
636 504
635 507
638 507
631 504
630 504
629 504
629 503
630 502
631 502
628 503
627 502
627 501
628 501
627 504
626 504
626 501
625 501
625 500
626 499
625 498
626 497
626 498
628 500
627 503
624 497
624 496
623 495
624 495
623 497
622 498
621 497
620 497
620 496
621 495
630 503
634 509
633 510
623 499
622 500
626 500
637 509
629 505
629 506
638 510
639 511
639 510
640 510
641 511
641 510
642 509
643 509
642 511
642 510
643 511
644 511
645 511
646 511
647 512
641 512
641 513
642 513
644 512
644 513
716 468
645 513
630 506
619 496
618 495
619 494
618 497
617 497
617 494
616 494
615 494
615 493
616 492
615 491
614 492
613 492
616 491
617 492
614 491
617 491
613 493
613 494
614 494
685 481
616 493
619 493
619 492
615 495
616 496
618 496
640 509
632 505
632 506
614 493
633 506
625 502
643 510
639 512
639 513
617 493
636 506
628 502
620 498
620 499
621 499
613 495
631 503
642 512
634 508
623 498
643 513
635 509
627 505
627 506
626 507
624 499
616 495
617 496
645 512
638 509
630 505
622 501
622 502
641 514
641 515
619 495
631 506
642 515
634 511
633 512
633 513
632 514
631 513
630 512
633 515
631 512
630 514
629 514
631 515
633 514
628 513
631 514
629 515
628 512
628 511
628 515
630 515
612 492
623 501
615 497
633 505
644 514
626 502
618 498
618 499
637 511
636 512
635 513
636 514
635 515
635 516
636 515
636 516
637 517
638 516
639 517
638 517
629 507
630 508
631 508
632 508
619 498
621 498
640 511
632 507
614 495
633 508
625 504
624 505
623 505
624 506
624 507
622 504
621 505
628 514
643 512
625 494
624 498
639 514
617 495
636 508
628 504
620 500
620 501
619 502
618 502
617 503
616 502
617 502
615 503
614 502
616 504
616 503
617 504
618 505
619 504
619 505
621 501
631 505
642 514
634 510
623 500
615 496
635 511
627 507
624 501
616 497
669 485
661 481
702 519
640 458
727 463
733 506
685 466
725 502
704 479
631 495
677 462
677 463
676 464
650 508
736 511
642 504
643 469
661 517
634 500
634 501
634 502
633 502
662 482
635 465
654 478
719 458
720 459
721 460
721 461
722 460
646 474
646 475
645 476
665 487
664 487
698 521
698 522
697 523
721 462
726 503
718 499
623 490
710 495
710 496
709 497
729 508
656 524
656 525
730 473
635 501
636 502
637 501
722 469
722 470
721 471
655 479
627 497
628 498
629 497
630 498
701 446
647 475
707 489
639 471
658 484
700 450
624 491
637 510
670 458
711 459
657 488
703 455
722 505
636 465
723 470
721 509
681 473
638 511
711 495
657 524
630 507
744 492
631 472
704 456
650 485
622 503
696 452
696 453
695 454
641 516
642 481
661 494
634 477
634 478
633 479
748 499
662 459
653 490
654 455
714 506
619 497
665 464
665 465
664 466
664 467
706 502
611 493
610 493
610 494
610 495
611 494
609 494
608 494
607 495
608 493
726 480
698 498
745 493
717 511
718 476
697 453
737 489
643 482
689 449
688 448
689 447
729 485
634 513
635 478
654 491
627 474
655 456
646 487
666 465
707 466
612 494
658 461
718 512
623 503
710 508
730 486
722 482
707 502
679 520
681 450
699 498
740 499
672 481
692 459
638 488
711 472
684 455
657 501
630 484
703 468
649 497
650 462
669 475
641 493
702 509
661 471
653 467
653 468
714 483
733 496
705 514
704 515
704 516
705 515
725 492
685 456
631 485
744 505
717 488
717 489
716 490
650 498
663 517
663 518
662 519
736 501
642 494
643 459
662 472
634 490
635 490
748 512
749 513
748 514
749 514
747 514
746 513
747 513
745 512
744 512
744 511
744 510
745 510
745 511
744 513
745 514
745 513
654 468
646 464
706 515
726 493
718 489
664 518
623 480
710 485
729 498
656 514
722 459
722 458
627 487
668 488
688 466
660 484
660 485
659 486
639 461
707 479
680 462
626 491
672 458
672 459
672 460
645 504
637 500
657 478
629 496
703 445
703 446
648 509
649 510
650 511
651 512
649 512
650 513
650 512
649 514
650 514
648 510
651 511
649 474
723 460
724 460
725 461
724 459
638 459
660 520
701 521
701 522
700 523
681 463
721 499
713 495
732 508
659 524
638 501
724 504
724 505
724 506
723 507
641 509
684 468
725 469
630 497
631 462
704 446
690 511
650 475
622 493
641 506
642 506
643 507
642 471
661 484
702 522
634 467
748 489
673 458
714 496
733 509
619 487
665 454
664 455
706 492
652 521
725 505
698 488
726 470
717 501
718 466
710 462
656 491
729 475
730 476
635 468
668 465
633 507
707 456
679 474
625 503
699 452
645 481
691 448
743 495
657 455
648 486
648 487
722 472
709 502
680 475
720 511
721 476
740 489
712 507
672 471
700 453
618 500
732 485
692 449
637 513
638 478
711 462
610 496
724 481
657 491
629 509
630 474
649 487
641 483
661 461
702 499
721 512
653 457
653 458
713 508
714 473
705 504
733 486
706 469
652 498
725 482
744 495
631 475
717 478
622 506
736 491
664 472
682 520
681 521
634 480
675 481
654 458
646 454
646 453
687 455
747 506
611 496
612 497
612 498
613 499
613 497
698 501
739 502
644 493
644 494
718 479
710 475
656 504
676 482
668 478
708 514
688 456
728 492
660 474
707 469
680 452
626 481
645 494
691 461
637 490
657 468
629 486
743 508
649 464
709 515
641 460
701 511
702 476
721 489
681 453
740 502
713 485
659 514
732 498
705 481
678 527
684 458
724 494
724 495
651 510
630 487
631 487
632 487
717 455
622 483
650 465
642 461
643 462
644 461
683 462
735 509
640 500
714 486
686 467
705 517
706 482
652 511
698 478
671 524
717 491
718 456
663 520
664 521
665 520
704 521
664 485
683 498
656 481
676 459
667 490
668 455
686 503
633 497
679 464
625 493
644 506
645 471
731 511
620 504
637 467
697 518
648 476
649 477
648 477
689 514
709 492
655 521
728 505
660 487
701 488
720 501
693 484
626 494
700 443
699 442
698 442
697 443
697 444
697 445
698 441
699 441
698 444
697 441
698 443
696 442
712 497
672 461
713 462
658 526
657 527
657 528
656 529
657 529
658 527
656 527
618 490
719 513
718 514
637 503
678 504
638 468
724 471
724 472
629 499
630 500
631 500
630 464
670 500
703 448
702 448
690 478
636 507
641 473
642 473
643 474
644 474
669 455
682 474
701 524
702 524
703 524
702 489
693 520
713 498
714 463
659 527
705 494
746 495
706 459
652 488
725 472
698 455
671 501
717 468
690 514
663 497
664 462
682 510
683 475
656 458
674 506
675 471
686 480
621 500
694 484
667 467
695 449
640 513
613 496
632 509
633 474
704 494
747 496
625 470
739 492
644 483
644 484
685 521
731 488
677 517
710 465
656 494
697 495
676 472
716 508
689 491
668 468
708 504
709 469
614 497
728 482
660 464
679 477
720 478
625 506
666 507
699 455
626 471
712 474
645 484
691 451
637 480
678 481
657 458
629 476
630 477
631 477
632 477
743 498
648 489
649 454
648 454
648 453
709 505
701 501
702 466
742 502
721 479
693 497
712 510
713 475
659 504
732 488
705 471
678 517
651 500
652 465
670 513
671 478
690 491
663 474
682 487
683 452
674 483
694 461
735 499
640 490
727 495
686 457
686 458
746 508
706 472
632 486
652 501
698 468
738 504
644 460
704 511
664 475
696 507
656 471
675 484
716 485
695 462
662 514
667 480
708 481
687 458
633 487
673 523
719 490
719 491
679 454
678 454
665 519
625 483
739 505
644 496
645 461
731 501
697 508
648 466
647 467
689 504
708 517
709 482
728 495
655 511
701 478
702 443
720 491
647 507
693 474
666 520
712 487
639 503
650 468
658 516
659 481
705 448
638 458
678 494
651 477
724 461
723 462
670 490
690 468
636 497
641 463
723 502
682 464
682 465
628 493
702 479
674 460
734 511
640 467
700 518
705 484
706 449
651 513
652 514
653 513
692 514
652 478
725 462
698 445
671 491
717 458
663 487
703 523
704 488
683 465
675 461
715 497
715 498
715 499
661 526
694 474
621 490
667 457
640 503
727 508
686 470
632 499
633 464
685 511
644 473
731 478
730 478
704 524
677 507
750 491
696 520
697 485
716 498
643 514
689 481
668 458
708 494
635 510
709 459
655 488
728 472
660 454
701 455
647 484
720 468
666 497
712 464
658 493
637 470
678 471
629 466
630 467
631 467
624 500
670 467
636 474
701 491
702 491
703 491
702 456
742 492
721 469
688 521
693 487
734 488
639 516
713 465
659 494
705 461
700 495
691 526
651 490
724 474
652 455
670 503
671 468
711 504
690 481
703 500
663 464
636 510
609 493
682 477
628 506
674 473
673 473
620 502
694 451
735 489
681 518
640 480
727 485
746 498
632 476
698 458
738 494
684 523
685 488
704 501
664 465
677 484
696 497
656 461
697 462
643 491
716 475
662 504
667 470
708 471
654 500
673 513
633 477
646 496
719 480
718 481
719 481
665 509
666 474
731 491
677 520
697 498
689 494
648 456
730 495
709 472
655 501
741 504
701 468
647 497
720 481
693 464
666 510
712 477
639 493
707 511
658 506
699 507
659 471
662 497
678 484
651 467
670 480
669 480
690 458
636 487
682 454
681 455
723 492
628 483
742 505
734 501
640 457
672 526
700 508
692 504
652 468
684 500
663 477
703 513
702 514
704 478
650 507
696 474
669 520
642 503
715 487
714 488
736 502
715 488
621 480
661 516
662 481
653 512
686 460
727 498
632 489
673 490
719 457
665 486
685 501
644 463
726 502
696 510
697 475
737 511
643 504
716 488
689 471
662 517
708 484
635 500
654 513
655 478
627 496
695 514
701 445
646 509
719 493
647 474
720 458
665 522
666 487
639 470
658 483
678 461
624 490
670 457
730 508
722 504
636 464
723 469
702 446
688 511
693 477
639 506
680 507
699 520
659 484
705 451
700 485
691 516
651 480
652 481
653 481
653 480
692 481
711 494
671 458
657 523
617 487
663 454
703 490
682 467
649 519
648 520
649 520
723 505
628 496
674 463
715 464
715 465
620 492
661 493
640 470
681 508
727 475
632 466
692 517
684 513
685 478
631 507
704 491
745 492
677 474
650 520
696 487
697 452
715 500
716 465
643 481
689 448
662 494
634 512
635 477
708 461
654 490
655 455
646 486
719 470
718 471
665 499
666 464
612 493
658 460
718 511
623 502
710 507
615 498
616 499
615 499
689 484
730 485
676 514
649 499
648 499
722 481
655 491
701 458
702 458
703 458
668 510
647 487
687 523
693 454
688 488
679 519
639 483
707 501
658 496
659 461
699 497
678 474
691 493
651 457
624 503
670 470
711 471
690 448
657 500
608 495
636 477
723 482
628 473
742 495
688 524
734 491
680 520
681 485
672 516
700 498
692 494
711 507
684 490
685 455
703 503
657 513
744 504
704 468
631 484
650 497
696 464
669 510
642 493
661 506
634 489
748 511
662 471
717 467
653 502
652 503
653 503
654 467
673 480
706 514
665 476
665 477
685 491
698 510
698 511
726 492
677 487
745 505
718 488
664 517
737 501
623 479
697 465
643 494
729 497
689 461
675 526
708 474
654 503
695 504
646 476
655 468
627 486
646 499
687 500
647 464
666 477
639 460
707 478
658 473
678 451
677 452
624 480
656 454
730 498
676 527
722 494
723 459
668 523
741 507
688 501
660 519
707 514
680 497
681 462
699 510
672 493
740 511
700 475
651 470
691 506
692 471
638 500
711 484
684 467
703 480
702 481
630 496
704 445
649 509
650 474
696 441
641 505
669 487
702 521
661 483
681 498
653 479
727 465
673 457
714 495
619 486
733 508
684 503
725 504
685 468
704 481
631 497
635 467
677 464
717 500
650 510
696 477
697 442
643 471
716 455
715 455
715 454
683 507
662 484
708 451
709 450
710 451
708 449
710 452
653 515
654 480
694 516
673 493
686 512
719 460
665 489
666 454
726 505
698 523
718 501
623 492
710 497
656 526
689 451
730 475
656 503
676 504
749 488
749 487
750 487
751 488
751 487
750 489
752 487
753 488
754 488
755 487
756 488
757 489
756 487
755 489
758 489
759 488
758 487
759 487
759 490
755 488
756 489
759 489
757 490
757 491
758 491
755 490
756 491
758 490
759 491
754 487
757 492
753 489
756 490
750 488
751 489
754 489
756 492
722 471
627 499
695 517
699 487
668 500
686 525
685 526
647 477
687 513
688 478
693 444
660 496
707 491
639 473
679 509
680 474
626 503
700 452
691 483
692 448
637 512
711 461
629 508
657 490
703 457
723 472
649 486
669 464
680 510
721 511
681 475
672 506
635 471
704 458
700 488
713 507
692 484
733 485
638 513
684 480
703 493
630 509
744 494
631 474
650 487
622 505
690 523
696 454
669 500
642 483
682 519
715 467
661 496
748 501
749 501
750 501
662 461
634 479
653 492
652 493
654 457
673 470
714 508
619 499
706 504
665 466
611 495
698 500
726 482
745 495
717 513
718 478
664 507
737 491
683 520
643 484
729 487
675 516
635 480
676 481
667 512
627 476
695 494
646 489
647 454
687 490
688 455
679 486
707 468
612 496
658 463
699 464
645 493
710 510
615 501
743 507
676 517
722 484
723 485
724 484
648 498
668 513
709 514
660 509
679 522
680 487
681 452
699 500
700 465
740 501
672 483
691 496
732 497
692 461
711 474
678 526
638 490
684 457
657 503
703 470
630 486
650 464
622 482
669 477
641 495
642 460
661 473
702 511
653 469
653 470
714 485
705 516
733 498
706 481
652 510
725 494
685 458
671 523
744 507
717 490
677 454
736 503
663 519
642 496
643 461
683 497
634 492
675 493
654 470
694 506
695 471
686 502
646 466
706 517
665 479
698 513
644 505
718 491
664 520
623 482
710 487
729 500
656 516
676 494
722 461
667 525
695 507
668 490
687 503
688 468
660 486
728 504
707 481
679 499
680 464
626 493
699 477
700 442
645 506
691 473
618 489
637 502
752 489
638 467
657 480
629 498
703 447
648 511
649 476
641 472
701 523
702 488
693 519
721 501
681 465
672 496
713 497
714 462
659 526
732 510
705 493
638 503
684 470
725 471
630 499
671 500
631 464
622 495
690 513
650 477
696 444
641 508
682 509
661 486
748 491
674 505
634 469
671 459
653 482
694 483
673 460
640 512
714 498
619 489
665 456
706 494
725 507
698 490
726 472
717 503
718 504
719 503
718 468
710 464
683 510
656 493
729 477
675 506
676 471
694 519
627 466
695 484
668 467
686 515
687 480
614 496
633 509
679 476
707 458
625 505
699 454
645 483
691 450
637 479
657 457
743 497
689 526
648 488
649 453
732 487
709 504
701 500
680 477
721 478
626 506
700 455
740 491
712 509
672 473
713 474
692 451
637 515
638 480
678 516
724 483
657 493
629 511
670 512
703 460
630 476
649 489
690 490
650 454
641 485
669 467
661 463
702 501
653 459
713 510
714 511
715 511
715 510
714 475
733 488
705 506
706 471
652 500
725 484
698 467
671 513
717 480
690 526
736 493
664 474
682 522
674 518
675 483
694 496
695 461
667 479
646 456
687 457
633 486
747 508
679 453
698 503
739 504
644 495
645 460
731 500
664 510
677 529
710 477
656 506
697 507
676 484
667 515
708 516
668 480
660 476
728 494
688 458
679 489
680 454
720 490
699 467
666 519
626 483
645 496
691 463
637 492
638 457
743 510
657 470
629 488
648 501
649 466
709 517
641 462
701 513
702 478
693 509
721 491
713 487
732 500
659 516
705 483
706 448
724 496
670 525
671 490
717 457
690 503
622 485
663 486
682 499
642 463
683 464
674 495
634 459
675 460
694 473
735 511
640 502
686 469
727 507
706 484
694 450
632 498
652 513
698 480
726 462
718 458
663 522
704 523
710 454
711 454
712 453
712 454
750 490
696 519
656 483
729 467
675 496
716 497
676 461
667 492
695 474
662 526
686 505
728 471
660 453
633 499
707 448
679 466
719 502
625 495
699 444
644 508
645 473
637 469
697 520
629 465
689 516
648 478
709 494
728 507
655 523
701 490
702 455
720 503
721 468
693 486
626 496
639 515
672 463
712 499
713 464
658 528
618 492
659 493
705 460
638 470
678 506
724 473
629 501
670 502
630 466
671 467
690 480
636 509
641 475
682 476
661 453
628 505
674 472
693 522
735 488
714 465
705 496
746 497
706 461
652 490
725 474
692 526
698 457
671 503
717 470
663 499
664 464
682 512
683 477
656 460
674 508
715 509
675 473
694 486
621 502
667 469
695 451
640 515
613 498
686 482
632 511
633 476
747 498
739 494
625 472
625 473
685 523
644 485
731 490
677 519
697 497
716 510
689 493
648 455
668 470
708 506
709 471
614 499
655 500
660 466
728 484
701 467
720 480
625 508
666 509
626 473
712 476
658 505
691 453
637 482
678 483
629 478
657 460
670 479
649 456
690 457
701 503
742 504
702 468
693 499
721 481
713 477
714 478
715 477
659 506
705 473
678 519
651 502
724 486
652 467
670 515
711 516
671 480
690 493
663 476
682 489
683 454
674 485
735 501
640 492
686 459
727 497
746 510
632 488
738 506
698 470
685 500
644 462
704 513
664 477
656 473
696 509
697 474
716 487
662 516
667 482
708 483
687 460
654 512
673 525
633 489
679 456
719 492
720 457
625 485
665 521
731 503
645 463
637 459
697 510
648 468
689 506
709 484
655 513
701 480
702 445
647 509
720 493
721 458
693 476
666 522
712 489
639 505
713 454
658 518
659 483
705 450
651 479
724 463
670 492
671 457
690 470
663 453
636 499
682 466
723 504
628 495
674 462
620 491
714 455
681 507
640 469
727 474
700 520
706 451
651 515
692 516
652 480
698 447
684 512
717 460
663 489
704 490
664 454
650 519
683 467
696 486
675 463
716 464
621 492
667 459
695 441
686 472
727 510
728 510
728 511
627 490
729 510
632 501
673 502
633 466
719 469
685 513
644 475
731 480
677 509
696 522
697 487
716 500
689 483
635 512
708 496
709 461
749 497
627 508
627 509
655 490
660 456
701 457
719 505
720 470
647 486
693 453
666 499
712 466
639 482
658 495
659 460
678 473
624 502
629 468
670 469
616 498
690 447
636 476
723 481
628 472
742 494
688 523
693 489
734 490
639 518
713 467
680 519
659 496
700 497
705 463
651 492
652 457
692 493
711 506
671 470
617 499
663 466
703 502
609 495
682 479
628 508
669 509
674 475
715 476
735 491
694 453
681 520
640 482
686 449
686 448
727 487
746 500
632 478
738 496
684 525
704 503
677 486
745 504
656 463
715 512
643 493
716 477
689 460
708 473
635 489
654 502
655 467
646 498
719 482
625 475
666 476
645 453
658 472
624 479
648 458
730 497
709 474
749 510
722 493
655 503
741 506
647 499
707 513
639 495
712 479
659 473
699 509
651 469
670 482
711 483
690 460
636 489
682 456
723 494
628 485
742 507
734 503
640 459
727 464
700 510
652 470
685 467
703 515
631 496
704 480
650 509
715 489
642 505
621 482
661 518
662 483
708 450
653 514
654 479
719 459
665 488
644 465
726 504
718 500
623 491
643 506
729 509
708 486
635 502
709 451
654 515
655 480
627 498
701 447
720 460
647 476
665 524
693 443
666 489
707 490
639 472
712 456
658 485
678 463
624 492
670 459
730 510
616 488
616 489
722 506
636 466
723 471
681 474
699 522
651 482
671 460
638 512
711 496
657 525
617 489
703 492
663 456
704 457
650 486
674 465
715 466
620 494
661 495
748 500
640 472
653 491
727 477
632 468
714 507
631 509
704 493
717 512
745 494
697 454
737 490
643 483
716 467
689 450
662 496
634 514
708 463
635 479
654 492
655 457
627 475
719 472
646 488
647 453
666 466
612 495
658 462
718 513
623 504
710 509
615 500
730 487
749 500
722 483
741 496
647 489
693 456
679 521
707 503
639 485
659 463
699 499
651 459
670 472
711 473
616 501
657 502
703 469
636 479
723 484
649 498
628 475
669 476
734 493
680 522
700 500
733 497
685 457
703 505
704 470
744 506
631 486
677 453
650 499
642 495
715 479
643 460
634 491
662 473
748 513
653 504
654 469
673 482
646 465
706 516
665 478
726 494
698 512
745 507
718 490
737 503
623 481
664 519
710 486
643 496
689 463
729 499
635 492
655 470
627 488
646 501
647 466
666 479
707 480
639 462
658 475
645 505
678 453
624 482
730 500
722 496
723 461
660 521
681 464
699 512
691 508
732 509
638 502
711 486
684 469
657 515
703 482
704 447
649 511
622 494
650 476
696 443
669 489
641 507
642 472
715 456
661 485
702 523
748 490
714 497
673 459
619 488
733 510
706 493
665 455
725 506
685 470
726 471
631 499
717 502
677 466
642 508
643 473
729 476
662 486
634 504
708 453
635 469
654 482
646 478
666 456
698 525
726 507
718 503
623 494
710 499
656 528
615 490
730 477
749 490
722 473
639 475
707 493
680 476
699 489
626 505
672 472
700 454
618 501
692 450
637 514
638 479
711 463
657 492
629 510
703 459
649 488
641 484
669 466
661 462
702 500
681 477
713 509
733 487
705 505
638 515
725 483
630 511
744 496
631 476
704 460
650 489
736 492
642 485
682 521
634 481
748 503
662 463
653 494
654 459
714 510
673 472
646 455
619 501
665 468
706 506
611 497
726 484
698 502
745 497
718 480
737 493
710 476
683 522
656 505
729 489
635 482
676 483
627 478
668 479
647 456
688 457
707 470
645 495
691 462
637 491
657 469
743 509
648 500
722 486
709 516
660 511
701 512
721 490
681 454
740 503
732 499
692 463
638 492
678 528
684 459
657 505
703 472
630 488
649 501
622 484
650 466
669 479
641 497
642 462
661 475
702 513
653 471
714 487
705 518
733 500
706 483
652 512
725 496
631 489
744 509
677 456
717 492
736 505
663 521
664 486
710 453
643 463
634 494
635 459
654 472
646 468
633 498
707 447
698 515
699 443
644 507
718 493
664 522
623 484
710 489
751 490
656 518
697 519
722 463
660 488
728 506
720 502
680 466
626 495
672 462
700 444
645 508
618 491
637 504
638 469
711 453
629 500
657 482
630 465
703 449
648 513
649 478
641 474
669 456
701 525
702 490
721 503
713 499
714 464
705 495
706 460
724 508
725 473
630 501
631 466
717 469
650 479
622 497
696 446
642 475
634 471
662 453
653 484
695 450
714 500
640 514
619 491
632 510
706 496
665 458
747 497
726 474
698 492
717 505
718 470
710 466
656 495
729 479
716 509
668 469
614 498
660 465
633 511
707 460
606 494
605 494
625 507
699 456
626 472
645 485
691 452
637 481
657 459
629 477
743 499
648 490
649 455
709 506
701 502
702 467
721 480
626 508
712 511
672 475
740 493
713 476
618 504
692 453
732 489
638 482
684 449
724 485
629 513
630 478
649 491
690 492
650 456
641 487
661 465
702 503
607 494
653 461
694 462
713 512
714 477
705 508
706 473
746 509
725 486
652 502
698 469
717 482
663 511
664 476
682 524
683 489
656 472
674 520
675 485
694 498
695 463
667 481
687 459
633 488
747 510
679 455
625 484
739 506
644 497
645 462
731 502
656 508
697 509
648 467
689 505
668 482
708 518
709 483
728 496
655 512
688 460
660 478
679 491
720 492
680 456
721 457
666 521
712 488
645 498
691 465
658 517
637 494
678 495
724 462
743 512
657 472
629 490
648 503
649 468
641 464
701 515
702 480
693 511
721 493
713 489
714 454
732 502
705 485
706 450
651 514
724 498
652 479
725 463
698 446
671 492
717 459
622 487
690 505
663 488
664 453
682 501
683 466
674 497
634 461
675 462
694 475
621 491
667 458
640 504
686 471
727 509
632 500
652 515
698 482
685 512
718 460
731 479
664 489
710 456
696 521
656 485
675 498
716 499
676 463
667 494
668 459
708 495
687 472
660 455
728 473
633 501
719 504
679 468
707 450
720 469
625 497
699 446
644 510
645 475
637 471
697 522
629 467
689 518
648 480
709 496
728 509
701 492
702 457
720 505
693 488
721 470
712 501
713 466
618 494
659 495
705 462
678 508
724 475
651 491
670 504
630 468
671 469
690 482
617 498
663 465
636 511
682 478
628 507
674 474
620 503
735 490
694 452
714 467
681 519
640 481
746 499
706 463
652 492
698 459
738 495
671 505
717 472
684 524
663 501
704 502
683 479
656 462
674 510
675 475
716 476
621 504
667 471
695 453
640 517
686 484
687 449
632 513
747 500
633 478
673 514
739 496
625 474
685 525
644 487
731 492
677 521
697 499
716 512
689 495
648 457
708 508
709 473
614 501
660 468
728 486
655 502
701 469
720 482
647 498
693 465
666 511
626 475
712 478
658 507
659 472
678 485
629 480
670 481
649 458
690 459
636 488
682 455
702 470
742 506
693 501
734 502
713 479
659 508
705 475
700 509
651 504
652 469
670 517
671 482
663 478
703 514
682 491
683 456
674 487
669 521
621 481
694 465
735 503
640 494
686 461
727 499
746 512
632 490
738 508
685 502
644 464
677 498
696 511
656 475
697 476
676 453
716 489
643 505
689 472
662 518
708 485
654 514
673 527
679 458
719 494
646 510
625 487
665 523
666 488
712 455
645 465
637 461
678 462
697 512
689 508
648 470
730 509
709 486
655 515
701 482
702 447
647 511
693 478
666 524
639 507
712 491
713 456
658 520
699 521
659 485
705 452
678 498
651 481
724 465
670 494
617 488
690 472
663 455
636 501
682 468
723 506
628 497
674 464
620 493
694 442
681 509
640 471
727 476
700 522
632 467
706 453
692 518
652 482
698 449
684 514
685 479
664 456
704 492
696 488
715 501
675 465
716 466
621 494
662 495
667 461
695 443
708 462
632 503
633 468
673 504
719 471
665 500
685 515
644 477
731 482
677 511
696 524
697 489
689 485
708 498
635 514
709 463
627 510
655 492
741 495
701 459
647 488
720 472
693 455
666 501
639 484
712 468
658 497
659 462
678 475
651 458
624 504
670 471
616 500
690 449
636 478
723 483
702 460
742 496
628 474
688 525
734 492
680 521
681 486
672 517
705 465
700 499
651 494
692 495
652 459
711 508
671 472
617 501
703 504
663 468
704 469
628 510
674 477
669 511
715 478
694 455
735 493
681 522
640 484
727 489
686 451
632 480
673 481
738 498
644 454
704 505
745 506
696 501
697 466
737 502
643 495
716 479
689 462
708 475
635 491
654 504
655 469
673 517
646 500
719 484
647 465
665 513
666 478
658 474
678 452
624 481
730 499
749 512
676 528
722 495
668 524
701 472
741 508
647 501
693 468
688 502
707 515
639 497
659 475
699 511
700 476
651 471
691 507
670 484
711 485
657 514
690 462
703 481
636 491
723 496
682 458
628 487
669 488
620 483
734 505
681 499
640 461
727 466
700 512
692 508
757 488
684 504
685 469
703 517
631 498
704 482
677 465
696 478
669 524
642 507
715 491
716 456
643 472
661 520
634 503
662 485
708 452
653 516
654 481
719 461
646 477
665 490
666 455
698 524
726 506
677 501
718 502
623 493
697 479
710 498
643 508
729 511
689 475
635 504
709 453
749 489
695 518
655 482
627 500
701 449
646 513
720 462
647 478
687 514
693 445
666 491
707 492
712 458
639 474
658 487
699 488
678 465
624 494
670 461
616 490
722 508
636 468
723 473
688 515
734 482
680 511
681 476
699 524
672 507
700 489
691 520
692 485
711 498
638 514
684 481
663 458
703 494
639 487
630 510
704 459
650 488
696 455
669 501
642 484
715 468
661 497
662 462
748 502
727 479
653 493
649 503
632 470
714 509
673 471
619 500
706 505
665 467
685 482
726 483
631 511
717 514
745 496
677 478
696 491
697 456
737 492
716 469
643 485
689 452
662 498
708 465
635 481
654 494
627 477
695 495
655 459
719 474
686 526
646 490
647 455
665 503
666 468
658 464
623 506
710 511
615 502
730 489
749 502
676 518
722 485
668 514
741 498
688 492
660 510
693 458
679 523
707 505
680 488
699 501
659 465
700 466
672 484
651 461
691 497
692 462
711 475
638 491
657 504
703 471
723 486
649 500
628 477
641 496
669 478
661 474
702 512
681 489
672 520
692 498
733 499
725 495
685 459
744 508
704 472
631 488
677 455
650 501
696 468
642 497
715 481
661 510
634 493
662 475
653 506
694 507
654 471
673 484
646 467
706 518
665 480
698 514
726 496
745 509
718 492
737 505
623 483
710 488
656 517
729 501
689 465
635 494
729 478
676 495
634 506
722 462
655 472
717 504
695 508
667 526
668 491
687 504
647 468
688 469
639 464
679 500
707 482
658 477
699 478
678 455
645 507
691 474
624 484
711 452
657 481
648 512
722 498
723 463
688 505
660 523
680 501
681 466
721 502
672 497
700 479
691 510
732 511
692 475
711 488
638 504
724 507
684 471
657 517
703 484
704 449
631 465
649 513
650 478
622 496
696 445
669 491
642 474
715 458
661 487
748 492
634 470
653 483
673 461
714 499
733 512
619 490
706 495
665 457
685 472
725 508
726 473
698 491
631 501
677 468
664 498
697 446
683 511
643 475
675 507
654 484
694 520
650 491
667 503
695 485
627 467
646 480
686 516
687 481
666 458
707 459
658 454
718 505
623 496
710 501
751 502
615 492
730 479
676 508
722 475
668 504
740 492
687 517
688 482
660 500
679 513
707 495
680 478
699 491
700 456
672 474
691 487
618 503
692 452
637 516
711 465
638 481
657 494
629 512
703 461
649 490
650 455
641 486
669 468
661 464
702 502
681 479
747 512
653 460
713 511
714 476
705 507
736 494
733 489
684 484
685 449
725 485
630 513
631 478
744 498
671 514
717 481
663 510
696 458
642 487
682 523
683 488
634 483
674 519
662 465
653 496
654 461
694 497
714 512
673 474
686 493
646 457
619 503
706 508
665 470
726 486
698 504
718 482
737 495
664 511
710 478
683 524
656 507
729 491
675 520
676 485
667 516
627 480
695 498
668 481
687 494
660 477
688 459
679 490
707 472
680 455
626 484
645 497
691 464
637 493
629 489
743 511
657 471
648 502
649 467
660 513
701 514
680 491
681 456
721 492
693 510
672 487
740 505
713 488
692 465
659 517
638 494
684 461
724 497
703 474
670 526
630 490
690 504
622 486
641 499
669 481
756 486
756 485
755 484
754 485
682 500
642 464
702 515
661 477
634 460
653 473
714 489
705 520
733 502
706 485
725 498
698 481
726 463
717 494
718 459
663 523
736 507
664 488
710 455
683 501
656 484
729 468
635 461
676 462
694 510
695 475
686 506
646 470
687 471
633 500
679 467
707 449
625 496
699 445
644 509
645 474
710 491
656 520
697 521
722 465
689 517
648 479
709 495
688 472
660 490
728 508
679 503
720 504
680 468
699 481
700 446
672 464
712 500
645 510
618 493
691 477
637 506
638 471
678 507
711 455
657 484
629 502
703 451
649 480
669 458
641 476
702 492
661 454
693 523
721 505
713 501
714 466
705 497
706 462
724 510
725 475
652 491
631 468
717 471
690 517
622 499
642 477
682 513
683 478
674 509
634 473
675 474
694 487
621 503
695 452
640 516
686 483
687 448
632 512
706 498
747 499
698 494
739 495
685 524
644 486
718 472
750 504
710 468
656 497
675 510
676 475
716 511
667 506
708 507
668 471
687 484
614 500
688 449
660 467
728 485
679 480
707 462
626 474
699 458
645 487
691 454
637 483
657 461
743 501
629 479
648 492
649 457
709 508
701 504
702 469
705 474
693 500
721 482
712 513
672 477
740 495
713 478
732 491
659 507
638 484
678 520
724 487
684 451
651 503
670 516
630 480
671 481
650 458
690 494
641 489
682 490
642 454
702 505
674 486
653 463
735 502
694 464
640 493
714 479
705 510
746 511
706 475
652 504
698 471
738 507
671 517
717 484
663 513
664 478
704 514
683 491
656 474
674 522
675 487
694 500
695 465
667 483
686 496
687 461
673 526
633 490
679 457
625 486
739 508
644 499
645 464
759 486
731 504
637 460
697 511
689 507
680 458
648 469
668 484
709 485
655 514
660 480
728 498
701 481
720 494
647 510
721 459
626 487
666 523
712 490
713 455
658 519
637 496
638 461
678 497
724 464
629 492
670 493
649 470
690 471
636 500
641 466
701 517
702 482
693 513
721 495
713 491
714 456
659 520
705 487
700 521
706 452
651 516
724 500
725 465
698 448
671 494
717 461
690 507
663 490
682 503
683 468
674 499
675 464
621 493
694 477
667 460
695 442
640 506
686 473
727 511
632 502
633 467
644 476
685 514
731 481
664 491
710 458
677 510
696 523
656 487
697 488
676 465
716 501
667 496
708 497
668 461
709 462
660 457
728 475
633 503
679 470
719 506
720 471
625 499
666 500
699 448
712 467
645 477
637 473
697 524
629 469
743 491
689 520
648 482
709 498
701 494
702 459
720 507
693 490
721 472
712 503
713 468
659 497
732 481
678 510
651 493
724 477
652 458
670 506
671 471
690 484
617 500
663 467
636 513
682 480
628 509
674 476
620 505
694 454
735 492
640 483
686 450
727 488
706 465
632 479
746 501
652 494
698 461
738 497
684 526
644 453
663 503
664 468
704 504
656 464
696 500
675 477
715 513
716 478
695 455
662 507
667 473
687 451
632 515
673 516
633 480
719 483
665 512
625 476
739 498
644 489
645 454
731 494
677 523
697 501
716 514
689 497
648 459
708 510
709 475
749 511
728 488
655 504
701 471
647 500
720 484
693 467
666 513
639 496
712 480
658 509
659 474
678 487
670 483
690 461
641 456
636 490
682 457
723 495
702 472
742 508
628 486
693 503
734 504
640 460
659 510
705 477
700 511
651 506
692 507
652 471
671 484
757 487
703 516
663 480
683 458
674 489
669 523
715 490
694 467
621 483
735 505
661 519
640 496
686 463
727 501
632 492
746 514
738 510
758 488
685 504
644 466
704 517
677 500
696 513
697 478
716 491
646 512
689 474
662 520
708 487
635 503
709 452
654 516
655 481
728 465
701 448
719 496
720 461
665 525
625 489
666 490
712 457
658 486
637 463
678 464
624 493
670 460
734 481
689 510
730 511
639 509
636 467
722 507
655 517
701 484
702 449
647 513
693 480
688 514
670 496
713 458
711 497
658 522
659 487
699 523
705 454
678 500
724 467
691 519
651 483
671 461
657 526
617 490
690 474
663 457
636 503
682 470
723 508
628 499
674 466
620 495
694 444
640 473
681 511
727 478
700 524
746 491
632 469
692 520
698 451
684 516
631 510
677 477
696 490
697 455
715 503
621 496
634 515
