507 501
506 502
505 502
504 503
503 503
502 502
505 501
505 504
504 502
506 500
501 503
500 502
499 503
498 504
497 503
496 504
504 505
506 503
507 504
508 503
506 499
507 498
503 506
502 505
501 506
500 505
499 506
498 507
497 506
496 507
508 505
509 504
510 503
500 501
501 500
500 499
502 507
496 506
507 506
498 503
510 505
501 502
504 507
508 498
509 497
510 496
508 507
509 506
500 503
511 503
512 502
511 501
512 500
511 499
513 499
514 498
514 500
515 501
513 501
514 502
502 500
515 503
507 499
510 498
507 508
496 508
510 507
511 508
512 509
513 508
514 507
515 508
511 510
513 510
498 505
512 504
499 504
513 503
504 500
508 500
509 499
511 496
512 495
511 494
512 493
513 494
514 493
515 494
516 495
517 494
518 495
519 496
520 497
521 496
522 495
521 494
519 498
522 497
521 498
523 495
520 499
519 500
514 495
508 509
509 508
511 505
515 496
516 497
516 504
517 503
518 502
519 503
520 504
521 503
522 502
519 505
522 504
521 505
523 502
517 501
523 504
515 505
510 500
521 500
512 497
523 497
513 496
510 509
497 509
498 510
499 511
500 510
501 509
500 508
502 509
496 510
513 505
517 496
517 505
517 506
517 507
517 508
508 502
519 502
518 504
509 501
520 501
500 498
501 497
502 498
499 497
498 498
511 498
495 511
494 512
507 503
500 507
511 507
502 504
515 498
521 493
520 492
519 493
515 507
514 509
515 510
516 511
517 510
505 506
516 506
496 503
495 502
494 501
494 503
493 500
495 500
492 499
491 498
492 497
491 496
493 496
490 499
489 499
493 498
491 500
494 496
496 499
497 500
498 501
492 501
491 502
494 498
496 501
492 503
492 504
491 505
493 505
493 506
492 506
493 507
494 505
494 507
494 500
510 502
521 502
498 500
497 502
499 499
513 498
496 512
496 513
498 509
497 511
499 508
513 507
503 499
504 498
517 498
517 499
519 495
518 497
520 494
501 511
503 508
508 504
519 504
518 506
495 504
506 504
520 503
509 503
500 500
511 500
502 497
491 497
492 496
495 513
500 509
511 509
524 494
525 494
523 493
524 492
523 491
525 491
526 490
527 491
528 491
491 501
513 509
529 491
530 490
519 494
528 492
527 493
531 491
525 493
529 493
530 492
528 494
527 495
525 495
532 491
533 490
512 498
513 504
532 489
521 499
523 490
527 490
503 504
526 492
525 490
529 490
492 505
494 502
515 500
516 499
505 499
521 495
523 492
515 509
514 511
516 508
505 508
494 497
514 503
507 505
496 505
498 502
497 504
499 501
513 500
490 498
496 514
496 515
497 516
496 517
498 508
495 518
496 519
501 507
498 516
510 501
497 518
495 520
493 503
498 511
497 513
498 514
499 514
499 510
527 492
526 494
531 490
501 504
503 501
517 500
519 497
508 497
495 497
496 497
518 499
509 496
520 496
503 510
504 510
496 520
517 509
504 509
495 506
506 506
518 508
509 505
520 505
511 502
492 498
495 515
494 515
493 515
522 499
523 499
523 500
524 496
515 493
529 492
530 491
515 502
514 504
516 501
496 498
521 497
497 497
515 511
502 511
513 493
516 510
507 507
534 491
490 500
496 516
494 516
497 515
527 494
517 493
528 493
512 506
517 502
519 499
493 502
518 501
495 499
509 498
520 498
511 495
495 508
501 501
506 508
522 492
493 497
533 492
503 498
509 507
495 517
492 500
522 501
524 498
515 495
514 497
516 494
530 493
532 490
515 504
514 506
491 504
505 503
516 503
496 500
507 500
498 497
497 499
513 495
496 509
497 508
499 505
494 518
497 517
501 499
512 499
517 495
528 495
518 494
512 508
501 508
503 505
517 504
493 504
504 504
518 503
495 501
506 501
509 500
520 500
511 497
522 494
524 491
495 519
522 503
515 497
514 499
516 496
515 506
514 508
502 506
516 505
505 505
496 502
507 502
497 501
499 498
497 510
499 507
526 491
521 504
510 504
512 501
523 501
517 497
518 496
520 493
512 510
501 510
503 507
504 506
495 503
518 505
509 502
520 502
495 512
522 496
524 493
525 492
508 506
515 499
502 499
514 501
491 499
516 498
500 511
502 508
514 510
505 507
516 507
526 493
494 504
499 500
514 505
494 513
497 512
510 497
523 494
512 494
499 509
528 490
510 506
512 503
523 503
503 500
513 502
493 499
504 499
518 498
520 495
503 509
513 511
504 508
495 505
518 507
506 505
531 492
533 489
495 514
508 499
522 498
524 495
514 494
517 511
508 508
500 504
511 504
502 501
505 500
516 500
502 510
529 494
505 509
516 509
494 506
534 490
497 505
499 502
510 499
497 514
523 496
512 496
526 495
498 506
510 508
512 505
501 505
503 502
493 501
504 501
496 518
506 498
498 515
495 498
518 500
503 511
506 507
495 507
533 491
516 493
522 491
519 501
495 516
508 501
522 500
524 497
500 497
525 496
514 496
509 509
511 506
500 506
491 503
502 503
516 502
492 502
494 499
497 498
494 508
497 507
532 492
521 492
494 517
498 499
521 501
523 498
501 498
513 497
496 511
510 510
518 493
512 507
498 517
513 506
522 493
524 490
