839 470
838 470
838 469
840 469
841 470
841 471
842 470
843 469
839 471
841 468
842 467
843 466
840 467
840 470
839 468
844 467
845 466
844 470
845 469
846 467
847 466
844 468
846 470
847 469
848 468
849 469
850 468
851 467
852 466
853 467
854 466
855 467
851 466
838 472
838 473
837 474
837 470
851 469
842 466
841 465
842 464
843 463
840 464
844 464
853 466
852 468
843 465
845 471
850 470
849 471
841 467
855 466
844 466
847 471
837 472
851 471
853 468
842 468
852 470
854 467
843 467
845 464
839 463
839 472
841 469
840 471
839 465
838 466
837 465
836 466
836 475
835 475
839 474
840 473
841 474
842 473
843 472
844 473
842 475
843 474
841 476
837 467
836 468
835 468
834 469
833 470
832 471
834 471
833 472
832 473
831 473
834 473
833 474
831 470
830 469
829 468
830 467
831 466
830 465
832 466
831 468
833 465
832 464
833 463
832 462
833 461
834 460
835 461
834 462
834 464
836 461
829 470
828 471
834 466
831 461
830 460
831 459
829 461
828 462
830 462
830 463
832 459
830 471
832 468
833 467
835 470
829 463
828 464
827 464
826 465
825 466
824 467
826 467
825 464
847 467
823 466
822 465
823 464
822 463
823 462
824 462
825 461
826 460
827 459
821 466
820 465
820 467
820 468
819 469
820 470
818 468
818 470
826 462
828 459
822 467
824 464
827 466
828 466
843 462
842 461
841 462
817 470
816 470
837 476
837 477
834 459
838 475
829 472
843 471
820 469
821 468
826 464
856 465
849 468
825 468
825 469
825 470
824 469
823 469
822 470
823 471
826 469
824 471
826 471
848 470
839 467
850 467
849 466
841 464
830 464
840 466
832 461
831 463
833 460
836 477
835 477
834 478
835 479
834 480
839 476
839 477
840 478
839 479
838 480
837 479
837 481
836 482
835 482
839 481
841 478
840 480
838 482
841 473
830 473
840 475
831 472
833 469
822 469
824 466
835 463
846 472
835 472
837 469
851 468
838 468
827 468
829 465
852 467
843 464
835 481
837 478
838 477
820 471
821 470
836 470
850 469
839 469
841 466
830 466
840 468
834 482
831 465
836 479
833 462
839 478
840 477
831 474
822 471
833 471
846 465
835 465
857 465
837 462
837 463
838 461
839 461
839 460
827 461
835 474
837 471
827 470
852 469
829 467
818 467
835 483
819 466
837 480
838 479
853 470
825 463
836 463
839 462
830 459
840 461
834 475
833 476
831 458
836 472
816 469
850 471
826 470
828 468
817 468
831 467
833 464
822 464
836 481
840 479
844 461
845 462
835 467
837 464
838 463
827 463
829 460
835 476
837 473
815 470
814 470
852 471
829 469
818 469
820 466
819 468
821 465
838 481
828 461
842 463
836 474
842 472
845 468
834 468
823 468
825 465
836 465
848 467
839 464
841 461
830 461
824 465
840 463
834 477
831 460
839 473
840 472
828 470
831 469
836 483
833 466
844 463
835 460
836 459
844 472
832 470
835 469
846 469
837 466
847 468
827 465
838 465
829 462
835 478
837 475
838 474
829 471
819 470
821 467
842 465
834 461
842 474
843 473
845 470
823 470
834 470
825 467
848 469
836 467
850 466
839 466
826 466
828 463
840 465
834 479
831 462
836 476
833 459
840 474
831 471
849 470
844 465
832 463
835 462
827 458
841 475
832 472
846 471
835 471
837 468
824 468
847 470
827 467
838 467
829 464
835 480
838 476
821 469
851 470
845 463
834 463
823 463
836 460
845 472
834 472
836 469
848 471
826 468
828 465
834 481
831 464
836 478
840 476
830 468
832 465
835 464
846 464
837 461
839 480
827 460
841 477
838 460
832 474
835 473
833 473
824 470
827 469
834 465
836 462
829 466
818 466
838 478
826 461
821 471
853 469
842 469
843 468
854 468
823 465
837 482
845 465
825 462
828 458
840 460
834 474
836 471
825 471
816 468
828 467
817 467
836 480
830 470
844 469
832 467
846 466
835 466
822 466
847 465
824 463
827 462
838 462
841 479
829 459
833 475
838 471
815 469
827 471
819 467
821 464
842 462
843 461
842 471
843 470
823 467
834 467
845 467
848 466
836 464
826 463
840 462
828 460
834 476
836 473
828 469
817 469
849 467
841 463
844 462
832 460
835 459
839 475
841 472
830 472
832 469
844 471
838 464
822 468
846 468
833 468
868 462
869 462
870 461
868 463
870 460
869 459
868 460
867 460
867 462
869 461
866 462
865 462
870 459
866 461
867 461
865 461
868 461
869 460
