615 587
614 586
615 586
613 585
612 586
611 586
614 585
614 588
616 585
616 588
612 584
611 583
613 583
614 582
613 589
612 587
613 586
615 583
616 582
615 589
612 590
610 582
611 589
610 588
617 586
618 585
609 582
608 581
607 582
617 583
618 583
618 582
610 587
619 583
611 588
614 587
616 584
609 586
608 587
608 580
612 589
613 588
615 585
618 584
620 582
621 581
621 583
617 588
619 585
611 581
612 580
613 579
612 578
614 578
610 580
614 580
611 590
614 589
616 586
608 582
612 582
622 584
621 585
613 581
615 578
616 577
615 576
614 576
616 575
615 574
616 573
612 591
613 590
617 581
614 573
613 572
612 571
614 571
612 573
611 574
610 573
609 572
608 571
607 570
608 569
609 570
610 569
607 572
606 572
610 571
608 573
620 586
619 587
606 569
605 568
604 567
605 566
606 565
607 565
606 567
608 564
607 563
608 562
609 561
609 563
610 562
604 569
609 565
618 589
619 590
610 564
617 590
616 591
615 592
605 570
607 567
608 566
616 579
611 592
614 591
612 575
613 574
615 571
616 570
615 569
614 568
614 569
615 567
616 566
617 567
616 568
618 568
619 569
620 570
620 571
620 572
621 569
604 571
618 570
621 587
623 584
622 586
623 587
624 586
625 587
610 566
615 580
612 593
613 593
614 594
613 595
612 596
611 595
610 594
611 597
614 596
612 598
613 597
615 594
609 593
611 599
613 599
615 596
609 595
610 575
610 576
610 577
610 578
621 588
613 592
617 574
618 573
618 575
609 579
617 592
609 588
620 588
613 567
621 580
613 576
621 589
621 590
613 594
606 564
614 577
606 573
610 561
616 595
617 569
617 578
609 574
617 587
609 583
620 583
617 596
617 597
609 592
608 591
613 571
621 584
613 580
614 572
606 568
624 585
616 581
616 590
608 586
608 595
617 573
609 569
608 578
620 579
620 569
617 582
609 578
620 578
617 591
609 587
620 587
617 595
608 589
622 591
609 596
609 597
621 570
613 566
621 579
613 575
613 584
613 565
621 592
620 593
621 594
620 592
612 588
623 588
606 563
612 597
615 593
605 567
616 567
616 576
624 589
624 590
625 591
608 572
616 594
608 590
617 568
609 564
617 577
609 573
620 573
620 574
621 575
621 576
620 591
609 591
613 570
611 600
612 574
612 583
623 583
612 592
623 592
615 588
612 601
615 597
605 571
616 571
624 584
612 569
613 602
619 591
619 592
621 574
623 589
619 576
619 594
625 589
612 564
623 582
618 577
623 591
622 593
619 578
610 585
618 598
619 599
620 600
621 599
621 598
620 597
620 601
620 602
621 603
620 596
619 595
608 567
616 580
624 593
624 594
624 595
625 596
616 589
608 585
616 598
616 599
616 600
617 601
617 602
616 603
615 602
608 594
617 572
609 568
620 568
620 577
609 577
608 576
623 596
623 597
624 598
624 599
615 601
622 600
623 601
623 602
619 603
619 604
623 600
608 575
608 584
622 595
619 571
611 567
619 580
611 576
619 589
603 572
602 571
602 570
601 569
601 568
602 567
602 566
611 585
619 598
611 594
612 568
612 577
615 573
623 586
615 582
615 591
626 588
627 589
627 590
627 591
628 592
628 591
605 565
604 564
603 563
626 597
608 561
618 593
629 593
608 570
610 589
618 602
610 598
607 583
622 581
630 594
631 593
632 594
632 593
631 592
630 595
631 596
631 597
631 591
632 590
633 591
630 590
622 590
622 599
619 575
611 571
619 584
603 567
611 580
619 593
611 598
612 572
604 568
615 568
614 600
625 600
615 577
618 579
626 592
626 593
627 594
627 595
628 596
628 597
629 598
630 599
618 588
608 565
626 601
627 600
628 601
628 600
627 599
610 584
629 597
618 597
610 593
607 569
630 589
622 585
630 598
622 594
619 570
611 566
619 579
603 562
611 575
619 588
603 571
611 584
612 567
625 586
604 563
614 595
625 595
604 572
615 572
618 574
626 587
610 570
626 596
610 579
618 592
629 592
618 601
607 564
610 597
607 573
622 580
622 589
625 594
630 593
627 592
622 598
629 591
628 595
631 594
619 601
632 592
603 565
621 601
623 598
627 596
626 600
625 598
630 597
601 570
622 602
628 590
631 589
617 599
628 599
619 596
620 595
619 605
620 604
611 601
612 566
604 562
621 578
621 596
623 593
629 589
613 601
614 566
615 598
605 563
626 595
615 599
614 575
605 572
616 572
618 591
606 571
608 568
614 584
618 600
629 600
608 577
610 596
620 606
624 588
607 581
624 597
616 593
630 592
622 588
610 568
616 602
622 597
617 576
619 573
600 569
611 569
617 585
619 582
609 581
620 581
611 578
628 594
617 594
620 590
609 590
611 587
617 603
619 600
620 599
611 596
612 570
613 569
602 569
615 566
604 566
621 582
612 579
614 598
613 578
615 575
621 591
632 591
613 587
615 584
613 596
626 590
614 570
618 586
612 600
606 566
608 563
626 599
627 598
629 595
618 595
610 591
618 604
624 583
610 600
609 600
609 601
624 592
624 601
622 583
616 597
610 563
630 596
614 567
608 593
622 592
617 571
619 568
622 601
609 567
611 564
617 580
611 568
619 577
609 576
620 576
611 573
628 589
617 589
619 586
603 569
609 585
620 585
611 582
628 598
617 598
609 594
620 594
611 591
620 603
621 568
612 565
621 577
625 593
614 593
613 573
615 570
604 570
621 586
614 602
613 582
615 579
618 572
614 565
618 581
612 595
623 595
626 594
627 593
615 595
618 590
629 590
621 607
606 570
610 586
615 600
618 599
629 599
607 562
610 595
616 574
607 571
624 587
622 569
616 583
607 580
624 596
608 579
616 592
630 591
608 588
622 587
616 601
609 562
622 596
617 575
619 572
609 571
600 568
617 584
619 581
621 600
603 564
620 580
609 580
611 577
617 593
628 593
609 589
620 589
620 598
614 579
631 595
633 592
625 588
613 568
602 568
619 602
604 565
625 597
614 597
613 577
618 567
621 593
623 581
612 581
619 574
618 576
623 590
626 589
611 570
610 572
627 588
621 602
603 566
623 599
612 599
611 579
626 598
610 581
613 598
627 597
618 594
629 594
610 590
618 603
605 569
616 569
607 566
610 599
614 581
616 578
624 591
608 574
625 590
614 590
616 587
624 600
608 583
625 599
622 582
614 599
616 596
608 592
617 570
618 569
609 566
611 563
610 565
617 579
621 595
618 578
622 603
620 575
609 575
611 572
626 591
613 591
610 574
618 587
621 604
603 568
609 584
620 584
613 600
610 583
618 596
629 596
610 592
614 574
631 590
607 568
610 601
614 583
617 600
619 597
611 593
614 592
625 592
620 605
614 601
625 601
612 576
618 571
623 585
612 585
611 565
610 567
615 581
603 561
621 597
618 580
623 594
612 594
615 590
603 570
627 601
605 564
