380 319
379 319
381 319
382 320
383 321
384 321
378 320
377 321
376 320
375 321
374 320
380 320
383 319
384 318
383 322
382 323
381 322
380 323
379 322
378 323
377 324
376 323
375 324
374 323
374 319
375 318
376 317
377 316
377 318
378 317
373 323
374 322
385 322
386 321
384 317
375 323
386 323
376 322
378 319
380 322
382 319
383 318
382 317
385 324
384 324
383 325
382 326
381 327
384 326
382 328
383 327
374 324
373 325
372 325
381 320
384 319
375 316
374 315
373 314
374 313
375 312
376 311
375 314
377 311
376 313
378 310
377 309
378 308
379 309
382 324
373 316
376 315
381 329
380 329
378 312
384 328
385 329
386 330
385 331
386 325
376 324
378 321
380 324
382 321
373 318
372 318
383 320
374 317
385 317
386 316
385 315
384 315
386 314
385 313
386 312
382 330
383 329
374 326
385 326
387 320
388 321
384 312
383 311
382 310
384 310
382 312
381 313
380 313
387 329
388 328
387 327
389 327
376 308
375 307
374 306
373 305
375 305
376 304
375 303
373 307
377 304
376 306
378 303
377 302
378 301
377 300
378 299
379 300
379 302
374 308
373 309
379 304
376 299
375 298
374 298
373 298
376 297
375 296
374 299
373 300
372 300
375 326
371 300
375 300
377 297
378 296
375 309
378 305
386 318
389 320
379 297
389 329
381 324
374 303
382 316
381 315
385 312
374 312
382 325
374 321
385 321
385 330
375 295
374 294
375 304
378 300
378 309
377 313
378 314
377 322
370 301
371 302
381 310
381 328
382 311
374 307
385 316
374 316
373 320
378 295
388 327
377 308
377 317
389 319
388 318
389 328
381 314
381 323
374 293
384 325
374 302
374 311
385 311
373 315
373 324
388 322
377 294
377 303
377 312
389 323
389 324
389 325
370 300
369 299
381 309
382 308
382 307
381 306
381 305
382 306
381 318
384 311
384 320
374 297
376 316
384 329
376 325
377 326
377 327
378 328
373 301
373 310
373 319
388 317
388 326
377 298
377 307
377 325
380 318
380 327
381 304
382 303
382 302
381 301
381 300
372 323
373 296
372 295
377 293
378 292
379 293
378 291
378 290
377 289
369 298
368 297
367 296
367 295
366 294
366 293
367 292
368 293
367 291
367 290
366 289
369 294
370 295
370 296
381 299
382 298
382 297
381 296
381 295
382 294
383 295
382 293
382 292
381 291
380 290
381 290
382 289
383 290
382 288
381 287
381 286
380 285
379 284
379 283
378 282
378 281
382 287
383 286
388 316
389 315
390 316
389 314
388 313
388 312
389 311
390 311
389 310
389 309
388 308
388 307
387 306
386 305
386 304
385 303
389 306
385 302
389 305
388 304
388 303
389 304
384 301
377 288
378 287
379 288
378 286
366 288
367 287
368 288
367 286
369 289
370 290
371 289
372 290
371 288
370 287
370 291
370 286
373 291
365 287
366 297
366 298
365 296
369 293
377 306
379 325
390 325
369 302
368 302
367 301
367 300
369 303
370 304
370 305
370 306
371 307
366 302
366 303
365 301
369 307
368 307
369 308
370 309
370 310
380 299
369 311
369 312
369 313
370 314
370 315
369 316
369 317
368 308
367 309
367 310
369 318
370 319
370 320
371 321
366 308
370 318
366 307
365 306
369 321
369 322
370 323
370 324
370 325
369 326
369 327
370 328
370 329
369 330
369 331
369 332
370 333
370 334
369 335
369 336
369 337
370 338
370 337
379 316
366 311
366 312
366 313
367 314
365 310
368 330
371 335
372 336
372 337
373 338
373 337
365 305
365 314
365 315
366 316
366 317
364 313
363 313
363 312
362 311
362 310
362 314
362 315
363 316
363 317
362 309
363 308
363 307
362 306
362 305
361 313
364 318
365 319
365 320
366 321
366 322
361 308
365 323
365 324
365 325
366 326
366 327
367 328
366 325
365 328
365 329
366 330
366 331
366 332
365 333
365 334
366 335
366 336
364 332
363 331
362 330
362 329
362 328
361 327
361 331
361 332
362 333
362 334
363 335
364 327
363 326
362 325
362 324
364 336
364 337
365 338
365 339
366 340
366 341
365 342
365 343
365 344
366 345
366 346
366 344
365 347
365 348
366 349
366 350
364 346
364 341
363 340
362 339
362 338
361 340
361 341
362 342
362 343
360 339
364 345
371 313
371 312
365 337
361 326
360 325
359 324
364 322
363 322
363 321
362 320
362 319
361 335
361 336
360 334
359 333
359 332
358 332
358 331
357 330
357 329
356 328
355 327
355 326
354 325
354 324
354 328
354 329
353 327
357 333
357 334
358 335
358 336
358 337
357 338
357 339
358 340
358 341
357 342
357 343
357 344
358 345
358 346
357 347
357 348
357 349
358 350
358 351
358 349
357 352
357 353
358 354
358 355
358 356
357 357
357 358
358 359
358 360
357 361
357 362
357 363
358 364
356 360
359 361
359 362
360 362
361 363
361 364
361 365
362 366
360 366
360 367
361 368
359 366
356 346
355 345
354 344
354 343
354 342
353 341
353 345
353 346
354 347
354 348
352 344
351 343
350 342
350 341
350 340
351 339
351 338
350 337
350 336
349 339
356 364
356 365
357 366
357 367
357 368
358 368
356 369
349 343
349 344
350 345
350 346
351 347
351 348
352 349
353 350
353 351
354 352
354 353
354 354
354 355
353 356
354 357
354 358
353 355
354 356
353 359
352 359
353 360
354 361
354 362
352 358
351 357
350 356
350 355
349 357
349 358
350 359
350 360
348 356
347 355
347 354
346 353
346 352
357 336
347 351
347 350
346 349
345 348
344 348
343 348
346 348
345 351
346 347
347 346
347 345
346 344
346 343
354 363
345 342
345 346
352 339
361 344
360 343
353 340
364 349
368 325
359 356
371 330
370 285
369 284
368 283
367 282
383 304
356 350
348 346
372 331
384 305
376 301
349 347
360 356
361 321
360 320
352 352
373 295
364 326
363 367
355 363
367 337
387 315
366 292
365 291
379 311
390 320
369 297
356 327
368 338
380 312
372 308
391 321
383 317
356 363
348 359
360 333
376 314
363 344
386 327
365 304
364 303
363 302
362 301
367 350
368 315
359 346
387 328
379 324
380 289
371 320
383 294
356 340
372 321
384 295
385 294
386 295
361 311
360 311
360 310
352 342
364 316
355 353
367 327
368 292
359 323
387 305
379 301
371 297
371 298
344 343
343 344
390 310
368 328
359 359
380 302
371 333
372 298
391 311
358 363
383 307
348 349
360 323
351 360
363 334
355 330
355 331
375 308
367 304
367 305
386 317
378 313
355 366
367 340
368 305
359 336
387 318
379 314
371 310
390 323
356 330
351 337
384 285
385 284
386 285
383 284
363 311
386 294
363 347
362 347
362 346
355 343
367 317
368 282
387 295
378 326
379 291
371 287
372 286
372 285
373 285
347 344
380 292
372 288
358 353
350 349
350 350
383 297
370 327
362 323
382 301
385 306
385 307
351 350
363 324
367 294
386 307
389 318
368 295
359 326
354 360
346 356
345 356
346 357
344 356
343 357
343 356
366 334
357 365
358 330
369 339
369 340
347 357
358 366
370 340
362 336
363 301
382 314
374 310
385 319
386 284
378 280
379 279
375 311
388 330
388 331
367 307
387 285
388 285
389 286
390 287
390 288
391 288
378 316
379 281
365 346
377 320
389 331
366 347
358 343
350 339
370 317
362 313
381 326
382 291
385 296
385 297
351 340
363 314
367 284
386 297
378 293
373 327
373 328
389 308
354 350
346 346
366 324
357 355
369 329
370 294
381 303
347 347
370 330
362 326
382 304
374 300
360 365
385 309
388 320
361 366
353 362
352 362
354 327
345 358
345 359
365 336
366 301
357 332
377 310
369 306
389 321
346 359
366 337
358 333
370 307
362 303
381 316
385 286
384 327
363 304
361 343
353 339
354 338
353 337
354 337
373 317
378 283
364 348
365 313
354 340
365 349
366 314
357 345
377 323
369 319
370 284
381 293
372 330
362 316
349 346
374 290
360 355
361 354
360 353
361 353
361 320
352 351
364 325
342 343
341 343
340 342
339 342
338 343
338 342
341 342
342 341
388 310
361 356
362 357
362 356
363 357
364 358
365 357
364 359
366 357
365 359
353 352
373 330
374 331
375 331
365 326
366 291
369 296
368 337
359 368
358 323
357 322
358 321
357 320
358 320
391 320
392 319
370 297
356 362
348 358
360 332
392 321
393 322
394 321
349 359
388 287
388 288
360 368
361 333
353 329
352 329
351 328
350 327
351 327
350 329
364 338
365 303
388 323
389 288
354 330
367 349
368 348
366 304
357 335
390 332
391 331
390 333
392 331
369 309
356 339
368 350
369 350
370 350
372 320
391 333
384 294
376 290
376 291
349 336
348 336
347 335
346 334
347 334
345 335
345 336
346 336
360 345
361 310
352 341
373 284
364 315
384 330
376 326
363 356
353 342
365 316
366 281
365 281
364 281
364 280
363 279
362 278
361 278
360 278
359 278
358 278
357 277
360 277
361 276
360 275
361 275
362 280
362 281
363 281
365 280
366 279
358 277
377 290
369 286
368 327
359 358
380 301
371 332
372 297
391 310
392 309
391 308
392 308
383 306
356 352
348 348
340 344
340 345
360 322
372 333
392 311
393 312
393 311
394 311
364 292
364 293
363 291
362 291
384 307
376 303
349 349
362 368
341 345
361 323
352 354
373 297
364 328
365 293
355 365
367 339
368 304
359 335
387 317
379 313
344 355
390 322
391 287
392 286
356 329
368 340
380 314
372 310
391 323
392 288
393 289
394 288
384 284
349 326
348 326
348 325
349 324
347 324
346 324
345 323
344 323
343 324
343 323
346 323
347 322
345 325
345 326
346 326
360 335
361 300
360 300
359 301
358 300
357 300
357 299
358 298
360 299
361 298
364 305
363 346
355 342
375 320
386 329
387 294
378 325
377 280
376 281
376 280
368 317
359 348
387 330
379 326
380 291
371 322
372 287
383 296
356 342
348 338
360 312
359 313
359 314
361 277
364 282
364 283
351 349
384 297
376 293
362 358
362 359
374 332
374 333
394 310
394 309
394 308
373 287
374 288
374 287
375 286
375 288
386 306
365 283
357 279
363 359
355 355
375 333
376 334
377 333
367 329
368 294
387 307
359 325
379 303
371 299
344 345
343 346
390 312
356 319
355 318
356 318
356 317
355 320
355 321
354 317
353 317
352 318
352 319
351 317
350 317
350 316
351 315
353 319
380 304
347 356
358 365
337 342
336 341
336 340
336 339
337 340
338 340
339 340
339 339
337 339
383 309
350 361
350 362
370 339
349 316
348 316
348 315
348 314
348 313
347 312
346 311
349 314
347 311
346 313
345 313
346 314
347 314
349 313
345 315
382 313
361 290
360 290
359 291
359 290
358 290
357 290
357 289
358 288
357 287
358 287
360 289
360 288
360 287
361 288
361 287
364 295
351 362
343 358
363 336
355 332
355 333
375 310
394 323
395 324
393 324
396 324
367 306
386 319
359 302
359 303
387 284
378 315
379 280
344 322
343 321
344 321
342 321
341 320
344 320
342 320
341 322
340 322
390 289
390 290
359 338
380 281
381 281
382 281
391 290
369 351
369 352
360 302
370 352
371 353
372 354
372 353
371 355
362 348
375 287
386 296
363 349
368 284
387 297
388 298
389 298
390 299
391 299
391 298
392 299
393 299
394 299
394 298
390 300
392 298
391 300
394 300
395 301
396 302
393 301
393 302
394 301
396 301
395 303
395 304
396 304
397 305
397 304
398 304
398 303
399 302
398 301
399 304
400 305
401 305
397 306
397 307
359 315
365 358
398 306
344 335
343 334
344 333
343 336
342 333
341 333
340 333
340 332
341 332
342 331
341 330
342 330
344 332
340 334
341 335
343 335
360 279
359 280
359 281
393 313
393 314
366 359
367 360
368 361
369 360
370 361
370 360
369 362
370 363
371 363
372 364
372 363
373 363
374 363
375 364
368 360
371 365
371 366
372 366
374 365
374 366
375 366
376 367
377 366
367 362
377 365
377 364
370 362
376 368
376 369
373 362
373 361
373 360
377 368
378 369
379 369
380 368
379 367
381 369
381 370
382 370
383 370
384 371
385 372
384 370
380 367
386 372
387 371
382 369
350 351
350 352
351 316
369 364
361 280
339 341
385 308
351 352
355 322
394 313
395 314
395 313
396 312
396 314
397 315
398 314
399 314
400 315
401 316
402 317
403 318
404 318
405 319
405 318
406 318
401 315
404 320
404 321
405 321
400 317
401 318
403 317
406 317
402 319
405 320
406 320
407 321
407 320
408 319
408 321
398 316
397 317
408 320
401 317
404 322
404 323
405 323
386 309
359 292
359 293
344 312
343 311
344 311
344 310
343 313
342 310
341 310
340 310
340 309
339 309
338 310
338 309
340 311
340 312
341 312
356 286
355 285
356 285
354 285
353 284
352 284
356 284
355 287
355 288
351 284
350 284
354 284
352 285
352 286
353 286
346 358
347 323
337 309
336 309
336 308
336 307
336 306
337 305
336 304
335 304
334 304
337 304
337 307
335 303
337 306
369 341
369 342
349 283
348 283
348 282
348 281
348 280
349 279
347 279
346 278
349 281
347 278
346 280
345 281
345 280
346 281
347 281
349 280
345 282
345 283
346 283
360 292
347 359
351 329
370 342
371 343
371 342
372 341
373 340
372 343
343 325
343 326
363 303
394 290
395 291
396 292
397 292
398 292
398 291
399 292
393 291
396 291
399 291
395 293
398 293
397 294
397 295
398 294
399 294
400 295
400 294
401 293
402 294
403 295
401 295
402 296
402 297
403 297
404 298
405 298
406 297
405 296
407 298
408 299
406 295
408 298
407 300
401 294
404 299
404 300
405 300
397 296
386 286
388 332
388 333
354 339
387 287
400 306
400 307
373 352
372 351
373 351
374 353
375 354
373 350
375 353
374 355
374 356
375 356
376 357
376 356
377 356
378 356
379 357
379 356
380 355
380 357
378 358
378 359
379 359
381 358
382 357
381 359
382 359
383 360
384 361
385 362
386 363
384 360
383 362
386 362
387 361
386 360
387 360
387 363
388 364
388 363
389 364
390 363
391 364
392 364
390 365
390 366
391 366
389 363
385 364
388 365
388 366
377 355
377 354
377 353
389 366
391 365
392 366
393 367
394 366
395 367
396 368
396 367
384 362
376 358
376 359
356 299
355 298
355 297
356 297
355 300
354 297
353 297
352 297
352 296
351 295
350 294
351 294
350 296
353 296
354 295
353 294
354 294
356 296
356 295
356 294
349 293
348 293
348 292
348 291
349 291
347 291
346 291
345 290
344 290
343 291
343 290
345 292
345 293
346 293
352 298
342 290
341 290
340 289
341 288
340 287
341 287
342 288
339 286
338 287
342 287
341 289
355 299
344 289
344 288
344 287
337 286
336 286
336 285
336 284
337 284
335 283
334 284
333 284
333 283
332 283
331 283
331 282
332 281
331 280
330 279
329 278
328 278
327 277
330 278
329 280
329 281
330 281
332 280
328 277
334 283
327 279
330 280
333 285
333 286
334 286
329 282
389 333
340 291
401 307
402 307
403 307
404 308
405 309
405 308
406 308
407 308
408 309
408 308
404 310
405 311
407 310
407 311
408 311
409 311
410 311
410 310
411 309
411 311
412 312
413 313
413 312
412 314
406 307
412 313
413 314
414 315
415 314
405 310
408 310
347 336
393 303
404 312
330 283
363 280
374 289
339 331
338 330
339 330
339 329
338 332
338 333
337 329
337 328
337 327
336 329
380 369
385 298
372 365
376 335
376 336
396 313
375 290
361 355
407 322
407 323
386 299
359 282
373 329
364 360
364 361
356 276
355 275
356 274
355 277
354 274
353 274
352 274
352 273
353 272
351 272
350 271
354 272
349 271
348 271
348 270
349 269
348 268
347 267
347 266
346 268
345 268
346 269
347 269
349 268
345 270
351 271
344 267
343 268
347 268
350 273
350 274
351 274
353 273
346 270
347 271
349 270
352 275
352 276
342 267
341 267
340 267
340 266
341 265
340 264
339 264
338 265
338 264
342 265
338 266
338 267
339 266
341 266
353 276
348 272
408 323
409 324
410 323
340 268
340 269
400 319
347 313
365 361
338 344
338 345
358 322
377 335
378 336
379 336
380 335
381 334
382 335
379 334
382 334
381 336
381 337
382 337
383 337
384 338
385 339
385 340
386 340
384 337
380 334
383 339
383 340
384 340
386 339
387 338
387 340
388 341
389 342
390 343
391 344
389 341
388 343
391 343
392 342
391 341
392 341
392 344
393 345
393 344
394 344
395 344
396 345
395 346
395 347
396 347
394 343
390 345
380 337
393 346
393 347
382 336
385 341
385 342
394 346
386 342
396 346
389 343
381 338
392 343
384 339
395 348
395 349
396 349
397 350
397 349
398 349
350 318
350 319
362 292
362 293
335 338
334 337
335 337
335 336
334 339
333 339
334 340
333 341
332 338
331 338
331 337
331 336
332 336
330 336
329 336
329 335
330 334
341 269
339 308
339 307
339 306
372 342
351 319
392 320
363 293
395 325
395 326
355 289
328 335
327 335
326 335
327 334
326 333
327 333
325 333
324 333
324 332
325 331
324 330
323 330
322 330
325 330
327 332
328 331
327 330
328 333
323 329
325 332
328 332
321 329
321 328
320 327
321 327
319 328
319 329
318 327
317 327
320 329
316 326
317 328
317 329
318 329
324 334
352 363
352 364
344 279
343 278
344 278
344 277
343 280
343 281
342 277
342 276
341 275
342 275
341 277
340 277
339 276
338 277
338 276
340 278
340 279
341 279
396 326
397 327
397 328
398 326
399 325
400 325
401 326
402 327
403 328
398 324
401 325
400 327
400 328
401 328
403 327
399 324
402 329
402 330
403 330
404 331
405 331
406 330
407 331
408 332
408 331
407 333
401 327
404 332
404 333
405 333
397 329
407 332
408 333
409 334
410 333
411 332
410 331
411 331
411 334
412 335
412 334
413 335
413 334
412 336
412 337
413 337
414 338
414 337
415 337
416 338
417 338
418 338
419 338
420 339
420 338
419 340
416 339
416 340
417 340
420 340
421 341
422 341
415 336
415 335
415 334
400 329
400 330
401 330
414 339
414 340
411 333
403 329
415 339
342 355
342 354
341 353
342 353
340 354
340 355
341 355
339 354
338 353
339 352
338 355
337 352
336 352
336 351
337 350
336 349
337 349
339 351
339 350
338 354
389 287
408 300
409 301
409 302
410 301
410 300
411 299
410 298
411 298
411 301
412 302
412 301
413 300
413 302
413 301
409 303
409 304
412 303
412 304
413 304
414 305
415 304
416 305
417 306
417 305
418 306
419 305
420 306
420 305
416 307
419 307
418 305
416 306
417 307
420 307
421 308
422 309
423 308
424 309
424 308
425 309
423 310
423 311
424 311
422 308
425 308
421 310
421 311
422 311
424 310
425 311
426 312
427 311
427 310
427 309
423 312
423 313
424 313
426 313
426 314
415 303
415 302
353 364
427 313
428 314
429 314
430 315
431 314
432 313
431 312
432 312
432 315
433 315
434 316
435 317
435 318
436 318
434 315
433 317
433 318
434 318
436 317
437 316
436 315
437 318
438 319
439 319
432 314
435 319
435 320
436 320
438 320
438 321
439 321
440 321
441 321
442 322
443 323
443 322
444 322
445 322
446 323
446 322
442 324
442 325
443 325
445 324
445 325
446 325
444 321
443 324
446 324
442 326
431 316
430 317
434 317
445 326
445 327
446 327
447 328
447 327
448 327
449 328
449 327
450 326
451 327
452 328
451 326
450 328
453 328
450 327
451 328
449 329
449 330
450 330
452 329
452 330
453 330
454 331
454 332
455 332
455 331
454 333
400 296
400 297
373 342
374 343
375 343
376 344
377 344
377 343
440 319
441 319
377 345
378 346
379 347
420 309
376 346
376 347
379 346
380 345
379 344
381 346
381 347
382 347
380 344
380 347
382 346
378 348
379 349
381 348
381 349
382 349
383 350
383 349
384 348
384 350
385 350
386 350
387 351
388 351
389 352
390 353
391 354
389 351
411 297
411 296
388 353
388 354
389 354
391 353
392 352
391 351
392 354
387 350
390 355
390 356
391 356
385 351
385 352
386 352
389 353
392 353
388 355
380 346
391 355
383 351
383 352
392 356
393 357
393 356
394 356
395 357
396 357
395 358
395 359
396 359
397 360
398 359
399 358
398 357
399 357
399 359
400 360
400 361
401 361
402 360
403 361
403 360
402 362
402 363
403 363
401 360
400 362
401 363
403 362
402 364
384 352
376 348
345 360
346 325
419 309
358 299
337 276
336 276
336 275
336 274
336 273
337 272
336 271
335 271
334 272
333 271
332 271
331 270
330 269
334 271
333 273
333 274
334 274
337 274
329 270
332 270
335 270
331 272
334 273
335 273
337 273
330 270
333 275
334 276
381 282
381 283
368 349
401 297
347 326
387 362
379 358
390 367
390 368
351 296
391 332
343 292
343 293
411 310
382 283
360 344
339 321
338 320
339 319
338 322
337 319
336 319
336 318
336 317
336 316
337 317
335 316
334 317
333 316
332 316
331 316
331 315
332 314
331 313
330 314
329 314
329 313
332 313
334 316
330 313
333 318
333 319
334 319
329 315
339 318
339 317
332 315
338 321
335 315
335 314
335 313
328 312
327 312
326 313
325 312
324 312
324 311
324 310
324 309
325 308
325 310
323 309
322 310
322 309
325 309
327 311
327 310
328 310
380 359
372 355
331 317
332 282
391 368
392 333
393 334
393 335
394 333
395 334
396 335
396 334
395 336
395 337
396 337
397 337
398 337
398 336
399 335
398 334
399 334
399 337
400 338
401 338
402 339
403 338
402 340
403 340
400 339
400 340
401 340
393 336
396 336
399 336
402 341
402 342
403 342
404 343
405 343
395 338
396 303
415 316
416 317
416 318
417 318
414 317
417 317
418 316
419 315
420 316
417 315
420 315
419 317
419 318
420 318
418 315
418 318
420 317
416 319
419 319
419 320
420 320
421 321
421 320
422 319
423 320
423 321
424 321
422 321
425 321
426 322
427 322
427 321
423 322
423 323
424 323
427 323
428 324
429 325
430 325
431 325
431 324
432 325
426 324
429 324
432 324
428 326
431 326
430 327
431 328
430 328
431 327
432 327
433 328
433 327
434 326
434 328
435 329
436 328
435 330
437 328
438 329
439 330
440 331
441 332
439 329
438 331
438 332
439 332
441 331
440 333
440 334
441 334
442 335
442 334
443 335
443 334
444 334
445 335
445 334
446 333
446 335
436 330
439 331
442 336
442 337
443 337
434 327
445 336
445 337
446 337
447 338
448 337
449 338
450 339
450 338
451 337
452 338
453 339
451 336
451 339
453 338
449 340
452 340
452 341
453 341
454 341
455 341
456 341
457 342
458 342
451 338
450 340
453 340
438 333
430 329
430 330
456 340
456 339
456 338
448 336
448 335
422 320
441 333
433 329
433 330
433 331
434 330
342 332
388 299
388 300
361 345
321 309
320 309
319 308
320 307
321 307
321 306
320 308
407 312
345 337
345 338
364 350
344 292
389 300
375 365
408 313
409 314
409 313
410 313
346 338
387 339
338 334
358 312
357 312
357 311
357 310
358 310
356 309
355 308
356 307
355 310
354 311
354 307
353 307
352 307
352 306
351 305
350 304
349 304
348 304
348 303
349 302
347 302
346 301
349 301
351 304
347 301
350 306
350 307
351 307
353 306
354 305
346 303
345 303
349 303
352 308
352 309
353 309
355 309
348 305
351 306
355 312
344 302
343 301
344 300
343 303
342 300
341 300
340 300
340 299
341 298
341 297
342 298
341 299
344 299
344 298
340 301
340 302
341 302
343 302
354 306
347 303
398 348
398 347
398 346
399 345
399 347
400 348
401 349
402 350
403 351
401 348
400 350
403 350
402 352
401 350
403 352
404 353
404 354
405 353
404 355
390 344
350 308
351 273
410 322
410 321
411 321
412 322
413 323
413 322
412 324
412 325
413 325
414 325
415 325
415 324
413 324
412 326
415 326
416 327
416 328
417 328
414 327
414 328
415 327
417 327
418 326
419 327
420 326
419 328
420 328
418 328
416 329
416 330
417 330
419 329
419 330
420 330
421 331
422 331
423 331
424 332
424 331
425 332
426 332
427 332
427 331
423 333
425 331
424 333
427 333
428 334
429 335
426 334
426 335
427 334
429 334
428 336
428 337
429 337
430 338
430 337
431 337
431 336
431 335
432 335
432 337
433 338
434 339
435 340
434 338
433 340
436 340
437 339
436 338
437 338
437 341
438 341
439 341
440 341
441 341
430 339
430 340
431 339
433 339
434 340
426 336
426 337
418 327
437 340
429 336
421 332
421 333
343 269
343 270
362 282
362 283
335 328
334 327
335 326
333 328
333 329
334 329
335 325
335 324
332 328
331 328
331 327
331 326
331 325
332 324
331 323
330 324
329 324
329 323
332 326
328 323
327 323
326 323
327 322
328 321
327 320
328 320
330 323
329 325
329 326
330 326
332 325
328 322
334 328
422 333
327 324
326 325
368 362
414 329
380 336
339 298
338 297
339 297
337 297
336 296
337 295
336 294
337 294
339 296
338 299
338 300
335 293
334 293
333 294
334 295
374 341
375 341
334 294
333 296
332 293
331 293
331 292
332 291
330 291
329 291
329 290
330 289
328 290
327 290
326 291
326 290
327 289
328 288
327 287
328 287
435 315
330 290
333 295
334 296
326 292
326 293
337 296
329 292
329 293
330 293
332 292
336 298
328 289
371 367
399 349
372 332
331 294
331 295
391 345
351 309
392 310
411 323
383 341
383 342
384 306
403 319
363 283
330 335
349 348
395 315
395 316
341 344
360 357
333 340
361 322
352 353
353 318
332 295
384 342
344 269
397 361
397 362
417 339
447 337
396 316
437 317
342 345
456 330
457 329
458 330
455 329
456 329
458 329
457 331
457 332
458 332
456 328
458 331
455 340
457 333
457 334
458 334
459 335
459 334
460 333
461 334
461 335
462 335
460 335
463 335
461 336
460 337
461 337
459 337
462 337
460 334
459 336
380 300
334 341
448 326
448 325
448 324
353 354
394 355
394 354
394 353
394 352
354 319
440 322
440 323
440 324
373 332
345 350
386 351
346 315
347 280
338 311
338 312
406 329
407 328
408 329
406 328
357 324
358 289
418 340
350 285
350 286
323 331
335 305
334 306
333 307
333 306
334 307
333 308
332 305
331 305
331 304
331 303
330 302
329 301
330 301
329 303
329 304
332 303
328 300
327 300
327 299
328 298
329 302
455 338
330 303
329 305
348 347
328 299
422 310
368 339
327 301
326 302
326 303
327 302
325 302
324 301
324 300
324 299
325 298
324 297
325 297
325 300
325 299
351 358
441 323
414 306
414 307
387 352
347 316
433 319
379 348
339 275
339 274
339 273
398 361
399 326
371 344
371 345
371 346
390 357
391 322
351 286
410 335
409 336
337 351
411 300
343 282
402 331
402 332
403 296
348 360
348 361
349 325
340 356
341 357
340 357
328 302
434 320
447 339
447 340
380 349
339 311
352 330
352 331
372 345
332 272
392 323
403 332
444 333
444 332
444 331
349 361
396 293
436 329
342 322
382 358
415 306
388 289
388 290
334 318
353 331
326 314
326 315
354 296
345 327
345 328
346 292
364 340
357 301
357 302
418 317
377 279
376 278
377 278
375 278
374 278
374 277
375 277
374 279
323 308
323 307
323 306
437 330
429 326
389 290
375 355
448 339
335 282
335 281
335 280
421 322
421 323
394 368
367 351
367 352
440 335
386 364
346 328
359 347
347 293
378 360
378 361
406 342
407 341
408 342
405 341
408 341
407 343
407 344
408 344
409 344
410 344
410 343
411 342
410 341
411 341
411 344
406 340
408 343
411 343
407 345
410 345
409 346
409 347
410 346
398 338
397 339
398 340
397 340
398 339
358 302
399 303
390 334
390 335
410 312
356 341
402 308
402 309
335 318
348 337
422 323
381 285
368 352
327 314
328 279
433 332
319 310
379 361
339 288
338 289
380 326
399 339
372 322
331 284
391 335
392 300
432 336
383 331
411 313
384 296
403 309
330 325
376 292
349 338
395 305
435 341
341 334
342 299
360 347
361 312
333 330
333 331
352 343
353 308
354 273
373 286
345 304
345 305
364 317
365 282
397 351
397 352
425 333
357 278
376 328
417 329
363 358
379 335
409 325
409 326
342 335
428 338
388 302
355 354
374 367
374 368
334 331
375 332
394 345
354 309
386 341
346 305
347 270
365 318
366 283
406 319
338 301
378 337
378 338
378 339
398 315
358 279
418 330
344 344
377 292
350 275
350 276
349 277
369 288
429 339
375 368
335 295
462 336
368 329
327 291
359 360
387 342
379 338
350 310
380 303
339 265
398 351
399 316
371 334
372 299
391 312
351 276
318 328
337 341
410 325
383 308
356 354
329 337
329 338
348 350
349 315
463 337
340 346
341 347
340 347
341 311
455 333
360 324
401 362
361 289
447 329
447 330
352 320
352 321
393 358
393 359
353 285
372 335
413 336
364 294
405 332
384 309
351 361
425 310
330 338
416 341
416 342
444 323
376 305
436 319
342 312
382 348
428 315
428 316
361 325
374 344
374 345
334 308
353 321
394 322
354 286
326 304
326 305
327 306
373 299
385 353
385 354
346 282
364 330
365 295
406 296
338 278
338 279
357 291
417 342
418 307
458 343
437 320
355 367
429 316
375 345
421 312
335 272
394 358
367 341
440 325
440 326
439 327
368 306
386 354
359 337
387 319
347 283
406 332
378 350
379 315
380 280
398 328
399 293
371 311
344 357
390 324
391 289
336 353
336 354
336 355
337 316
451 340
410 302
337 318
383 285
356 331
402 298
402 299
443 336
348 327
348 328
389 365
349 292
368 342
340 323
340 324
328 269
327 269
326 270
326 269
325 269
324 269
324 268
401 339
360 301
339 278
380 316
371 347
372 312
404 344
404 345
432 326
392 290
337 354
384 286
424 322
370 351
330 315
403 299
376 282
376 283
349 328
322 311
322 312
435 331
435 332
381 360
381 361
341 324
342 289
360 337
333 320
361 302
334 285
353 298
345 294
345 295
364 307
405 345
425 323
397 341
417 319
436 332
363 348
409 315
409 316
382 361
355 344
374 357
334 321
375 322
394 335
367 318
367 319
386 331
346 295
387 296
406 309
378 327
379 292
398 305
344 334
390 301
390 302
336 330
336 331
356 308
335 285
368 319
359 350
387 332
400 351
400 352
379 328
420 329
380 293
371 324
399 306
366 358
372 289
391 302
431 338
337 331
377 367
423 334
423 335
383 298
356 344
369 363
329 327
330 292
348 340
349 305
340 336
341 301
342 266
401 352
360 314
361 279
333 297
333 298
393 348
393 349
352 310
353 275
413 326
345 271
345 272
344 273
343 272
342 273
432 339
405 322
364 284
364 285
351 351
424 335
397 318
397 319
370 364
330 328
416 331
376 295
343 347
362 360
362 361
363 325
342 302
382 338
334 298
374 334
374 335
375 299
394 312
354 276
326 294
385 343
386 308
346 272
332 337
365 285
378 304
338 268
338 269
439 320
458 333
363 361
409 328
450 329
355 357
396 358
375 335
461 338
461 339
460 340
459 339
345 354
344 353
367 331
368 296
386 344
385 345
384 346
387 309
359 327
378 340
377 341
379 305
419 341
419 342
398 318
325 334
371 301
344 347
390 314
431 315
336 343
337 308
451 330
356 321
443 326
389 355
348 317
347 318
347 319
347 320
462 339
349 282
340 313
340 314
368 316
341 278
400 364
400 365
360 291
401 329
347 358
393 325
393 326
352 287
352 288
372 302
412 338
413 303
358 367
432 316
404 334
404 335
405 299
350 363
350 364
349 365
350 366
349 367
424 312
370 341
330 305
416 308
416 309
415 310
414 309
362 337
435 321
381 350
341 314
382 315
342 279
361 292
334 275
353 288
326 271
326 272
327 273
326 274
325 275
394 289
339 353
385 320
345 284
364 297
405 335
406 336
407 335
446 336
351 364
392 365
425 313
417 309
363 338
409 305
382 351
355 334
394 325
367 308
387 286
359 304
359 305
406 299
379 282
439 333
398 295
325 311
344 324
390 291
390 292
391 293
336 320
336 321
337 285
356 298
442 338
388 367
388 368
389 332
348 294
348 295
368 309
408 345
327 271
340 290
359 340
400 341
400 342
401 306
420 319
380 283
366 348
371 314
412 315
411 316
412 316
358 344
391 292
318 308
317 308
404 311
377 357
337 321
383 288
423 324
423 325
369 353
369 354
330 282
389 368
349 295
341 291
401 342
360 304
333 287
333 288
413 316
405 312
424 325
351 341
397 308
397 309
398 310
370 354
343 337
343 338
342 339
341 338
362 350
361 351
363 315
355 311
334 288
375 289
394 302
367 285
386 298
332 327
378 294
344 301
336 297
355 347
396 348
356 275
388 344
388 345
367 321
368 286
408 322
354 351
387 299
427 335
400 318
373 364
419 331
418 332
419 332
379 295
365 360
325 324
324 324
324 323
371 291
344 337
357 356
390 304
391 305
391 306
337 298
377 334
356 311
329 294
329 295
389 345
349 272
340 303
339 304
341 268
360 281
401 319
347 348
420 332
393 315
393 316
392 317
352 277
366 361
453 329
358 357
404 324
350 353
351 318
330 295
370 331
343 314
343 315
362 327
363 292
382 305
342 269
328 334
374 301
353 278
354 279
354 280
354 281
354 282
355 279
339 343
345 274
344 275
385 310
331 339
330 340
331 340
329 340
446 326
332 304
351 354
392 355
438 322
438 323
437 324
436 325
437 326
345 306
345 307
344 308
343 307
342 306
342 308
334 282
343 305
384 351
457 335
430 318
430 319
363 328
403 364
449 331
449 332
355 324
395 360
394 361
395 362
394 363
394 364
395 361
393 361
392 362
396 325
375 302
415 338
361 367
321 331
407 334
367 298
353 363
386 311
359 294
359 295
427 312
332 340
378 307
373 341
419 308
325 301
439 323
344 314
450 332
336 310
337 275
396 361
329 311
330 311
331 311
332 311
333 310
334 310
356 288
329 271
329 272
389 322
348 284
408 335
340 280
340 281
354 364
400 331
401 296
346 360
347 325
393 292
393 293
338 356
338 357
366 338
412 305
411 306
411 307
412 306
357 369
358 334
431 318
404 301
405 302
406 303
407 304
406 305
404 302
407 302
377 347
423 314
350 330
349 331
349 332
350 333
349 334
350 331
369 343
369 344
330 272
370 308
349 285
362 304
335 350
334 351
333 352
334 353
334 352
333 353
381 317
341 281
382 282
333 277
328 311
347 361
434 329
339 320
380 358
413 306
385 287
385 288
426 325
426 326
445 338
445 339
391 367
351 331
392 332
343 327
383 363
383 364
411 345
416 311
415 312
362 340
363 305
403 341
382 318
355 301
355 302
354 303
374 314
415 315
375 279
321 308
394 292
339 356
385 323
386 288
446 339
332 317
378 284
392 368
324 313
384 364
344 291
430 331
376 360
336 287
336 288
396 338
388 334
388 335
387 336
389 299
326 322
408 312
354 341
427 325
400 308
400 309
373 354
379 285
346 337
419 321
365 350
325 314
366 315
357 346
358 311
337 288
329 284
369 320
389 335
335 327
376 284
422 332
381 294
401 309
347 338
433 341
358 347
399 348
350 343
351 308
370 321
411 322
343 304
362 317
402 353
402 354
363 282
381 330
382 295
355 278
328 324
374 291
339 333
426 338
385 300
372 367
331 329
331 330
330 331
332 294
392 345
384 341
344 268
403 354
376 337
376 338
395 350
396 315
342 344
375 292
415 328
388 311
361 357
367 288
407 324
407 325
353 353
418 337
418 336
410 332
354 318
345 349
373 331
378 297
460 336
364 362
365 327
344 304
357 323
377 301
418 339
337 265
336 266
336 267
335 268
334 268
356 278
442 318
389 312
408 325
340 270
339 271
358 296
441 322
346 350
347 315
365 363
338 346
366 328
412 295
413 294
373 336
444 320
444 319
444 318
414 295
414 294
415 294
323 328
416 295
323 327
416 294
417 293
416 292
367 293
415 292
414 292
418 293
417 295
413 292
412 292
412 291
413 290
412 289
411 289
415 291
338 318
417 294
350 282
351 282
418 295
419 295
420 295
410 290
409 289
411 340
409 291
389 284
413 291
416 296
416 297
417 297
419 296
436 327
419 297
420 297
421 298
421 299
422 299
423 298
424 299
342 349
424 298
425 297
424 296
425 296
425 299
426 299
427 299
427 298
423 300
422 298
363 323
425 298
375 329
421 300
424 300
425 301
426 302
426 301
427 301
428 302
334 305
428 301
429 302
429 301
428 303
427 300
394 342
391 362
394 341
412 293
443 331
426 303
426 304
425 305
425 306
415 293
408 290
407 290
406 291
405 292
404 292
375 306
405 290
404 290
404 289
404 288
404 287
405 288
406 288
407 288
345 301
403 287
402 287
402 286
401 285
400 285
406 304
400 284
407 289
400 286
400 287
400 288
399 289
398 288
398 287
397 286
396 285
397 284
381 368
387 311
382 367
354 283
398 283
400 293
418 294
410 289
343 312
422 300
414 296
413 297
413 298
414 297
411 290
403 286
396 283
395 283
407 291
395 282
407 292
425 300
417 296
409 292
410 293
409 293
408 294
418 297
399 283
410 292
402 288
402 289
395 285
394 286
420 296
423 301
423 302
447 331
413 293
405 289
424 302
397 285
416 298
416 299
403 325
383 348
343 350
342 351
341 351
417 299
418 299
419 299
384 313
409 295
408 296
406 289
398 285
408 289
427 302
419 298
324 326
401 286
420 299
452 331
452 332
357 359
398 360
358 324
404 291
377 337
350 320
350 321
349 322
351 285
369 333
370 298
410 334
316 327
362 294
362 295
335 340
396 356
396 355
397 354
398 354
399 355
400 354
381 307
327 336
357 275
358 274
358 275
414 341
414 342
413 343
328 301
434 319
380 348
339 310
453 332
426 315
426 316
425 317
424 317
352 328
370 359
399 361
432 333
431 333
372 344
445 328
445 329
331 306
330 307
330 308
330 309
331 307
329 307
328 308
327 308
391 357
351 321
397 288
396 289
382 353
383 354
382 355
367 325
392 322
411 335
383 353
363 295
403 331
349 360
395 327
394 328
395 328
449 326
393 328
392 329
391 329
394 365
374 304
341 356
415 305
361 334
407 301
352 365
352 366
353 330
332 307
373 308
364 339
438 325
324 303
384 354
344 281
336 277
396 328
437 329
342 357
388 324
456 342
389 289
407 337
406 338
408 302
448 338
353 366
427 315
442 327
442 328
441 329
354 331
394 367
400 298
399 299
373 344
346 327
347 292
365 340
406 341
366 305
338 323
337 324
338 324
358 301
403 306
403 305
377 314
350 297
350 298
349 299
369 310
335 317
381 284
422 322
401 299
327 313
441 335
368 351
414 318
414 319
413 320
347 328
387 364
319 309
379 360
380 325
339 287
371 356
371 357
404 304
399 338
390 369
391 334
351 298
370 311
383 330
411 312
343 294
402 343
402 344
362 307
403 308
382 285
349 337
328 314
360 346
320 310
434 332
339 323
380 361
372 357
332 284
392 335
383 366
384 331
403 344
376 327
395 340
396 305
436 341
342 334
415 318
388 301
361 347
334 330
407 314
406 314
353 343
359 274
326 326
326 327
354 308
345 339
345 340
373 321
346 304
365 317
366 282
357 313
357 314
356 315
355 315
354 315
353 315
385 346
355 314
379 351
379 352
380 353
377 291
418 329
369 287
389 302
429 338
375 367
421 334
421 335
420 336
335 294
367 363
367 364
346 340
347 305
350 272
387 341
366 318
379 337
398 350
358 314
399 315
390 346
391 347
390 347
389 348
390 349
388 347
387 348
351 275
369 323
355 361
410 324
370 288
343 271
356 353
402 320
402 321
362 284
361 285
335 330
422 335
381 297
463 336
368 364
327 326
328 291
380 338
339 300
426 305
427 306
428 306
355 319
428 305
399 351
331 296
331 297
395 290
372 334
445 318
446 317
447 316
447 315
447 318
447 317
413 333
413 332
413 331
445 316
444 316
448 316
449 317
450 316
449 318
451 316
450 318
452 317
391 309
453 316
452 318
453 318
450 317
340 297
451 318
453 317
449 319
450 320
452 319
452 320
453 320
454 321
455 322
454 320
454 323
453 323
352 272
451 317
454 322
421 304
420 303
419 302
418 303
417 302
409 290
352 350
390 354
455 323
456 324
409 299
403 294
447 319
421 302
450 319
451 320
443 316
442 316
442 315
442 314
443 314
444 314
421 309
453 319
445 315
446 316
457 325
456 326
449 321
449 322
452 321
414 331
453 322
392 312
334 303
383 343
411 325
384 308
403 321
411 302
330 337
349 350
395 317
395 318
395 319
326 301
355 281
356 282
357 281
396 282
341 346
342 311
415 295
360 359
361 324
333 342
334 343
334 344
334 345
335 346
336 346
333 343
352 355
353 320
332 297
345 316
345 317
344 318
343 318
342 318
341 317
343 317
383 315
459 338
364 329
365 294
397 363
398 364
397 364
357 364
418 304
380 310
344 271
430 311
429 311
429 312
388 309
354 316
376 340
417 341
396 318
437 319
409 337
409 338
408 339
342 347
388 314
456 332
429 315
408 292
448 328
375 344
394 357
354 321
345 352
346 317
386 353
460 339
347 282
365 330
406 331
378 349
366 295
338 313
338 314
357 326
398 327
358 291
418 342
350 287
350 288
349 289
369 300
335 307
422 312
441 325
368 341
327 303
414 308
387 354
433 321
432 322
431 322
430 321
429 322
383 316
379 350
339 277
380 315
398 363
399 328
372 311
331 273
331 274
351 288
391 324
392 289
356 358
410 337
337 353
356 366
402 333
401 334
362 297
403 298
348 362
347 363
346 364
347 365
349 327
395 294
395 295
395 296
381 357
328 304
340 358
341 359
340 359
341 323
335 345
360 336
361 301
426 318
427 319
425 319
428 318
352 332
352 333
372 347
373 348
374 348
374 347
331 309
332 274
392 325
364 306
405 344
324 270
324 271
323 272
323 273
323 274
322 275
321 274
320 273
321 272
424 330
405 342
320 271
321 270
399 300
425 329
424 328
319 273
321 273
323 275
356 338
321 275
334 320
426 328
427 329
428 328
425 322
444 335
436 331
396 295
342 324
415 308
382 360
392 307
393 306
393 305
388 291
428 327
361 337
353 333
354 298
394 334
345 329
373 311
385 365
385 366
346 294
364 342
365 307
338 290
338 291
357 303
357 304
356 305
418 319
377 281
437 332
323 310
429 328
375 357
335 284
421 324
367 353
367 354
366 355
365 355
368 318
386 366
359 349
387 331
347 295
406 344
338 326
339 327
340 326
341 326
378 362
379 327
358 304
399 305
371 323
390 336
391 337
390 337
350 300
391 301
398 317
337 330
410 314
356 343
362 274
363 273
364 273
364 272
364 271
364 270
363 269
362 268
365 271
363 268
362 270
362 271
361 272
363 271
361 267
361 266
360 265
361 265
360 267
359 268
358 267
357 267
357 266
358 265
365 273
382 322
360 269
359 270
358 271
363 270
359 272
356 266
355 265
355 264
356 264
355 267
382 365
354 264
353 264
352 264
352 263
353 262
352 261
351 262
350 261
353 261
354 262
355 262
356 262
336 327
351 261
354 261
350 263
376 279
351 264
353 263
356 263
349 260
349 259
349 258
348 260
347 290
347 289
347 288
350 283
360 284
398 333
459 343
460 342
462 338
402 315
403 315
428 329
352 265
355 266
358 266
351 263
362 272
354 263
365 272
357 268
357 269
347 260
346 260
345 260
366 273
367 274
358 269
350 265
350 266
351 267
352 268
353 269
353 270
396 323
396 322
352 317
341 331
356 348
360 268
361 269
353 265
345 261
345 262
345 263
364 274
398 335
354 266
331 268
332 268
360 276
346 262
347 262
348 262
357 271
356 272
397 321
398 321
399 322
400 322
418 325
418 324
418 323
367 348
332 278
367 275
349 267
367 276
359 271
404 359
404 358
361 304
404 357
371 358
356 265
348 261
368 276
369 276
369 275
370 276
371 277
372 276
372 277
371 278
371 279
371 280
372 281
373 282
321 271
318 311
319 312
372 279
371 281
370 282
317 310
316 311
316 312
347 300
347 299
455 330
358 272
349 262
349 294
360 271
352 267
404 314
359 284
358 285
400 321
363 272
355 268
355 269
374 281
347 259
358 268
350 264
369 277
369 278
351 265
370 278
402 310
401 311
402 312
401 313
402 311
400 311
399 312
398 312
422 325
348 339
368 354
327 316
328 281
414 321
415 322
416 322
416 321
340 335
360 313
401 351
339 290
380 328
426 295
427 296
428 295
423 332
354 302
429 294
430 295
430 294
431 294
428 293
428 292
435 328
429 292
430 292
431 293
432 294
367 358
368 358
430 296
430 297
429 298
429 299
429 293
432 293
431 295
432 296
430 298
431 299
432 298
400 313
427 292
426 292
425 293
426 293
424 292
423 292
422 293
422 294
422 295
422 296
419 339
421 292
420 293
369 325
371 359
372 324
404 356
392 302
432 338
411 315
383 333
384 298
424 334
403 311
330 327
376 294
349 340
395 307
341 336
342 301
360 349
333 332
334 333
335 334
333 333
332 334
336 333
361 314
334 297
352 345
353 310
354 275
459 328
458 327
459 326
460 326
373 288
346 271
364 319
365 284
425 335
397 353
357 280
417 331
418 296
363 360
409 327
428 340
427 340
355 356
374 369
375 334
448 318
421 301
394 347
326 329
408 297
367 330
386 343
346 307
347 307
348 307
424 303
423 304
423 305
422 306
347 272
387 308
366 285
406 321
338 303
357 316
358 281
344 346
390 313
350 277
369 290
336 342
451 329
410 291
356 320
335 297
421 337
422 302
368 331
327 293
414 298
454 334
453 335
453 336
454 335
455 336
452 334
387 344
366 290
400 363
379 340
420 341
380 305
339 267
399 318
371 336
372 301
391 314
410 327
337 343
343 274
383 310
411 292
356 356
329 339
330 304
403 288
348 352
349 317
395 284
340 348
455 335
341 313
342 278
401 364
360 326
361 291
333 309
352 322
351 323
352 324
351 325
349 320
393 360
353 287
413 338
364 296
405 334
351 363
397 330
398 331
397 331
396 332
425 312
343 359
343 360
342 361
342 362
341 363
342 364
325 329
347 310
340 330
342 363
341 365
342 366
343 366
368 326
344 366
345 367
346 367
400 316
347 367
455 326
345 368
345 369
346 369
344 365
344 364
344 363
344 368
343 369
342 368
366 287
343 368
346 368
347 369
348 369
349 369
350 369
351 370
332 335
435 324
434 324
402 334
345 291
384 283
384 282
342 365
369 348
345 370
345 371
346 371
347 372
348 371
403 313
348 370
349 371
350 372
350 373
349 374
351 373
352 372
353 372
354 371
353 370
354 370
402 348
403 348
405 306
351 372
350 374
344 367
348 373
347 374
347 375
347 376
346 377
347 377
358 329
347 343
359 312
347 368
343 370
343 371
342 372
341 372
385 369
384 368
399 343
458 341
440 340
440 339
440 338
346 370
424 293
375 294
347 371
348 301
404 347
405 347
406 348
407 349
326 309
399 298
406 350
405 351
406 351
334 338
454 325
453 326
349 370
342 367
407 347
345 372
345 373
345 374
345 375
344 376
351 356
401 322
352 338
331 271
344 377
346 373
345 362
348 372
349 373
440 337
344 369
402 323
376 307
444 325
417 308
363 337
436 321
342 314
382 350
428 317
333 345
374 346
361 352
353 323
354 288
326 306
394 324
385 355
384 356
384 357
384 358
407 297
330 317
329 318
328 318
422 307
385 356
329 317
345 319
336 356
335 357
336 358
405 349
389 362
418 333
419 334
343 340
335 358
386 320
346 284
365 297
406 298
338 280
338 281
337 282
389 307
397 366
398 366
398 367
399 368
400 367
399 367
356 359
357 293
390 364
418 309
409 340
355 369
429 318
375 347
335 274
421 314
367 343
440 327
327 270
386 356
387 357
387 358
342 352
344 351
388 357
359 339
387 321
378 352
406 334
379 317
380 282
398 330
399 295
344 359
372 278
390 326
391 327
391 291
337 320
410 304
383 287
356 333
362 264
363 264
428 335
390 321
364 264
365 264
366 265
365 266
354 290
346 342
341 352
429 323
342 282
389 297
389 296
341 354
383 282
412 320
411 319
410 319
452 326
412 318
355 291
354 292
353 292
352 292
351 292
352 371
372 309
345 344
402 300
402 301
356 293
329 316
443 338
348 329
347 330
347 331
347 332
427 320
401 347
401 346
389 367
340 325
328 271
401 341
360 303
361 268
347 370
352 299
352 300
352 301
352 302
354 312
353 313
352 312
351 313
405 325
405 326
393 337
393 338
393 339
392 339
391 339
390 339
389 339
372 314
413 315
404 346
392 292
432 328
383 323
384 288
424 324
370 353
416 320
349 330
395 297
396 298
396 299
392 363
397 298
435 333
435 334
352 295
334 324
322 313
362 349
381 362
380 363
322 305
434 335
434 336
381 363
348 368
342 291
382 327
428 294
333 322
334 287
353 300
354 265
373 278
385 332
385 333
385 334
418 300
345 296
346 297
347 297
348 297
346 261
364 309
365 274
425 325
357 270
343 372
417 321
363 350
436 334
409 317
316 310
315 309
314 310
314 311
382 363
392 297
392 296
422 326
411 308
368 313
380 286
356 336
393 295
355 346
428 330
429 295
374 359
394 337
367 320
385 368
368 285
386 333
387 298
359 316
360 317
359 318
358 318
359 317
338 293
339 294
340 294
341 295
340 293
378 329
378 330
377 331
454 339
345 310
406 311
379 294
325 323
398 307
371 290
344 336
390 303
350 267
336 332
451 319
356 310
443 315
348 306
389 344
422 292
368 321
454 324
359 352
400 353
360 280
379 330
420 331
380 295
366 360
371 326
372 291
412 327
412 328
411 329
359 343
431 340
391 304
337 333
377 369
383 300
423 336
424 337
424 338
420 333
416 316
385 370
367 313
380 343
379 342
423 337
424 301
329 329
369 365
369 366
369 367
369 368
370 369
371 369
330 294
348 342
349 307
340 338
381 339
381 340
341 303
455 325
342 268
401 354
360 316
361 281
447 321
333 299
332 300
332 301
340 349
333 300
334 301
335 301
336 301
327 274
328 275
329 275
330 276
336 300
329 274
331 276
393 350
353 277
413 328
345 273
432 341
405 324
364 286
351 353
425 302
397 320
370 366
416 333
343 349
444 315
417 298
322 326
321 325
320 325
322 324
338 347
362 362
363 327
409 294
382 340
428 307
429 308
429 309
355 323
334 300
374 336
398 355
375 301
321 330
394 314
354 278
390 352
326 296
327 296
367 297
346 274
347 274
348 275
348 274
386 310
332 339
378 306
338 270
357 283
398 284
439 322
344 313
458 335
409 330
450 331
355 359
396 360
356 287
375 337
461 340
388 356
367 333
368 298
408 334
359 329
360 329
378 342
379 307
420 308
371 303
399 285
344 349
431 317
336 345
410 294
337 310
377 346
451 332
356 323
443 328
329 306
402 290
402 291
445 340
444 341
443 341
361 283
330 271
348 319
389 357
349 284
454 337
340 315
341 280
400 366
401 331
360 293
333 276
347 360
352 289
351 290
427 316
352 290
393 327
412 340
413 305
432 318
404 336
364 263
364 262
363 262
362 262
362 261
362 260
362 259
362 258
361 257
362 256
366 333
337 346
361 255
360 255
359 254
358 255
357 255
353 266
440 328
360 254
360 257
359 258
359 257
423 306
340 353
358 254
357 256
357 257
365 312
358 257
349 286
360 256
359 259
360 260
359 260
360 259
331 269
363 260
328 297
358 256
420 304
361 256
357 258
356 259
356 260
359 363
358 259
360 258
361 259
359 261
358 262
358 263
359 262
360 263
355 258
354 259
355 257
341 319
355 256
358 258
437 337
437 336
324 275
438 335
361 258
405 301
350 365
351 330
424 314
397 297
370 343
416 310
435 323
381 352
342 281
333 312
334 277
353 290
326 273
394 291
339 355
345 286
386 287
405 337
446 338
351 366
392 367
397 333
357 260
438 334
343 362
384 363
417 311
418 311
373 304
341 360
340 361
339 362
419 311
409 307
354 346
355 336
374 349
375 350
375 351
327 327
376 350
407 346
368 275
427 324
387 288
359 306
358 307
358 308
378 279
359 307
373 353
406 301
398 297
439 335
325 313
344 326
390 293
389 294
317 309
336 322
337 287
442 340
356 300
329 283
388 369
348 296
389 334
349 261
408 347
340 292
400 343
401 308
360 270
346 372
347 337
420 321
352 266
393 304
412 317
318 310
431 330
432 295
404 313
377 359
423 326
369 355
368 356
369 356
329 319
330 320
330 321
331 319
330 284
349 297
340 328
341 328
341 293
401 344
361 271
333 289
334 290
335 291
336 291
336 290
347 373
393 340
353 267
434 341
413 318
339 332
385 299
404 349
405 314
446 315
425 292
397 310
370 356
416 323
343 339
457 324
362 352
363 352
331 308
359 275
367 279
364 352
354 304
454 319
403 353
449 320
355 313
428 297
375 291
394 304
385 335
386 300
346 264
345 265
344 265
359 283
332 329
324 325
344 303
458 325
336 299
450 321
396 350
356 277
442 317
388 346
348 273
408 324
427 337
359 319
400 320
373 366
419 333
420 298
325 326
365 362
371 293
372 293
412 294
336 335
337 300
372 294
377 336
423 303
329 296
443 318
343 265
348 309
389 347
349 274
340 305
335 339
339 324
341 270
400 356
327 315
332 312
360 283
401 321
393 317
441 337
352 279
351 280
406 335
414 299
366 363
412 330
453 331
413 295
404 326
399 360
405 291
424 304
351 320
397 287
343 316
416 300
402 365
402 366
363 294
381 342
342 271
355 290
328 336
334 267
339 345
345 276
346 276
331 341
331 342
331 343
446 328
332 306
392 357
324 302
438 324
343 352
384 353
457 337
344 280
430 320
409 297
376 349
449 333
450 334
396 327
342 356
415 340
407 336
408 301
353 365
390 348
427 314
359 296
332 342
373 343
345 361
419 310
439 325
325 303
344 316
390 283
391 284
392 284
393 283
376 287
360 342
336 312
337 277
396 363
356 290
442 330
329 273
388 359
389 360
390 359
358 305
348 286
347 286
408 337
340 282
339 283
339 284
399 321
334 354
334 355
340 283
341 284
342 285
426 333
327 278
393 368
343 284
333 355
354 366
400 333
401 298
346 362
420 311
347 327
393 294
338 358
338 359
338 360
412 307
431 320
404 303
377 349
350 332
423 316
422 316
351 297
369 345
368 346
357 321
330 274
322 270
335 352
341 283
382 284
333 279
328 313
374 280
434 331
380 360
339 322
427 338
426 327
385 289
385 290
385 291
384 292
332 333
354 335
353 335
352 335
364 266
363 266
331 318
405 304
372 356
351 333
392 334
397 300
343 329
383 365
403 343
349 372
395 339
355 303
375 281
415 317
321 310
361 346
394 294
407 313
367 277
386 290
359 273
332 319
364 351
438 337
384 366
344 293
376 339
430 333
336 289
396 340
356 267
342 369
388 336
389 301
348 263
348 264
368 278
408 314
427 327
400 310
373 356
346 339
419 323
347 304
365 352
412 300
338 335
338 336
338 337
337 337
371 283
317 312
358 313
431 297
337 290
350 309
423 293
329 286
330 287
361 330
414 322
331 286
349 264
335 329
340 295
422 334
368 363
327 325
360 273
414 330
347 340
352 269
393 307
453 321
339 299
404 316
399 350
371 368
457 340
445 317
351 310
424 294
391 346
343 306
411 324
416 290
417 290
418 290
402 355
402 356
402 357
401 358
331 314
362 322
363 284
403 320
355 280
328 326
360 358
339 335
426 340
425 341
424 341
394 306
339 328
344 266
372 369
331 331
332 296
446 318
392 347
457 327
384 343
430 310
344 270
403 356
449 323
450 324
451 323
395 352
396 317
342 346
415 330
456 331
361 359
407 326
334 342
408 291
427 304
354 320
359 286
373 333
419 300
460 338
346 316
364 364
363 364
325 293
324 294
357 325
336 302
337 267
418 341
356 280
323 332
348 276
335 306
340 272
400 323
441 324
379 299
401 288
420 301
347 317
387 353
393 284
433 320
338 348
412 297
452 333
398 362
358 326
399 327
404 293
390 358
350 322
351 287
410 336
343 283
362 296
335 342
363 261
333 269
328 303
414 343
434 321
339 312
380 350
453 334
426 317
399 363
445 330
372 346
332 273
391 359
361 260
392 324
397 290
343 319
411 337
383 355
363 297
403 333
349 362
355 293
395 329
394 330
394 331
395 330
396 294
341 358
342 323
415 307
333 354
407 303
352 367
353 368
353 332
359 263
332 309
324 305
325 270
344 283
430 323
376 352
336 279
396 330
356 257
437 331
342 359
429 327
389 291
448 340
408 304
354 333
440 336
400 300
345 364
346 329
386 365
347 294
338 325
406 343
358 303
350 299
329 276
370 277
362 273
335 319
422 324
368 353
414 320
328 280
387 366
319 311
393 297
433 333
379 362
339 289
426 294
399 340
331 285
351 300
391 336
392 301
383 332
411 314
402 345
403 310
363 274
348 374
395 306
355 270
328 316
374 283
360 348
320 312
426 330
385 292
331 321
372 359
332 286
459 327
392 337
383 368
384 333
425 334
430 300
376 329
349 375
395 342
396 307
415 320
342 336
428 339
361 349
407 316
334 332
448 317
354 310
427 294
326 328
345 341
460 328
461 328
462 329
462 330
462 331
325 327
351 270
410 306
359 355
379 310
461 330
460 330
346 306
364 354
363 354
366 284
338 302
357 315
358 280
418 331
429 340
375 369
335 296
421 336
422 301
367 365
367 366
367 367
366 368
365 367
365 366
366 367
358 273
337 358
327 292
441 314
440 315
439 315
329 330
435 316
440 314
438 314
438 313
387 343
338 338
379 339
452 323
398 352
358 316
399 317
350 312
391 313
351 277
410 326
343 273
411 291
356 355
362 286
402 322
348 351
422 337
327 328
368 366
414 333
328 293
455 334
339 302
380 340
426 307
445 320
331 298
330 299
391 349
392 314
411 327
383 345
330 339
403 323
444 324
349 352
396 284
341 348
415 297
342 313
360 361
333 344
407 293
334 309
352 357
353 322
354 287
459 340
345 318
364 331
324 295
397 365
357 292
336 269
418 308
437 321
409 339
355 368
456 334
429 317
448 330
375 346
421 313
354 323
394 359
400 290
367 342
346 319
386 355
347 284
406 333
378 351
338 315
357 328
398 329
358 293
344 358
350 289
410 303
356 332
362 263
335 309
422 314
368 343
441 327
327 305
328 270
414 310
387 356
433 323
339 279
380 317
371 348
399 330
331 275
372 313
390 361
391 326
392 291
410 339
337 355
411 304
343 286
356 368
384 287
402 335
402 336
403 300
330 316
348 364
349 329
355 260
340 360
341 325
360 338
361 303
333 321
352 334
353 299
332 276
373 277
405 346
364 308
324 272
384 323
397 342
397 343
413 327
425 324
339 292
376 319
444 337
417 320
396 297
436 333
342 326
382 362
388 293
407 306
374 358
334 322
354 300
394 336
373 313
345 331
352 314
385 367
386 332
346 296
404 352
347 261
365 309
345 275
340 340
338 292
366 274
406 310
357 305
358 270
377 283
418 321
323 312
437 334
369 279
369 280
429 330
375 359
421 326
335 286
367 355
368 320
386 368
387 333
359 351
406 346
378 364
379 365
380 365
379 329
380 294
398 342
371 325
399 307
344 371
390 338
350 302
391 303
410 316
337 332
383 299
356 345
316 309
362 276
363 276
364 277
365 277
364 276
329 328
348 341
349 306
414 323
328 283
327 284
327 285
340 337
455 324
401 353
360 315
447 320
380 330
426 297
352 311
331 288
372 326
392 304
432 340
383 335
384 300
424 336
370 365
330 329
416 332
376 296
349 342
395 309
322 325
342 303
382 339
333 334
361 316
334 299
352 347
353 312
326 295
354 277
459 330
385 344
345 308
373 290
346 273
364 321
365 286
425 337
397 355
357 282
417 333
418 298
363 362
409 329
355 358
429 307
448 320
375 336
421 303
326 331
394 349
440 316
439 317
419 294
367 332
346 309
386 345
359 328
387 310
338 305
406 323
378 341
379 306
347 349
358 283
398 319
399 284
390 315
350 279
336 344
451 331
356 322
443 327
335 299
348 318
389 356
422 304
368 333
327 295
454 336
414 300
359 364
433 313
434 313
435 313
436 313
339 269
380 307
399 320
371 338
371 294
412 339
372 303
391 316
432 317
337 345
411 294
383 312
402 325
403 290
330 306
348 354
349 319
435 322
395 286
340 350
455 337
341 315
381 351
342 280
360 328
401 366
333 311
361 293
447 333
393 362
353 289
413 340
345 285
364 298
363 299
405 336
365 263
351 365
425 314
397 332
357 259
376 309
444 327
343 361
417 310
436 323
363 339
409 306
342 316
382 352
428 319
355 335
334 312
375 313
394 326
326 308
385 357
345 321
386 322
346 286
338 282
378 318
457 336
381 353
366 264
406 300
357 295
358 260
439 334
398 296
344 325
409 342
429 320
442 339
375 349
335 276
421 316
367 345
327 272
368 310
408 346
387 323
359 341
378 354
380 284
424 339
398 332
399 297
371 315
372 280
340 352
344 361
390 328
431 329
318 309
336 357
337 322
377 358
383 289
356 335
402 302
401 303
443 340
389 369
348 331
349 296
340 327
341 292
360 305
320 269
320 268
319 267
320 267
319 269
318 269
317 268
316 268
315 268
317 267
318 267
319 268
401 343
361 270
372 316
413 317
404 348
432 330
364 275
373 367
405 313
384 290
351 342
424 326
330 319
370 355
376 286
362 351
435 335
381 364
382 329
342 293
428 296
333 324
374 325
334 289
353 302
394 303
354 267
345 298
373 280
346 263
364 311
365 276
425 327
397 345
357 272
417 323
409 319
355 348
428 332
429 297
374 361
461 329
421 293
394 339
367 322
368 287
386 335
421 318
387 300
427 336
347 264
373 365
378 331
379 332
380 332
381 332
406 313
379 296
325 325
398 309
371 292
344 338
390 305
350 269
336 334
451 321
337 299
356 312
443 317
348 308
389 346
349 273
368 323
340 304
454 326
414 290
400 355
360 282
401 320
380 297
352 278
366 362
371 328
412 329
358 358
404 325
337 335
350 354
423 338
422 339
383 302
329 331
330 296
370 332
349 309
381 341
341 305
342 270
360 318
401 356
447 323
333 301
393 352
353 279
413 330
339 344
404 361
364 288
363 289
333 338
351 355
425 304
397 322
370 368
416 335
343 351
417 300
362 364
363 329
403 365
409 296
382 342
355 325
428 309
374 338
394 316
326 298
367 299
385 347
332 341
338 272
406 290
439 324
398 286
344 315
458 337
450 333
336 311
396 362
356 289
442 329
335 266
388 358
348 285
367 335
368 300
408 336
359 331
354 365
400 332
346 361
420 310
366 339
399 287
371 305
391 283
431 319
336 347
377 348
337 312
423 315
356 325
329 308
443 330
402 292
330 273
389 359
348 321
322 269
322 268
340 317
335 351
341 282
400 368
401 333
360 295
333 278
347 362
352 291
405 303
420 323
393 329
412 342
413 307
432 320
404 338
364 265
350 367
351 332
424 316
397 299
428 333
370 345
343 328
416 312
417 313
418 313
419 313
435 325
362 341
363 306
381 354
342 283
333 314
334 279
375 280
326 275
394 293
354 257
353 257
352 258
351 259
352 257
339 357
345 288
386 289
332 318
446 340
378 285
397 335
357 262
438 336
343 364
384 365
430 332
363 342
323 269
409 309
376 361
376 362
355 338
396 339
407 348
367 312
368 277
359 308
427 326
387 290
373 355
379 286
419 322
439 337
365 351
398 299
371 282
344 328
390 295
317 311
431 296
336 324
337 289
356 302
329 285
388 371
348 298
389 336
349 263
454 316
400 345
401 310
360 272
346 374
347 339
366 352
412 319
372 283
431 332
358 348
318 312
432 297
404 315
377 361
423 328
422 329
350 344
369 357
329 321
330 286
370 322
362 318
381 331
382 296
361 273
328 325
333 291
387 312
374 292
393 342
343 341
339 334
385 301
426 339
364 278
405 316
372 368
351 345
425 294
392 346
397 312
457 326
362 354
363 319
403 355
382 332
395 351
428 299
374 328
375 293
415 329
361 358
367 289
385 337
386 302
427 303
359 285
332 331
378 298
324 327
364 363
439 314
325 292
344 305
450 323
337 266
396 352
356 279
442 319
388 348
461 332
389 313
368 290
408 326
412 299
340 271
427 339
373 368
401 287
346 351
419 335
420 300
365 364
325 328
371 295
366 329
412 296
357 360
352 369
358 325
377 338
396 296
337 302
329 298
369 334
370 299
389 349
349 276
340 307
335 341
341 272
381 308
401 323
360 285
333 268
347 352
352 281
393 319
453 333
358 361
404 328
399 362
405 293
350 357
351 322
424 306
391 358
397 289
370 335
411 336
416 302
362 331
363 296
381 344
382 309
355 292
328 338
334 269
374 305
394 283
339 347
385 314
332 308
446 330
392 359
324 304
438 326
457 339
384 355
430 322
344 282
376 351
449 335
336 278
395 364
396 329
356 256
415 342
342 358
388 325
407 338
367 302
408 303
353 367
354 332
359 298
400 299
345 363
373 345
419 312
365 341
325 305
366 306
357 337
390 285
336 314
337 279
377 315
356 292
388 361
348 288
389 326
340 284
354 368
400 335
441 336
401 300
360 262
387 365
347 329
420 313
393 296
366 342
412 309
358 338
404 305
377 351
350 334
423 318
351 299
369 347
370 312
343 295
343 296
362 308
322 272
335 354
381 321
379 298
382 286
333 281
328 315
374 282
434 333
320 311
353 259
380 362
426 329
397 302
331 320
372 358
332 285
351 335
392 336
383 367
343 331
384 332
430 299
403 345
363 309
395 341
355 305
314 267
396 306
415 319
375 283
361 348
321 312
407 315
353 344
386 292
427 293
332 321
378 288
373 322
460 327
364 353
430 335
344 295
376 364
396 342
356 269
342 371
388 338
389 303
348 265
408 316
354 345
400 312
345 376
373 358
419 325
346 341
347 306
365 354
366 319
452 322
357 350
358 315
377 328
350 311
423 295
336 268
369 324
329 288
370 289
349 266
362 285
335 331
381 298
422 336
368 365
414 332
328 292
347 342
393 309
352 271
380 339
339 301
426 306
399 352
445 319
350 347
351 312
391 348
392 313
383 344
343 308
411 326
362 321
403 322
363 286
382 299
349 351
355 282
328 328
374 295
415 296
360 360
339 337
385 304
352 356
331 333
332 298
446 320
392 349
438 316
384 345
344 272
395 288
430 312
403 358
449 325
376 341
395 354
326 297
396 319
415 332
333 336
348 366
342 348
388 315
456 333
361 361
408 293
448 329
353 357
359 288
354 322
400 289
373 335
345 353
346 318
364 366
365 331
325 295
366 296
357 327
358 292
377 305
337 269
369 301
348 278
389 316
335 308
340 274
422 313
401 290
441 326
327 304
346 354
387 355
393 286
433 322
338 350
452 335
358 328
399 329
404 295
350 324
390 360
351 289
391 325
410 338
370 302
411 303
343 285
356 367
362 298
335 344
363 263
381 311
348 363
355 259
328 305
434 323
339 314
380 352
426 319
399 365
372 348
331 310
445 332
332 275
391 361
392 326
411 339
383 357
384 322
330 318
403 335
376 318
444 336
349 364
355 295
395 331
415 309
342 325
388 292
361 338
333 356
407 305
353 334
354 299
359 265
373 312
345 330
324 307
364 343
325 272
365 308
344 285
376 354
336 281
418 320
377 282
323 311
437 333
429 329
389 293
334 357
408 306
375 358
421 325
400 302
345 366
346 331
386 367
347 296
338 327
366 309
378 363
406 345
357 340
398 341
344 370
350 301
351 266
369 314
370 279
410 315
316 308
362 275
335 321
381 288
441 339
368 355
328 282
387 368
433 335
379 364
339 291
426 296
371 360
399 342
331 287
351 302
391 338
392 303
400 344
383 334
343 298
384 299
402 347
403 312
348 376
349 341
395 308
348 353
355 272
341 337
374 285
360 350
411 293
361 315
352 346
353 311
372 361
332 288
459 329
373 289
364 320
384 335
425 336
344 262
343 262
342 263
343 263
376 331
417 332
396 309
341 373
342 374
342 375
342 376
343 374
342 338
388 305
456 323
334 334
407 318
448 319
353 347
394 348
326 330
345 343
419 292
346 308
364 356
347 273
365 321
338 304
366 286
406 322
357 317
358 282
377 295
350 278
323 324
369 291
421 338
335 298
422 303
368 332
327 294
441 316
347 309
387 345
433 312
379 341
452 325
380 306
339 268
371 337
399 319
390 350
350 314
391 315
351 279
410 328
370 292
337 344
343 275
356 357
362 288
402 324
403 289
349 318
368 368
328 295
414 335
319 326
318 325
360 327
401 365
447 332
380 342
352 323
426 309
372 338
331 300
413 339
392 316
383 347
330 341
444 326
349 354
395 321
396 286
436 322
341 350
415 299
342 315
360 363
361 328
334 311
407 295
353 324
359 255
354 289
326 307
373 302
345 320
459 342
346 285
364 333
365 298
397 367
357 294
418 310
409 341
437 323
456 336
355 370
429 319
448 332
375 348
335 275
421 315
367 344
400 292
346 321
386 357
387 322
378 353
366 299
338 317
379 318
358 295
399 296
344 360
390 327
350 291
369 304
410 305
356 334
362 265
443 339
335 311
348 330
368 345
327 307
414 312
328 272
433 325
379 354
339 281
399 332
371 350
372 315
331 277
391 328
392 293
432 329
337 357
383 324
343 288
384 289
356 370
402 337
403 302
376 285
395 298
340 362
341 327
342 292
360 340
321 269
361 305
333 323
352 336
353 301
373 279
345 297
364 310
405 348
324 274
365 275
425 326
397 344
343 373
376 321
444 339
417 322
436 335
363 351
409 318
342 328
382 364
388 295
314 309
428 331
429 296
374 360
375 325
394 338
345 333
386 334
346 298
347 263
365 311
338 294
406 312
366 276
357 307
398 308
377 285
350 268
369 281
429 332
315 310
375 361
421 328
335 288
367 357
368 322
386 370
359 353
387 335
378 366
379 331
380 296
398 344
371 327
399 309
372 292
344 373
390 340
351 269
431 341
410 318
337 334
383 301
356 347
402 314
348 343
349 308
463 330
464 330
464 331
464 332
463 333
464 333
340 339
328 285
341 304
401 355
361 282
447 322
352 313
393 351
372 328
331 290
413 329
392 306
404 360
364 287
384 302
425 303
370 367
376 298
416 334
395 311
322 327
362 363
341 340
342 305
382 341
428 308
361 318
374 337
353 314
394 315
373 292
459 332
346 275
364 323
365 288
338 271
425 339
397 357
357 284
417 335
458 336
409 331
437 313
355 360
448 322
375 338
421 305
394 351
440 318
367 334
368 299
386 347
347 276
359 330
378 343
406 325
338 307
379 308
399 286
371 304
344 350
390 317
350 281
451 333
410 295
337 311
356 324
443 329
362 255
363 254
389 358
348 320
327 297
368 335
414 302
340 316
454 338
360 294
401 332
380 309
371 340
372 305
412 341
391 318
432 319
404 337
392 283
337 347
383 314
424 315
370 344
403 292
349 321
455 339
360 330
361 295
333 313
447 335
334 278
352 326
393 364
353 291
354 256
413 342
345 287
364 300
405 338
365 265
351 367
397 334
425 316
357 261
343 363
444 329
417 312
363 341
409 308
323 268
382 354
355 337
428 321
334 314
374 350
375 315
326 310
367 311
385 359
346 288
386 324
387 289
406 302
338 284
357 297
439 336
398 298
344 327
350 258
390 294
323 304
336 323
356 301
442 341
388 370
335 278
367 347
408 348
368 312
387 325
319 270
318 271
379 321
420 322
371 317
366 351
372 282
390 330
391 295
431 331
336 359
377 360
410 308
423 327
383 291
356 337
329 320
402 304
330 285
348 333
349 298
340 329
341 294
360 307
401 345
333 290
352 303
393 341
353 268
413 319
345 264
432 332
404 350
405 315
351 344
397 311
370 357
416 324
376 288
435 337
362 353
363 318
381 366
342 295
382 331
428 298
333 326
374 327
334 291
353 304
354 269
394 305
385 336
345 300
346 265
386 301
332 330
365 278
397 347
357 274
343 376
417 325
458 326
409 321
450 322
355 350
396 351
375 328
421 295
461 331
367 324
368 289
386 337
387 302
359 320
406 315
378 333
398 311
344 340
390 307
336 336
337 301
356 314
443 319
329 297
462 332
348 310
349 275
340 306
454 328
341 271
400 357
420 335
352 280
393 318
366 364
412 331
413 296
404 327
423 340
424 305
329 333
369 369
330 298
416 301
349 311
394 282
435 314
341 307
381 343
342 272
328 337
447 325
333 303
393 354
352 316
353 281
339 346
345 277
405 328
364 290
446 329
397 324
392 358
416 337
343 353
457 338
409 298
449 334
382 344
395 363
428 311
374 340
415 341
394 318
326 300
385 349
359 297
332 343
338 274
406 292
325 304
439 326
344 317
458 339
390 284
336 313
450 335
337 278
396 364
356 291
442 331
388 360
348 287
408 338
354 367
400 334
360 261
346 363
420 312
412 308
391 285
431 321
337 314
377 350
423 317
443 332
369 346
329 310
330 275
348 323
389 361
349 288
322 271
340 319
335 353
360 297
401 335
361 262
333 280
347 364
393 331
352 293
353 258
412 344
413 309
404 340
405 305
364 267
365 268
351 334
424 318
397 301
370 347
343 330
416 314
435 327
322 307
381 356
355 304
334 281
375 282
394 295
321 311
326 277
339 359
367 278
386 291
332 320
357 264
438 338
384 367
344 294
430 334
376 363
323 271
355 340
315 267
396 341
356 268
342 370
388 337
407 350
408 315
368 279
359 310
427 328
387 292
365 353
373 357
419 324
439 339
371 284
344 330
390 297
431 298
336 326
337 291
423 294
356 304
329 287
389 338
348 300
349 265
340 296
454 318
400 347
360 274
399 331
401 312
346 376
390 362
420 325
347 341
393 308
352 270
366 354
412 321
431 334
432 299
404 317
377 363
423 330
424 295
351 311
369 359
330 288
416 291
363 285
381 333
342 262
328 327
333 293
353 271
339 336
345 267
426 341
331 332
446 319
397 314
392 348
438 315
343 343
457 328
384 344
417 292
403 357
449 324
355 317
395 353
374 330
415 331
361 360
407 327
359 287
427 305
373 334
419 301
364 365
324 329
439 316
325 294
344 307
336 303
450 325
337 268
396 354
356 281
442 321
388 350
348 277
408 328
340 273
400 324
401 289
419 337
420 302
393 285
338 349
412 298
317 326
358 327
431 311
404 294
377 340
423 307
350 323
329 300
349 278
335 343
341 274
333 270
352 283
393 321
434 322
339 313
413 299
380 351
404 330
399 364
405 295
445 331
391 360
351 324
397 291
343 320
416 304
383 356
411 338
403 334
363 298
349 363
355 294
394 285
339 349
352 368
348 365
359 264
404 297
446 332
332 310
392 361
324 306
438 328
325 271
457 341
344 284
430 324
376 353
449 337
336 280
395 366
396 331
356 258
342 360
389 292
334 356
407 340
408 305
353 369
359 300
427 318
354 334
400 301
373 347
345 365
419 314
346 330
325 307
318 268
337 281
329 277
348 290
340 286
335 320
400 337
401 302
441 338
360 264
346 366
387 367
352 260
393 298
433 334
379 363
412 311
399 341
404 307
351 301
369 349
343 297
322 274
402 346
363 275
335 356
348 375
355 271
328 317
374 284
380 364
339 326
385 293
426 331
331 322
372 360
332 287
392 338
343 333
383 369
384 334
430 301
344 261
403 347
376 330
395 343
355 307
396 308
375 285
342 337
415 321
361 350
367 281
407 317
313 310
359 277
427 295
332 323
460 329
419 291
364 355
344 297
376 366
336 293
396 344
356 271
342 373
388 340
348 267
408 318
340 263
400 314
441 315
347 308
420 292
365 356
338 339
452 324
398 353
358 317
377 330
423 297
464 335
350 313
351 278
362 287
335 333
341 264
422 338
327 329
368 367
328 294
414 334
319 325
453 325
339 303
380 341
426 308
399 354
445 321
331 299
351 314
391 350
392 315
383 346
343 310
411 328
402 359
403 324
363 288
349 353
355 284
395 320
328 330
341 349
415 298
320 326
407 294
331 335
459 341
392 351
438 318
324 296
384 347
430 314
344 274
376 343
336 270
395 356
396 321
437 322
342 350
456 335
334 346
407 330
448 331
408 295
427 308
394 360
400 291
345 355
419 304
346 320
347 285
364 368
338 316
358 294
337 271
350 290
335 310
340 276
422 315
401 292
441 328
368 344
414 311
347 321
393 288
433 324
338 352
379 353
452 337
339 280
371 349
350 326
351 291
337 356
410 340
411 305
343 287
362 300
363 265
403 301
355 261
328 307
434 325
321 268
380 354
339 316
426 321
385 283
372 350
331 312
332 277
391 363
392 328
324 273
383 359
403 337
444 338
349 366
395 333
341 362
415 311
342 327
388 294
407 307
334 323
353 336
354 301
359 267
345 332
325 274
366 275
317 270
357 306
336 283
377 284
418 322
437 335
323 313
356 261
429 331
389 295
375 360
421 327
335 287
367 356
400 304
386 369
346 333
387 334
347 275
347 298
346 310
406 347
378 365
338 329
398 343
399 308
344 372
350 303
351 268
410 317
370 281
343 264
362 277
402 313
335 323
422 328
463 329
327 319
368 357
414 324
328 284
387 370
433 337
379 366
339 293
380 331
426 298
399 344
371 362
372 327
331 289
391 340
392 305
411 318
383 336
343 300
402 349
403 314
363 278
330 330
355 274
395 310
341 339
342 304
360 352
361 317
333 335
352 348
332 290
345 309
459 331
344 264
425 338
397 356
376 333
417 334
396 311
363 363
342 340
456 325
334 336
448 321
353 349
326 332
394 350
354 314
440 317
345 345
386 346
460 332
338 306
406 324
357 319
398 320
358 284
418 335
350 280
323 326
362 254
421 340
335 300
422 305
441 318
368 334
414 301
387 347
359 365
433 314
452 327
379 343
339 270
380 308
398 356
371 339
372 304
391 317
351 281
410 330
343 277
383 313
411 295
362 290
402 326
403 291
363 255
348 355
395 287
340 351
341 316
401 367
361 294
447 334
352 325
393 363
426 311
372 340
331 302
413 341
392 318
364 299
384 314
388 284
425 315
376 310
444 328
349 356
395 323
436 324
396 288
415 301
342 317
428 320
334 313
352 361
353 326
394 327
354 291
345 322
385 358
346 287
364 335
365 300
338 283
357 296
358 261
418 312
409 343
323 303
437 325
389 285
429 321
448 334
335 277
421 317
367 346
440 330
368 311
386 359
387 324
359 342
378 355
406 337
338 319
379 320
358 297
371 316
344 362
390 329
350 293
391 294
351 258
410 307
337 323
402 303
362 267
381 280
422 318
389 370
428 300
348 332
327 309
368 347
414 314
328 274
320 270
360 306
380 321
371 352
331 279
372 317
391 330
392 295
432 331
337 359
383 326
424 327
384 291
403 304
349 333
395 300
435 336
340 364
381 365
341 329
342 294
361 307
333 325
353 303
354 268
373 281
345 299
324 276
405 350
364 312
425 328
397 346
357 273
343 375
417 324
363 353
436 337
409 320
382 366
388 297
355 349
334 326
374 362
375 327
421 294
394 340
367 323
385 371
386 336
346 300
387 301
347 265
366 278
378 332
338 296
357 309
377 287
344 339
350 270
390 306
369 283
451 322
356 313
375 363
335 290
421 330
367 359
327 286
368 324
414 291
454 327
387 337
378 368
379 333
420 334
380 298
399 311
371 329
344 375
390 342
391 307
410 320
337 336
383 303
423 339
343 267
356 349
402 316
329 332
330 297
348 345
463 332
349 310
340 341
341 306
455 328
401 357
360 319
361 284
333 302
447 324
393 353
352 315
353 280
404 362
405 327
364 289
424 340
384 304
397 323
330 333
416 336
376 300
417 301
362 365
322 329
363 330
436 314
342 307
382 343
428 310
374 339
353 316
326 299
394 317
385 348
373 294
345 312
386 313
346 277
365 290
338 273
397 359
357 286
417 337
418 302
458 338
363 366
409 333
437 315
355 362
375 340
335 267
421 307
440 320
367 336
368 301
386 349
387 314
378 345
406 327
398 323
399 288
371 306
344 352
390 319
336 348
337 313
410 297
451 335
356 326
402 293
329 309
362 257
348 322
349 287
414 304
454 340
340 318
360 296
361 261
380 311
393 330
372 307
412 343
413 308
404 339
392 285
432 321
350 368
370 346
330 310
416 313
349 323
435 326
322 306
381 355
342 284
333 315
361 297
334 280
393 366
353 293
326 276
354 258
339 358
385 325
345 289
364 302
405 340
365 267
351 369
425 318
397 336
357 263
343 365
417 314
363 343
323 270
409 310
382 356
355 339
428 323
374 352
375 317
326 312
385 361
386 326
346 290
359 309
387 291
338 286
378 322
379 287
358 264
398 300
439 338
344 329
390 296
350 260
336 325
316 267
356 303
348 299
389 337
368 314
327 276
454 317
359 345
400 346
319 272
379 323
346 375
420 324
380 288
371 319
366 353
399 301
372 284
391 297
377 362
337 326
423 329
383 293
369 358
329 322
402 306
348 335
349 300
340 331
341 296
360 309
333 292
361 274
393 343
352 305
413 321
345 266
432 334
405 317
364 279
351 346
397 313
425 295
416 326
343 342
417 291
435 339
362 355
363 320
382 333
342 297
355 316
374 329
354 271
394 307
345 302
385 338
386 303
346 267
332 332
324 328
357 276
344 306
418 292
458 328
409 323
355 352
396 353
442 320
375 330
461 333
421 297
388 349
367 326
408 327
368 291
359 322
387 304
373 369
378 335
419 336
365 365
398 313
371 296
344 342
390 309
336 338
337 303
451 325
377 339
356 316
443 321
329 299
348 312
389 350
462 334
454 330
340 308
341 273
400 359
360 286
401 324
347 353
420 337
393 320
352 282
366 366
412 333
318 326
358 362
404 329
432 311
405 294
350 358
424 307
370 336
330 300
416 303
362 332
381 345
341 309
342 274
333 305
334 270
353 283
394 284
339 348
345 279
405 330
446 331
351 359
397 326
392 360
438 327
343 355
417 304
363 333
449 336
409 300
395 365
355 329
428 313
374 342
415 343
394 320
367 303
407 339
359 299
427 317
406 294
373 346
439 328
398 290
325 306
344 319
390 286
450 337
336 315
337 280
396 366
442 333
388 362
348 289
408 340
340 285
354 369
400 336
401 301
346 365
420 314
352 259
366 343
371 309
412 310
358 339
431 323
404 306
377 352
350 335
383 283
423 319
329 312
370 313
330 277
349 290
322 273
335 355
340 321
341 286
401 337
333 282
361 264
347 366
393 333
434 334
353 260
413 311
339 325
404 342
364 269
405 307
350 371
424 320
351 336
397 303
370 349
343 332
362 345
363 310
403 346
355 306
375 284
394 297
339 361
367 280
385 328
386 293
359 276
332 322
378 289
438 340
384 369
430 336
344 296
376 365
336 292
396 343
356 270
388 339
348 266
367 316
368 281
408 317
427 330
373 359
345 377
379 290
419 326
420 291
371 286
366 320
357 351
431 300
336 328
377 329
337 293
423 296
464 334
356 306
329 289
348 302
389 340
335 332
340 298
341 263
400 349
401 314
420 327
393 310
366 356
412 323
453 324
358 352
399 353
404 319
350 348
424 297
369 361
370 326
416 293
343 309
402 358
363 287
381 335
382 300
342 264
355 283
328 329
374 296
339 338
385 305
345 269
331 334
332 299
446 321
392 350
397 316
438 317
343 345
457 330
430 313
403 359
376 342
395 355
396 320
415 333
375 297
361 362
321 326
407 329
353 358
427 307
359 289
378 302
460 341
419 303
364 367
324 331
365 332
325 296
439 318
344 309
336 305
337 270
356 283
442 323
388 352
389 317
348 279
408 330
340 275
354 359
400 326
401 291
346 355
393 287
365 368
338 351
452 336
398 365
431 313
404 296
377 342
423 309
350 325
369 338
370 303
362 299
341 276
381 312
361 254
333 272
328 306
393 323
339 315
453 337
426 320
399 366
405 297
372 349
445 333
441 340
351 326
397 293
392 327
383 358
343 322
362 335
363 300
403 336
355 296
395 332
374 309
341 361
361 339
394 287
352 370
385 318
359 266
446 334
324 308
438 330
364 344
325 273
384 359
430 326
344 286
317 269
449 339
376 355
336 282
395 368
396 333
388 329
407 342
408 307
353 371
354 336
400 303
373 349
346 332
419 316
365 345
338 328
371 276
366 310
357 341
318 270
358 306
377 319
337 283
369 315
329 279
370 280
389 330
340 288
335 322
422 327
381 289
401 304
360 266
387 369
347 333
393 300
433 336
352 262
358 342
404 309
371 361
350 338
351 303
370 316
376 302
343 299
411 317
362 312
363 277
348 377
381 325
382 290
355 273
328 319
374 286
434 337
360 351
380 366
385 295
372 362
331 324
332 289
392 340
383 371
384 336
344 263
403 349
376 332
449 316
395 345
396 310
341 374
415 323
388 306
334 335
407 319
367 283
353 348
354 313
359 279
427 297
373 326
460 331
419 293
364 357
365 322
357 318
336 295
377 296
418 334
356 273
323 325
369 292
388 342
348 269
421 339
340 265
354 349
367 368
441 317
346 345
420 294
387 346
366 323
338 341
412 290
357 354
358 319
377 332
350 315
423 299
390 351
369 328
410 329
370 293
343 276
362 289
335 335
381 302
422 340
327 331
328 296
414 336
319 327
434 314
453 327
339 305
426 310
399 356
372 339
445 323
331 301
391 352
397 283
411 330
402 361
363 290
330 342
403 326
349 355
355 286
395 322
396 287
415 300
320 328
360 364
361 329
407 296
352 360
353 325
359 256
332 302
373 303
324 298
364 334
365 299
384 349
344 276
430 316
397 368
376 345
336 272
388 319
456 337
448 333
353 361
394 362
354 326
440 329
373 339
345 357
386 358
419 306
346 322
347 287
365 335
366 300
357 331
350 292
329 269
369 305
362 266
335 312
422 317
379 355
441 330
414 313
328 273
387 359
433 326
393 290
452 339
339 282
398 368
371 351
399 333
331 278
350 328
351 293
392 294
410 342
343 289
362 302
402 338
363 267
368 359
403 303
348 367
395 299
355 263
340 363
328 309
327 321
360 341
361 306
380 356
385 285
426 323
352 337
372 352
332 279
392 330
383 361
430 293
403 339
444 340
349 368
395 335
436 336
396 300
341 364
415 313
342 329
388 296
361 342
407 309
334 325
353 338
359 269
345 334
346 299
364 347
325 276
338 295
366 277
357 308
377 286
369 282
315 311
429 333
348 259
375 362
335 289
421 329
346 335
386 371
359 354
378 367
338 331
406 349
452 316
398 345
358 309
399 310
344 374
350 305
390 341
370 283
343 266
362 279
348 344
422 330
381 292
463 331
328 286
414 326
455 327
379 368
339 295
380 333
426 300
371 364
399 346
331 291
372 329
391 342
383 338
411 320
384 303
402 351
403 316
330 332
444 317
349 345
395 312
355 276
322 328
341 341
415 290
360 354
361 319
333 337
334 302
459 333
373 293
345 311
364 324
365 289
397 358
425 340
357 285
417 336
418 301
363 365
437 314
409 332
342 342
456 327
429 310
448 323
375 339
421 306
326 334
345 347
346 312
386 348
347 277
387 313
338 308
406 326
378 344
398 322
358 286
377 299
390 318
369 295
410 296
451 334
335 302
327 298
441 320
368 336
414 303
359 367
387 349
433 316
379 345
339 272
398 358
371 341
399 323
372 306
391 319
351 283
337 348
343 279
356 361
402 328
403 293
348 357
395 289
341 318
360 331
447 336
361 296
352 327
393 365
332 269
364 301
405 339
351 368
384 316
376 312
444 330
396 290
436 326
342 319
388 286
428 322
407 299
374 351
334 315
353 328
326 311
394 329
354 293
385 360
373 306
345 324
346 289
365 302
338 285
357 298
418 314
350 259
437 327
409 345
323 305
375 352
335 279
421 319
440 332
327 275
386 361
359 344
387 326
319 271
406 339
378 357
380 287
371 318
390 331
350 295
391 296
351 260
410 309
337 325
383 292
362 269
402 305
348 334
328 276
414 316
319 307
360 308
320 272
339 285
352 304
371 354
372 319
331 281
404 351
383 328
384 293
424 329
330 322
370 358
376 289
416 325
349 335
395 302
435 338
381 367
342 296
333 327
361 309
334 292
352 340
353 305
354 270
373 283
346 266
405 352
364 314
365 279
397 348
425 330
417 326
418 291
363 355
436 339
409 322
382 368
355 351
429 300
374 364
421 296
326 324
385 373
346 302
386 338
359 321
387 303
406 316
338 298
366 280
378 334
358 276
344 341
390 308
369 285
336 337
451 324
443 320
335 292
422 297
462 333
348 311
367 361
327 288
414 293
454 329
359 357
400 358
371 331
399 313
366 365
372 296
412 332
337 338
383 305
423 341
356 351
402 318
329 334
349 312
463 334
340 343
341 308
401 359
360 321
447 326
361 286
333 304
393 355
353 282
345 278
405 329
364 291
397 325
425 307
343 354
417 303
322 331
362 367
363 332
436 316
342 309
382 345
355 328
428 312
394 319
345 314
346 279
386 315
365 292
338 275
378 311
406 293
357 288
398 289
458 340
363 368
409 335
450 336
355 364
429 313
396 365
442 332
375 342
335 269
367 338
368 303
359 334
387 316
378 347
379 312
398 325
371 308
399 290
344 354
391 286
336 350
410 299
337 315
402 295
443 333
348 324
340 320
341 285
401 336
360 298
361 263
393 332
352 294
413 310
432 323
404 341
392 287
364 268
350 370
424 319
330 312
370 348
416 315
322 308
362 344
395 292
341 321
342 286
333 317
361 299
374 318
353 295
394 296
354 260
339 360
385 327
364 304
351 371
397 338
425 320
357 265
438 339
343 367
417 316
363 345
409 312
355 341
428 325
374 354
375 319
394 332
367 315
368 280
385 363
386 328
359 311
387 293
338 288
406 306
378 324
379 289
439 340
398 302
371 285
344 331
316 269
350 262
390 298
337 292
