150 329
149 329
151 329
149 328
148 327
147 326
146 325
150 328
152 328
149 326
150 325
148 330
147 329
146 328
151 326
145 325
146 330
147 325
146 327
151 330
150 331
152 331
153 330
149 332
151 332
154 331
147 328
147 331
150 330
152 327
150 327
150 333
150 334
151 335
151 336
152 334
153 333
152 337
153 336
154 335
155 336
156 335
154 337
154 338
155 339
156 338
157 339
154 334
155 333
151 333
156 337
156 334
156 340
156 341
153 332
152 330
153 329
153 335
152 333
155 332
153 338
152 336
149 325
155 335
155 338
148 326
148 332
149 331
151 328
148 329
157 338
151 331
154 330
146 326
151 334
154 333
154 339
147 327
146 329
154 336
147 324
147 330
156 339
156 336
150 326
150 332
153 328
150 335
152 332
153 331
152 329
153 337
152 335
153 334
155 331
155 337
148 325
155 334
149 330
155 340
151 327
157 337
148 328
149 327
148 331
157 340
154 332
149 333
