448 110
448 111
447 112
447 109
446 110
449 112
446 113
449 109
448 113
445 114
445 111
444 112
443 111
444 115
443 114
450 110
442 110
451 109
450 113
451 112
442 112
452 110
453 109
454 108
441 110
440 109
452 113
453 112
454 111
455 110
441 113
455 112
446 109
445 108
446 107
447 106
444 109
447 108
449 114
456 113
451 108
453 114
444 111
454 113
443 113
445 110
450 109
439 109
452 115
451 115
450 116
451 117
450 118
455 114
442 114
441 115
447 110
456 115
457 116
451 110
453 107
452 106
451 106
453 105
452 104
453 103
454 102
455 103
454 104
455 105
456 106
457 107
454 106
451 119
452 120
453 121
454 120
455 119
456 120
452 122
455 121
456 122
453 123
454 122
452 124
451 124
450 123
450 125
451 126
450 127
457 123
458 122
459 121
458 120
460 120
456 124
460 122
461 123
462 124
461 125
462 126
461 127
460 127
459 128
458 127
458 129
457 130
456 129
456 131
460 129
458 131
459 130
453 116
440 116
439 116
443 115
454 115
457 132
456 133
445 112
460 131
461 132
462 133
461 134
462 135
461 136
460 136
459 135
458 136
457 137
459 137
460 138
459 123
459 132
456 108
457 109
456 117
460 124
460 133
452 119
463 125
453 102
452 101
463 134
455 130
445 107
459 127
456 103
459 136
456 112
448 108
456 121
460 119
459 118
456 130
440 113
452 105
462 137
452 114
441 114
455 116
455 125
456 126
463 138
463 139
455 134
455 135
456 135
444 106
459 122
459 131
456 107
456 116
448 112
456 125
440 108
440 117
440 118
441 119
441 120
462 123
451 123
452 100
462 132
441 109
452 109
455 102
455 111
447 107
455 120
463 133
455 129
454 128
444 110
459 117
459 126
456 102
452 111
456 111
458 130
448 107
461 135
440 112
440 121
440 122
440 123
441 124
451 118
462 127
451 127
452 128
452 129
454 123
462 136
455 106
455 115
463 128
463 129
463 130
464 131
447 111
455 124
455 133
454 132
444 105
444 114
458 125
439 121
458 134
461 130
440 107
441 106
441 105
440 104
440 103
461 139
451 104
451 113
443 109
454 109
451 122
454 118
462 131
454 127
462 140
454 136
454 137
455 138
455 139
456 140
455 101
465 132
466 133
467 132
467 131
466 130
466 134
466 135
467 136
467 135
466 129
466 128
458 138
458 139
440 102
441 101
441 100
440 99
440 98
441 97
441 96
441 95
440 94
440 93
441 92
442 93
441 91
440 90
440 89
439 88
438 87
438 86
437 85
437 84
437 88
437 89
436 87
442 121
451 99
443 104
443 122
443 123
444 124
444 125
445 126
444 123
454 131
468 133
469 134
470 135
470 136
444 104
445 103
445 102
444 101
444 100
445 99
446 100
445 98
447 101
447 102
448 103
448 104
449 105
448 102
465 136
449 128
448 127
447 126
448 126
447 125
447 124
446 123
457 141
458 106
459 107
460 106
460 105
459 104
459 108
459 109
460 110
460 111
459 103
460 102
460 101
460 100
459 99
459 112
459 113
460 114
460 115
459 98
458 111
461 116
437 83
438 82
439 102
458 115
461 111
439 111
450 111
458 124
440 88
441 87
441 86
440 85
440 84
442 107
461 120
450 120
439 120
458 133
469 133
470 132
471 133
442 116
461 129
450 129
450 130
451 131
451 132
452 133
442 125
442 126
443 127
443 128
444 129
444 128
461 138
451 103
443 99
462 112
463 111
464 112
463 110
462 113
463 109
464 108
464 107
463 106
463 105
462 104
462 108
462 103
443 108
451 121
464 140
443 117
443 118
444 119
444 120
445 121
454 117
454 126
443 126
455 100
453 130
447 105
468 137
469 138
469 139
470 140
436 86
435 85
434 85
433 86
433 87
434 88
434 89
434 90
433 91
433 92
434 93
434 94
435 90
436 91
436 92
437 93
437 94
435 94
457 118
436 95
436 96
436 97
437 98
437 99
438 100
436 100
436 101
437 102
437 103
437 104
438 105
436 105
436 106
437 107
437 108
435 104
434 103
433 102
433 101
433 100
434 99
434 98
433 97
433 96
432 99
432 103
432 104
433 105
433 106
434 107
435 99
432 98
431 97
430 96
432 107
431 106
430 105
429 104
429 103
428 102
428 101
428 105
428 106
429 107
429 108
435 103
465 131
457 127
446 127
465 140
466 139
467 140
467 141
466 138
449 123
448 122
447 121
448 121
447 120
447 119
448 118
448 117
447 116
448 116
447 115
446 118
445 117
457 136
428 100
429 99
429 98
428 97
439 97
438 96
458 110
427 104
426 104
426 103
425 105
425 106
424 104
424 103
423 102
422 102
422 101
421 100
421 99
422 100
421 103
421 98
439 106
461 106
450 106
458 119
442 102
450 115
461 115
439 115
438 114
437 113
437 112
436 114
436 115
436 116
437 117
437 118
437 116
458 128
442 111
461 124
450 124
442 120
450 133
450 134
450 135
451 136
451 137
452 138
450 138
450 139
451 140
451 141
451 142
450 143
449 143
449 142
449 137
448 136
447 135
448 135
447 134
453 139
446 136
446 137
447 138
447 139
447 140
448 140
446 141
446 142
447 143
445 135
444 134
443 133
444 133
443 132
443 131
442 130
441 129
441 128
440 127
439 128
440 126
439 129
439 130
440 131
440 132
441 133
442 134
442 135
443 136
443 137
444 138
444 139
449 132
448 131
447 130
447 129
449 141
439 133
439 134
439 135
440 136
438 132
437 131
461 133
442 129
443 94
443 95
444 96
444 95
445 94
446 95
445 93
444 92
444 91
445 90
446 91
445 89
445 88
444 87
447 92
448 93
448 94
449 95
449 96
448 97
448 98
448 99
449 100
450 101
447 97
444 86
445 85
446 86
443 90
447 87
448 87
447 88
448 89
448 88
447 96
444 90
450 97
443 85
442 84
443 83
451 107
462 107
442 138
441 138
442 139
442 140
443 141
443 142
444 142
443 103
454 103
464 135
454 112
443 112
452 142
453 142
454 141
432 93
432 94
431 92
430 92
430 91
429 90
429 89
429 88
430 87
431 88
432 89
447 91
435 89
453 125
432 102
431 101
430 101
447 100
453 134
435 98
445 130
468 132
435 107
424 107
423 106
422 105
465 108
468 141
445 139
444 85
457 104
446 104
457 113
438 109
457 122
446 122
465 135
449 118
438 118
439 83
457 131
446 131
446 132
449 127
439 92
438 91
457 140
446 140
458 105
442 88
449 136
438 136
437 135
438 137
439 138
439 139
440 140
461 101
427 99
426 99
426 98
425 100
425 101
424 99
424 98
439 101
458 114
442 97
461 110
439 110
458 123
442 106
461 119
439 119
450 119
442 115
461 128
442 124
443 89
431 87
451 102
462 102
463 101
463 100
464 99
464 98
462 99
461 98
462 98
465 99
466 100
466 101
467 102
467 103
467 104
468 105
466 105
465 104
464 103
466 106
467 107
467 108
469 106
470 106
470 107
470 108
469 109
469 105
472 134
472 135
473 136
473 137
473 135
431 96
443 98
464 130
443 107
454 107
431 105
423 101
452 137
441 137
464 139
453 111
432 88
468 109
447 86
435 84
453 120
432 97
445 116
435 93
453 129
445 125
446 90
435 102
453 138
465 103
468 136
445 134
446 99
438 95
446 108
457 108
449 104
438 104
457 117
446 117
430 100
465 130
449 113
438 113
457 126
446 126
449 122
439 87
457 135
458 100
457 100
458 101
457 99
456 98
442 83
441 82
449 131
438 131
450 96
439 96
458 109
460 128
442 92
449 140
427 103
461 105
439 105
450 105
456 139
442 101
460 137
471 137
471 138
439 114
461 114
450 114
442 119
443 84
431 91
443 93
441 123
452 123
431 100
452 132
464 134
441 132
441 141
452 141
423 105
453 106
434 102
468 104
469 103
469 102
453 115
435 88
453 124
426 107
426 108
427 108
445 120
453 133
468 131
445 129
446 94
465 107
438 90
449 90
449 91
450 92
445 138
457 103
446 103
438 99
449 99
446 112
457 112
430 95
449 108
438 108
446 121
457 121
459 140
430 104
449 117
438 117
439 82
449 126
439 91
450 91
469 104
460 123
442 87
456 134
450 100
439 100
461 100
427 98
448 130
442 96
460 132
461 109
427 107
448 139
442 105
440 135
464 102
464 111
465 110
466 111
466 110
431 86
452 118
441 118
472 133
431 95
464 129
441 127
452 127
423 100
452 136
464 138
441 136
453 101
445 97
434 97
453 110
468 108
445 106
434 106
453 119
426 102
445 115
453 128
445 124
446 89
465 102
438 85
445 133
457 98
446 98
465 111
467 130
449 94
438 94
430 90
444 137
467 139
449 103
438 103
430 99
438 112
460 109
439 86
460 118
442 82
439 95
450 95
442 91
448 125
427 102
456 138
471 136
442 100
448 134
437 134
440 130
448 143
440 139
441 104
464 106
431 90
441 122
464 133
452 131
441 131
434 92
445 92
441 140
452 140
463 137
445 101
434 101
474 137
468 103
426 106
445 119
446 93
438 89
449 89
446 102
457 102
467 134
449 98
444 132
438 98
430 94
438 107
444 141
449 107
430 103
459 139
460 104
460 113
437 111
442 86
448 120
427 97
448 129
440 125
441 90
460 140
448 138
440 134
441 99
464 101
433 95
441 108
452 108
464 110
433 104
422 104
441 117
452 117
452 126
441 126
445 87
434 87
452 135
453 100
445 96
463 132
434 96
455 128
468 107
445 105
434 105
426 101
466 137
455 137
447 133
446 88
447 142
438 84
444 118
459 116
444 127
438 93
449 93
459 125
430 89
467 138
444 136
456 101
430 98
459 134
437 97
460 99
456 110
437 106
460 108
448 106
456 119
429 102
460 117
437 115
448 115
456 128
440 111
460 126
448 124
456 137
440 120
441 85
448 133
437 133
440 129
441 94
448 142
433 90
440 138
452 103
441 103
464 105
470 139
451 135
422 99
433 99
452 112
441 112
441 121
452 121
454 140
443 140
463 127
445 91
434 91
455 123
445 100
474 136
434 100
463 136
466 132
455 132
447 128
455 141
426 105
467 106
447 137
459 102
444 113
459 111
438 88
449 88
444 122
459 120
444 131
467 133
459 129
437 92
448 92
444 140
456 105
459 138
448 101
437 101
460 103
456 114
440 97
429 97
460 112
437 110
456 123
440 106
429 106
460 121
448 119
421 102
440 115
448 128
440 124
441 89
433 85
440 133
470 134
441 98
464 100
433 94
462 130
451 130
452 107
433 98
441 107
433 103
422 103
451 139
462 139
463 104
443 121
452 116
454 135
443 135
463 113
455 109
473 134
466 109
434 86
445 86
455 118
445 95
463 131
434 95
447 114
455 127
463 140
447 123
466 136
455 136
467 101
444 99
447 132
444 108
447 141
425 104
436 104
459 106
444 117
459 115
436 113
444 126
459 124
437 87
444 135
456 100
440 83
459 133
460 98
448 96
437 96
456 109
440 92
460 107
437 105
448 105
456 118
469 137
440 101
429 101
458 137
448 114
437 114
440 110
448 123
450 142
440 119
441 84
451 116
441 93
433 89
451 125
462 125
441 102
452 102
470 138
454 121
462 134
451 134
422 98
463 99
454 130
443 130
451 143
433 107
463 108
454 139
443 139
466 104
455 104
455 113
463 126
455 122
463 135
447 118
466 131
455 131
444 94
447 127
436 90
455 140
466 140
467 105
444 103
447 136
459 101
425 99
436 99
425 108
459 110
436 108
444 121
428 104
459 119
436 117
437 82
444 130
437 91
448 91
456 104
440 87
437 100
448 100
458 132
440 96
469 132
448 109
437 109
450 128
469 141
440 105
429 105
439 137
450 137
461 137
421 101
440 114
442 133
462 111
451 111
441 88
451 120
470 133
443 116
454 116
433 93
451 129
462 129
454 125
443 125
451 138
462 138
463 103
443 134
454 134
455 99
463 112
447 95
432 106
466 108
455 108
447 104
424 102
455 117
447 113
455 126
444 89
447 122
436 85
444 98
447 131
425 102
436 94
444 107
467 109
436 103
459 105
425 103
465 139
444 116
428 99
446 135
459 114
428 108
437 86
448 86
456 99
440 82
458 118
448 95
437 95
440 91
429 100
440 100
469 136
450 132
439 132
442 128
450 141
462 106
441 83
442 137
443 102
462 115
433 88
470 137
443 120
451 133
463 98
454 129
443 129
432 92
463 107
447 90
443 138
454 138
432 101
466 103
447 99
435 97
424 106
435 106
444 84
468 140
435 115
447 117
444 93
436 89
444 102
459 100
436 98
425 98
465 134
446 130
436 107
425 107
428 103
457 139
446 139
458 104
438 135
449 135
458 113
437 90
448 90
440 86
461 118
439 118
440 95
469 131
439 127
469 140
458 140
442 123
470 105
443 88
450 136
439 136
462 101
451 101
442 132
443 97
462 110
442 141
443 106
431 104
462 128
451 128
454 124
443 124
432 87
463 102
454 133
432 96
435 92
447 94
455 107
432 105
466 107
424 101
447 103
435 101
453 137
468 135
445 142
444 88
436 84
444 97
446 116
465 129
436 93
457 125
446 125
465 138
436 102
449 121
446 134
428 98
457 134
458 99
449 130
438 130
446 143
428 107
469 108
458 108
449 139
439 104
450 104
461 104
458 117
439 113
461 113
458 126
442 109
461 122
450 122
469 135
458 135
442 118
461 131
450 131
439 131
470 109
442 127
443 92
450 140
461 140
451 105
462 105
442 136
443 101
472 137
431 99
454 101
462 114
451 114
443 110
454 110
423 104
454 119
443 119
432 91
435 87
447 89
432 100
466 102
453 132
447 98
435 96
445 128
424 105
453 141
435 105
465 106
468 139
445 137
457 111
446 111
436 88
457 120
446 120
465 133
449 116
438 116
457 129
446 129
449 125
439 90
450 90
457 138
446 138
458 103
438 134
449 134
439 99
450 99
461 99
458 112
442 95
450 108
439 108
427 106
461 108
458 121
442 104
439 117
450 117
461 117
442 113
450 126
461 126
470 104
442 122
443 87
451 100
462 100
442 131
443 96
431 94
462 109
464 128
454 105
443 105
431 103
423 99
464 137
441 135
454 114
432 86
453 118
432 95
435 91
447 93
453 127
445 123
435 100
424 100
453 136
465 101
468 134
445 132
446 97
445 141
446 106
457 106
436 83
449 102
438 102
457 115
446 115
465 128
449 111
438 111
457 124
446 124
430 107
465 137
449 120
439 85
446 133
457 133
458 98
449 129
450 94
439 94
469 107
458 107
442 90
449 138
427 101
439 103
450 103
461 103
458 116
471 135
460 135
442 99
461 112
439 112
450 112
442 108
461 121
450 121
442 117
443 91
431 89
454 100
431 98
472 136
443 100
452 130
441 130
464 132
431 107
452 139
441 139
423 103
453 104
468 102
453 113
432 90
445 109
453 122
435 86
445 118
453 131
435 95
445 127
446 92
453 140
465 105
468 138
445 136
457 101
446 101
438 97
449 97
457 110
430 93
449 106
438 106
457 119
446 119
430 102
449 115
438 115
457 128
446 128
449 124
439 89
450 89
458 102
442 85
438 133
449 133
439 98
450 98
456 132
460 130
442 94
439 107
427 105
461 107
456 141
450 107
442 103
448 137
460 139
464 109
443 86
441 116
431 93
464 127
452 125
441 125
431 102
441 134
423 98
464 136
452 134
453 108
445 104
468 106
434 104
453 117
426 100
445 113
453 126
445 122
446 87
453 135
465 100
438 83
445 131
446 96
465 109
438 92
449 92
445 140
446 105
457 105
430 88
438 101
467 137
449 101
457 114
446 114
430 97
438 110
449 110
430 106
449 119
438 119
439 84
460 116
450 93
456 127
439 93
442 89
460 125
450 102
461 102
427 100
456 136
460 134
471 134
437 132
442 98
448 132
440 128
440 137
464 104
448 141
441 111
