520 609
519 609
520 608
521 608
519 608
518 610
517 611
517 612
516 611
515 612
521 607
521 610
518 611
520 611
519 612
522 611
523 610
524 609
525 608
526 609
527 610
524 608
523 607
522 608
525 607
526 606
524 611
525 611
524 612
523 613
526 612
527 613
528 612
520 606
520 605
521 604
520 603
520 602
521 601
522 605
522 614
521 613
525 610
521 615
523 612
526 611
520 604
527 612
522 607
522 616
524 613
525 612
514 612
529 612
523 605
524 604
523 603
524 602
525 603
521 617
523 614
513 613
512 614
518 609
522 600
527 614
519 610
522 609
524 606
525 605
522 618
523 619
524 618
525 617
511 615
510 615
525 614
514 614
515 615
516 614
516 616
521 619
523 616
512 616
513 615
522 602
517 615
518 614
519 615
518 616
519 617
520 620
519 619
519 621
519 622
511 617
510 617
525 616
514 616
514 617
513 618
512 619
511 620
514 619
512 621
513 620
514 621
515 622
510 619
509 620
508 619
507 620
521 603
515 617
516 618
523 600
521 612
523 609
521 621
522 621
523 618
512 618
513 617
527 609
522 604
524 601
517 617
519 614
522 613
520 613
525 609
511 619
514 618
521 605
523 602
515 619
510 614
521 614
523 611
523 620
512 620
513 619
527 611
526 613
517 610
519 607
522 606
517 619
517 620
519 616
518 618
509 615
508 615
508 614
507 615
506 616
505 616
508 616
508 617
520 615
511 621
524 615
523 604
515 621
516 620
507 617
506 618
505 618
510 616
521 616
512 613
513 612
513 621
522 599
522 598
523 598
522 597
521 598
520 599
519 598
518 598
517 599
516 598
518 600
519 600
526 615
525 604
517 621
517 622
519 618
508 618
518 620
520 617
509 617
511 614
522 620
521 600
524 617
515 614
529 613
516 613
530 612
521 609
523 606
516 622
507 619
521 618
510 618
513 614
526 608
519 602
520 601
527 615
526 617
528 614
517 614
519 611
518 613
520 610
519 620
508 620
518 622
509 619
520 619
511 616
524 610
521 602
524 619
515 616
523 599
516 615
505 615
521 611
513 616
522 615
523 601
515 618
514 620
516 617
505 617
511 618
512 617
518 599
509 618
517 618
520 600
518 617
506 615
509 614
520 614
524 605
522 617
524 614
515 611
514 613
525 613
521 606
515 620
505 619
516 619
507 616
522 612
518 621
519 599
523 615
512 615
520 598
526 614
528 611
520 607
518 619
506 617
520 616
522 601
509 616
511 613
520 618
522 610
524 607
525 606
522 619
524 616
521 599
515 613
525 615
514 615
516 612
516 621
507 618
523 608
526 607
517 598
519 601
521 620
510 620
523 617
526 610
526 616
517 613
528 613
518 612
517 616
519 613
518 615
520 612
506 619
522 603
524 600
520 621
524 603
