221 453
220 454
219 455
221 454
222 454
219 456
220 457
219 458
221 452
220 451
222 451
218 459
217 458
216 459
218 456
217 455
216 456
221 455
223 452
224 451
225 450
221 458
222 457
223 456
215 455
224 457
225 456
215 457
219 457
220 456
223 455
224 454
222 453
225 453
226 454
218 458
221 457
224 453
226 456
219 450
218 449
219 448
218 447
217 446
220 447
221 446
217 448
221 448
220 449
222 446
223 445
222 444
224 444
219 459
220 458
222 455
216 454
227 454
228 453
218 451
221 450
224 446
218 460
224 455
226 449
214 456
213 455
228 455
219 452
229 454
222 448
220 460
216 447
215 448
221 443
227 456
230 455
218 453
226 451
214 449
215 450
213 448
220 444
219 443
218 442
217 441
217 443
218 444
219 445
214 458
220 453
222 450
222 459
222 460
223 461
224 460
222 462
225 459
226 458
225 452
227 449
216 449
218 446
221 445
216 458
218 455
217 457
213 450
213 451
212 452
211 451
213 453
211 450
210 449
211 448
211 447
211 446
212 445
213 444
212 443
213 442
210 447
209 447
213 446
213 441
214 440
215 439
215 441
213 439
224 450
214 442
215 443
223 454
212 454
226 453
214 451
219 447
220 446
223 463
222 464
221 464
220 463
219 464
218 465
219 466
220 465
218 467
217 464
216 463
216 465
215 466
214 465
214 467
214 468
213 469
214 470
212 468
211 469
210 470
211 471
210 472
209 472
208 473
207 474
206 473
205 472
205 474
206 475
209 474
207 476
221 459
208 475
219 446
204 471
206 477
213 447
210 474
204 473
203 474
202 473
201 472
209 469
208 468
207 467
207 466
207 465
208 464
209 463
206 466
205 465
209 465
208 466
210 463
211 462
210 461
211 460
206 468
207 469
210 465
202 475
203 476
206 472
207 464
218 464
210 460
210 469
221 466
222 443
222 452
225 445
205 476
225 454
217 450
217 459
217 468
214 444
215 445
226 446
226 447
214 453
226 455
206 467
216 468
223 459
205 467
204 467
203 467
202 466
206 476
218 450
210 446
210 464
221 461
213 457
213 466
205 471
225 449
217 445
225 458
203 465
216 457
212 466
209 461
214 447
209 467
201 475
213 452
211 464
209 470
210 466
209 460
206 470
227 447
201 474
224 448
201 466
200 467
199 466
201 468
200 469
221 456
199 470
199 469
198 468
217 454
202 465
217 463
202 474
214 439
216 443
198 471
198 472
198 473
199 474
226 450
214 448
214 457
229 455
214 466
206 471
198 467
218 445
197 470
209 464
209 473
197 472
201 469
202 470
221 447
201 470
199 472
197 474
203 469
213 438
213 437
221 451
218 461
197 467
196 467
212 457
195 468
211 457
195 467
224 452
227 452
228 451
196 469
195 470
194 471
195 472
195 473
194 470
221 465
213 470
205 466
225 444
205 475
217 449
202 469
193 470
217 467
226 445
192 469
191 470
214 443
194 474
194 475
195 476
195 477
214 452
228 454
220 459
209 468
197 475
198 476
198 477
198 478
199 479
201 473
224 447
221 460
224 456
213 456
213 465
205 470
225 448
217 444
225 457
217 453
217 462
214 438
194 469
216 466
193 473
208 471
197 479
197 480
198 481
216 461
193 468
196 478
193 472
208 470
209 462
220 462
197 469
201 467
197 478
200 471
200 480
201 481
202 480
202 479
201 478
202 478
201 477
212 463
215 459
215 468
204 468
204 477
204 478
205 479
216 442
196 473
227 451
216 451
216 460
216 469
208 465
208 474
228 452
220 448
209 448
193 475
195 475
197 481
198 480
201 479
226 452
213 462
214 461
213 460
190 469
191 468
199 481
214 463
204 480
196 476
198 466
195 479
197 476
198 475
218 462
200 478
207 471
210 467
199 467
194 480
199 476
212 461
212 470
204 466
204 475
196 471
195 481
196 480
202 468
216 467
217 466
208 463
202 477
218 463
193 474
194 473
208 472
214 460
220 455
214 469
206 465
220 464
195 474
206 474
197 471
198 470
218 448
198 479
211 459
213 443
218 457
200 473
211 473
218 466
212 447
210 462
223 447
203 478
212 456
215 452
223 465
212 465
214 462
211 445
222 445
213 464
224 464
215 461
199 468
204 470
205 469
225 447
204 479
219 461
216 444
205 478
196 475
189 469
188 469
216 453
227 453
217 452
211 466
200 466
222 466
216 462
226 448
217 461
214 450
200 475
202 472
193 469
203 471
192 471
194 468
208 467
223 449
212 449
202 481
214 446
203 480
194 477
212 458
223 458
214 455
226 457
215 454
229 453
220 450
212 467
214 464
215 463
204 472
206 469
195 469
219 454
215 449
196 468
227 446
219 463
216 446
218 443
196 477
198 474
227 455
216 455
218 452
209 471
211 468
200 468
210 448
216 464
200 477
193 471
201 476
192 473
203 473
208 469
223 451
212 451
194 479
215 447
221 463
220 443
223 460
212 460
224 459
213 459
207 473
215 456
212 469
213 468
204 465
215 465
199 478
204 474
205 473
196 470
225 451
219 465
227 448
216 448
217 447
196 479
222 461
211 461
227 457
217 456
200 470
211 470
202 467
203 466
217 465
200 479
208 462
223 444
202 476
212 444
214 441
203 475
215 440
194 472
212 453
223 453
194 481
212 462
220 445
223 462
214 459
213 461
215 458
207 475
212 471
199 471
210 471
215 467
219 449
199 480
204 476
216 441
196 472
198 469
227 450
216 450
209 466
220 466
196 481
222 463
211 463
197 473
200 481
200 472
211 472
201 471
212 455
203 468
192 468
221 449
212 446
223 446
201 480
213 445
203 477
224 445
215 442
213 454
215 451
218 468
207 468
212 464
223 464
213 463
224 463
215 460
210 473
199 473
190 470
215 469
204 469
191 469
219 451
205 468
222 447
225 446
219 460
205 477
196 474
217 442
222 456
225 455
216 452
217 451
211 465
222 465
195 478
206 478
217 460
200 474
202 471
203 470
192 470
230 454
194 467
212 448
223 448
214 445
203 479
194 476
215 444
223 457
214 454
215 453
207 470
215 462
219 444
199 475
228 456
219 453
191 471
220 452
222 449
211 449
216 445
219 462
220 461
211 458
222 458
195 471
197 468
211 467
195 480
197 477
221 444
200 476
203 472
213 440
192 472
218 454
223 450
212 450
213 449
224 449
215 446
221 462
207 472
212 459
210 459
213 458
224 458
210 468
213 467
215 464
199 477
