586 365
586 364
585 363
584 363
583 364
585 366
587 363
586 367
587 366
583 362
582 361
581 362
584 361
585 360
586 361
587 360
584 367
583 365
584 364
583 368
582 367
581 368
581 369
580 370
579 371
582 370
578 372
581 371
588 367
589 366
580 363
579 364
578 363
582 360
583 359
584 358
579 373
577 373
580 372
582 369
586 360
587 359
586 358
588 358
587 368
586 369
578 365
581 364
584 360
578 374
584 369
588 360
589 359
588 369
590 366
579 366
589 368
577 366
576 366
580 365
582 362
577 375
576 375
580 374
582 371
586 362
587 361
587 370
586 371
585 371
578 367
584 362
578 376
588 362
590 359
589 361
588 371
577 368
576 368
589 370
590 371
591 370
592 371
580 367
582 364
577 377
576 377
575 378
574 377
574 379
573 380
572 380
576 379
577 380
578 381
577 382
578 383
577 384
576 384
575 385
574 384
574 386
573 387
572 387
576 386
574 388
575 387
573 389
572 389
576 388
577 389
578 390
577 391
578 385
574 381
575 380
574 390
575 389
577 386
579 362
593 370
579 380
580 379
580 381
581 382
580 383
581 378
582 378
576 372
575 371
574 370
574 369
574 368
576 370
574 372
573 373
572 373
571 372
571 371
570 370
571 369
570 368
570 372
573 382
573 391
589 363
590 364
574 374
589 372
589 373
590 373
577 370
574 383
577 379
574 392
574 393
586 357
577 388
586 366
578 362
577 361
578 371
570 367
581 373
582 359
585 361
585 370
573 368
573 377
573 386
589 358
577 365
589 367
574 378
577 374
577 383
578 366
581 359
581 377
585 356
593 369
592 368
585 365
573 372
573 381
573 390
589 362
577 360
574 373
576 392
577 393
577 369
588 366
577 378
580 371
580 380
581 363
584 359
569 370
592 372
592 373
593 374
593 375
581 372
584 368
581 381
573 367
585 369
573 376
573 385
576 378
589 357
576 387
577 364
588 361
588 370
580 366
580 375
580 384
580 385
581 386
581 387
581 358
581 367
592 367
593 366
593 365
593 364
592 363
592 376
592 377
593 378
593 379
581 376
584 372
584 373
585 374
585 375
586 376
585 355
584 354
572 385
585 364
573 371
575 390
576 373
576 382
577 359
578 358
579 359
578 357
577 356
577 355
578 354
579 355
578 353
578 352
577 351
577 350
578 349
579 350
578 348
577 347
577 346
576 391
588 356
588 365
580 361
588 374
588 375
589 376
589 377
587 373
580 388
580 389
580 390
581 391
581 392
581 390
580 393
580 394
581 395
581 396
592 362
593 361
593 360
592 359
592 358
593 359
569 369
584 376
584 377
584 378
585 379
585 380
586 380
584 381
584 382
584 383
585 384
586 385
585 383
591 375
594 380
583 380
573 366
574 365
574 364
573 363
573 362
574 361
574 360
574 359
573 358
573 357
574 356
575 357
574 355
573 354
573 353
572 352
571 351
571 350
570 349
570 348
575 394
576 359
577 345
578 344
579 345
579 346
595 381
596 380
597 381
596 379
595 382
596 383
596 384
587 377
587 386
587 387
588 388
588 389
580 347
576 395
576 396
577 397
577 398
576 397
580 356
588 378
588 379
588 380
589 381
589 382
588 383
588 384
587 382
581 348
581 349
582 350
582 351
583 352
598 382
599 383
600 382
601 383
600 381
599 380
599 384
600 385
600 386
600 387
599 379
599 388
599 389
600 390
600 391
599 392
599 393
599 394
600 395
600 396
599 397
599 398
599 399
600 400
600 399
598 396
597 395
599 378
600 377
600 376
599 375
599 374
601 397
592 357
593 356
593 355
592 354
592 353
598 391
597 390
596 389
596 388
595 387
595 386
595 390
595 391
594 389
593 388
592 387
592 386
581 357
579 387
584 353
585 352
586 353
586 352
585 351
585 350
586 349
586 348
585 347
586 347
585 346
584 345
584 349
584 344
598 400
602 398
602 399
603 400
603 401
604 402
569 373
569 374
569 375
570 376
570 377
569 378
569 379
569 380
570 381
568 378
568 373
567 372
567 371
566 370
566 369
565 368
565 367
566 366
567 367
566 365
566 364
567 363
567 362
566 361
566 360
565 359
565 363
565 358
564 357
563 356
563 355
562 354
562 353
562 357
562 358
561 356
560 355
559 354
559 353
558 352
558 351
558 355
558 356
558 357
559 358
559 359
560 360
559 357
558 360
558 361
559 362
559 363
560 364
561 361
562 362
562 363
563 364
563 365
561 365
561 366
562 367
562 368
563 369
565 362
568 364
569 365
558 350
559 349
560 350
560 351
559 348
558 347
557 354
556 353
555 352
555 351
555 350
554 349
554 353
553 352
554 354
555 355
555 356
561 351
569 364
570 363
571 364
570 362
569 361
569 360
570 359
571 360
570 358
570 357
571 356
571 355
570 354
570 353
569 356
569 355
561 360
582 392
561 369
560 369
559 368
559 367
558 366
558 365
558 369
558 370
558 371
559 372
561 370
562 371
562 372
562 373
563 374
563 375
563 376
562 377
562 376
561 375
557 368
564 363
561 374
557 372
557 373
558 374
558 375
559 376
560 377
559 377
572 366
572 375
583 375
594 375
573 352
574 351
574 350
573 349
573 348
564 359
563 360
591 388
590 389
591 389
592 390
592 391
592 392
593 393
594 394
595 394
596 393
595 395
595 396
591 393
591 394
592 395
592 396
593 397
561 373
594 398
594 399
595 400
595 401
596 402
595 399
596 398
590 387
590 386
589 386
562 352
563 351
564 352
563 350
562 349
561 348
562 348
563 347
564 348
565 349
566 348
567 349
568 350
566 347
567 348
566 346
566 350
566 351
567 352
567 353
567 354
566 355
566 356
567 357
567 358
565 354
569 351
565 353
572 384
554 348
555 347
556 348
583 384
583 385
596 394
568 352
594 367
584 386
584 387
585 388
585 389
585 390
584 391
584 392
585 393
595 368
596 369
597 369
598 368
597 367
596 366
572 357
596 370
597 371
597 372
568 351
596 365
596 364
597 363
596 362
596 361
595 360
596 360
591 397
590 396
583 393
576 354
594 402
595 367
576 390
588 364
580 360
578 399
557 376
556 376
598 377
569 350
602 384
579 400
572 361
591 374
583 370
575 366
594 379
576 367
595 380
568 363
587 376
557 353
601 396
579 377
598 390
571 373
582 382
602 397
603 396
604 397
594 356
572 374
591 387
564 370
583 383
575 379
576 344
594 392
595 357
587 353
597 403
580 350
586 393
578 389
579 354
598 367
590 363
579 390
571 386
570 386
570 385
572 351
591 364
564 347
582 395
583 360
575 356
594 369
597 380
576 357
568 353
586 370
601 386
560 354
579 367
598 380
571 363
590 376
563 359
582 372
593 387
572 364
564 360
604 396
596 392
556 356
575 369
553 350
552 350
551 350
550 350
549 349
552 349
605 397
606 397
607 397
597 393
589 389
567 370
586 383
559 366
578 379
579 344
570 375
582 349
560 367
571 376
591 354
590 354
589 354
590 353
563 372
583 350
594 359
593 400
592 400
592 399
597 370
567 347
558 378
558 379
578 356
570 352
601 376
559 379
600 380
579 357
571 353
563 349
593 377
585 373
564 350
596 382
574 363
566 359
597 383
589 379
567 360
607 396
586 373
559 356
578 369
570 365
581 380
600 393
560 357
592 389
593 354
584 385
603 398
563 362
594 386
608 395
596 359
597 358
598 357
562 366
573 375
552 352
551 353
551 352
593 390
565 371
565 372
585 386
596 395
597 360
589 356
574 376
566 372
586 350
558 368
577 381
578 346
580 392
559 369
579 347
598 359
599 360
592 366
582 352
569 382
568 383
569 383
567 383
566 383
565 382
566 382
567 381
566 380
567 380
561 378
561 379
581 393
593 367
596 372
562 379
573 388
574 353
565 384
566 349
577 358
589 369
576 399
575 399
576 400
577 401
577 402
578 402
555 376
554 376
554 375
555 374
554 373
555 373
588 373
567 350
599 382
578 359
570 355
581 370
600 383
592 379
584 375
562 356
554 352
573 365
565 361
585 376
555 353
595 389
574 366
587 385
566 362
558 358
577 371
588 386
580 382
581 347
599 395
600 360
592 356
584 352
569 372
561 368
581 383
593 357
584 388
585 353
591 396
583 392
562 369
594 401
573 378
577 348
576 389
595 402
588 363
580 359
557 375
590 355
548 349
547 349
569 349
580 395
581 360
600 373
601 374
601 373
602 374
603 373
604 374
604 373
605 374
603 375
603 376
604 376
599 372
600 371
599 370
600 370
592 369
584 365
579 399
569 385
568 386
568 385
573 355
565 351
575 401
575 402
595 379
587 375
566 352
558 348
576 402
588 376
599 385
598 389
550 349
569 362
602 396
561 358
591 386
583 382
562 359
594 391
554 355
595 356
565 364
595 392
568 375
587 388
588 353
580 349
557 365
556 366
602 373
581 350
579 389
584 355
598 402
599 403
600 404
600 403
599 405
571 385
590 398
589 399
589 400
590 399
591 363
582 394
561 371
594 368
572 386
591 399
564 382
563 382
583 395
584 396
585 396
575 391
576 356
595 369
587 365
553 372
552 372
551 373
550 372
549 372
549 371
550 370
601 385
580 362
578 401
557 378
556 379
556 378
598 379
590 375
569 352
602 386
603 386
604 386
605 385
604 384
605 384
579 402
580 403
581 403
572 363
591 376
583 372
575 368
594 381
553 349
605 396
597 392
576 369
568 365
587 378
586 382
557 355
549 351
601 398
560 366
579 379
598 392
571 375
590 388
591 353
563 371
582 384
583 349
575 345
575 346
594 358
593 399
572 376
564 372
596 404
596 405
556 368
575 381
576 346
595 359
587 355
597 405
589 401
589 402
601 375
567 382
586 395
587 396
588 397
588 396
587 398
559 378
578 391
579 356
598 369
570 387
570 388
590 365
602 376
560 379
579 392
571 388
572 353
591 366
564 349
582 397
575 358
594 371
552 374
551 375
605 386
606 387
607 387
607 386
597 382
589 378
568 355
574 398
574 397
573 396
572 397
571 396
574 396
573 398
572 396
570 397
570 398
571 398
586 372
577 403
577 404
578 368
601 388
560 356
578 404
579 369
571 365
590 378
563 361
582 374
593 389
552 351
585 385
564 362
604 398
597 359
574 375
605 399
606 400
606 399
607 399
608 399
609 400
609 399
608 401
608 402
609 402
610 403
611 402
611 401
611 400
612 400
612 402
613 403
614 404
615 405
616 406
614 403
613 405
616 405
617 404
616 403
617 403
617 406
618 407
618 406
619 406
620 406
621 407
620 408
620 409
621 409
622 410
623 409
623 408
624 407
624 409
625 410
626 411
626 410
625 412
622 411
622 412
619 405
619 404
619 403
623 411
615 407
600 405
601 406
602 407
603 408
603 409
604 409
602 406
601 408
601 409
602 409
604 408
605 407
604 406
605 406
605 409
606 410
607 409
607 408
607 407
592 401
592 402
584 397
584 398
603 410
604 375
593 402
585 398
604 411
605 376
606 377
607 376
555 375
566 384
558 380
558 381
580 404
580 405
559 381
603 387
603 388
548 371
547 370
548 369
547 372
546 369
545 369
544 369
544 368
543 367
542 366
543 366
542 368
542 369
543 369
545 368
546 367
545 366
546 366
548 368
548 367
541 365
541 364
540 363
541 363
540 365
539 366
538 365
537 365
537 364
538 363
544 370
547 371
581 405
582 405
583 405
584 406
585 407
585 406
586 406
587 406
588 407
588 406
584 408
585 409
587 408
587 409
588 409
589 409
590 409
590 408
591 407
590 406
591 409
592 410
593 410
586 405
592 411
592 412
593 412
594 412
595 412
585 408
588 408
540 367
539 368
584 410
604 388
626 412
627 413
628 413
629 413
630 414
630 413
631 414
629 415
629 416
632 415
633 414
628 412
631 413
630 415
618 408
618 409
610 404
610 405
607 398
551 354
551 355
548 348
547 347
548 347
548 346
546 346
545 346
544 346
544 345
543 344
542 345
542 346
543 346
544 347
544 348
545 348
619 408
611 404
541 345
540 345
539 346
539 345
540 344
539 343
540 343
538 343
537 343
537 342
540 342
541 341
540 340
541 340
541 343
538 342
541 342
537 344
606 411
606 412
565 373
565 374
597 362
555 365
555 364
554 363
555 363
554 365
553 362
552 362
551 363
551 362
550 362
549 362
549 361
550 360
549 359
548 359
547 360
547 359
550 359
552 361
553 360
551 364
551 365
548 358
547 357
548 357
546 357
545 357
545 356
548 356
544 358
546 356
545 358
552 364
554 364
547 361
547 362
566 374
607 375
607 374
588 398
607 411
608 412
608 411
609 410
609 412
610 413
611 412
612 413
613 413
614 414
615 415
616 416
614 413
613 415
613 416
614 416
616 415
617 414
616 413
617 416
618 417
619 416
619 415
612 412
615 417
615 418
616 418
618 418
618 419
619 418
620 419
621 419
611 414
610 415
614 415
600 372
603 377
603 378
550 371
569 384
561 380
561 381
604 378
591 408
543 368
562 381
554 377
594 413
594 414
576 401
595 414
596 415
596 416
597 416
597 415
596 417
587 410
607 388
608 389
608 390
609 390
610 390
611 390
611 389
612 388
611 387
612 390
606 389
606 390
609 389
612 389
608 391
609 392
610 393
610 392
611 392
611 391
612 392
613 393
613 392
614 391
614 393
615 393
616 393
617 393
618 394
619 394
619 393
615 394
615 395
616 395
619 395
620 396
621 397
618 396
618 397
621 396
620 398
620 399
621 399
622 400
622 399
623 399
623 398
623 397
623 396
624 397
624 396
624 399
625 400
626 400
622 401
622 402
623 401
625 401
625 402
626 402
627 403
628 402
629 403
630 404
630 403
631 402
630 401
632 403
633 404
631 401
631 404
633 403
629 405
632 405
632 406
633 406
634 407
634 406
635 407
635 406
636 406
637 407
638 407
631 403
634 408
634 409
635 409
637 408
637 409
638 409
630 405
631 406
633 405
618 398
610 394
610 395
536 364
535 363
535 362
536 362
535 365
534 362
533 362
532 362
532 361
533 360
532 359
531 360
530 359
533 359
534 360
531 359
534 359
530 361
531 362
533 361
536 361
536 360
536 359
529 358
529 357
528 356
529 356
528 358
527 355
526 356
525 356
524 355
523 355
523 354
524 353
523 352
522 351
521 350
522 350
521 352
520 352
521 353
522 353
524 352
520 354
520 355
521 355
519 351
518 352
518 353
522 352
525 357
525 358
526 358
518 354
521 354
532 363
522 355
535 364
524 354
517 351
520 356
621 408
569 397
568 396
569 395
568 398
567 395
566 395
565 395
565 394
566 393
565 392
564 393
563 392
566 392
567 393
564 392
567 392
563 394
563 395
564 395
566 394
569 394
569 393
562 391
562 390
561 389
560 390
559 389
558 389
562 389
561 391
557 388
556 389
556 388
560 389
558 390
558 391
559 391
565 396
555 388
554 388
554 387
554 386
554 385
555 384
555 386
553 385
552 385
551 386
551 385
552 384
553 383
552 382
553 382
555 385
551 387
566 397
568 397
557 387
557 386
557 385
550 384
550 383
549 382
550 382
549 384
548 381
547 380
548 379
547 382
546 379
545 379
544 378
543 377
542 376
541 376
540 376
539 376
538 376
537 375
540 375
542 378
542 379
543 379
545 378
546 377
538 375
541 375
544 380
544 381
545 381
537 377
540 377
539 378
539 379
541 378
543 378
539 380
536 374
535 373
536 372
535 375
534 372
533 372
532 372
532 371
531 370
530 369
529 369
528 369
528 368
529 367
528 366
529 366
531 369
530 371
530 372
527 365
526 366
531 372
533 371
534 370
529 368
532 373
532 374
533 374
528 370
546 378
531 371
542 380
542 381
543 345
614 405
606 401
606 402
543 381
539 347
599 361
599 362
536 341
535 342
617 415
620 420
620 421
600 362
601 363
601 364
602 364
603 363
604 364
604 363
605 362
604 361
605 361
605 364
603 365
604 366
602 363
605 363
601 365
604 365
605 366
606 367
606 366
607 366
608 367
608 366
609 367
608 368
608 369
609 369
610 370
611 369
612 368
611 367
612 367
611 368
612 369
613 370
614 371
615 370
616 371
616 370
617 371
615 372
615 373
616 373
614 370
617 370
613 372
616 372
617 373
618 374
618 373
619 373
619 372
619 371
619 370
615 374
618 375
618 376
610 371
610 372
607 365
607 364
607 363
619 375
620 376
620 375
621 374
621 376
622 377
622 378
622 379
623 378
611 371
603 367
550 361
602 408
621 421
622 422
623 421
624 420
625 420
626 421
623 419
626 420
625 422
625 423
626 423
627 423
624 419
626 422
625 424
626 425
627 425
613 417
606 378
606 379
591 398
583 394
543 358
542 358
542 357
542 356
543 356
541 355
540 355
539 356
539 355
538 355
537 355
537 354
537 353
537 352
538 353
536 352
535 353
535 352
538 352
540 354
540 353
540 352
541 353
539 357
539 358
536 351
535 350
536 350
534 350
533 350
532 349
533 349
534 348
534 347
536 349
532 351
531 349
530 349
534 349
532 350
533 351
529 348
528 348
528 347
528 346
528 345
529 344
529 346
527 345
526 346
525 346
525 345
526 345
529 345
525 347
525 348
526 348
540 357
535 354
535 355
594 403
594 404
574 345
573 345
573 344
595 404
568 387
568 388
636 405
636 404
636 403
628 401
628 400
607 378
608 379
609 378
609 377
609 379
610 380
611 380
611 379
612 378
611 377
612 377
612 380
613 380
614 381
615 382
615 383
616 383
614 380
613 382
613 383
614 383
616 382
617 381
617 383
618 384
619 383
612 379
615 384
615 385
616 385
619 385
620 386
618 386
621 386
622 387
623 387
623 386
624 387
625 387
626 388
626 387
625 389
625 390
626 390
624 386
623 388
622 389
622 390
626 389
622 391
611 381
610 382
610 383
614 382
625 391
625 392
626 392
627 393
627 392
628 392
629 393
630 393
631 392
630 391
631 391
631 393
629 394
629 395
630 395
632 394
632 395
633 395
610 384
624 385
624 384
546 368
538 364
557 377
549 373
549 374
602 385
621 398
527 354
527 353
613 394
613 395
632 407
579 401
598 414
599 413
600 414
597 413
598 413
600 413
599 415
599 416
600 416
598 412
600 415
599 417
600 418
601 419
601 418
602 417
603 418
603 419
604 419
602 419
604 418
605 417
605 419
606 420
607 419
603 420
603 421
604 421
607 421
608 422
609 423
610 423
611 423
611 422
612 423
606 422
609 422
612 422
608 424
611 424
610 425
610 426
611 425
612 425
613 426
613 425
614 424
615 425
616 426
614 426
617 426
618 427
619 427
619 426
615 427
615 428
616 428
619 428
620 429
621 430
618 429
621 429
620 431
614 425
610 427
610 428
602 418
621 431
613 427
613 428
614 428
616 427
617 428
609 424
601 420
601 421
531 361
590 410
589 411
589 412
590 411
550 374
542 370
582 406
582 407
602 421
614 395
606 391
572 398
591 411
523 356
523 357
564 394
583 407
624 408
556 390
556 391
575 403
534 371
553 384
545 380
524 357
537 376
617 405
609 401
628 414
627 415
627 416
620 410
620 411
621 375
546 381
538 377
557 390
530 373
530 374
550 351
542 347
542 348
621 411
527 367
526 368
525 368
524 367
523 367
523 366
523 365
523 364
524 363
522 363
521 363
520 362
519 362
518 362
520 364
520 365
521 365
524 365
517 362
516 362
516 361
517 360
516 359
517 359
519 361
515 358
514 359
513 359
514 360
513 361
512 358
511 358
511 357
512 356
510 356
509 356
509 355
510 354
508 355
507 355
506 355
505 355
507 354
519 364
518 365
518 364
521 364
522 365
514 361
506 356
517 361
509 357
509 358
520 366
520 367
510 358
521 367
512 357
516 363
508 354
614 372
519 363
606 368
606 369
511 359
511 360
531 374
564 371
543 348
554 357
594 393
595 358
587 354
512 360
553 361
504 356
605 408
624 421
597 404
616 417
576 381
617 382
568 377
608 413
608 414
587 390
588 355
628 391
628 390
628 389
607 368
620 387
620 388
580 351
546 358
586 394
538 354
557 367
530 350
530 351
617 418
549 363
609 414
601 410
602 375
621 388
613 384
613 385
560 378
579 391
584 357
598 404
531 351
571 387
550 364
590 400
591 365
563 383
563 384
582 396
583 361
635 408
594 370
614 385
627 404
627 405
593 411
552 373
612 424
572 388
564 384
604 420
583 397
624 398
556 380
556 381
575 393
615 429
615 430
576 358
616 394
595 371
568 354
587 367
534 361
553 374
526 357
545 370
605 421
537 366
537 367
597 417
616 430
589 413
589 414
617 395
636 408
609 391
628 404
601 387
580 364
620 400
567 394
586 407
546 371
559 390
578 403
538 367
579 368
598 381
530 363
570 399
570 400
590 377
631 415
582 373
602 388
561 350
548 380
527 357
560 391
519 353
579 404
571 400
572 365
612 401
591 378
563 396
564 361
583 374
623 410
556 357
556 358
615 406
575 370
594 383
522 364
541 377
627 417
533 373
552 386
553 351
525 369
525 370
544 382
544 383
545 347
605 398
624 411
597 394
576 371
616 407
617 372
589 390
589 391
568 367
608 403
608 404
609 368
534 374
620 377
620 378
526 370
545 383
546 348
518 366
586 384
538 344
578 380
557 357
598 358
609 404
622 423
622 424
601 400
515 360
602 365
507 356
621 378
560 368
619 417
579 381
598 394
611 413
571 377
590 390
563 373
591 355
582 386
583 351
575 347
575 348
508 357
594 360
627 394
627 395
541 354
593 401
552 363
612 414
572 378
544 359
544 360
585 397
564 374
604 410
605 375
623 423
624 388
596 406
596 407
575 383
615 419
576 348
616 384
608 380
608 381
587 357
574 387
534 351
553 364
526 347
545 360
605 411
537 356
618 430
618 431
577 392
597 407
638 408
617 385
589 403
609 381
628 394
601 377
607 420
567 384
586 397
559 380
578 393
579 358
551 376
551 377
570 389
570 390
598 371
571 354
631 405
590 367
582 363
602 378
634 410
634 411
548 370
581 404
540 366
560 381
600 417
619 430
592 413
592 414
611 426
571 390
572 355
584 409
612 391
603 422
603 423
564 351
604 387
623 400
556 347
575 360
615 396
615 397
594 373
635 411
522 354
541 367
573 399
573 400
533 363
593 414
552 376
525 359
525 360
585 410
604 423
605 388
624 401
597 384
616 397
556 367
589 380
608 393
555 387
574 400
547 383
547 384
566 396
526 360
567 361
586 374
558 392
558 393
577 405
578 370
570 366
536 373
622 413
622 414
601 390
567 397
559 393
576 345
560 358
600 394
619 407
611 403
571 367
590 380
603 399
563 363
582 376
510 357
529 370
548 383
521 366
540 379
541 344
513 362
513 363
532 375
593 391
552 353
612 404
585 387
544 349
544 350
604 400
605 365
623 413
596 396
597 361
616 374
522 367
608 370
608 371
514 363
533 376
566 373
545 350
626 424
586 351
618 420
618 421
578 347
597 397
610 416
610 417
630 394
609 371
607 410
567 374
586 387
559 370
599 406
599 407
551 366
551 367
579 348
619 384
598 361
570 379
590 357
631 395
582 353
529 347
548 360
540 356
581 394
600 407
532 352
532 353
619 420
592 403
593 368
611 416
584 399
584 400
572 345
571 345
570 345
612 381
603 412
604 377
623 390
596 373
596 374
615 386
575 350
562 380
541 357
614 427
533 353
574 354
593 404
565 385
565 386
525 349
606 423
606 424
585 400
626 401
605 378
637 410
597 374
629 406
629 407
555 377
595 413
547 373
547 374
566 386
567 351
539 369
539 370
558 382
577 395
578 360
610 429
570 356
630 407
536 363
622 403
528 359
528 360
588 410
607 423
580 406
580 407
559 383
599 419
560 348
600 384
619 397
592 380
592 381
571 357
611 393
563 353
603 389
603 390
529 360
569 396
561 392
561 393
521 356
581 407
540 369
593 381
585 377
625 413
625 414
604 390
596 386
543 380
562 393
535 376
535 377
554 389
555 354
574 367
547 350
547 351
565 398
566 363
626 414
558 359
618 410
577 372
610 406
610 407
524 366
622 380
622 381
555 390
588 387
567 364
607 400
599 396
559 360
600 361
551 356
619 374
570 369
611 370
517 363
603 366
536 376
509 359
509 360
520 368
548 350
581 384
621 420
540 346
600 397
592 393
593 358
611 406
584 389
612 371
585 354
603 402
604 367
623 380
510 360
596 363
543 357
562 370
554 366
554 367
573 379
614 417
574 344
606 413
606 414
565 375
565 376
625 426
626 391
618 387
618 388
577 349
597 364
629 396
629 397
589 360
595 403
555 367
547 363
587 399
587 400
566 376
607 377
539 359
539 360
558 372
586 354
599 373
578 350
570 346
630 397
536 353
617 427
528 349
528 350
588 400
607 413
580 396
581 361
600 374
619 387
592 370
611 383
584 366
603 379
550 373
569 386
529 350
561 382
561 383
602 420
562 347
613 429
613 430
614 394
573 356
633 407
593 371
565 352
585 367
625 403
625 404
591 410
583 406
543 370
562 383
535 366
535 367
594 415
594 416
614 430
574 357
566 353
626 404
558 349
577 362
610 396
524 356
516 352
516 353
576 403
595 416
568 399
568 400
588 377
607 390
580 373
599 386
559 350
546 380
557 389
517 353
549 385
549 386
569 363
561 359
621 410
581 374
527 366
613 406
613 407
584 379
585 344
531 373
550 386
542 382
543 347
562 360
535 343
535 344
554 356
573 369
614 407
606 403
565 365
512 359
618 377
618 378
504 355
523 368
523 369
610 373
610 374
576 380
555 357
595 393
568 376
587 389
588 354
607 367
558 362
557 363
599 363
599 364
505 356
524 369
557 366
536 343
617 417
609 413
588 390
580 386
620 422
620 423
581 351
621 387
600 364
632 396
632 397
592 360
611 373
584 356
598 403
531 350
550 363
569 376
542 359
542 360
602 410
561 372
621 423
573 346
614 384
633 397
634 397
634 398
635 398
606 380
606 381
585 357
625 393
591 400
564 383
543 360
583 396
575 392
535 356
594 405
595 370
574 347
553 373
577 352
524 346
523 346
610 386
609 387
605 420
576 393
616 429
617 394
568 389
608 425
608 426
636 407
628 403
607 380
599 376
546 370
538 366
557 379
530 362
617 430
549 375
549 376
609 426
569 353
601 422
602 387
561 349
621 400
527 356
613 396
613 397
519 352
579 403
598 416
571 399
531 363
550 376
590 412
591 377
582 408
582 409
583 373
602 423
562 350
594 382
573 359
614 397
565 355
572 400
564 396
523 358
583 409
624 410
556 392
556 393
595 383
568 366
587 379
534 373
553 386
526 369
545 382
546 347
537 378
537 379
557 356
617 407
549 352
549 353
609 403
628 416
601 399
515 359
620 412
580 376
621 377
613 373
613 374
546 383
538 379
584 346
583 347
598 393
530 375
550 353
569 366
582 385
542 349
602 400
561 362
508 356
527 369
614 374
519 365
606 370
511 361
511 362
625 383
572 377
591 390
564 373
583 386
623 422
543 350
556 369
556 370
555 371
575 382
535 346
536 347
537 346
576 347
594 395
587 356
512 362
553 363
545 359
610 376
605 410
624 423
597 406
616 419
576 383
617 384
608 415
608 416
607 417
568 379
609 380
588 357
628 393
620 389
620 390
619 391
618 390
617 391
580 353
599 366
586 396
546 360
538 356
578 392
557 369
598 370
530 352
530 353
529 354
549 365
609 416
601 412
602 377
621 390
527 346
613 386
560 380
579 393
619 429
598 406
571 389
531 353
572 354
590 402
563 385
563 386
562 387
591 367
542 362
582 398
583 363
575 359
594 372
635 410
541 366
627 406
627 407
626 408
606 383
607 384
608 383
565 345
593 413
552 375
572 390
612 426
544 371
544 372
604 422
564 386
605 387
596 418
596 419
595 420
624 400
556 382
575 395
576 360
616 396
595 373
568 356
608 392
587 369
574 399
534 363
553 376
526 359
545 372
518 355
518 356
517 357
605 423
537 368
537 369
536 370
597 419
617 397
589 415
609 393
628 406
601 389
620 402
567 396
586 409
559 392
538 369
578 405
579 370
551 388
551 389
598 383
530 365
570 401
570 402
569 403
571 366
590 379
582 375
602 390
561 352
548 382
527 359
540 378
519 355
560 393
606 360
571 402
572 367
612 403
591 380
604 399
583 376
623 412
556 359
556 360
555 361
575 372
615 408
615 409
615 410
594 385
522 366
627 419
541 379
587 346
587 345
587 344
588 345
589 344
589 346
589 345
590 345
590 344
591 345
592 344
593 345
594 346
594 347
595 347
596 347
597 348
597 347
598 347
593 344
596 349
596 350
597 350
592 346
595 346
598 346
598 345
598 344
594 348
597 349
598 349
599 350
599 349
600 348
600 350
601 351
602 352
603 353
602 351
601 353
604 353
605 352
604 351
605 351
606 350
605 349
607 351
605 354
606 354
607 354
608 354
609 355
609 354
608 356
608 357
609 357
607 353
609 356
601 352
602 353
605 353
608 358
608 359
609 359
610 360
610 359
611 359
600 349
611 358
611 357
611 356
612 355
612 357
612 356
603 354
603 355
593 346
612 359
613 360
614 360
615 360
616 361
616 360
617 359
616 358
617 358
617 361
618 361
619 361
619 360
615 362
617 360
615 361
616 362
619 362
620 363
620 364
621 364
618 363
618 364
619 363
621 363
620 365
620 366
621 366
622 367
622 366
623 366
623 365
623 364
623 363
624 362
624 364
624 366
625 367
626 367
627 366
627 368
626 365
622 368
622 369
604 355
623 368
596 351
595 352
597 352
625 368
625 369
626 369
618 365
610 361
610 362
607 355
606 356
606 357
599 351
599 352
600 352
611 361
621 365
613 361
613 362
614 362
606 358
595 348
606 348
624 365
617 362
609 358
601 354
601 355
620 367
598 348
602 355
612 358
604 354
623 367
615 363
615 364
605 355
624 368
597 351
616 364
589 347
589 348
608 360
590 347
627 364
626 368
608 350
622 370
622 371
600 351
619 364
592 347
592 348
611 360
603 356
603 357
593 348
612 361
604 357
596 353
614 361
610 363
588 344
607 357
599 353
600 354
606 347
606 346
606 345
606 344
606 343
607 343
608 344
609 345
609 344
608 346
609 347
610 347
611 347
611 346
612 345
611 344
612 344
612 347
613 348
613 347
614 348
615 349
616 348
615 350
617 348
616 350
613 349
613 350
614 350
616 349
617 350
618 351
619 350
620 351
621 352
621 351
620 353
620 354
621 354
622 354
623 354
624 354
621 353
609 346
620 355
612 346
623 355
622 356
622 357
623 356
615 351
615 352
605 343
604 343
603 343
603 342
602 343
601 343
601 342
604 342
605 341
624 356
625 357
625 356
626 357
616 352
608 348
622 358
619 352
618 353
611 348
610 349
610 350
603 344
603 345
612 349
604 345
614 349
625 358
625 359
626 359
627 360
627 359
610 351
607 345
617 349
602 342
621 355
613 351
613 352
612 353
614 352
627 361
627 362
605 342
624 355
616 351
608 347
617 352
609 348
601 344
601 345
602 345
619 351
612 348
604 344
623 357
615 353
615 354
605 345
616 354
626 358
618 354
618 355
607 344
619 354
611 350
603 346
604 347
614 351
625 360
626 361
618 357
619 358
620 357
610 353
607 347
599 343
602 354
621 367
613 363
613 364
612 365
591 344
594 349
594 350
614 364
595 350
514 362
533 375
552 388
553 353
525 371
525 372
524 373
544 384
545 349
605 400
537 345
624 413
597 396
616 409
589 392
589 393
588 394
617 374
568 369
608 405
609 370
601 366
601 367
600 368
534 376
506 357
506 358
620 379
526 372
527 373
528 372
567 373
546 350
586 386
578 382
538 346
557 359
598 360
570 378
549 355
590 356
631 394
622 425
622 426
621 427
515 362
601 402
602 367
621 380
507 358
634 399
634 400
633 401
613 376
560 370
600 406
579 383
619 419
611 415
571 379
590 392
591 357
603 411
582 388
583 353
623 389
575 349
635 400
594 362
541 356
627 396
627 397
626 398
533 352
593 403
552 365
612 416
544 361
544 362
585 399
604 412
564 376
605 377
610 343
623 425
596 408
596 409
595 410
624 390
556 372
597 373
616 386
576 350
617 351
568 346
608 382
574 389
534 353
620 356
553 366
566 385
526 349
545 362
586 363
537 358
577 394
597 409
598 410
599 410
599 409
589 405
617 387
630 406
609 383
601 379
602 344
620 392
621 357
607 422
567 386
613 353
586 399
559 382
599 418
578 395
579 360
551 378
551 379
550 380
619 396
570 391
598 373
530 355
631 407
590 369
563 352
582 365
529 359
548 372
634 412
581 406
540 368
600 419
560 383
532 364
532 365
592 415
592 416
591 417
593 380
611 428
584 411
584 412
583 413
612 393
603 424
603 425
563 388
564 388
565 388
564 353
604 389
623 402
583 366
556 349
596 385
624 367
615 398
615 399
615 400
614 401
575 362
616 363
522 356
562 392
627 409
628 410
629 409
541 369
533 365
573 401
573 402
552 378
593 416
565 397
525 361
585 412
586 413
587 412
626 413
605 390
596 421
595 422
594 422
595 423
593 423
592 423
592 422
594 424
595 425
596 425
597 426
597 425
598 425
599 426
599 425
600 426
600 425
593 422
596 427
596 428
597 428
599 427
599 428
600 428
601 429
602 429
592 424
595 424
601 430
601 431
598 424
598 423
598 422
602 431
603 431
604 431
605 430
606 430
607 430
604 429
607 429
605 429
591 421
590 421
589 422
588 421
587 421
587 420
587 419
587 418
588 417
588 419
586 418
585 419
584 419
584 418
584 417
583 416
582 415
581 414
580 413
585 416
586 416
581 413
580 415
581 416
583 415
586 415
579 412
578 412
577 411
576 410
575 411
575 412
576 412
582 417
585 418
577 413
577 414
578 414
588 418
581 415
584 420
584 421
585 421
574 411
573 411
573 410
573 409
573 408
572 407
571 406
574 409
572 406
571 408
570 408
571 409
572 409
574 408
570 410
576 411
580 417
569 407
568 406
569 405
568 408
567 405
566 405
565 405
565 404
564 403
563 402
562 402
561 402
561 401
562 400
561 399
560 400
559 399
562 399
560 399
563 404
563 405
564 405
566 404
567 403
559 401
558 401
559 402
560 402
562 401
565 406
565 407
566 407
558 403
561 403
562 404
590 420
590 419
591 419
572 408
564 404
583 417
575 413
575 414
594 426
576 414
557 400
556 399
557 398
556 401
555 398
554 398
554 397
554 396
555 396
553 395
552 395
551 395
550 395
549 395
549 394
550 393
549 392
548 392
547 393
547 392
550 392
552 394
553 393
552 392
548 391
547 394
550 394
553 394
546 391
546 390
545 389
546 389
544 390
544 391
543 389
542 389
545 391
541 388
540 388
539 389
539 388
538 388
537 388
537 387
538 386
537 385
538 385
540 387
541 386
540 385
541 385
539 390
539 391
536 384
535 383
536 383
534 383
533 382
536 382
535 385
535 386
534 382
532 383
532 384
531 382
530 382
530 381
531 380
533 384
529 381
528 381
528 380
528 379
528 378
529 379
527 378
526 379
525 379
525 378
526 378
529 378
525 380
526 381
540 390
542 390
542 391
543 391
535 387
524 377
524 376
523 375
524 375
523 377
522 375
521 375
520 375
519 374
518 375
518 374
520 376
520 377
521 377
517 374
516 374
516 373
516 372
516 371
517 370
516 369
515 369
514 370
514 369
513 371
513 372
514 372
615 416
517 372
515 368
514 371
515 371
517 371
513 373
538 387
530 383
530 384
549 396
527 377
526 376
527 376
527 375
519 373
519 372
519 371
531 384
512 370
512 369
511 368
510 367
509 366
510 366
509 368
512 368
508 365
507 365
506 365
506 364
505 363
504 362
503 362
502 362
502 361
503 360
501 360
500 359
503 359
505 362
501 359
504 364
504 365
505 365
507 364
508 363
500 361
499 361
511 370
510 371
501 362
575 384
503 361
506 366
506 367
507 367
510 368
502 363
505 364
509 370
498 360
497 359
498 358
497 361
496 358
495 358
494 359
495 360
497 360
508 364
511 369
501 361
504 366
504 367
505 367
597 427
589 423
589 424
586 417
578 413
560 401
579 414
571 410
590 423
563 406
563 407
541 387
533 383
552 396
551 397
551 398
552 397
544 392
544 393
564 407
534 384
553 397
526 380
545 393
518 376
518 377
537 389
515 370
507 366
499 362
499 363
508 367
500 363
519 376
511 372
502 359
600 427
593 424
585 420
596 429
555 397
574 410
566 406
558 402
577 415
577 416
567 407
559 403
578 416
551 399
551 400
529 380
548 393
521 376
540 389
532 385
532 386
522 377
541 390
514 373
533 386
525 382
503 363
495 359
506 368
506 369
496 360
507 369
588 420
580 416
599 429
599 430
569 406
581 417
600 430
584 422
543 390
562 403
554 399
554 400
573 412
565 408
565 409
555 400
566 409
539 392
539 393
517 373
536 386
509 369
528 382
520 378
520 379
519 380
518 380
517 380
518 379
498 359
510 370
529 383
521 379
602 430
591 420
594 425
576 413
595 426
568 409
568 410
587 422
587 423
586 424
557 399
588 423
531 383
550 396
569 409
542 392
542 393
561 405
523 378
523 379
543 393
505 366
524 379
497 362
497 363
516 375
509 372
508 373
509 374
508 375
509 376
510 377
511 378
512 379
513 380
507 375
508 376
510 376
513 381
513 382
514 382
509 378
509 379
510 379
512 378
511 380
511 381
512 381
514 381
506 376
506 377
505 375
504 375
504 374
505 373
515 381
516 382
517 382
507 377
510 378
513 383
513 384
514 384
503 374
502 374
502 373
502 372
502 371
501 370
500 369
499 368
498 369
497 369
503 372
498 368
501 369
500 371
499 371
500 372
501 372
503 371
496 368
495 368
499 373
499 374
500 374
516 383
516 384
517 384
518 385
518 386
519 384
520 385
521 386
612 386
521 385
522 386
523 385
524 386
524 385
520 387
523 387
523 388
524 388
525 388
526 389
526 388
527 388
528 389
529 389
539 374
538 373
522 385
525 390
525 391
526 391
518 387
528 390
528 391
529 391
530 392
531 393
532 394
533 395
531 392
530 394
533 394
534 393
535 394
536 393
533 392
536 392
535 395
535 396
536 395
537 395
538 396
539 395
534 392
537 397
537 398
538 398
539 399
540 398
540 397
541 396
541 398
542 399
543 400
544 401
545 402
543 399
542 401
545 401
546 400
545 399
546 398
576 355
546 399
546 402
547 403
547 402
548 402
548 401
544 403
543 404
534 395
547 404
547 405
539 400
539 401
534 352
536 394
548 404
549 405
549 404
550 403
550 405
551 405
552 405
553 404
553 403
553 405
554 406
555 407
555 406
554 408
555 409
556 409
557 409
557 408
531 348
531 347
531 346
555 408
521 387
540 400
532 396
522 388
550 404
543 401
535 397
535 398
554 410
524 387
536 397
509 380
498 370
497 371
497 372
546 401
538 397
557 410
558 411
558 412
559 412
556 411
556 412
559 411
560 410
559 409
561 411
561 412
522 374
522 373
562 412
560 412
610 344
562 411
558 413
558 414
608 377
559 414
561 413
561 414
562 414
563 415
560 409
564 415
565 415
566 416
566 415
567 416
568 416
569 416
569 415
502 370
565 417
567 415
565 416
566 417
569 417
570 418
571 419
568 418
568 419
567 420
569 418
571 418
572 417
573 418
573 419
574 419
572 419
570 420
553 371
552 370
553 370
570 421
571 421
573 420
573 421
574 421
575 422
576 422
577 422
578 422
579 423
581 399
579 422
579 388
578 424
577 424
572 418
575 423
575 424
576 424
568 420
549 406
549 407
582 400
581 401
527 387
527 386
528 385
531 394
550 407
551 408
551 407
552 407
542 403
541 404
540 405
539 406
538 406
541 406
501 371
544 356
512 380
504 376
504 377
523 389
505 377
497 373
560 411
579 424
580 425
580 426
581 426
582 425
583 426
583 425
582 427
582 428
583 428
584 428
585 429
586 428
587 429
588 430
588 429
587 431
581 425
584 430
584 431
583 432
585 431
587 430
588 431
589 432
590 431
591 430
590 429
623 384
591 429
591 432
592 432
593 432
594 432
539 364
603 406
595 432
572 346
604 407
580 427
580 428
581 428
584 433
591 431
583 427
533 377
586 427
586 426
513 369
571 420
590 433
589 434
563 416
563 417
582 429
552 406
572 421
564 417
583 430
556 413
534 394
553 407
526 390
545 403
537 399
537 400
515 380
515 379
515 378
515 377
507 376
538 400
508 377
527 390
500 373
519 386
511 382
510 383
509 384
508 383
508 385
507 385
508 386
507 387
506 387
505 386
504 385
507 388
505 385
504 387
508 388
509 389
509 388
510 389
511 390
512 389
511 391
512 391
513 392
514 392
584 429
572 382
515 391
516 392
517 393
599 424
537 406
517 392
536 405
535 406
516 394
534 405
533 405
532 404
531 403
530 402
529 402
528 402
528 401
566 403
531 402
582 383
530 404
530 405
531 405
533 404
534 403
533 402
536 404
536 403
619 414
510 388
529 401
513 393
513 394
532 406
532 407
514 394
533 407
503 384
546 355
546 354
502 384
502 383
503 382
501 382
500 382
499 381
531 381
604 430
498 381
497 381
499 383
499 384
500 384
621 415
506 389
548 365
522 358
496 381
495 380
496 379
495 378
494 380
493 379
492 378
493 378
610 358
496 378
605 382
533 370
608 410
519 370
535 407
535 408
595 362
517 394
518 395
519 395
520 396
521 395
522 396
520 397
520 398
521 398
575 367
523 397
524 396
523 398
524 398
519 394
536 380
592 430
593 430
509 377
613 404
522 395
521 397
522 398
524 397
549 393
536 407
537 408
538 408
509 390
509 391
528 403
612 398
520 399
520 400
498 380
498 379
498 378
510 391
517 368
521 400
491 377
531 404
571 397
512 390
605 356
595 388
523 399
523 400
541 351
540 350
539 350
538 350
505 387
524 400
525 401
526 401
570 406
534 404
537 409
537 410
538 411
539 412
539 411
540 410
540 409
540 408
541 409
542 409
543 408
543 410
544 411
545 412
543 409
584 374
594 354
564 381
564 380
605 425
544 379
542 411
542 412
590 417
621 405
543 412
545 411
546 410
547 409
548 410
546 412
592 375
541 408
544 413
544 414
545 414
546 415
547 415
517 391
551 374
502 360
621 362
548 414
549 415
550 415
551 415
552 415
553 416
568 394
566 391
552 393
553 415
606 355
596 403
628 395
561 354
552 417
551 418
543 411
522 384
522 383
548 377
533 348
539 413
586 414
546 411
549 416
535 361
549 417
628 388
628 387
550 417
542 413
542 414
543 414
553 417
554 418
554 419
555 419
617 392
555 418
554 420
504 373
619 359
554 421
555 421
556 422
556 421
557 421
599 371
530 358
531 357
532 357
557 420
557 419
563 357
557 418
557 417
557 416
556 423
556 424
545 413
546 414
538 410
557 423
558 424
558 423
559 422
560 422
561 422
562 423
562 422
561 424
620 374
559 424
601 394
602 394
603 394
509 386
529 400
528 399
529 399
527 398
526 399
599 348
586 404
585 403
586 403
506 373
561 423
554 351
562 424
563 425
564 426
565 427
565 428
552 380
553 380
566 428
511 379
564 425
626 366
563 427
533 403
566 427
567 426
566 425
566 424
572 395
595 366
572 394
572 393
567 425
567 428
568 429
568 428
605 405
569 428
537 396
572 349
569 427
569 426
569 425
549 402
568 430
575 355
568 431
577 399
569 430
570 431
572 358
570 430
571 429
628 411
572 429
573 428
572 427
614 379
574 429
544 398
617 390
555 417
555 416
579 365
582 416
608 417
628 366
571 431
571 430
572 431
573 431
595 378
595 377
574 431
616 391
551 383
575 377
564 427
554 416
530 406
530 407
542 367
562 355
508 387
527 400
500 383
519 396
518 397
518 398
517 399
511 392
511 393
531 407
501 384
512 393
567 427
559 423
570 432
570 433
608 384
564 391
564 390
612 396
548 413
548 412
560 424
571 433
522 397
541 410
501 374
533 406
552 419
551 420
525 402
525 403
544 415
589 421
575 344
503 383
534 407
526 403
518 399
537 412
536 413
535 414
534 413
595 354
536 415
537 416
538 416
550 401
534 415
533 415
604 385
532 416
532 417
635 404
531 415
530 415
502 382
530 414
531 413
533 417
526 375
555 362
536 417
537 418
611 365
535 418
538 418
585 359
561 390
529 414
541 361
528 414
528 413
529 412
528 411
529 411
605 370
604 371
561 387
560 387
559 387
492 376
493 376
526 373
498 367
498 366
559 375
619 431
603 347
531 414
530 416
530 417
527 410
526 409
527 409
546 353
527 408
526 407
527 406
546 397
568 370
605 428
605 427
583 348
562 378
526 411
525 411
538 349
526 412
525 413
526 387
603 407
599 358
582 404
600 358
583 403
563 370
577 423
524 410
524 409
523 408
524 408
523 410
522 408
627 424
521 408
520 407
631 400
510 362
519 407
518 408
501 358
501 357
634 413
506 385
518 407
573 407
574 406
520 409
520 410
577 410
623 420
583 344
544 367
515 357
560 408
515 356
581 430
575 365
521 410
523 409
517 407
516 407
516 406
516 405
516 404
626 399
517 405
518 405
519 405
519 404
520 403
559 404
497 357
517 404
569 368
534 368
519 406
528 409
529 409
571 395
610 368
531 417
533 416
615 348
534 417
526 413
518 409
518 410
517 411
516 411
515 410
515 412
570 380
530 357
515 411
562 421
563 420
562 419
561 418
522 362
593 373
594 357
569 420
601 378
511 377
512 376
545 354
544 353
615 404
543 354
570 374
584 384
570 416
531 391
531 390
533 391
534 390
582 347
537 374
515 413
550 378
518 382
519 382
558 409
515 403
514 402
515 402
623 418
623 417
624 417
554 361
526 354
530 345
557 352
548 396
515 401
514 404
513 404
514 405
595 345
595 344
508 361
596 381
614 402
513 406
592 418
593 418
621 382
512 403
623 407
511 403
615 424
546 365
511 402
511 401
510 400
608 398
591 415
510 399
509 401
512 401
542 343
576 352
573 364
555 372
623 415
566 426
534 345
509 400
510 401
609 411
544 389
508 400
507 400
506 400
506 399
507 398
506 397
505 396
504 395
503 395
502 395
502 394
501 393
542 355
500 392
537 373
505 395
609 408
553 414
584 350
553 413
575 353
528 377
595 375
501 392
502 391
501 390
594 377
503 392
504 397
504 398
558 399
499 370
628 397
505 398
601 407
557 364
605 403
507 397
508 396
507 395
560 363
522 372
570 429
508 398
500 394
577 344
503 394
502 396
501 397
594 400
511 399
512 399
513 399
494 379
505 397
537 386
579 363
508 397
501 394
504 399
505 400
507 399
499 395
499 396
551 396
500 396
626 364
519 409
496 380
515 393
507 389
499 385
498 386
499 386
529 413
521 409
500 386
541 349
532 418
532 419
533 420
532 421
531 421
530 421
529 422
608 429
546 352
606 341
607 341
608 341
609 341
521 373
579 374
537 359
585 430
635 402
522 410
539 387
514 406
533 419
613 371
574 420
577 425
577 426
503 396
619 388
506 401
505 402
504 402
599 377
567 417
609 384
586 430
603 361
602 361
549 348
550 347
559 413
578 426
551 409
551 410
552 411
597 410
570 422
570 423
571 424
572 425
579 397
624 361
623 360
637 404
638 405
553 359
529 390
594 355
548 403
518 406
540 399
560 414
532 395
563 419
522 387
541 400
514 383
573 432
533 396
552 409
525 392
525 393
524 394
544 405
543 406
503 373
495 369
495 370
555 420
547 416
547 417
546 418
506 378
506 379
526 393
527 394
528 393
591 361
520 373
566 429
566 430
558 425
536 406
496 370
515 383
507 379
499 375
498 376
497 376
496 376
495 376
510 390
516 380
529 403
548 416
595 411
521 399
540 412
513 395
513 396
514 397
532 408
516 393
607 372
606 372
491 376
622 430
623 429
624 430
615 426
610 387
624 429
623 431
623 432
581 389
624 432
625 433
625 432
626 433
626 432
625 434
575 410
624 431
605 401
502 385
606 398
582 426
502 386
522 400
514 396
503 386
517 406
509 402
509 403
515 396
516 396
528 415
520 411
520 412
606 417
562 375
526 377
581 427
564 377
565 378
571 417
608 375
584 432
510 403
521 412
522 413
521 414
520 415
519 415
619 369
553 400
523 412
556 419
509 399
562 413
554 409
573 422
573 423
565 418
565 419
639 404
640 405
607 415
591 406
585 433
586 433
603 374
587 433
569 421
626 434
502 398
555 410
574 423
547 406
547 407
517 403
517 402
517 401
530 376
531 377
566 419
569 404
539 402
539 403
580 400
558 415
559 416
559 417
559 418
559 419
560 420
583 356
582 355
517 383
536 396
528 392
617 347
616 346
617 345
616 344
589 364
560 361
518 393
519 392
587 427
588 427
589 426
590 427
591 427
592 427
500 368
501 367
502 366
511 375
520 388
525 412
520 389
519 390
582 393
504 392
505 393
518 389
573 383
558 421
499 365
551 412
550 413
561 421
510 380
550 416
529 393
569 429
521 389
561 425
561 426
540 402
513 385
513 386
512 387
535 351
591 418
502 375
501 376
501 377
501 378
500 379
501 380
543 352
552 391
526 397
527 396
615 414
497 386
606 386
522 349
522 348
521 347
543 413
562 426
535 409
534 410
533 410
535 410
588 382
514 386
515 387
516 388
515 389
533 358
516 386
600 410
554 422
553 423
617 380
599 391
558 400
583 371
524 399
503 376
516 395
547 419
546 420
592 404
549 383
549 390
548 389
610 356
590 394
559 351
596 411
539 415
540 416
623 427
575 375
552 348
568 384
517 396
536 409
509 392
508 393
507 393
519 402
509 393
528 405
520 401
592 426
498 382
490 378
531 416
510 393
513 398
512 402
523 411
576 423
587 432
547 396
558 405
557 406
505 399
524 412
516 408
588 433
580 429
550 406
569 419
542 402
561 415
561 416
513 375
572 430
543 397
543 396
548 375
544 395
543 403
502 365
562 416
535 399
535 400
535 401
502 368
554 412
505 376
524 389
516 385
568 432
568 433
539 405
546 413
538 409
557 422
517 386
509 382
549 418
549 419
528 395
520 391
591 371
527 399
498 372
531 345
531 406
550 419
542 415
501 383
512 392
504 388
504 389
546 351
523 401
522 402
522 403
523 402
583 414
535 412
601 357
534 416
505 389
524 402
497 385
516 398
515 399
622 416
621 417
530 418
529 419
528 420
527 421
530 419
590 432
508 399
527 412
500 395
519 408
511 404
511 405
511 406
612 417
531 419
572 420
622 355
591 433
564 416
583 429
575 425
575 426
575 427
576 428
577 429
576 430
577 431
507 396
519 381
631 412
630 411
513 405
578 398
538 371
577 428
592 378
535 389
554 402
555 403
556 403
501 396
537 350
512 405
553 406
504 401
523 414
524 415
570 383
525 415
520 353
576 426
568 422
568 423
531 356
546 403
538 399
557 412
530 395
530 396
529 397
549 408
527 389
532 355
533 355
560 423
519 385
584 402
498 362
571 432
531 396
550 409
596 376
542 405
554 379
501 373
606 426
552 418
512 382
572 433
504 378
504 379
504 380
597 424
534 367
534 406
608 421
609 420
610 420
611 420
625 363
541 368
612 420
610 419
566 371
625 394
585 417
539 372
540 372
541 373
542 373
532 403
523 395
553 419
526 402
545 415
505 379
537 411
497 375
515 392
601 432
546 416
538 412
579 413
530 408
598 426
590 422
582 418
581 419
581 420
581 421
581 422
579 417
581 423
616 387
615 388
614 389
606 384
582 419
619 423
618 424
617 424
580 419
579 420
582 348
563 413
564 413
565 413
603 380
588 348
526 364
526 363
527 363
524 384
619 349
619 348
598 398
608 400
618 423
528 362
508 389
527 402
500 385
519 398
625 416
511 394
510 395
584 393
593 394
572 410
591 423
564 406
583 419
556 402
629 386
628 385
629 385
629 384
629 383
530 391
629 382
630 383
511 389
630 382
630 385
628 381
627 381
629 380
615 347
627 380
628 380
493 375
581 412
608 355
626 380
548 390
510 394
625 379
628 379
627 382
627 383
626 379
625 381
627 384
626 385
630 384
494 374
495 373
494 372
495 372
625 380
626 381
535 379
534 380
533 379
604 395
605 394
612 408
608 387
564 369
579 353
575 415
574 416
575 417
633 398
572 371
626 419
522 409
501 386
547 353
533 418
539 349
512 395
553 396
525 414
504 391
545 392
576 416
622 383
621 384
534 419
526 415
586 429
546 393
518 411
538 389
578 425
557 402
530 385
530 386
529 387
615 343
614 344
586 359
586 423
620 361
621 360
602 428
602 427
533 368
588 392
515 405
507 401
508 366
527 379
499 397
499 398
500 399
613 419
500 362
599 368
560 413
519 375
579 426
511 371
531 386
571 422
563 418
582 431
581 432
581 433
508 402
507 403
506 404
506 405
506 406
506 407
590 405
507 408
508 408
506 409
592 406
581 356
507 409
575 408
500 370
563 380
576 349
589 433
539 397
517 378
568 404
508 409
509 410
510 409
511 410
512 409
511 411
512 412
513 411
612 343
547 368
523 382
522 381
512 411
510 411
505 361
575 398
606 374
606 365
560 418
542 400
512 413
529 410
513 408
578 345
554 369
500 398
541 399
501 363
511 407
552 408
512 372
572 423
504 368
504 369
544 404
523 381
612 395
564 419
624 433
556 415
575 428
622 360
587 402
558 407
534 396
553 409
526 392
545 405
518 388
537 401
497 365
496 369
520 406
515 382
564 367
520 348
519 349
507 378
567 429
559 425
551 421
551 422
551 423
530 398
531 398
532 399
531 400
575 396
535 374
532 398
570 434
596 343
542 372
548 415
508 379
500 375
540 411
519 388
606 393
511 384
511 385
575 405
594 418
522 399
541 412
514 395
533 408
552 421
525 404
524 405
523 406
522 406
549 350
551 351
619 421
499 366
525 405
597 429
516 355
589 425
503 385
506 390
506 391
526 405
567 406
518 401
586 419
537 414
578 415
570 411
570 412
569 413
568 413
567 413
579 386
539 344
618 425
568 412
549 388
536 418
515 395
507 391
499 387
498 388
613 368
614 368
615 380
584 348
590 382
614 408
623 372
597 391
580 357
592 429
613 409
612 410
611 410
610 345
560 403
579 416
571 412
590 425
563 408
562 409
526 383
526 384
582 421
510 402
529 415
521 411
522 376
541 389
615 359
614 358
614 357
614 356
513 407
532 420
533 385
552 398
639 403
638 402
638 401
639 400
639 402
638 399
637 399
637 398
639 401
640 401
641 402
641 401
641 403
637 400
525 381
504 358
585 432
544 394
556 405
502 397
522 412
514 408
533 421
534 422
534 423
533 424
528 410
574 425
575 386
534 386
574 422
526 382
566 418
545 395
518 378
577 427
537 391
503 398
496 359
515 372
506 403
507 368
567 419
499 364
586 432
559 415
632 399
578 428
551 411
570 424
529 392
548 405
508 369
521 388
540 401
500 365
532 397
511 374
523 348
562 425
522 389
541 402
514 385
533 398
525 394
544 407
545 408
575 420
576 419
576 420
599 359
519 356
503 375
632 404
608 428
495 371
555 422
506 380
506 381
506 382
505 383
600 347
547 418
539 414
518 391
517 395
496 372
536 408
528 404
507 381
499 377
600 429
551 424
592 425
563 398
510 392
529 405
521 401
540 414
513 397
532 410
531 410
558 364
577 421
593 426
585 422
491 378
596 431
597 431
533 393
502 387
502 388
573 394
514 398
555 399
628 383
574 412
547 395
566 408
558 404
518 368
537 381
577 417
500 391
499 390
524 411
503 388
536 385
506 393
588 432
567 409
559 405
551 401
570 414
535 411
517 408
509 404
509 405
508 406
571 348
530 348
510 369
529 382
548 395
520 413
521 378
540 391
581 429
513 374
532 387
532 388
582 357
530 413
584 434
585 435
586 435
586 436
585 437
601 417
591 346
526 410
587 435
510 405
502 364
543 402
562 415
522 379
513 410
554 411
514 375
573 424
533 388
525 384
565 420
565 421
566 422
504 371
505 371
506 371
507 371
503 365
555 412
547 408
506 370
566 421
539 404
558 417
517 385
496 362
536 398
509 381
528 394
520 390
499 367
498 371
550 418
510 382
529 395
569 431
521 391
522 391
523 392
522 393
521 374
504 361
523 391
513 387
532 400
597 386
543 415
502 377
616 399
617 400
618 401
617 401
618 400
617 364
494 373
609 360
554 424
555 389
601 356
574 402
620 369
547 385
546 386
547 387
546 387
506 395
553 390
547 386
616 414
526 362
614 347
566 398
539 381
539 382
539 383
538 383
589 355
558 394
558 395
557 396
624 382
566 358
578 377
518 358
519 359
563 367
616 412
520 358
505 388
524 401
598 350
516 397
590 346
495 374
622 415
536 375
528 371
602 357
588 422
539 417
540 418
541 419
541 418
608 343
556 407
531 368
531 367
567 359
580 418
599 431
599 432
598 433
559 395
560 395
561 355
562 410
561 395
562 420
551 391
619 409
611 405
612 370
517 398
591 347
509 394
510 359
623 379
528 407
586 356
569 408
529 372
615 375
615 376
615 377
616 378
515 408
548 385
594 352
561 404
521 368
540 381
513 364
512 365
513 356
512 366
619 379
588 405
513 365
514 366
515 366
502 356
564 379
516 365
541 346
627 386
527 411
532 377
592 428
552 355
584 424
498 384
513 368
612 406
625 425
544 351
531 418
605 367
624 380
615 411
616 376
543 392
562 405
522 369
521 370
608 372
535 388
514 365
554 401
555 366
534 343
533 343
532 343
532 342
629 387
630 388
631 387
537 341
533 342
501 395
525 374
565 410
565 411
573 427
566 375
626 426
512 404
610 418
537 348
504 400
618 422
523 413
524 378
638 400
589 395
503 355
630 396
576 425
622 392
623 393
623 394
622 393
621 394
555 402
568 421
601 369
602 370
602 371
603 369
506 360
547 398
548 398
548 399
590 370
549 398
587 434
588 399
607 412
567 376
539 394
613 343
599 408
505 401
619 386
551 368
613 378
524 414
611 382
571 346
516 410
557 411
517 375
631 397
622 428
536 388
509 371
528 384
529 349
588 435
634 402
548 362
520 380
580 431
579 431
540 358
627 363
600 409
532 354
592 405
611 418
498 361
584 401
612 383
604 379
531 395
605 344
623 392
510 372
550 408
624 357
596 375
542 404
616 353
561 417
521 381
562 382
608 349
513 377
554 378
614 429
565 387
525 351
526 351
606 425
585 402
626 403
572 432
618 399
597 376
523 390
502 367
543 405
629 408
617 354
608 385
609 350
554 414
555 379
595 415
601 346
587 411
620 359
547 375
566 388
539 371
607 389
558 384
559 385
560 385
561 385
553 418
505 378
524 391
497 374
630 409
631 409
632 410
632 409
516 387
517 352
536 365
622 405
623 405
528 361
588 412
520 357
607 425
580 408
580 409
579 410
599 421
619 399
551 381
592 382
592 383
591 384
571 416
572 415
572 414
573 414
593 347
611 395
612 360
517 388
557 424
603 391
604 392
510 386
604 356
549 420
549 421
550 385
623 369
596 352
569 398
529 362
615 365
614 366
533 413
615 366
616 367
617 368
604 428
618 367
520 393
561 394
521 358
540 371
581 409
532 367
527 401
614 406
593 383
519 397
498 374
584 414
625 415
531 408
605 357
550 421
591 422
597 353
542 417
543 417
620 372
544 417
543 382
583 418
616 366
589 349
588 350
588 351
635 401
543 342
543 341
543 340
589 350
544 341
545 342
553 381
543 361
562 395
608 362
535 378
554 391
594 427
594 428
501 385
547 352
539 348
626 416
512 394
504 390
523 403
524 368
610 408
516 364
630 386
576 415
536 342
622 382
595 428
568 411
547 388
587 424
607 402
539 384
534 418
526 414
600 363
505 391
509 361
546 392
551 358
619 376
497 387
611 372
516 400
517 365
557 401
545 388
544 387
543 386
543 387
558 376
603 368
536 378
549 397
582 345
581 345
528 374
615 342
548 352
520 370
515 404
580 421
540 348
621 422
613 418
532 344
633 396
612 373
579 425
623 426
530 420
604 369
604 346
531 385
590 434
550 398
569 411
615 378
542 394
582 430
616 343
543 359
561 407
508 401
554 368
527 414
500 397
614 419
574 346
519 410
565 377
606 415
625 428
626 428
617 379
626 393
512 371
572 422
618 389
637 402
564 418
523 380
610 385
583 431
543 395
629 398
556 414
535 391
622 359
595 405
555 369
501 398
547 365
587 401
607 379
539 361
512 407
553 408
504 403
545 404
505 368
619 353
524 381
610 421
626 396
497 364
611 349
516 377
630 399
622 395
536 355
617 429
568 424
528 351
609 425
588 402
580 398
599 411
546 405
632 408
611 385
538 401
612 350
557 414
530 397
603 381
603 382
598 415
549 410
550 375
623 359
569 388
615 355
616 356
542 371
561 384
602 422
521 348
508 378
527 391
614 396
633 409
519 387
560 425
606 392
625 405
511 383
571 434
572 399
605 347
618 366
591 412
597 343
542 407
583 408
543 372
608 352
575 404
623 391
562 418
535 368
554 381
594 417
501 375
541 411
565 390
606 428
607 356
552 420
626 406
512 384
618 402
544 416
523 393
610 398
524 358
629 411
516 354
576 405
622 372
595 418
568 401
587 414
628 415
607 392
534 408
553 421
526 404
600 353
545 417
518 400
551 348
546 382
619 366
592 349
592 350
592 351
591 351
541 395
537 413
497 377
611 362
538 378
557 391
517 355
603 358
604 359
603 359
549 387
550 352
515 394
520 360
521 360
522 360
523 360
507 390
621 412
613 408
527 368
614 373
593 350
538 414
579 415
625 382
598 428
530 410
531 375
571 411
550 388
590 424
596 355
597 355
598 355
582 420
542 384
543 349
535 345
508 391
554 358
527 404
614 409
500 387
519 400
606 405
511 396
510 397
625 418
532 413
512 361
626 383
572 412
504 357
618 379
591 425
556 363
564 408
523 370
610 375
583 421
624 422
556 404
629 388
594 430
522 411
501 388
587 391
514 407
547 355
539 351
607 369
534 385
580 352
553 398
599 365
504 393
545 394
505 358
546 359
537 390
516 367
536 345
503 397
617 419
549 364
568 414
609 415
601 411
534 421
506 402
620 424
621 389
581 353
640 402
600 366
567 418
546 395
586 431
632 398
538 391
578 427
557 404
530 387
598 405
603 371
531 352
549 400
550 365
590 401
542 361
615 345
515 407
602 412
621 425
508 368
613 421
614 422
553 367
615 421
616 422
527 381
614 386
500 364
633 399
519 377
560 415
606 382
579 428
625 395
511 373
626 360
618 356
591 402
505 374
564 385
523 347
610 352
582 433
543 362
583 398
535 358
595 372
501 365
512 374
541 401
533 397
607 346
552 410
553 375
599 342
544 406
504 370
545 371
564 421
605 422
524 348
610 388
556 417
597 418
616 431
622 362
617 396
608 427
568 391
636 409
628 405
534 398
569 422
620 401
553 411
526 394
600 343
545 407
518 390
586 408
619 356
546 372
537 403
538 368
611 352
557 381
603 348
603 349
530 364
549 377
609 428
496 371
601 424
515 384
613 377
602 389
507 380
621 402
567 431
527 358
613 398
499 376
614 363
632 411
519 354
560 392
606 359
579 405
598 418
530 400
571 401
531 365
590 414
596 345
563 397
591 379
582 410
542 374
529 404
548 417
508 381
594 384
595 349
500 377
540 413
627 418
565 357
606 395
532 409
511 386
593 425
552 387
572 402
618 369
564 398
610 365
583 411
624 412
556 394
596 430
575 407
616 408
522 401
595 385
568 368
541 414
587 381
628 382
588 346
534 375
607 359
539 341
552 423
525 406
553 388
526 371
599 355
545 384
546 349
518 367
537 380
538 345
557 358
589 427
617 409
503 387
549 354
609 405
628 418
515 361
601 401
602 366
620 414
506 392
621 379
507 357
567 408
613 375
518 403
586 421
592 352
538 381
578 417
614 390
579 382
598 395
570 413
530 377
571 378
590 391
550 355
591 356
542 351
582 387
602 402
561 364
528 416
548 394
508 358
594 361
635 399
527 371
499 389
614 376
519 367
560 405
579 418
511 363
625 385
571 414
612 415
572 379
618 346
591 392
563 410
564 375
582 423
610 342
583 388
623 424
510 404
556 371
624 389
529 417
615 420
535 348
521 413
594 397
522 378
568 345
541 391
513 409
587 358
514 374
532 422
533 387
552 400
639 405
553 365
525 383
544 396
504 360
585 434
545 361
605 412
537 357
624 425
597 408
502 399
502 400
502 401
502 402
616 421
617 386
503 364
622 352
589 404
522 414
620 360
636 399
568 381
609 382
514 410
555 411
588 359
534 388
574 424
580 355
620 391
621 356
566 420
567 385
586 398
546 362
558 416
537 393
578 394
538 358
611 342
557 371
598 372
530 354
503 400
549 367
590 368
569 345
496 361
515 374
601 414
602 414
603 415
604 414
603 414
602 379
621 392
507 370
567 421
527 348
613 388
614 353
560 382
578 430
606 349
551 413
579 395
625 362
570 426
531 355
571 391
611 427
572 356
590 404
563 387
591 369
510 381
529 394
575 361
548 407
521 390
594 374
635 412
500 367
540 403
627 408
533 364
593 415
552 377
612 428
544 373
545 374
544 375
544 374
585 411
618 359
604 424
523 350
610 355
532 391
605 389
552 369
624 402
556 384
596 420
597 385
502 376
576 362
616 398
617 363
568 358
608 394
587 371
554 423
514 387
533 400
574 401
607 349
564 365
627 400
573 392
534 365
620 368
553 378
525 396
599 345
526 361
586 375
604 358
518 357
537 370
577 406
578 407
577 408
577 407
597 421
557 348
617 399
589 417
503 377
608 430
609 395
555 424
601 391
602 356
547 420
620 404
621 369
567 398
539 416
613 365
567 388
586 411
559 394
560 359
551 390
579 372
598 385
530 367
570 403
571 368
590 381
517 397
496 374
536 410
542 341
582 377
528 406
529 371
548 384
520 402
594 351
499 379
540 380
581 418
613 355
627 385
600 431
519 357
532 376
606 362
552 354
593 392
612 405
584 423
498 383
572 369
563 400
564 400
565 400
566 401
604 401
583 378
623 414
556 361
624 379
596 397
529 407
575 374
616 375
521 403
522 368
627 421
541 381
587 348
514 364
522 382
532 412
573 413
534 342
552 390
593 428
571 383
553 355
525 373
585 424
544 386
545 351
605 402
537 347
597 398
616 411
531 397
502 389
617 376
589 394
608 407
609 372
555 401
525 408
601 368
574 414
506 359
620 381
619 381
547 397
526 374
566 410
567 375
613 342
518 370
586 388
558 406
559 371
577 419
538 348
578 384
579 349
524 413
530 344
598 362
549 357
516 409
631 396
590 358
622 427
536 387
582 354
515 364
602 369
528 383
588 434
507 360
634 401
548 361
580 430
614 343
559 407
560 372
600 408
551 403
579 385
611 417
571 381
612 382
517 410
591 359
603 413
563 377
509 406
582 390
583 355
529 384
575 351
615 387
548 397
594 364
521 380
540 393
581 431
541 358
627 398
513 376
532 389
533 354
593 405
552 367
525 350
612 418
544 363
543 364
585 401
605 379
624 392
556 374
596 410
597 375
615 423
616 388
617 353
589 371
562 417
568 348
609 349
514 377
554 413
555 378
510 398
573 426
534 355
574 391
620 358
525 386
565 422
564 423
566 387
545 364
558 383
577 396
537 360
578 361
610 430
524 390
589 407
503 367
630 408
609 385
622 404
555 414
601 381
602 346
506 372
547 410
621 359
588 411
607 424
558 419
559 384
599 420
560 349
578 397
551 380
619 398
598 375
570 393
611 394
571 358
517 387
563 354
536 400
509 383
528 396
529 361
520 392
634 414
548 374
521 357
581 408
540 370
600 421
532 366
592 417
554 403
624 369
593 382
611 430
498 373
604 391
623 428
584 413
572 359
585 378
544 340
603 426
564 355
510 384
623 404
550 420
556 351
596 387
569 433
575 364
542 416
616 365
521 393
562 394
608 361
541 371
513 389
554 390
533 367
573 403
573 404
565 399
525 363
544 376
585 414
545 341
626 415
605 392
618 411
618 412
597 388
502 379
589 384
617 366
608 397
535 413
494 375
609 362
555 391
595 427
601 358
574 404
620 371
566 400
567 365
607 401
558 396
559 397
560 397
561 397
586 378
518 360
559 361
577 409
505 390
551 357
524 403
598 352
516 399
517 364
590 348
622 417
536 377
582 344
528 373
588 424
548 351
520 369
580 420
581 385
540 347
599 433
600 398
579 351
560 362
619 411
551 393
592 394
611 407
584 390
612 372
517 400
603 403
602 404
603 404
604 368
509 396
594 388
583 345
550 397
510 361
623 381
569 410
529 374
616 342
520 405
561 406
540 383
541 348
627 388
513 366
532 379
527 413
533 344
614 418
593 395
552 357
584 426
585 391
625 427
531 420
604 404
605 369
596 400
637 401
597 365
543 394
562 407
535 390
608 374
514 367
555 368
573 416
547 364
565 412
566 377
512 406
586 355
558 373
578 351
523 415
524 380
570 347
503 357
630 398
516 376
576 427
622 394
536 354
601 371
613 345
547 400
587 436
506 362
588 401
607 414
539 396
567 378
580 397
559 374
600 375
505 403
546 404
579 352
551 370
611 384
516 412
517 413
518 413
631 399
517 377
557 413
536 390
509 373
549 409
623 358
528 386
569 387
529 351
520 382
548 364
634 404
540 360
581 398
627 365
600 411
532 356
592 407
593 408
594 407
593 372
633 408
498 363
584 403
612 385
585 368
611 354
603 416
604 381
605 346
510 374
550 410
596 377
624 359
569 423
615 390
542 406
543 371
616 355
561 419
562 384
608 351
513 379
554 380
573 393
574 358
606 427
525 353
565 389
566 354
626 405
512 383
577 363
597 378
610 397
502 369
598 430
543 407
629 410
591 391
596 357
589 374
535 403
576 404
609 352
555 381
595 417
601 348
547 377
587 413
566 390
539 373
567 355
607 391
553 420
558 386
599 387
505 380
545 416
578 364
619 365
524 393
598 342
570 360
516 389
608 373
517 354
622 407
536 367
528 363
588 414
520 359
580 410
581 375
599 423
600 388
619 401
546 417
592 384
593 349
538 413
611 397
612 362
584 380
585 345
598 427
603 393
530 409
550 387
623 371
596 354
529 364
569 400
542 383
615 367
561 396
562 361
508 390
527 403
532 369
573 370
519 399
593 385
565 366
606 404
511 395
585 381
625 417
544 343
626 382
572 411
605 359
596 390
555 358
591 424
542 419
583 420
543 384
589 351
562 397
535 380
608 364
575 416
554 393
597 387
594 429
574 371
501 387
547 354
565 402
566 367
512 396
626 418
558 363
586 345
618 414
577 376
505 357
523 405
610 410
524 370
516 366
576 417
536 344
622 384
595 430
587 426
588 391
534 420
539 386
607 404
580 387
581 352
599 400
600 365
619 378
551 360
518 412
546 394
592 361
611 374
538 390
517 367
557 403
603 370
549 399
509 363
528 376
569 377
615 344
520 372
515 406
602 411
621 424
581 388
507 402
527 380
613 420
532 346
573 347
592 397
593 362
579 427
585 358
530 422
571 423
531 387
550 400
596 367
591 401
542 396
582 432
616 345
561 409
562 374
535 357
508 403
594 406
554 370
614 421
501 364
574 348
519 412
565 379
625 430
511 408
512 373
626 395
572 424
577 353
618 391
564 420
524 347
583 433
629 400
556 416
535 393
575 429
576 394
622 361
595 407
568 390
501 400
547 367
587 403
588 368
539 363
607 381
534 397
553 410
600 342
505 370
545 406
619 355
524 383
570 350
537 402
497 366
611 351
516 379
557 380
536 357
622 397
617 431
568 426
528 353
609 427
569 354
588 404
595 351
601 423
520 349
581 365
591 381
621 401
567 430
607 361
600 378
546 407
592 374
538 403
584 370
612 352
598 417
603 383
530 399
604 348
531 364
549 412
590 413
623 361
550 377
596 344
569 390
615 357
602 424
561 386
562 351
508 380
527 393
573 360
614 398
500 376
519 389
633 411
606 394
565 356
625 407
572 401
618 368
591 414
564 397
597 345
523 359
610 364
583 410
543 374
535 370
575 406
594 419
593 420
554 383
595 384
555 348
541 413
587 380
533 409
566 357
539 340
607 358
552 422
512 386
553 387
558 353
599 354
544 418
544 419
544 420
543 421
618 404
504 382
610 400
524 360
516 356
597 430
576 407
617 408
622 374
568 403
587 416
628 417
588 381
607 394
580 377
620 413
599 390
526 406
600 355
545 419
586 420
518 402
546 384
619 368
497 379
537 415
611 364
538 380
584 347
557 393
603 360
549 389
550 354
569 367
542 350
602 401
561 363
621 414
507 392
527 370
613 410
499 388
614 375
519 366
560 404
593 352
606 371
625 384
585 348
530 412
571 413
550 390
590 426
563 409
542 386
582 422
543 351
583 387
529 416
562 364
535 347
594 396
554 360
595 361
500 389
614 411
565 369
606 407
511 398
512 363
552 399
618 381
504 359
564 410
523 372
610 377
583 423
624 424
629 390
556 406
575 419
616 420
595 397
636 398
568 380
514 409
587 393
533 422
607 371
534 387
539 353
580 354
599 367
505 360
545 396
546 361
537 392
538 357
557 370
503 399
617 421
549 366
609 417
622 364
515 373
601 413
557 347
620 426
621 391
581 355
640 404
613 387
527 347
632 400
592 364
538 393
578 429
612 342
579 394
625 361
570 425
598 407
530 389
531 354
590 403
550 367
591 368
582 399
542 363
515 409
561 376
507 405
548 406
508 370
613 423
527 383
614 388
500 366
573 350
519 379
560 417
565 346
579 430
625 397
626 362
571 426
612 427
572 391
618 358
591 404
563 422
564 387
523 349
610 354
583 400
556 383
535 360
576 361
594 409
522 390
595 374
568 357
541 403
533 399
534 364
607 348
552 412
553 377
525 395
599 344
544 408
504 372
545 373
605 424
524 350
597 420
617 398
589 416
636 411
568 393
609 394
555 423
628 407
534 400
620 403
621 368
526 396
600 345
545 409
546 374
518 392
586 410
537 405
538 370
578 406
557 383
603 350
598 384
530 366
549 379
609 430
569 357
496 373
542 340
601 426
515 386
561 353
602 391
621 404
507 382
527 360
499 378
613 400
614 365
632 413
560 394
606 361
579 407
598 420
571 403
572 368
590 416
563 399
564 364
582 412
583 377
529 406
575 373
548 419
521 402
554 350
540 415
541 380
627 420
587 347
532 411
492 375
511 388
552 389
593 427
553 354
572 404
618 371
585 423
544 385
523 362
610 367
624 414
596 432
556 396
575 409
616 410
576 374
617 375
608 406
541 416
587 383
514 399
628 384
533 412
534 377
574 413
620 380
580 344
599 357
544 421
545 386
518 369
537 382
577 418
538 347
557 360
530 343
503 389
589 429
617 411
549 356
609 407
601 403
515 363
602 368
506 394
620 416
621 381
507 359
567 410
614 342
559 406
560 371
578 419
579 384
551 402
598 397
530 379
570 415
531 344
571 380
550 357
517 409
590 393
591 358
542 353
582 389
583 354
520 414
508 360
594 363
540 392
614 378
519 369
560 407
511 365
552 366
572 381
618 348
563 412
604 413
583 390
510 406
556 373
624 391
615 422
576 351
521 415
522 380
595 364
568 347
627 433
628 434
628 435
541 393
514 376
532 424
573 425
533 389
534 354
552 402
525 385
639 407
640 407
641 408
640 409
641 407
526 350
585 436
545 363
605 414
624 427
616 423
589 406
617 388
503 366
636 401
608 419
514 412
555 413
601 380
574 426
620 393
621 358
526 386
567 387
613 354
558 418
586 400
546 364
538 360
578 396
579 361
530 356
598 374
570 392
503 402
549 369
631 408
536 399
569 347
496 363
582 366
515 376
601 416
602 381
507 372
548 373
567 423
613 390
527 350
614 355
560 384
600 420
606 351
625 364
570 428
571 393
611 429
612 394
563 389
564 354
582 402
583 367
623 403
556 350
529 396
569 432
575 363
548 409
594 376
521 392
522 357
513 388
627 410
541 370
532 401
533 366
552 379
593 417
525 362
612 430
585 413
545 340
604 426
610 357
605 391
556 386
624 404
596 422
543 416
502 378
576 364
616 400
589 383
617 365
608 396
568 360
609 361
514 389
574 403
620 370
525 398
566 399
599 347
545 376
518 359
586 377
537 372
578 373
597 423
557 350
598 351
589 419
503 379
495 375
609 397
601 393
515 353
514 353
513 354
514 354
602 358
506 384
621 371
567 400
539 418
613 367
559 396
578 409
619 410
551 392
570 405
598 387
571 370
590 383
591 348
563 366
536 412
509 395
582 379
528 408
529 373
548 386
520 404
521 369
594 353
540 382
541 347
627 387
532 378
606 364
511 355
552 356
498 385
584 425
612 407
544 352
604 403
605 368
510 396
623 416
596 399
624 381
615 412
575 376
616 377
521 405
522 370
562 406
541 383
513 401
587 350
532 414
573 415
574 380
534 344
553 357
525 375
585 426
544 388
545 353
626 427
605 404
577 385
537 349
597 400
589 396
503 356
617 378
608 409
609 374
601 370
620 383
547 399
506 361
566 412
567 377
613 344
518 372
558 408
586 390
559 373
578 386
551 369
598 364
530 346
570 382
571 347
517 376
631 398
590 360
622 429
536 389
582 356
642 407
507 362
634 403
548 363
520 381
499 358
581 397
540 359
614 345
560 374
611 419
612 384
572 348
517 412
563 379
604 380
509 408
583 357
510 373
528 421
624 358
529 386
615 389
521 382
594 366
522 347
540 395
513 378
541 360
533 356
593 407
525 352
544 365
604 416
605 381
624 394
596 412
597 377
616 390
617 355
535 402
608 386
609 351
554 415
514 379
555 380
628 364
601 347
534 357
547 376
565 424
566 389
526 353
558 385
537 362
524 392
547 412
503 369
630 410
622 406
536 366
602 348
506 374
588 413
621 361
567 390
607 426
539 408
613 357
559 386
599 422
619 400
551 382
570 395
611 396
631 411
517 389
557 425
603 392
536 402
509 385
623 370
528 398
569 399
529 363
548 376
498 375
520 394
544 342
521 359
581 410
513 355
600 423
532 368
592 419
593 384
612 397
584 415
603 428
604 393
531 409
605 358
623 406
624 371
597 354
542 418
615 402
543 383
562 396
608 363
513 391
554 392
514 356
533 369
573 405
565 401
525 365
545 343
546 344
626 417
586 344
618 413
523 404
610 409
543 419
502 381
630 387
494 377
535 415
609 364
595 429
555 393
601 360
547 389
620 373
587 425
566 402
539 385
607 403
558 398
505 392
551 359
619 377
598 354
516 401
590 350
517 366
536 379
622 419
509 362
582 346
528 375
588 426
548 353
520 371
580 422
540 349
532 345
619 413
611 409
612 374
603 405
604 370
509 398
623 383
510 363
550 399
569 412
529 376
615 379
542 395
521 372
561 408
541 350
627 390
527 415
532 381
533 346
614 420
552 359
519 411
606 416
625 429
544 355
626 394
531 422
605 371
637 403
502 358
616 380
629 399
608 376
535 392
554 405
595 406
555 370
501 399
547 366
620 350
565 414
566 379
539 362
512 408
618 426
505 369
524 382
610 422
638 404
629 435
516 378
630 400
576 429
536 356
622 396
568 425
528 352
588 403
539 398
607 416
580 399
599 412
505 405
551 372
546 406
619 390
611 386
538 402
612 351
517 379
557 415
509 375
549 411
528 388
569 389
529 353
615 356
548 366
520 384
521 349
581 400
540 362
627 367
527 392
532 358
592 409
633 410
498 365
612 387
584 405
625 406
531 399
604 383
605 348
550 412
591 413
597 344
542 408
615 392
543 373
616 357
562 386
535 369
608 353
554 382
573 395
525 355
565 391
606 429
626 407
512 385
618 403
504 381
523 394
524 359
610 399
629 412
535 405
576 406
622 373
595 419
555 383
568 402
601 350
547 379
587 415
539 375
607 393
534 409
558 388
553 422
505 382
545 418
551 349
619 367
524 395
497 378
611 363
516 391
557 392
517 356
622 409
536 369
528 365
588 416
520 361
580 412
621 413
546 419
593 351
538 415
611 399
612 364
530 411
603 395
598 429
531 376
604 360
550 389
596 356
569 402
615 369
542 385
521 362
561 398
513 358
508 392
554 359
527 405
500 388
614 410
519 401
606 406
511 397
625 419
626 384
531 412
572 413
618 380
591 426
597 357
523 371
564 409
583 422
589 353
629 389
535 382
575 418
594 431
554 395
555 360
501 389
587 392
547 356
607 370
539 352
512 398
553 399
504 394
618 416
505 359
523 407
524 372
610 412
516 368
630 390
617 420
622 386
536 346
568 415
587 428
588 393
607 406
620 425
581 354
599 402
640 403
600 367
619 380
518 414
546 396
538 392
611 376
557 405
517 369
603 372
530 388
509 365
549 401
550 366
615 346
520 374
602 413
507 404
621 426
613 422
527 382
532 348
614 387
633 400
519 378
560 416
584 395
579 429
625 396
571 425
531 389
550 402
542 342
591 403
563 421
542 398
616 347
583 399
606 363
543 363
535 359
508 405
554 372
594 408
614 423
501 366
519 414
565 381
606 419
626 397
512 375
572 426
523 384
618 393
564 422
637 406
610 389
524 349
629 402
556 418
575 431
622 363
595 409
636 410
568 392
547 369
587 405
539 365
607 383
534 399
553 412
526 395
600 344
505 372
546 373
619 357
497 368
537 404
611 353
516 381
557 382
549 378
528 355
609 429
601 425
515 385
520 351
580 402
621 403
613 399
546 409
632 412
538 405
579 406
612 354
530 401
603 385
598 419
531 366
604 350
549 414
590 415
550 379
596 346
569 392
582 411
542 375
561 388
602 426
548 418
508 382
527 395
614 400
500 378
519 391
633 413
606 396
511 387
625 409
572 403
618 370
591 416
523 361
564 399
610 366
583 412
543 376
629 379
556 395
535 372
594 421
541 415
501 379
547 346
588 347
533 411
607 360
539 342
552 424
512 388
553 389
525 407
599 356
504 384
545 385
610 402
524 362
597 432
516 358
576 409
589 428
617 410
568 405
609 406
534 412
620 415
581 344
526 408
600 357
545 421
586 422
518 404
537 417
538 382
611 366
578 418
557 395
603 362
530 378
531 343
549 391
550 356
542 352
515 398
602 403
621 416
507 394
508 359
527 372
613 412
614 377
519 368
560 406
606 373
579 419
625 386
511 364
598 432
531 379
571 415
590 428
618 347
563 411
542 388
582 424
583 389
543 353
529 418
535 349
508 395
554 362
595 363
627 432
541 392
501 356
606 409
532 423
511 400
552 401
639 406
572 416
544 397
618 383
564 412
523 374
605 413
610 379
629 392
556 408
624 426
575 421
622 353
522 415
568 382
608 418
636 400
514 411
587 395
628 396
534 389
607 373
553 402
526 385
599 369
545 398
546 363
518 381
537 394
577 430
497 358
538 359
611 343
617 423
503 401
549 368
609 419
569 346
515 375
601 415
602 380
620 428
621 393
640 406
567 422
613 389
527 349
614 354
632 402
578 431
538 395
579 396
551 414
598 409
570 427
571 392
550 369
582 401
542 365
602 416
507 407
548 408
508 372
527 385
540 404
560 419
565 348
625 399
571 428
612 429
618 360
563 424
523 351
604 425
564 389
583 402
624 403
556 385
576 363
594 411
522 392
595 376
568 359
541 405
587 372
514 388
533 401
534 366
607 350
552 414
553 379
525 397
599 346
544 410
545 375
605 426
537 371
597 422
557 349
589 418
503 378
568 395
609 396
628 409
601 392
534 402
506 383
580 369
620 405
621 370
526 398
567 399
613 366
586 412
546 376
518 394
537 407
578 408
538 372
530 368
603 352
598 386
570 404
549 381
496 375
569 359
536 411
601 428
515 388
602 393
621 406
507 384
527 362
499 380
613 402
614 367
560 396
519 358
600 432
579 409
511 354
571 405
572 370
590 418
563 401
591 383
564 366
582 414
543 343
583 379
556 362
529 408
521 404
595 353
500 381
540 417
513 400
627 422
541 382
587 349
492 377
533 378
512 355
593 429
553 356
585 425
545 352
564 402
610 369
624 416
556 398
597 399
502 390
576 376
617 377
522 405
608 408
568 372
609 373
514 401
628 386
533 414
574 415
534 379
580 346
620 382
553 392
525 410
566 411
518 371
586 389
537 384
577 420
557 362
598 363
617 413
589 431
503 391
549 358
609 409
515 365
601 405
620 418
506 396
507 361
621 383
567 412
613 379
499 357
586 425
559 408
560 373
578 421
619 422
551 404
570 417
598 399
571 382
572 347
590 395
591 360
563 378
509 407
582 391
529 385
575 352
508 362
594 365
635 403
500 358
540 394
541 359
627 399
606 376
532 390
511 367
593 406
552 368
572 383
612 419
544 364
618 350
563 414
604 415
610 346
605 380
510 408
624 393
521 394
556 375
594 378
529 421
534 356
575 388
616 389
576 353
568 349
513 413
514 378
587 362
628 363
607 340
552 404
639 409
553 369
525 387
565 423
526 352
544 400
545 365
605 416
537 361
597 412
616 425
503 368
589 408
609 386
555 415
628 399
601 382
602 347
574 428
620 395
547 411
539 407
567 389
613 356
518 384
558 420
586 402
538 362
570 394
598 376
571 359
631 410
590 372
536 401
582 368
602 383
528 397
507 374
527 352
559 421
600 422
560 386
606 353
551 417
625 366
572 360
563 391
591 373
603 427
564 356
583 369
510 385
624 370
556 352
569 434
529 398
615 401
548 411
522 359
595 343
540 407
627 412
541 372
513 390
514 355
593 419
552 381
525 364
585 415
544 377
605 393
596 424
624 406
597 389
543 418
502 380
616 402
617 367
589 385
494 376
568 362
609 363
514 391
555 392
601 359
534 369
574 405
525 400
526 365
567 366
518 361
558 397
586 379
578 375
524 404
598 353
570 371
503 381
590 349
495 377
622 418
515 355
601 395
602 360
506 386
588 425
621 373
567 402
613 369
559 398
578 411
619 412
579 376
551 394
570 407
611 408
590 385
591 350
563 368
536 414
582 381
509 397
623 382
583 346
529 375
548 388
521 371
540 384
627 389
513 367
532 380
533 345
592 431
593 396
552 358
498 387
612 409
584 427
544 354
585 392
604 405
624 383
556 365
596 401
597 366
502 357
616 379
521 407
617 344
562 408
513 403
554 404
587 352
514 368
533 381
573 417
534 346
574 382
525 377
566 378
585 428
626 429
545 355
577 387
537 351
597 402
638 403
502 393
503 358
589 398
609 376
555 405
601 372
574 418
506 363
587 437
620 385
547 401
566 414
567 379
613 346
558 410
586 392
578 388
505 404
619 389
551 371
570 384
598 366
571 349
516 413
590 362
622 431
536 391
582 358
528 387
529 352
520 383
634 405
499 360
540 361
560 376
600 412
619 425
592 408
611 421
498 364
572 350
584 404
563 381
603 417
564 346
604 382
510 375
550 411
623 395
624 360
596 378
569 424
529 388
615 391
561 420
521 384
562 385
541 362
627 402
532 393
552 371
593 409
525 354
585 405
605 383
596 414
597 379
616 392
589 375
617 357
535 404
608 388
609 353
554 417
555 382
601 349
573 430
574 395
547 378
620 362
565 426
526 355
567 356
558 387
518 351
559 352
577 400
505 381
570 361
598 343
516 390
630 412
536 368
622 408
602 350
528 364
547 414
588 415
539 410
607 428
613 359
580 411
559 388
600 389
560 353
551 384
619 402
592 385
611 398
571 362
612 363
563 358
509 387
528 400
569 401
529 365
615 368
548 378
521 361
594 345
540 374
627 379
513 357
532 370
592 421
593 386
612 399
498 377
585 382
544 344
603 430
531 411
605 360
596 391
556 355
597 356
542 420
616 369
543 385
589 352
562 398
608 365
535 381
514 358
554 394
555 359
525 367
565 403
566 368
545 345
512 397
586 346
618 415
610 411
524 371
589 388
630 389
535 417
609 366
576 418
622 385
595 431
555 395
601 362
547 391
607 405
567 369
599 401
559 365
505 394
578 378
551 361
524 407
598 356
611 375
516 403
590 352
536 381
622 421
509 364
588 428
548 355
580 424
540 351
600 402
532 347
592 398
593 363
611 411
584 394
612 376
530 423
531 388
604 372
510 365
623 385
596 368
569 414
542 397
615 381
561 410
608 342
508 404
513 370
541 352
554 371
573 384
574 349
519 413
606 418
565 380
585 395
511 409
544 357
625 431
605 373
577 354
618 392
637 405
523 383
543 398
589 365
629 401
575 430
608 378
609 343
554 407
595 408
574 385
587 404
620 352
566 381
567 346
607 382
512 410
558 377
618 428
577 390
578 355
638 406
610 424
497 367
570 351
630 402
576 431
622 398
536 358
568 427
528 354
520 350
607 418
580 401
581 366
599 414
600 379
619 392
546 408
538 404
611 388
571 352
584 371
517 381
563 348
603 384
604 349
549 413
623 362
569 391
529 355
615 358
520 386
602 425
521 351
540 364
581 402
532 360
573 361
614 399
633 412
593 376
584 407
585 372
625 408
531 401
605 350
550 414
624 363
597 346
542 410
616 359
543 375
562 388
535 371
594 420
554 384
555 349
573 397
574 362
547 345
565 393
493 374
626 409
558 354
577 367
504 383
618 405
523 396
610 401
524 361
629 414
516 357
576 408
595 421
547 381
587 417
607 395
539 377
534 411
580 378
553 424
559 355
600 356
545 420
505 384
546 385
570 364
497 380
517 358
557 394
536 371
509 354
528 367
515 397
520 363
580 414
540 341
581 379
600 392
613 411
546 421
592 388
593 353
538 417
612 366
585 349
598 431
603 397
531 378
604 362
550 391
510 355
596 358
615 371
542 387
561 400
562 365
513 360
508 394
527 407
614 412
500 390
573 374
519 403
606 408
565 370
625 421
626 386
512 364
618 382
591 428
564 411
523 373
610 378
543 388
583 424
629 391
535 384
576 385
595 398
501 391
547 358
587 394
533 423
539 354
512 400
553 401
558 367
504 396
545 397
610 414
524 374
516 370
630 392
576 421
536 348
617 422
622 388
568 417
609 418
588 395
580 391
620 427
599 404
600 369
586 434
619 382
592 365
632 401
538 394
611 378
557 407
530 390
598 408
509 367
549 403
550 368
569 381
542 364
561 377
602 415
621 428
507 406
508 371
527 384
613 424
573 351
633 402
565 347
606 385
498 357
585 362
511 376
625 398
626 363
571 427
572 392
596 371
591 405
563 423
543 365
583 401
575 397
608 345
508 407
554 374
594 410
501 368
574 352
565 383
606 421
511 412
552 413
512 377
572 428
577 357
544 409
618 395
564 424
523 386
524 351
610 391
556 420
629 404
576 398
622 365
587 407
628 408
588 372
534 401
607 385
539 367
580 368
599 381
600 346
545 410
546 375
497 370
611 355
557 384
603 351
549 380
528 357
569 358
601 427
602 392
507 383
613 401
527 361
632 414
538 407
579 408
530 403
598 421
604 352
571 404
550 381
591 382
596 348
542 377
582 413
508 384
548 420
594 387
527 397
500 380
519 393
565 360
625 411
512 354
572 405
618 372
564 401
523 363
624 415
629 381
556 397
594 423
522 404
568 371
541 417
501 381
547 348
587 384
514 400
588 349
493 377
607 362
534 378
580 345
525 409
553 391
504 386
545 387
524 364
537 383
516 360
557 361
617 412
589 430
503 390
568 407
588 385
601 404
534 414
620 417
581 346
567 411
600 359
546 388
592 355
578 420
538 384
584 351
557 397
530 380
603 364
550 358
569 371
542 354
515 400
602 405
561 367
621 418
613 414
527 374
500 357
606 375
579 421
511 366
625 388
618 349
590 430
591 395
564 378
510 407
583 391
543 355
529 420
595 365
500 393
541 394
627 434
513 412
533 390
512 367
552 403
553 368
639 408
618 385
544 399
504 363
523 376
564 414
610 381
605 415
556 410
624 428
597 411
616 424
617 389
608 420
636 402
514 413
587 397
628 398
534 391
574 427
620 394
580 358
566 423
545 400
518 383
586 401
538 361
611 345
557 374
503 403
617 425
549 370
609 421
569 348
602 382
620 430
506 408
579 398
507 373
621 395
640 408
567 424
613 391
527 351
499 369
586 437
559 420
606 352
551 416
625 365
598 411
530 393
531 358
571 394
590 407
591 372
563 390
582 403
508 374
540 406
614 392
627 411
560 421
519 383
532 402
565 350
606 388
618 362
563 426
604 427
523 353
583 404
624 405
556 387
596 423
575 400
576 365
616 401
522 394
568 361
541 407
514 390
587 374
607 352
552 416
525 399
544 412
545 377
557 351
589 420
503 380
617 402
549 347
609 398
515 354
602 359
620 407
621 372
526 400
567 401
518 396
592 345
538 374
578 410
579 375
530 370
598 388
550 348
590 384
591 349
496 377
542 344
582 380
515 390
561 357
602 395
507 386
548 387
527 364
499 382
614 369
560 398
519 360
579 411
511 356
571 407
572 372
563 403
591 385
564 368
583 381
556 364
615 413
521 406
594 390
522 371
595 355
540 419
541 384
513 402
587 351
532 415
533 380
593 431
525 376
553 358
585 427
556 400
624 418
597 401
502 392
589 397
522 407
568 374
609 375
514 403
555 404
588 352
574 417
534 381
580 348
620 384
566 413
545 390
586 391
518 373
578 387
538 351
598 365
530 347
503 393
549 360
590 361
515 367
602 372
506 398
507 363
621 385
567 414
499 359
613 381
614 346
559 410
560 375
578 423
606 342
619 424
551 406
570 419
598 401
571 384
590 397
591 362
509 409
583 358
528 422
575 354
548 400
635 405
521 383
540 396
500 360
627 401
532 392
533 357
612 421
585 404
544 366
618 352
604 417
610 348
623 430
510 410
556 377
596 413
624 395
617 356
541 397
514 380
587 364
628 365
573 429
607 342
534 358
574 394
565 425
525 389
544 402
545 367
586 368
605 418
537 363
597 414
589 410
503 370
608 423
609 388
601 384
602 349
574 430
620 397
547 413
506 375
539 409
607 427
567 391
613 358
558 422
560 352
578 400
598 378
530 360
570 396
571 361
517 390
590 374
496 367
520 395
594 344
499 372
614 359
540 373
581 411
600 424
519 350
560 388
551 419
592 420
584 416
572 362
603 429
563 393
564 358
604 394
510 387
556 354
615 403
616 368
521 396
522 361
627 414
541 374
514 357
532 405
573 406
552 383
593 421
525 366
553 348
545 344
605 395
596 426
543 420
616 404
617 369
589 387
494 378
535 416
609 365
514 393
555 394
601 361
574 407
547 390
526 367
567 368
546 345
586 381
518 363
559 364
577 412
538 341
524 406
570 373
516 402
590 351
495 379
622 420
602 362
506 388
548 354
567 404
580 423
559 400
560 365
600 401
579 378
570 409
571 374
612 375
591 352
536 416
510 364
528 412
529 377
520 408
581 424
540 386
627 391
532 382
533 347
592 433
552 360
593 398
612 411
498 389
585 394
531 423
605 372
597 368
616 381
617 346
609 342
