438 369
438 370
437 368
439 370
438 367
439 367
438 368
437 366
438 365
439 364
440 365
441 364
442 363
438 371
437 372
436 371
435 372
437 369
440 368
441 367
442 366
443 364
440 371
441 370
442 369
443 370
444 369
444 365
444 366
443 367
445 364
446 363
447 362
434 373
433 372
432 373
431 374
430 373
436 370
435 369
439 372
441 369
446 365
447 364
432 375
433 374
435 371
430 375
444 367
443 369
445 366
431 376
434 375
436 372
439 365
441 362
441 371
447 366
438 363
432 377
433 376
435 373
437 367
443 362
429 372
428 373
443 371
445 368
434 368
433 367
432 366
433 365
432 364
434 364
431 367
430 366
429 365
428 364
430 364
428 366
427 367
426 367
434 366
428 368
432 368
435 364
436 363
435 362
436 361
437 360
435 360
438 359
434 362
438 361
425 368
424 369
425 370
426 369
424 371
425 372
423 372
422 372
426 371
424 373
430 368
434 359
431 369
436 365
431 378
434 377
435 378
436 377
436 379
435 380
434 380
433 381
432 382
431 381
431 383
434 382
432 384
433 383
434 384
433 385
435 382
437 376
438 377
423 374
422 374
426 373
433 360
432 360
432 359
431 360
430 359
429 358
428 357
429 356
430 355
427 358
430 357
428 359
427 360
426 360
430 361
437 378
429 374
441 366
433 362
433 371
422 371
421 370
433 380
445 363
434 363
426 359
426 368
436 381
430 356
437 364
448 364
429 360
437 373
437 374
429 369
440 369
437 382
437 383
421 374
441 361
440 360
433 366
433 375
422 375
422 376
434 358
433 357
444 362
444 371
445 372
445 373
436 367
425 367
436 376
428 372
437 359
429 355
429 364
440 364
437 377
429 373
440 373
440 374
441 375
441 376
421 369
441 365
433 361
433 370
422 370
432 374
432 383
435 379
436 362
425 371
428 367
436 380
448 363
437 363
440 359
429 359
429 368
440 377
440 378
440 379
441 380
441 379
421 373
433 356
434 355
434 354
433 353
433 352
432 369
447 367
448 368
448 369
449 370
432 378
435 374
424 374
435 383
444 361
444 370
436 366
425 366
436 375
425 375
425 376
428 371
436 384
436 385
436 386
437 386
437 358
436 357
429 354
428 353
448 367
429 363
428 362
440 363
440 372
421 368
422 367
422 366
421 365
421 364
443 365
433 351
434 350
434 349
433 348
433 347
434 346
434 345
432 355
425 361
425 362
426 363
426 364
424 360
444 374
444 375
444 376
445 377
443 374
428 375
428 376
429 377
429 378
429 379
428 380
428 381
429 382
429 383
440 358
441 357
441 356
440 355
440 354
442 377
421 363
422 362
422 361
421 360
421 359
422 358
423 358
422 357
422 356
421 355
421 354
422 353
422 352
421 351
421 350
422 351
443 360
420 367
443 378
443 379
444 380
444 381
445 382
444 379
432 350
435 355
444 360
445 359
445 358
444 357
444 356
445 355
446 356
445 354
447 357
447 358
448 359
448 358
436 356
437 355
438 356
437 354
437 353
438 352
438 351
437 350
437 349
436 348
436 352
436 347
428 352
427 351
426 351
426 350
426 349
425 348
425 352
425 353
426 354
426 355
425 347
426 346
427 346
426 345
424 346
425 356
425 357
424 355
425 365
424 364
438 384
428 361
428 370
427 374
439 376
442 372
421 349
422 348
423 349
422 347
421 346
439 385
439 386
440 387
442 381
443 355
420 353
420 362
419 361
418 360
418 359
417 358
417 357
418 358
417 361
417 362
418 363
418 364
419 365
418 365
417 366
417 367
418 368
418 369
419 370
416 365
416 360
415 359
414 358
415 358
414 357
417 370
416 370
417 371
417 372
418 373
418 374
417 375
417 376
417 377
418 378
418 377
416 374
416 369
415 368
414 367
414 366
413 365
413 364
414 363
415 363
414 362
414 361
413 360
431 362
443 373
420 371
423 367
431 380
443 382
443 383
443 384
444 385
444 384
423 376
432 354
431 353
430 352
435 350
424 350
442 354
432 363
435 359
447 361
413 359
412 358
411 357
411 356
410 355
410 354
410 358
410 359
410 360
411 361
411 362
411 360
410 363
410 364
411 365
411 366
409 363
409 358
409 362
412 367
424 359
432 372
431 371
413 368
413 369
447 370
447 371
447 372
448 373
448 374
448 372
447 375
447 376
447 377
448 378
448 377
435 368
424 368
416 364
435 377
424 377
424 378
424 379
425 380
425 381
426 382
444 355
416 373
415 372
414 372
414 371
413 373
413 374
412 372
411 371
411 370
410 369
410 368
410 372
409 372
409 367
409 371
408 370
409 366
446 374
425 351
436 351
446 383
428 347
429 346
430 347
430 348
429 345
428 348
429 349
429 350
429 344
438 379
449 379
428 356
417 356
418 355
419 356
418 354
417 353
417 352
416 351
415 350
415 349
414 348
416 355
415 354
414 353
415 353
414 352
439 353
430 384
409 361
439 362
442 358
439 371
450 371
450 372
451 373
451 374
452 375
452 376
453 377
454 378
454 379
455 380
455 381
456 382
456 381
451 377
451 378
452 379
452 380
451 379
450 376
454 382
454 383
455 384
455 385
455 386
456 387
456 386
454 387
453 386
452 385
452 384
451 383
454 388
455 389
455 390
456 391
451 382
450 381
457 388
458 388
459 388
460 389
459 387
461 390
462 391
463 390
463 389
462 388
462 392
462 393
463 394
462 395
463 395
464 396
439 358
461 395
460 394
459 393
459 392
462 387
461 386
460 385
460 384
459 383
459 382
458 381
462 396
465 397
466 398
467 397
467 396
466 395
466 399
466 400
467 401
466 394
458 394
458 395
459 396
457 393
468 398
469 399
470 399
471 399
471 398
470 397
470 396
469 395
470 400
470 401
470 402
471 403
469 394
469 403
469 404
470 405
470 406
468 403
465 401
465 402
466 403
466 404
466 405
467 406
467 405
465 406
468 407
469 408
469 409
470 410
470 411
469 412
469 413
469 414
470 415
468 412
467 412
466 413
466 414
467 415
465 415
458 380
459 379
460 380
459 378
459 377
460 376
459 375
459 374
460 375
460 382
459 373
458 376
419 352
419 351
418 350
417 349
417 348
418 349
461 381
462 382
463 381
464 382
463 380
462 379
462 383
463 384
463 385
462 378
463 379
464 378
464 377
463 376
464 375
463 375
462 374
461 373
462 373
465 383
466 382
467 383
466 381
467 382
466 380
467 379
467 378
467 377
468 376
468 375
467 374
467 373
466 376
466 375
466 384
466 385
466 386
466 387
467 388
467 387
466 389
466 390
465 391
467 391
467 392
465 388
464 387
469 376
470 377
471 376
472 377
471 375
470 378
473 378
473 379
474 380
473 381
472 382
471 382
474 381
475 382
470 383
471 384
471 385
430 380
460 381
473 383
474 384
475 385
474 385
470 382
469 381
470 380
471 380
474 379
475 378
475 377
473 377
433 349
424 375
430 371
474 376
474 375
473 374
472 373
464 414
468 384
465 378
458 375
457 374
469 384
442 367
461 380
420 348
431 357
451 372
452 371
453 372
423 353
464 391
443 368
454 377
453 381
432 358
424 354
416 350
435 363
468 397
446 378
438 374
417 351
419 347
468 395
463 413
463 412
462 411
457 387
430 370
427 364
419 360
439 375
471 407
471 408
450 384
449 383
442 380
420 361
412 357
472 408
473 407
474 408
431 370
423 366
476 378
468 374
434 381
413 358
426 377
426 378
446 355
416 363
449 360
449 361
415 367
467 414
439 352
430 383
450 361
469 374
442 357
408 364
427 377
419 373
431 347
472 385
464 381
412 370
453 371
445 367
468 387
446 368
465 381
438 364
457 377
430 360
449 373
427 354
419 350
460 388
471 397
442 370
441 374
420 351
452 383
474 409
473 410
472 398
473 397
474 398
464 394
423 356
474 407
434 371
453 384
445 380
415 357
467 404
471 374
437 381
456 394
455 395
440 386
441 385
419 363
471 410
472 375
470 414
475 380
441 387
414 370
434 348
445 357
411 364
463 411
426 380
467 381
446 358
438 354
456 378
448 383
458 386
415 374
468 413
462 412
456 373
441 384
455 372
456 372
461 413
458 385
430 350
449 363
415 370
456 371
427 344
460 378
452 373
464 384
463 388
474 397
434 361
475 396
474 395
466 393
426 357
445 370
467 394
459 390
437 371
456 384
429 367
439 363
461 391
428 344
435 367
440 383
416 361
415 373
419 357
449 357
431 349
449 356
470 398
474 399
474 400
448 355
475 400
476 401
448 380
447 381
440 376
460 391
470 404
422 364
441 377
414 360
433 373
473 409
452 386
411 354
474 410
466 406
425 374
415 355
475 401
421 347
454 370
449 375
424 361
441 381
456 377
442 368
475 406
468 409
467 410
436 383
421 352
426 356
466 409
437 348
428 379
438 347
448 357
440 353
441 352
471 377
418 371
437 384
429 380
461 374
447 378
428 355
435 347
423 369
444 354
448 382
435 346
452 370
423 354
473 411
474 394
473 393
451 369
461 412
460 411
459 411
459 410
421 376
441 354
433 350
410 366
462 413
463 378
414 373
455 374
454 374
455 375
434 351
426 347
476 376
477 375
466 383
444 364
436 360
467 384
459 380
418 348
478 374
437 361
456 374
429 357
448 370
479 375
421 353
440 366
451 381
444 353
444 352
470 394
422 354
462 390
414 350
454 386
433 363
473 399
471 394
474 412
472 395
475 413
432 367
463 391
455 387
447 383
466 396
425 364
474 413
466 408
443 375
454 375
450 368
427 362
478 373
477 372
409 368
450 363
464 397
430 376
426 370
422 377
479 374
467 407
468 394
440 382
461 414
449 362
433 369
431 372
421 378
421 379
439 346
444 377
417 360
436 373
422 380
466 391
473 406
471 400
476 395
428 369
418 361
450 369
420 372
462 415
455 376
455 394
428 354
427 366
454 393
453 392
453 391
452 393
452 394
451 392
453 394
429 370
469 406
421 366
473 385
412 355
448 354
413 355
443 356
435 384
430 381
423 377
420 369
441 351
442 350
442 349
473 376
410 356
441 348
442 347
470 407
473 412
474 377
447 360
466 373
413 367
432 380
424 376
421 362
441 347
440 350
447 368
473 392
472 391
416 372
435 385
436 350
448 366
471 381
473 401
473 402
474 403
475 403
428 346
425 377
465 413
474 404
472 406
462 410
463 409
417 373
458 374
437 351
463 408
409 369
462 407
428 382
469 383
429 347
462 406
448 360
446 379
461 409
455 371
474 393
431 359
476 412
477 413
476 411
478 413
479 412
479 411
477 410
461 379
440 356
451 371
470 384
461 415
462 380
454 376
432 357
424 353
476 400
455 377
447 373
465 390
425 354
442 388
443 388
444 387
417 350
439 374
458 387
478 410
478 411
477 409
477 408
418 351
477 400
478 401
478 400
479 401
450 383
469 396
442 379
461 392
421 356
420 360
472 407
451 384
430 369
477 399
477 398
477 397
423 365
443 380
478 397
475 412
454 389
479 398
413 357
432 370
478 396
424 366
474 373
416 362
476 413
475 373
478 372
419 367
449 384
448 385
447 386
435 375
465 403
464 404
438 386
417 363
448 387
430 382
409 359
477 377
478 378
479 379
479 378
478 380
450 360
451 359
469 373
440 346
427 376
419 372
451 361
452 361
453 361
470 374
443 357
420 373
412 369
431 382
432 347
423 378
435 352
468 386
447 363
413 370
446 367
465 380
416 375
457 376
436 353
449 372
428 349
479 380
452 362
480 381
481 381
452 363
481 380
482 379
481 378
482 378
482 381
483 382
483 381
484 382
484 381
479 400
458 377
450 373
469 386
461 382
420 350
472 397
464 393
423 355
475 402
453 383
445 379
424 356
416 352
435 365
476 403
468 399
480 373
446 380
465 393
438 376
457 389
430 372
449 385
442 346
443 345
419 362
439 377
479 413
480 414
481 414
481 413
482 412
481 411
482 411
482 414
483 414
484 415
484 414
483 416
471 409
472 374
442 382
443 347
483 383
483 384
475 379
441 386
420 363
412 359
472 410
423 368
464 406
484 384
485 385
486 384
476 380
434 383
426 379
446 357
438 353
415 369
459 412
459 413
439 354
471 386
471 387
442 359
461 372
408 366
427 379
460 413
419 375
472 387
473 387
474 387
423 345
464 383
475 392
475 391
475 390
476 391
476 390
434 360
453 373
445 369
468 389
467 393
446 370
438 366
478 402
478 403
457 379
430 362
456 383
427 356
460 390
479 403
480 404
481 403
482 413
486 383
486 382
453 363
454 364
455 365
455 364
454 366
481 402
481 401
482 401
482 403
483 404
484 405
485 405
486 405
486 404
484 404
483 406
486 406
487 407
488 408
485 407
485 408
486 407
488 407
489 406
490 407
491 408
489 408
487 409
487 410
488 410
490 409
490 410
491 410
492 411
493 411
489 407
492 412
492 413
493 413
494 413
485 409
485 410
485 386
485 387
481 415
480 416
482 380
486 386
487 387
487 386
488 385
488 387
456 363
455 362
456 362
457 364
457 365
458 365
459 365
456 361
458 364
457 366
458 367
473 388
473 389
474 389
488 409
480 405
480 406
489 410
481 405
484 416
447 385
489 387
490 387
491 388
490 389
440 345
477 412
451 360
470 373
481 382
480 383
480 384
441 346
454 365
462 405
455 366
477 389
478 388
479 389
476 388
477 388
479 388
478 390
478 391
479 391
480 391
481 391
481 390
482 389
482 391
477 387
479 390
482 390
478 392
479 393
480 394
480 393
481 393
481 392
482 393
483 394
483 393
484 392
484 394
485 395
486 394
486 396
487 397
488 398
485 397
488 397
489 396
488 395
490 397
490 398
491 398
489 395
489 398
491 397
487 399
490 399
490 400
491 400
492 401
492 400
493 399
494 400
495 401
493 401
496 401
497 402
498 402
498 401
494 402
494 403
495 403
498 403
499 404
497 404
493 400
489 397
492 402
492 403
493 403
495 402
496 403
488 399
480 395
480 396
469 385
458 412
491 409
470 386
473 391
484 406
476 402
487 411
480 372
465 392
488 412
458 389
450 385
469 398
443 346
461 394
481 372
472 409
464 405
484 383
475 414
475 415
476 379
487 388
487 389
453 395
444 346
445 345
446 346
446 345
445 347
446 347
447 348
448 348
448 347
448 349
449 350
449 351
450 351
447 350
450 350
451 349
452 348
453 349
450 348
452 350
452 351
453 351
451 348
451 351
453 350
449 352
452 352
452 353
453 353
454 354
454 353
455 352
456 351
455 354
456 350
456 349
455 353
456 353
457 354
451 350
454 355
454 356
455 356
476 415
468 411
488 389
480 385
465 405
458 366
477 379
450 362
469 375
408 365
427 378
419 374
460 412
472 386
431 348
491 399
451 363
483 395
483 396
443 359
494 404
494 405
420 375
412 371
431 384
432 349
423 380
424 345
484 396
435 354
476 392
495 405
468 388
446 369
465 382
425 346
457 378
449 374
428 351
427 355
439 366
479 402
458 379
450 375
490 411
490 412
442 371
461 384
420 352
431 361
472 399
491 412
423 357
464 395
475 404
434 372
453 385
445 381
424 358
416 354
457 355
457 356
468 401
480 375
446 382
438 378
478 414
478 415
457 391
430 374
449 387
450 352
490 388
442 348
456 395
427 368
419 364
479 415
471 411
472 376
491 389
492 390
493 389
492 391
494 390
494 391
495 391
493 391
495 390
496 391
497 392
498 391
498 390
494 392
494 393
495 393
497 393
497 394
498 393
499 394
500 394
501 393
500 392
501 394
493 390
496 390
499 395
499 396
500 396
492 392
495 392
496 393
498 392
451 353
443 349
483 385
483 386
475 381
494 394
420 365
433 384
412 361
453 362
423 370
464 408
484 386
497 405
497 406
476 382
468 378
434 385
426 381
486 395
446 359
438 355
457 368
430 351
449 364
415 371
407 367
407 368
427 345
459 414
459 415
460 379
439 356
479 392
498 405
471 388
471 389
450 365
490 401
442 361
408 368
460 415
419 377
452 374
493 412
431 351
472 389
423 347
464 385
475 394
482 402
453 375
426 358
445 371
415 348
467 395
446 372
486 408
459 391
478 404
478 405
449 377
456 385
448 381
419 354
460 392
479 405
471 401
422 365
441 378
452 387
453 352
445 348
445 349
411 355
497 395
497 396
476 372
482 415
474 411
466 407
445 384
446 349
486 385
478 381
478 382
438 345
444 388
449 354
415 361
467 408
479 382
498 395
471 378
418 372
437 385
429 381
421 377
441 355
452 364
452 365
493 402
472 379
485 398
485 399
410 367
475 384
422 378
462 414
482 392
414 374
434 352
474 388
453 365
426 348
445 361
411 368
463 415
467 385
486 398
459 381
478 394
430 354
437 362
456 375
407 370
489 409
448 371
440 367
492 414
471 391
470 392
470 395
422 355
481 404
441 368
414 351
433 364
473 400
452 377
485 411
463 392
482 405
455 388
474 401
434 365
447 384
466 397
426 361
444 378
436 374
415 351
456 352
467 398
459 394
500 395
479 372
418 362
477 411
437 375
456 388
429 371
469 407
448 384
421 367
440 380
441 345
501 396
452 354
493 392
485 388
485 389
410 357
470 408
422 368
414 364
482 382
473 413
433 377
474 378
466 374
445 351
432 381
411 358
463 405
496 402
466 410
465 411
467 375
486 388
425 378
465 414
417 374
437 352
409 370
456 365
428 383
429 348
448 361
489 399
440 357
492 404
458 411
418 375
470 385
421 380
462 381
441 358
481 394
433 354
473 390
493 405
410 370
463 382
482 395
455 378
474 391
447 374
425 355
444 368
436 364
428 360
488 411
480 407
480 408
459 384
418 352
437 365
477 401
469 397
429 361
489 412
421 357
461 393
440 370
451 385
443 381
462 394
481 407
454 390
414 354
482 372
483 373
484 374
485 375
485 374
485 376
485 377
484 373
483 375
485 378
455 355
473 403
447 351
447 352
432 371
424 367
444 345
476 414
435 376
455 391
468 410
496 392
447 387
446 388
488 388
499 397
499 398
465 404
417 364
409 360
477 378
456 355
489 389
448 351
440 347
500 398
477 414
451 362
469 410
470 375
443 358
481 384
454 367
454 368
473 380
420 374
432 348
423 379
484 395
435 353
455 368
495 404
487 400
487 401
466 377
413 371
424 380
425 345
444 358
416 376
436 354
496 405
428 350
488 401
480 397
458 378
477 391
450 374
429 351
469 387
461 383
491 411
451 375
483 407
483 408
462 384
454 380
432 361
424 357
484 408
416 353
435 366
476 404
468 400
487 413
486 414
480 374
446 381
465 394
425 358
457 390
417 354
449 386
428 363
480 410
439 378
479 414
458 391
450 387
451 352
469 400
442 383
443 348
461 396
481 374
454 357
454 358
453 359
420 364
412 360
472 411
431 373
464 407
484 385
476 381
495 394
455 358
456 359
457 358
468 377
447 354
487 390
487 391
486 392
413 361
424 370
444 348
416 366
457 367
488 391
480 387
465 407
439 355
498 404
458 368
477 381
450 364
469 377
442 360
408 367
427 380
419 376
460 414
431 350
472 388
451 365
491 401
423 346
483 397
483 398
482 399
443 361
475 393
494 406
420 377
412 373
453 374
432 351
424 347
484 398
476 394
435 356
468 390
487 403
446 371
465 384
457 380
430 363
449 376
427 357
419 353
439 368
479 404
450 377
490 413
442 373
483 374
420 354
431 363
472 401
423 359
483 410
484 375
447 344
448 345
449 344
434 374
453 387
413 351
412 351
411 352
412 350
445 383
446 348
416 356
457 357
449 353
415 360
480 377
446 384
478 416
438 380
493 414
483 391
475 387
482 404
453 368
452 367
486 401
485 401
486 410
478 406
450 344
451 345
501 395
483 377
481 416
485 414
453 354
445 350
497 397
482 408
486 378
487 379
446 351
486 387
457 351
449 347
478 383
457 360
456 364
460 371
479 384
501 399
501 400
493 395
485 391
493 404
452 366
485 400
482 385
453 358
452 357
482 394
474 390
453 367
497 401
486 391
478 387
450 349
486 400
456 368
489 402
489 411
492 407
458 414
427 365
470 388
481 397
481 406
493 408
493 409
485 404
485 413
482 398
482 407
486 377
478 393
488 414
456 354
448 350
489 388
500 397
492 393
477 404
489 415
448 386
481 383
452 347
501 398
485 381
452 356
493 394
451 388
452 389
485 390
481 410
482 375
453 348
482 384
455 367
497 391
496 395
496 404
486 381
499 400
459 364
488 400
478 377
478 386
437 345
456 358
477 390
489 392
490 393
456 367
489 401
500 401
500 402
492 397
492 406
458 413
470 387
481 387
452 360
493 398
481 396
485 394
485 403
482 388
484 407
495 407
487 412
496 408
488 404
480 400
488 413
480 409
477 385
477 394
458 390
471 390
469 390
477 403
489 405
450 386
456 392
492 410
481 373
452 346
453 345
485 380
491 414
470 391
451 387
481 400
455 348
473 396
482 374
454 392
455 357
473 405
447 353
484 402
484 411
476 407
444 347
447 380
496 394
447 389
447 390
488 390
499 390
480 386
459 363
460 362
460 361
459 360
459 359
499 399
456 348
477 380
448 344
480 413
489 391
500 391
448 353
440 349
500 400
439 381
492 396
477 407
451 355
442 386
451 364
481 377
454 360
461 408
473 373
481 386
454 369
473 382
485 384
472 414
473 415
420 376
451 391
450 390
464 410
443 387
484 388
455 361
484 397
474 374
476 393
487 393
455 370
495 406
487 402
444 351
496 398
496 399
495 397
459 358
488 394
496 407
480 390
488 403
499 403
480 399
458 362
465 410
477 384
450 367
469 380
477 393
461 376
469 389
461 385
454 346
491 395
491 404
451 368
470 381
472 400
483 400
491 413
462 377
454 373
494 409
483 409
473 386
475 405
455 347
413 350
484 401
476 397
495 410
495 411
484 410
468 393
476 406
487 406
468 402
487 415
487 416
480 376
465 387
457 383
417 347
465 396
457 392
458 357
449 388
450 353
480 403
479 407
427 369
458 384
450 380
439 380
479 416
469 393
458 393
471 412
442 376
461 389
450 389
451 354
491 390
442 385
454 350
443 350
420 357
454 359
494 395
412 353
420 366
472 404
431 366
412 362
423 362
443 377
483 413
431 375
472 413
484 378
464 409
475 409
423 371
476 374
455 351
484 387
435 345
476 383
447 347
487 383
495 396
468 379
447 356
487 392
453 390
413 354
445 386
424 363
413 363
416 359
446 360
476 410
465 373
464 373
468 406
416 368
457 369
436 346
449 365
468 415
480 380
499 393
446 387
480 389
465 400
438 383
439 348
498 397
430 379
458 361
477 374
439 357
450 357
458 370
458 371
498 406
442 353
450 366
490 402
469 379
442 362
461 375
427 373
408 369
419 369
439 384
427 382
419 378
472 381
451 358
491 394
472 390
483 390
431 352
443 354
491 403
464 386
423 348
475 386
443 363
483 399
454 363
494 399
475 395
420 370
494 408
412 366
431 379
464 413
423 375
453 376
484 391
432 353
435 349
476 387
424 349
495 400
468 383
435 358
487 396
476 396
468 392
487 405
446 364
465 377
438 360
446 373
457 373
486 409
465 386
449 369
457 382
430 365
449 378
415 376
414 376
427 350
419 346
427 359
479 397
439 361
460 393
419 355
471 393
479 406
450 370
490 406
471 402
490 415
451 344
442 375
483 376
475 372
454 349
420 347
420 356
472 394
431 356
491 407
423 352
412 352
464 390
452 388
472 403
431 365
483 403
423 361
475 399
494 412
483 412
484 377
475 408
476 373
434 367
482 416
487 382
453 380
434 376
445 376
453 389
426 372
445 385
416 349
446 350
457 350
449 346
438 346
468 396
457 359
449 355
467 400
415 362
446 377
486 413
467 409
478 409
438 373
457 386
438 382
449 382
439 347
479 383
450 347
458 360
430 378
498 396
471 379
490 392
456 390
450 356
442 352
427 363
419 359
479 410
427 372
419 368
471 406
471 415
483 380
472 380
491 393
475 376
464 376
483 389
494 389
441 383
494 398
422 379
433 379
412 356
452 392
414 375
453 357
445 353
434 353
464 403
453 366
445 362
497 400
476 377
411 369
468 373
463 407
468 382
453 393
426 376
466 412
445 389
446 354
486 390
467 386
438 350
486 399
457 363
430 346
478 395
449 359
457 372
415 366
449 368
415 375
467 413
456 376
460 374
427 349
439 351
479 387
498 400
471 383
460 383
490 396
479 396
471 392
442 356
448 390
490 405
408 363
441 360
460 410
452 369
493 407
431 346
432 345
472 384
420 346
452 378
464 380
485 412
423 351
464 389
475 389
482 397
463 393
434 357
482 406
453 370
426 353
474 402
453 379
426 362
445 375
411 373
457 349
449 345
415 352
467 390
486 403
459 386
453 347
478 399
467 399
486 412
459 395
460 360
478 408
479 373
456 380
450 346
489 414
448 376
456 389
427 353
490 391
419 349
460 387
440 381
419 358
460 396
471 396
501 397
452 355
493 393
483 379
422 360
470 409
481 409
475 375
441 373
414 356
422 369
441 382
452 382
414 365
482 383
433 378
485 416
473 414
452 391
453 356
445 352
497 390
411 359
497 399
482 410
455 393
463 406
450 358
474 406
434 370
426 366
466 402
474 415
446 344
486 380
426 375
466 411
467 376
478 376
486 389
457 353
446 353
459 372
438 349
444 383
449 349
478 385
425 379
430 345
415 356
449 358
456 357
467 403
415 365
456 366
448 362
460 364
489 400
478 412
479 377
471 373
460 373
479 386
492 405
418 367
437 380
477 416
456 393
418 376
429 376
448 389
421 372
440 385
441 350
422 346
433 346
481 395
493 397
441 359
452 359
485 393
433 355
452 368
493 406
410 362
485 402
470 413
462 409
422 373
410 371
463 374
414 369
482 387
433 382
434 347
463 383
474 383
482 396
453 360
455 379
466 379
474 392
434 356
445 356
466 388
426 352
497 403
411 363
445 365
411 372
463 410
466 415
467 380
486 393
459 376
467 389
478 389
430 349
459 385
478 398
437 357
460 359
456 370
418 353
429 353
477 402
489 404
456 379
429 362
440 362
448 375
460 377
489 413
421 358
492 409
406 369
452 345
485 379
470 390
433 359
449 366
422 350
451 386
462 386
481 399
441 363
422 359
473 395
441 372
481 408
493 410
452 372
482 373
414 355
454 391
485 406
473 404
433 368
453 346
485 415
463 387
482 400
455 383
463 396
474 396
497 398
447 379
455 392
466 392
474 405
447 388
466 401
486 379
425 360
459 362
478 375
444 373
436 369
425 369
459 371
444 382
478 384
417 365
428 365
488 416
436 378
428 374
480 412
456 356
459 389
489 390
448 352
440 348
500 399
460 363
418 357
492 395
437 370
477 406
418 366
429 366
469 402
437 379
477 415
448 379
440 375
429 375
469 411
481 376
470 376
421 371
461 407
440 384
441 349
481 385
452 349
485 383
433 345
452 358
493 396
485 392
451 390
470 403
443 386
410 361
422 363
470 412
481 412
454 395
482 377
414 359
455 360
473 408
462 408
463 373
482 386
414 368
455 369
474 382
445 346
447 365
466 378
432 376
411 353
413 372
424 372
444 350
435 381
424 381
444 359
416 377
496 397
490 394
436 355
488 393
496 406
488 402
499 402
459 366
478 379
480 398
465 409
425 373
444 386
417 369
436 382
425 382
437 347
409 365
477 383
417 378
456 360
428 378
437 356
489 394
448 356
477 392
456 369
429 352
440 352
469 388
489 403
448 365
421 348
440 361
492 399
441 353
418 370
492 408
451 367
469 415
458 415
421 375
461 411
462 376
451 376
481 389
470 389
454 372
443 372
422 349
462 385
481 398
454 381
420 379
473 394
485 396
433 358
410 365
432 362
484 400
463 377
484 409
455 373
495 409
463 386
474 386
476 405
447 369
455 382
487 414
425 350
444 363
459 361
436 359
425 359
465 395
444 372
417 355
459 370
488 406
436 368
480 402
488 415
480 411
418 347
458 383
477 396
439 379
450 379
418 356
469 392
458 392
492 394
477 405
450 388
461 388
469 401
442 384
421 361
481 375
451 380
485 382
470 393
472 412
443 376
462 389
451 389
443 385
454 385
414 349
455 350
473 398
447 346
454 394
482 376
495 395
455 359
474 372
447 355
413 353
413 362
424 362
484 413
416 358
476 409
468 405
416 367
444 349
447 382
436 345
468 414
496 396
480 379
488 392
499 392
480 388
446 386
465 399
425 363
499 401
417 359
457 395
465 408
477 373
449 391
417 368
458 369
437 346
477 382
448 346
409 364
480 415
428 377
469 378
489 393
500 393
440 351
492 389
439 383
427 381
492 398
450 392
451 357
469 405
443 353
491 402
451 366
481 379
470 379
454 362
461 410
473 375
462 375
481 388
454 371
494 407
473 384
412 365
420 378
412 374
464 412
432 352
484 390
424 348
435 348
476 386
484 399
495 399
455 363
435 357
447 359
487 395
495 408
468 391
487 404
413 366
432 379
413 375
465 376
416 371
465 385
436 349
425 349
496 400
428 345
457 381
436 358
488 396
480 392
488 405
480 401
465 412
439 360
458 373
477 386
439 369
458 382
469 382
442 365
477 395
461 378
450 378
490 414
469 391
442 374
461 387
454 348
431 355
420 355
472 393
451 370
491 406
443 366
431 364
472 402
483 402
491 415
475 398
423 360
494 411
483 411
484 376
475 407
454 384
455 349
487 381
447 345
432 356
413 352
453 388
424 352
432 365
484 403
416 348
435 361
476 399
484 412
416 357
487 408
476 408
435 370
468 404
480 378
446 376
465 389
499 391
438 372
446 385
457 385
465 398
438 381
449 381
428 358
457 394
458 359
430 377
449 390
450 355
442 351
439 373
427 371
479 409
471 405
450 382
439 382
451 347
442 378
471 414
450 391
491 392
451 356
442 387
443 352
454 352
483 388
420 359
454 361
494 397
420 368
431 368
412 364
423 364
431 377
483 415
472 415
484 380
423 373
475 411
464 411
484 389
495 389
476 385
447 349
487 385
495 398
468 381
434 379
413 356
487 394
445 388
424 365
446 362
457 362
465 375
438 358
468 408
457 371
488 386
449 367
480 382
486 416
446 389
438 385
427 348
439 350
458 363
498 399
477 376
450 359
479 395
490 395
439 359
458 372
442 355
490 404
442 364
461 377
427 375
408 371
419 371
460 409
472 383
454 347
431 345
491 396
464 379
472 392
431 354
483 392
491 405
475 388
423 350
464 388
483 401
494 401
475 397
494 410
412 368
453 369
432 346
464 415
453 378
487 380
484 393
445 374
424 351
435 351
476 389
468 385
416 347
476 398
487 398
446 366
486 402
465 379
438 362
446 375
457 375
486 411
430 358
478 407
449 371
457 352
457 384
430 367
449 380
439 345
479 381
450 345
498 394
458 358
449 389
490 390
427 352
450 354
460 386
419 348
479 399
427 361
460 395
471 395
490 408
427 370
479 408
419 366
471 404
451 346
471 413
475 383
472 378
483 378
491 391
464 374
475 374
483 387
443 351
420 349
454 351
452 381
472 396
420 358
494 396
431 358
464 392
412 354
452 390
453 355
472 405
483 405
412 363
423 363
434 369
453 364
484 379
445 360
475 410
476 375
482 409
411 367
497 407
453 382
476 384
487 384
426 365
445 378
468 380
474 414
463 414
434 378
426 374
445 387
446 352
449 348
438 348
446 361
457 361
486 397
465 374
438 357
457 370
430 353
415 364
467 402
486 415
438 375
467 411
479 376
407 369
460 372
498 398
479 385
427 347
439 349
442 345
479 394
448 388
490 403
