403 433
403 432
404 434
403 435
403 436
402 435
404 437
403 438
402 433
402 439
401 438
400 439
402 436
405 435
406 436
405 438
407 435
408 434
409 433
410 434
411 433
406 439
407 438
401 434
400 433
399 434
398 435
397 434
396 435
395 434
407 436
394 435
393 434
403 440
409 435
400 432
405 440
407 437
398 434
397 436
401 436
392 433
404 441
403 442
399 438
405 433
405 442
407 439
404 443
399 431
398 432
397 431
406 443
407 444
396 430
395 429
394 428
396 428
397 427
394 430
397 429
395 431
394 432
408 443
409 442
409 444
410 445
411 444
412 443
411 442
413 444
411 446
412 445
413 446
414 445
412 447
396 432
413 448
398 429
414 447
405 444
411 432
410 431
401 431
393 427
392 428
392 429
401 440
401 441
403 437
394 434
404 436
395 433
409 432
412 449
412 450
413 451
414 450
412 452
408 436
410 433
399 433
391 429
390 428
390 430
410 442
402 438
405 437
396 434
407 434
397 433
414 449
406 438
411 434
415 450
416 449
401 433
392 430
392 431
394 427
411 443
393 429
401 442
403 439
404 438
395 435
412 451
399 435
400 434
391 431
390 432
410 444
396 427
402 440
405 439
397 435
414 451
406 440
407 441
398 436
401 435
392 432
394 429
393 431
395 428
412 444
403 441
404 440
412 453
408 431
407 432
408 440
399 437
400 436
391 433
405 432
397 428
402 442
397 437
406 433
406 442
401 437
403 434
392 434
404 433
393 433
395 430
412 446
404 442
408 433
399 430
408 442
409 441
400 438
397 430
406 435
398 431
414 448
398 433
411 445
391 430
393 428
410 443
405 445
396 429
397 432
413 445
405 441
390 431
393 430
395 427
404 439
394 431
408 439
399 436
400 435
391 432
402 432
402 441
406 432
405 434
407 431
396 431
398 428
413 447
406 441
414 446
405 443
413 450
407 440
398 437
392 427
406 444
407 443
404 432
393 432
401 439
411 431
393 435
404 435
395 432
404 444
394 433
408 432
399 429
409 431
412 448
408 435
410 432
399 432
408 441
409 434
400 431
409 440
400 437
391 428
408 444
402 434
410 441
409 443
402 437
406 434
406 437
415 449
405 436
407 433
396 433
413 449
398 430
396 436
407 442
401 432
390 429
