1142 455
1142 454
1143 453
1144 453
1143 456
1142 457
1141 455
1144 454
1141 458
1140 457
1139 458
1138 459
1144 457
1145 452
1144 451
1143 450
1142 451
1141 452
1146 451
1147 450
1148 449
1137 458
1149 450
1149 451
1148 452
1145 458
1140 453
1142 450
1143 449
1142 448
1144 448
1142 459
1143 458
1141 451
1144 450
1141 460
1140 460
1139 461
1138 462
1137 463
1136 462
1140 462
1138 464
1139 463
1144 459
1149 449
1136 464
1145 460
1140 455
1142 452
1143 451
1137 465
1140 464
1142 461
1143 460
1147 451
1138 457
1139 456
1138 455
1141 453
1144 452
1138 466
1139 465
1141 462
1136 457
1145 453
1146 454
1150 449
1151 448
1150 447
1151 446
1150 445
1151 444
1152 443
1153 442
1152 445
1154 442
1153 444
1152 447
1154 444
1153 446
1155 443
1137 467
1140 466
1141 467
1142 466
1143 465
1144 466
1145 465
1145 467
1142 468
1143 467
1143 469
1143 462
1147 453
1152 449
1153 448
1154 449
1155 448
1156 447
1155 450
1157 446
1155 445
1135 461
1134 462
1133 463
1134 464
1132 462
1131 461
1130 460
1131 459
1130 458
1131 457
1132 456
1133 456
1132 458
1134 455
1133 454
1134 453
1135 454
1136 453
1136 455
1129 461
1128 461
1132 460
1134 457
1130 462
1132 453
1131 452
1130 451
1131 450
1130 449
1131 448
1132 447
1133 447
1132 449
1134 446
1133 445
1134 444
1135 445
1136 444
1135 447
1130 453
1131 454
1157 448
1149 444
1145 455
1149 453
1150 454
1145 464
1137 460
1153 441
1141 448
1130 448
1153 450
1153 451
1138 461
1141 457
1130 457
1129 456
1141 466
1150 444
1142 449
1144 468
1145 469
1134 445
1134 454
1156 451
1133 458
1134 459
1145 450
1157 452
1157 453
1149 448
1145 459
1137 455
1145 468
1129 451
1137 464
1129 460
1153 445
1138 456
1130 452
1130 461
1141 461
1144 463
1136 459
1136 468
1156 446
1133 444
1133 453
1148 451
1133 462
1157 447
1149 443
1148 442
1145 454
1149 452
1145 463
1137 459
1129 455
1137 468
1141 447
1130 447
1129 446
1152 444
1155 449
1144 449
1144 458
1136 454
1144 467
1136 463
1156 450
1133 448
1133 457
1145 449
1137 445
1138 444
1137 446
1138 447
1138 448
1149 447
1148 446
1137 454
1138 453
1138 452
1137 451
1137 450
1129 450
1129 459
1140 456
1140 465
1143 461
1132 461
1143 470
1152 448
1155 444
1136 449
1144 462
1136 458
1144 471
1144 472
1145 473
1145 474
1136 467
1156 445
1157 444
1148 441
1133 452
1156 454
1156 455
1156 456
1157 457
1155 453
1148 450
1133 461
1137 449
1129 445
1130 444
1131 445
1129 454
1140 451
1152 452
1152 453
1151 451
1155 457
1155 458
1156 459
1156 460
1157 461
1157 462
1158 463
1159 464
1160 463
1161 464
1160 462
1160 461
1159 465
1159 460
1148 445
1146 475
1158 458
1128 454
1147 476
1148 475
1148 474
1140 446
1159 459
1160 458
1161 459
1160 457
1162 460
1163 461
1164 460
1164 459
1163 458
1163 462
1163 457
1162 456
1161 455
1161 454
1160 453
1160 452
1159 451
1159 450
1160 449
1161 450
1160 448
1160 447
1159 446
1162 451
1163 452
1164 451
1165 452
1164 450
1163 453
1164 454
1164 455
1166 453
1167 454
1168 453
1167 455
1167 456
1168 457
1168 456
1162 455
1151 455
1151 456
1152 457
1152 458
1153 459
1153 460
1152 461
1152 462
1152 463
1153 464
1151 460
1132 451
1151 464
1150 463
1149 463
1149 462
1148 461
1148 460
1148 464
1148 465
1149 466
1149 467
1151 465
1152 466
1152 467
1148 459
1149 458
1149 457
1168 458
1148 456
1167 459
1148 455
1147 463
1147 458
1163 456
1155 452
1136 448
1155 461
1155 462
1155 463
1156 464
1156 465
1157 466
1157 467
1156 468
1155 468
1155 467
1155 466
1169 454
1170 455
1171 456
1154 465
1148 440
1149 439
1150 440
1149 438
1148 437
1146 470
1147 444
1166 457
1158 453
1139 449
1128 449
1158 462
1147 462
1128 458
1147 471
1148 470
1149 471
1149 472
1148 469
1147 472
1139 467
1139 468
1151 441
1159 454
1159 455
1151 450
1140 450
1162 450
1159 463
1132 446
1140 459
1162 459
1151 459
1132 455
1143 455
1151 468
1151 469
1151 470
1152 471
1143 464
1132 464
1132 465
1132 466
1133 467
1133 466
1152 442
1165 461
1150 472
1155 447
1144 447
1145 446
1146 447
1145 445
1144 444
1145 444
1144 443
1143 442
1142 441
1142 440
1143 446
1142 445
1141 444
1136 452
1154 451
1154 460
1146 456
1135 456
1154 469
1153 469
1135 465
1146 465
1127 461
1126 460
1126 459
1125 458
1125 457
1126 456
1126 455
1126 454
1125 453
1124 452
1125 452
1126 451
1127 452
1126 450
1125 449
1125 448
1126 449
1125 461
1125 462
1125 463
1126 464
1126 465
1125 466
1125 467
1125 468
1126 468
1124 466
1124 461
1124 447
1123 446
1123 445
1122 444
1124 456
1123 455
1122 454
1122 453
1122 452
1121 451
1121 455
1121 456
1122 457
1122 458
1123 459
1124 465
1123 464
1122 463
1122 462
1121 464
1121 465
1120 463
1119 462
1118 461
1118 460
1118 459
1119 458
1119 457
1118 456
1118 455
1117 454
1117 458
1117 453
1117 462
1117 463
1118 464
1118 465
1119 466
1119 467
1120 468
1117 457
1120 458
1120 467
1121 450
1122 449
1123 450
1122 448
1120 449
1119 449
1119 448
1119 447
1118 446
1118 450
1141 450
1118 451
1119 452
1119 453
1117 449
1118 445
1119 444
1117 444
1117 448
1116 447
1115 446
1115 445
1114 444
1121 459
1121 460
1121 468
1122 467
1114 447
1114 448
1114 449
1115 450
1115 451
1114 452
1114 453
1113 451
1113 446
1112 445
1125 447
1126 446
1126 445
1125 444
1127 466
1117 452
1116 456
1115 455
1128 467
1128 468
1120 444
1120 453
1124 451
1120 462
1124 460
1121 445
1121 446
1121 454
1113 450
1112 449
1146 474
1146 461
1147 439
1146 438
1166 452
1147 448
1158 448
1128 444
1139 444
1147 457
1158 457
1116 451
1128 453
1139 453
1158 466
1147 466
1147 467
1139 462
1128 462
1128 463
1129 464
1129 465
1130 466
1130 467
1131 468
1147 475
1159 449
1151 445
1140 445
1143 441
1151 454
1140 454
1162 454
1120 448
1132 450
1124 446
1143 459
1132 459
1120 457
1150 458
1124 455
1165 456
1120 466
1150 467
1131 463
1142 463
1121 449
1123 468
1134 468
1113 445
1154 446
1135 451
1134 450
1154 464
1127 447
1135 460
1146 460
1127 456
1146 469
1127 465
1147 443
1146 442
1145 441
1145 440
1144 439
1144 438
1143 437
1142 436
1142 435
1166 456
1158 452
1147 452
1116 446
1139 448
1128 448
1158 461
1147 461
1116 455
1139 457
1128 457
1139 466
1116 464
1115 464
1114 463
1114 462
1113 461
1113 460
1113 464
1113 465
1114 466
1114 467
1114 468
1116 465
1113 459
1114 458
1114 457
1113 456
1113 455
1112 454
1112 463
1112 458
1128 466
1161 463
1151 440
1143 436
1144 435
1145 436
1145 435
1144 434
1144 433
1162 449
1153 468
1132 445
1143 445
1120 452
1150 453
1124 450
1165 451
1131 449
1120 461
1150 462
1131 458
1165 460
1142 458
1150 471
1123 454
1142 467
1131 467
1123 463
1134 463
1115 459
1115 460
1116 460
1146 437
1115 468
1154 450
1146 446
1135 446
1112 444
1154 459
1135 455
1146 455
1112 453
1169 457
1154 468
1127 451
1112 462
1146 464
1135 464
1127 460
1146 473
1147 438
1147 447
1158 447
1158 456
1116 450
1128 452
1139 452
1161 449
1116 459
1161 458
1116 468
1117 468
1117 467
1153 454
1153 455
1154 455
1138 465
1119 461
1153 463
1143 440
1150 439
1120 447
1150 448
1122 466
1131 444
1142 444
1150 457
1165 455
1142 453
1131 453
1150 466
1123 449
1134 449
1131 462
1142 462
1134 458
1123 458
1142 471
1142 472
1115 454
1134 467
1123 467
1154 445
1115 463
1146 441
1154 454
1146 450
1135 450
1112 448
1154 463
1127 446
1112 457
1135 459
1146 459
1127 455
1157 456
1146 468
1112 466
1112 467
1127 464
1157 465
1147 442
1149 461
1145 472
1149 470
1116 445
1139 447
1128 447
1116 454
1138 451
1161 453
1153 449
1161 462
1138 460
1141 456
1153 458
1119 456
1130 456
1119 465
1141 465
1153 467
1130 465
1150 443
1122 461
1142 439
1150 452
1150 461
1123 444
1165 459
1150 470
1123 453
1131 466
1115 449
1123 462
1115 458
1146 436
1115 467
1146 445
1112 452
1148 473
1127 450
1157 451
1112 461
1127 459
1157 460
1160 456
1149 456
1126 463
1160 465
1149 465
1145 476
1144 477
1145 477
1144 476
1143 475
1143 474
1143 478
1143 479
1142 477
1142 476
1142 480
1142 475
1149 474
1116 449
1118 468
1129 468
1138 446
1161 448
1161 457
1153 453
1119 451
1122 447
1153 462
1119 460
1150 438
1122 456
1153 471
1142 434
1122 465
1142 443
1150 456
1165 454
1134 448
1123 448
1115 444
1123 457
1164 458
1115 453
1134 466
1123 466
1115 462
1156 463
1146 440
1112 447
1148 468
1127 445
1112 456
1149 442
1126 462
1157 455
1168 455
1160 451
1157 464
1145 462
1149 460
1160 460
1126 458
1145 471
1118 454
1149 469
1126 467
1129 463
1118 463
1138 450
1161 452
1119 446
1130 446
1141 446
1161 461
1119 455
1153 457
1130 455
1138 468
1122 451
1141 464
1153 466
1130 464
1119 464
1122 460
1150 442
1142 438
1150 451
1152 470
1131 447
1142 447
1144 475
1134 452
1123 452
1164 453
1115 448
1156 449
1115 457
1156 458
1167 458
1146 435
1148 454
1133 465
1156 467
1148 463
1114 461
1145 439
1148 472
1157 450
1117 466
1145 448
1126 444
1149 446
1137 444
1157 459
1145 457
1149 455
1126 453
1137 453
1160 455
1145 466
1118 449
1129 449
1137 462
1160 464
1149 464
1145 475
1118 458
1129 458
1149 473
1129 467
1118 467
1138 445
1153 443
1138 454
1130 450
1153 452
1119 450
1138 463
1122 446
1141 459
1130 459
1119 459
1122 455
1152 456
1141 468
1142 433
1142 432
1122 464
1152 465
1142 442
1144 461
1144 470
1123 447
1134 447
1136 466
1156 444
1164 457
1167 453
1156 453
1133 451
1156 462
1133 460
1125 456
1114 456
1148 458
1145 434
1125 465
1148 467
1114 465
1117 461
1157 445
1145 443
1149 441
1168 454
1157 454
1137 448
1160 450
1126 448
1145 461
1118 444
1129 444
1137 457
1160 459
1126 457
1149 459
1145 470
1129 453
1118 453
1126 466
1137 466
1129 462
1118 462
1138 449
1140 468
1141 445
1130 445
1119 445
1130 454
1119 454
1141 454
1143 473
1122 450
1152 451
1163 451
1122 459
1163 460
1152 460
1144 456
1155 456
1152 469
1121 463
1155 465
1144 465
1136 461
1144 474
1164 452
1113 468
1156 448
1133 446
1164 461
1148 444
1167 457
1156 457
1133 455
1148 453
1125 451
1114 451
1156 466
1133 464
1117 447
1125 460
1148 462
1114 460
1117 456
1145 438
1148 471
1117 465
1145 447
1157 449
1149 445
1145 456
1126 452
1160 454
1149 454
1137 452
1118 448
1129 448
1137 461
1126 461
1129 457
1118 457
1159 458
1118 466
1129 466
1162 463
1151 463
1140 463
1151 472
1141 449
1143 468
1132 468
1122 445
1152 446
1124 464
1143 477
1144 442
1163 455
1152 455
1155 451
1152 464
1136 447
1144 460
1121 458
1155 460
1136 456
1113 454
1144 469
1121 467
1155 469
1136 465
1113 463
1144 478
1156 443
1164 456
1148 439
1133 450
1156 452
1114 446
1125 446
1148 448
1133 459
1156 461
1114 455
1125 455
1148 457
1133 468
1117 451
1125 464
1114 464
1148 466
1145 442
1117 460
1149 440
1145 451
1147 470
1137 447
1126 447
1137 456
1118 452
1129 452
1159 453
1151 449
1140 449
1159 462
1151 458
1140 458
1162 458
1143 454
1132 454
1140 467
1151 467
1143 463
1132 463
1124 459
1152 441
1143 472
1144 437
1152 450
1163 450
1124 468
1144 446
1121 444
1155 446
1152 459
1163 459
1144 455
1155 455
1121 453
1152 468
1136 451
1113 449
1121 462
1144 464
1155 464
1113 458
1136 460
1144 473
1113 467
1148 443
1114 450
1125 450
1117 446
1125 459
1114 459
1166 460
1145 437
1117 455
1147 456
1117 464
1158 465
1147 465
1147 474
1129 447
1118 447
1159 448
1140 444
1159 457
1162 453
1151 453
1159 466
1162 462
1151 462
1124 445
1120 456
1151 471
1124 454
1132 467
1120 465
1124 463
1143 476
1144 441
1152 454
1163 454
1121 448
1136 446
1113 444
1155 459
1121 457
1113 453
1121 466
1113 462
1148 438
1133 449
1135 468
1114 445
1148 447
1125 445
1125 454
1114 454
1166 455
1117 450
1158 451
1117 459
1158 460
1147 460
1128 456
1147 469
1116 463
1128 465
1151 439
1159 452
1143 435
1140 448
1162 448
1159 461
1143 444
1132 444
1162 457
1151 457
1120 451
1151 466
1124 449
1120 460
1152 440
1124 458
1143 471
1144 436
1163 449
1124 467
1144 445
1155 454
1121 452
1113 448
1136 450
1121 461
1113 457
1154 458
1169 456
1113 466
1154 467
1135 463
1146 463
1146 472
1147 437
1127 468
1117 445
1158 446
1147 446
1166 459
1147 455
1158 455
1128 451
1139 451
1158 464
1147 464
1116 458
1139 460
1128 460
1147 473
1116 467
1159 447
1151 443
1159 456
1170 456
1143 439
1151 452
1140 452
1162 452
1120 446
1143 448
1132 448
1140 461
1151 461
1162 461
1124 444
1143 457
1132 457
1120 455
1124 453
1120 464
1143 466
1150 465
1124 462
1144 440
1142 470
1121 447
1136 445
1142 479
1113 452
1154 453
1135 449
1146 449
1154 462
1135 458
1146 458
1127 454
1146 467
1112 465
1135 467
1127 463
1146 476
1147 441
1166 454
1158 450
1116 444
1128 446
1139 446
1147 459
1158 459
1139 455
1128 455
1116 453
1147 468
1116 462
1139 464
1128 464
1143 434
1151 447
1140 447
1143 443
1132 452
1143 452
1120 450
1124 448
1120 459
1150 460
1124 457
1142 456
1165 458
1131 456
1150 469
1142 465
1131 465
1134 461
1123 461
1142 474
1113 447
1115 466
1154 448
1135 444
1146 444
1154 457
1146 453
1169 455
1112 451
1135 453
1154 466
1127 449
1135 462
1146 462
1112 460
1127 458
1146 471
1147 436
1127 467
1158 445
1147 445
1166 458
1147 454
1158 454
1128 450
1116 448
1139 450
1139 459
1116 457
1128 459
1161 456
1116 466
1151 442
1153 461
1143 438
1119 468
1130 468
1153 470
1120 445
1143 447
1150 446
1120 454
1150 455
1165 453
1131 451
1150 464
1142 460
1131 460
1150 473
1134 456
1123 456
1142 469
1115 452
1134 465
1123 465
1142 478
1154 443
1115 461
1146 439
1154 452
1135 448
1146 448
1112 446
1154 461
1127 444
1135 457
1146 457
1112 455
1154 470
1127 453
1146 466
1135 466
1112 464
1127 462
1157 463
1147 440
1158 449
1147 449
1149 468
1139 445
1128 445
1139 454
1116 452
1161 451
1116 461
1153 447
1138 458
1161 460
1153 456
1138 467
1143 433
1141 463
1119 463
1130 463
1153 465
1150 441
1142 437
1122 468
1150 450
1142 446
1131 446
1150 459
1131 455
1165 457
1150 468
1134 451
1123 451
1131 464
1115 447
1134 460
1123 460
1142 473
1115 456
1154 447
1115 465
1146 443
1154 456
1135 452
1146 452
1112 450
1127 448
1112 459
1127 457
1157 458
1112 468
1142 464
