1064 464
1063 463
1062 464
1061 463
1065 465
1065 463
1066 464
1067 463
1068 462
1065 466
1064 467
1063 466
1062 467
1061 466
1060 467
1059 468
1066 467
1067 466
1068 465
1061 462
1060 461
1062 461
1063 460
1059 462
1064 461
1065 460
1058 469
1069 466
1060 463
1062 460
1063 459
1062 458
1064 458
1065 457
1063 468
1062 469
1067 468
1064 460
1066 457
1065 459
1064 469
1065 468
1058 462
1057 462
1056 463
1055 464
1054 463
1054 465
1056 465
1060 465
1062 462
1061 464
1063 461
1063 470
1062 471
1061 471
1060 470
1067 461
1070 466
1071 465
1072 464
1071 463
1073 463
1059 466
1073 465
1064 462
1066 459
1065 461
1065 470
1069 461
1061 457
1060 456
1060 458
1072 466
1053 462
1052 461
1052 463
1063 472
1059 459
1058 460
1051 464
1050 463
1050 465
1069 463
1060 460
1062 457
1061 459
1063 456
1062 455
1063 454
1062 453
1063 452
1062 451
1064 451
1065 450
1064 449
1063 449
1064 453
1066 450
1065 452
1064 455
1066 452
1065 454
1066 455
1067 454
1068 453
1068 455
1069 452
1070 452
1069 454
1071 451
1070 450
1072 450
1071 449
1073 449
1074 450
1075 449
1076 450
1077 449
1077 448
1077 447
1078 448
1075 451
1074 452
1073 452
1078 450
1076 452
1077 451
1079 448
1075 453
1074 454
1073 454
1077 453
1079 450
1075 455
1076 455
1077 456
1076 457
1075 458
1074 459
1078 457
1076 459
1077 458
1075 460
1074 461
1073 461
1077 460
1079 457
1080 456
1081 456
1073 458
1072 457
1062 448
1077 455
1062 466
1054 462
1068 464
1057 464
1058 464
1080 447
1069 456
1072 452
1061 452
1069 465
1061 461
1072 461
1061 470
1081 448
1081 449
1053 466
1054 467
1081 457
1081 458
1073 453
1065 449
1073 462
1065 458
1065 467
1062 452
1064 471
1065 472
1077 450
1076 454
1057 459
1068 468
1057 468
1080 451
1069 451
1061 447
1069 460
1068 459
1061 456
1072 456
1061 465
1072 465
1049 463
1053 461
1081 452
1081 453
1073 448
1072 447
1073 457
1065 453
1050 464
1065 462
1062 447
1064 466
1076 449
1076 458
1068 454
1068 463
1057 463
1080 455
1079 454
1069 455
1072 451
1061 451
1069 464
1072 460
1061 460
1061 469
1053 465
1065 448
1064 452
1075 461
1064 470
1056 466
1076 453
1079 449
1076 462
1076 463
1068 458
1079 458
1079 459
1080 460
1080 461
1081 462
1057 458
1056 457
1068 467
1057 467
1080 450
1069 450
1068 449
1061 446
1072 455
1061 455
1049 462
1050 461
1050 460
1049 459
1049 458
1053 460
1060 459
1060 468
1052 464
1063 464
1063 473
1064 447
1064 456
1075 456
1064 465
1056 461
1064 474
1076 448
1075 447
1079 453
1079 462
1079 463
1080 464
1080 465
1080 466
1049 457
1050 456
1050 455
1049 454
1049 453
1060 454
1071 454
1052 459
1056 456
1055 455
1054 454
1054 453
1053 452
1053 451
1068 448
1067 447
1066 446
1065 445
1066 445
1069 447
1065 444
1068 457
1082 459
1083 460
1083 461
1084 462
1084 463
1085 464
1083 464
1083 465
1082 464
1071 458
1064 446
1063 445
1062 444
1062 443
1061 442
1061 441
1083 459
1084 458
1084 457
1083 456
1083 455
1084 454
1085 455
1084 453
1075 464
1075 465
1075 466
1056 460
1056 469
1066 473
1067 456
1082 454
1048 452
1047 451
1047 450
1067 465
1082 463
1048 461
1047 460
1046 459
1046 458
1045 460
1045 461
1046 462
1044 459
1043 458
1043 457
1042 456
1042 455
1043 454
1043 453
1041 454
1070 461
1059 461
1067 474
1068 473
1068 472
1067 475
1068 476
1051 457
1059 470
1071 453
1060 453
1059 452
1058 451
1058 450
1057 449
1057 448
1056 447
1055 446
1055 445
1060 462
1071 462
1063 458
1052 458
1053 457
1054 458
1054 457
1053 456
1060 471
1044 454
1045 455
1046 454
1047 455
1046 453
1045 456
1063 467
1083 454
1075 450
1064 450
1056 446
1057 445
1058 446
1057 444
1041 457
1041 458
1040 457
1039 456
1039 455
1038 457
1037 456
1056 455
1057 454
1058 455
1057 453
1056 452
1056 451
1055 450
1054 449
1054 448
1053 447
1053 446
1086 456
1087 457
1088 456
1089 457
1088 455
1087 454
1087 458
1088 459
1088 460
1088 461
1087 453
1086 452
1087 462
1087 463
1088 464
1088 465
1087 466
1086 466
1087 452
1088 451
1088 450
1087 449
1087 448
1086 461
1085 460
1089 466
1090 458
1091 459
1092 458
1093 459
1092 457
1091 456
1091 460
1091 461
1092 462
1091 455
1090 459
1090 454
1094 460
1094 461
1095 462
1095 463
1096 464
1097 464
1098 464
1099 465
1100 466
1099 464
1098 463
1095 461
1096 460
1096 459
1095 458
1095 457
1094 456
1098 462
1099 461
1100 462
1099 460
1100 461
1098 459
1099 459
1098 458
1098 457
1099 456
1100 457
1099 455
1098 454
1099 454
1100 453
1100 452
1099 451
1099 450
1098 449
1098 453
1097 452
1096 451
1096 450
1095 449
1095 448
1095 452
1095 453
1094 452
1094 447
1095 447
1094 451
1093 450
1092 449
1092 448
1091 447
1091 450
1091 451
1092 452
1092 453
1098 448
1097 461
1090 449
1089 448
1094 455
1094 464
1094 465
1094 466
1095 466
1086 447
1097 447
1097 456
1096 455
1089 452
1085 451
1085 450
1084 449
1084 448
1083 450
1083 451
1078 452
1097 465
1074 463
1086 465
1055 459
1089 461
1078 461
1066 468
1055 468
1067 451
1090 453
1059 447
1070 447
1082 449
1067 460
1090 462
1090 463
1091 464
1091 465
1091 466
1092 466
1048 456
1082 458
1070 456
1059 456
1067 469
1067 470
1059 465
1070 465
1051 461
1094 450
1060 448
1060 449
1071 448
1063 444
1071 457
1060 457
1063 453
1052 453
1052 454
1051 452
1050 451
1050 450
1049 449
1093 454
1063 462
1052 462
1093 463
1044 458
1085 459
1064 445
1077 464
1077 465
1078 466
1086 451
1097 451
1074 449
1078 447
1089 447
1097 460
1086 460
1074 458
1066 454
1055 454
1089 456
1078 456
1055 463
1089 465
1078 465
1066 463
1058 459
1047 459
1066 472
1058 468
1067 446
1068 445
1068 444
1068 443
1067 442
1066 441
1065 440
1066 440
1065 439
1064 441
1064 442
1063 440
1090 448
1090 457
1067 455
1082 453
1059 451
1070 451
1048 451
1067 464
1082 462
1048 460
1059 460
1070 460
1051 456
1040 456
1059 469
1051 465
1081 466
1060 443
1059 443
1060 444
1059 442
1071 452
1060 452
1052 448
1051 448
1052 449
1063 448
1093 449
1063 457
1093 458
1044 453
1085 454
1096 454
1085 463
1096 463
1077 459
1062 470
1054 466
1074 462
1086 455
1074 453
1097 455
1089 451
1066 449
1078 451
1055 449
1086 464
1058 445
1055 458
1078 460
1089 460
1066 458
1047 454
1058 454
1055 467
1058 463
1047 463
1067 441
1068 440
1068 439
1067 438
1068 438
1067 437
1090 452
1067 450
1059 446
1082 448
1067 459
1059 455
1048 455
1070 455
1100 456
1051 451
1059 464
1070 464
1100 465
1051 460
1092 461
1081 461
1084 466
1073 466
1063 443
1065 471
1093 453
1085 449
1096 449
1093 462
1085 458
1062 456
1096 458
1054 452
1077 454
1062 465
1054 461
1077 463
1046 457
1097 450
1074 448
1086 450
1066 444
1097 459
1086 459
1074 457
1066 453
1055 453
1089 455
1078 455
1074 466
1058 449
1055 462
1089 464
1066 462
1047 458
1058 458
1066 471
1058 467
1067 445
1048 450
1059 450
1100 451
1092 447
1081 447
1100 460
1051 455
1040 455
1092 456
1084 452
1081 465
1092 465
1084 461
1050 459
1093 448
1062 442
1093 457
1085 453
1096 453
1093 466
1054 447
1085 462
1096 462
1054 456
1043 456
1046 452
1045 451
1046 461
1066 439
1055 448
1089 450
1066 448
1058 444
1055 457
1058 453
1047 453
1088 454
1047 462
1099 463
1088 463
1067 440
1039 458
1069 459
1080 459
1059 445
1100 455
1092 451
1081 451
1100 464
1073 447
1084 447
1081 460
1092 460
1065 443
1084 456
1050 454
1073 456
1084 465
1042 459
1042 460
1093 452
1062 446
1096 448
1085 448
1096 457
1085 457
1054 451
1054 460
1043 460
1077 462
1046 456
1074 447
1076 466
1066 443
1055 452
1068 471
1058 448
1099 449
1100 448
1100 447
1088 449
1047 457
1058 457
1088 458
1099 458
1080 454
1091 454
1061 450
1080 463
1091 463
1072 459
1053 455
1100 450
1061 468
1053 464
1100 459
1092 455
1081 455
1084 451
1050 449
1073 451
1081 464
1092 464
1065 447
1084 460
1073 460
1050 458
1042 454
1065 456
1093 447
1062 441
1065 474
1062 450
1085 452
1096 452
1054 446
1062 459
1054 455
1043 455
1095 456
1046 451
1054 464
1095 465
1046 460
1087 461
1076 461
1066 438
1057 457
1093 455
1068 466
1057 466
1079 466
1058 443
1068 475
1099 453
1088 453
1091 449
1080 449
1069 449
1099 462
1088 462
1061 445
1091 458
1069 458
1080 458
1061 454
1072 454
1049 452
1053 450
1072 463
1049 461
1053 459
1061 472
1100 454
1081 450
1092 450
1092 459
1090 464
1081 459
1065 442
1073 455
1050 453
1084 455
1065 451
1050 462
1084 464
1042 458
1062 445
1098 466
1064 473
1054 450
1095 451
1076 447
1087 447
1095 460
1046 455
1076 456
1087 456
1068 452
1079 452
1057 452
1087 465
1076 465
1068 461
1057 461
1079 461
1045 459
1068 470
1099 448
1088 448
1088 457
1099 457
1069 453
1074 460
1080 453
1091 453
1099 466
1088 466
1072 449
1061 449
1069 462
1080 462
1091 462
1038 456
1061 458
1049 456
1072 458
1053 454
1061 467
1053 463
1073 450
1084 450
1050 448
1065 446
1050 457
1042 453
1065 455
1098 452
1083 463
1064 459
1075 459
1098 461
1064 468
1056 464
1095 455
1076 451
1087 451
1095 464
1068 447
1057 447
1079 447
1076 460
1087 460
1079 456
1057 456
1045 454
1068 456
1057 465
1079 465
1068 474
1099 452
1088 452
1080 448
1069 448
1091 448
1061 444
1091 457
1080 457
1069 457
1049 451
1072 453
1061 453
1053 449
1072 462
1049 460
1053 458
1094 459
1053 467
1071 466
1060 466
1065 441
1050 452
1063 471
1083 449
1098 447
1042 457
1083 458
1098 456
1055 451
1064 454
1075 454
1056 450
1064 463
1098 465
1075 463
1056 459
1071 461
1094 463
1076 464
1052 457
1052 466
1064 440
1082 450
1083 453
1098 451
1083 462
1056 445
1068 460
1041 456
1098 460
1056 454
1067 473
1095 454
1081 463
1068 437
1087 450
1068 446
1057 446
1087 459
1079 455
1045 453
1057 455
1045 462
1079 464
1090 461
1048 457
1082 457
1082 466
1061 443
1049 450
1053 448
1060 447
1094 449
1071 447
1094 458
1071 456
1052 452
1044 457
1083 448
1064 444
1083 457
1098 455
1083 466
1056 449
1075 462
1056 458
1056 467
1078 464
1068 441
1057 450
1068 450
1090 447
1045 457
1090 456
1082 452
1090 465
1048 459
1070 459
1082 461
1067 472
1060 442
1094 453
1060 451
1063 447
1052 447
1071 460
1094 462
1052 456
1060 469
1044 452
1063 465
1052 465
1044 461
1064 439
1083 452
1075 448
1064 448
1098 450
1056 444
1064 457
1041 455
1075 457
1056 453
1097 454
1086 454
1056 462
1086 463
1097 463
1078 459
1089 459
1055 466
1066 466
1066 475
1045 452
1067 449
1090 451
1082 447
1037 457
1067 458
1090 460
1070 454
1059 454
1082 456
1048 454
1067 467
1051 450
1059 463
1048 463
1082 465
1070 463
1067 476
1051 459
1094 448
1060 446
1063 442
1094 457
1060 455
1071 455
1052 451
1063 451
1060 464
1071 464
1052 460
1093 461
1044 456
1063 469
1083 447
1096 466
1085 466
1064 443
1075 452
1056 448
1097 449
1086 449
1041 459
1086 458
1097 458
1074 456
1078 454
1089 454
1074 465
1049 464
1078 463
1055 461
1066 461
1089 463
1066 470
1058 466
1067 444
1067 453
1090 455
1048 449
1082 451
1059 449
1070 449
1067 462
1048 458
1059 458
1082 460
1070 458
1067 471
1051 454
1040 454
1059 467
1051 463
1060 450
1071 450
1063 446
1071 459
1063 455
1052 455
1093 456
1093 465
1044 460
1085 461
1096 461
1077 457
1062 468
1077 466
1086 453
1097 453
1074 451
1066 447
1078 449
1055 447
1089 449
1086 462
1097 462
1089 458
1066 456
1055 456
1078 458
1058 452
1047 452
1066 465
1055 465
1047 461
1058 461
1066 474
1067 439
1039 457
1058 470
1090 450
1067 448
1059 444
1067 457
1048 453
1082 455
1059 453
1070 453
1051 449
1048 462
1070 462
1100 463
1051 458
1040 458
1060 445
1073 464
1063 441
1063 450
1052 450
1093 451
1065 469
1096 447
1085 447
1093 460
1044 455
1062 454
1085 456
1096 456
1077 452
1062 463
1096 465
1085 465
1043 459
1077 461
1054 459
1062 472
1097 448
1086 448
1066 442
1086 457
1097 457
1074 455
1066 451
1078 453
1089 453
1074 464
1097 466
1058 447
1066 460
1089 462
1055 460
1078 462
1047 456
1058 456
1064 472
1066 469
1095 450
1056 468
1100 449
1058 465
1067 443
1095 459
1068 442
1087 455
1067 452
1079 451
1068 451
1057 451
1059 448
1070 448
1087 464
1079 460
1057 460
1045 458
1059 457
1070 457
1100 458
1051 453
1081 454
1057 469
1068 469
1092 454
1099 447
1088 447
1051 462
1090 466
1092 463
1084 459
1073 459
1080 452
1091 452
1061 448
1072 448
1065 464
1049 455
1065 473
1053 453
1094 454
1062 449
1093 464
