547 611
546 612
545 612
544 611
543 611
548 612
549 611
543 610
545 613
545 610
546 609
547 608
548 609
549 608
550 609
551 608
550 612
551 611
542 611
541 610
540 611
539 610
538 611
537 612
536 613
552 609
553 608
554 607
541 609
555 608
542 608
543 607
556 607
544 614
547 613
548 614
553 610
540 610
543 609
554 609
545 615
552 611
541 611
551 613
550 614
542 610
556 609
544 607
545 606
544 616
543 616
542 617
543 618
539 611
557 610
558 611
546 610
548 607
547 606
548 605
549 615
548 616
540 612
554 611
545 608
537 613
559 610
560 609
559 608
560 607
550 607
561 607
562 606
561 605
560 605
562 604
561 603
562 602
563 603
564 602
564 604
563 605
565 602
564 606
550 616
552 613
541 613
551 615
542 612
556 611
544 609
544 618
557 612
558 613
560 611
561 612
563 607
565 604
549 617
548 618
540 614
543 613
559 612
561 609
550 618
541 615
552 615
551 617
542 614
556 613
560 604
544 612
559 603
558 604
557 603
556 604
557 605
558 606
546 614
557 614
548 611
560 613
560 614
549 610
565 606
566 606
567 605
568 606
554 606
549 619
548 620
548 621
549 622
550 621
548 623
549 624
548 625
547 620
546 619
540 616
539 616
540 617
538 615
569 606
559 605
570 605
571 605
572 606
571 607
573 606
569 604
570 603
569 602
571 602
572 603
573 604
574 603
571 604
559 614
550 611
561 611
552 608
541 608
551 610
542 607
556 606
550 620
574 605
542 616
544 613
555 610
546 607
557 607
560 606
571 606
573 603
562 603
563 602
546 616
546 617
548 613
547 615
538 612
549 612
540 609
554 608
548 622
547 624
549 621
553 612
554 613
559 607
570 607
561 604
545 617
536 614
550 613
561 613
551 612
542 609
544 606
566 603
567 602
555 603
554 604
555 612
557 609
548 606
560 608
558 608
549 605
550 605
563 604
546 618
548 615
547 617
549 614
538 614
539 613
549 623
553 605
552 604
552 606
567 604
568 603
553 614
559 609
550 606
561 606
551 605
550 615
537 615
536 616
535 616
534 615
533 616
532 616
551 614
544 608
555 605
566 605
555 614
557 611
546 611
548 608
558 610
547 610
549 607
563 606
548 617
547 619
538 616
549 616
540 613
539 615
553 607
567 606
569 603
568 605
570 602
543 615
559 611
550 608
561 608
551 607
572 605
551 616
542 613
555 607
557 604
558 603
541 617
546 613
557 613
548 610
558 612
547 612
549 609
547 621
549 618
540 615
553 609
543 608
559 604
570 604
543 617
545 614
559 613
551 609
572 607
574 604
564 603
552 610
555 609
557 606
546 606
556 608
547 605
558 605
546 615
544 615
547 614
558 614
562 605
573 605
549 620
553 611
554 610
545 607
548 624
559 606
570 606
545 616
534 616
535 615
564 605
566 602
541 612
552 612
555 611
546 608
557 608
556 610
547 607
558 607
544 617
547 616
549 613
538 613
539 612
560 610
547 625
562 607
553 604
567 603
565 603
554 603
568 602
553 613
543 612
554 612
545 609
551 604
545 618
572 602
536 615
537 614
552 605
566 604
555 604
556 603
550 617
552 614
541 614
555 613
556 612
544 610
558 609
547 609
549 606
560 603
547 618
571 603
539 614
560 612
553 606
565 605
554 605
568 604
548 619
543 614
554 614
545 611
551 606
569 605
572 604
537 616
552 607
561 610
550 610
555 606
556 605
550 619
541 616
542 615
556 614
