1222 243
1223 242
1221 242
1220 241
1224 243
1223 241
1224 240
1223 244
1225 241
1226 240
1225 244
1226 243
1227 242
1228 243
1229 242
1230 243
1221 240
1220 239
1219 238
1231 242
1232 241
1220 242
1222 239
1223 238
1224 237
1225 238
1226 237
1229 244
1232 243
1223 240
1224 239
1226 236
1225 235
1226 234
1226 245
1230 245
1231 244
1222 241
1233 241
1234 240
1233 239
1227 240
1228 239
1218 237
1229 246
1228 246
1227 247
1228 248
1227 249
1232 245
1224 241
1226 238
1225 242
1228 241
1220 237
1228 250
1229 251
1230 252
1231 251
1232 250
1229 253
1232 252
1230 254
1231 253
1233 250
1229 255
1228 255
1227 254
1227 256
1230 247
1231 246
1233 243
1233 252
1229 239
1230 238
1229 237
1228 237
1218 239
1232 238
1224 234
1223 233
1222 232
1221 231
1222 230
1223 231
1221 233
1220 233
1224 232
1222 234
1221 235
1220 235
1227 251
1226 252
1225 251
1224 250
1225 249
1224 248
1229 248
1220 230
1219 231
1218 230
1217 231
1216 230
1215 229
1214 228
1213 227
1214 226
1215 225
1212 228
1215 227
1213 229
1212 230
1213 231
1214 230
1212 232
1215 231
1216 232
1217 233
1223 247
1224 246
1222 248
1230 240
1217 240
1216 240
1216 239
1215 238
1216 237
1215 236
1214 235
1215 234
1213 236
1212 235
1212 237
1213 238
1214 237
1212 239
1211 239
1210 240
1209 239
1209 241
1208 242
1207 241
1211 241
1209 243
1214 233
1210 242
1207 243
1206 244
1205 243
1211 234
1208 244
1211 243
1212 244
1213 245
1213 240
1205 245
1216 241
1231 239
1228 252
1231 248
1209 238
1208 237
1212 234
1224 236
1212 243
1223 249
1234 249
1213 226
1212 225
1226 254
1235 241
1235 242
1227 237
1235 250
1235 251
1219 233
1227 246
1204 244
1219 242
1227 255
1216 227
1216 236
1228 238
1220 234
1208 241
1220 243
1220 244
1231 243
1231 252
1212 229
1212 238
1223 235
1234 244
1215 240
1226 249
1207 245
1208 246
1209 247
1209 248
1235 245
1235 246
1227 241
1219 237
1227 250
1216 231
1220 229
1219 228
1208 236
1231 238
1220 238
1208 245
1230 242
1230 251
1222 247
1212 224
1212 233
1215 226
1223 239
1215 235
1226 235
1223 248
1234 248
1233 247
1226 244
1207 240
1226 253
1227 236
1219 232
1204 243
1227 245
1219 241
1216 226
1216 235
1229 254
1208 240
1230 237
1230 246
1233 242
1211 242
1222 242
1230 255
1233 251
1223 234
1215 230
1234 243
1223 243
1215 239
1226 239
1207 235
1226 248
1207 244
1226 257
1226 258
1219 236
1229 249
1230 241
1211 237
1222 237
1230 250
1233 246
1222 246
1203 242
1234 247
1207 239
1225 256
1224 255
1223 254
1223 253
1223 252
1222 251
1222 255
1222 256
1223 257
1223 258
1218 235
1210 249
1222 250
1211 250
1211 251
1212 252
1212 253
1214 246
1214 247
1215 248
1215 249
1216 250
1222 259
1222 260
1222 261
1207 234
1210 235
1209 234
1210 244
1211 236
1222 236
1214 232
1222 245
1233 245
1211 245
1211 246
1211 247
1212 248
1203 241
1202 240
1201 239
1201 238
1200 237
1200 236
1201 235
1202 236
1201 234
1203 237
1203 238
1204 239
1204 238
1199 235
1214 241
1214 242
1215 243
1215 244
1216 245
1216 246
1217 247
1218 248
1219 247
1220 248
1219 246
1218 249
1219 250
1219 251
1219 252
1220 253
1218 253
1218 254
1219 255
1219 256
1220 257
1218 257
1218 258
1217 256
1216 255
1215 254
1216 254
1215 253
1214 252
1214 251
1214 255
1214 256
1215 257
1215 258
1215 259
1216 259
1214 260
1214 261
1215 262
1215 263
1216 264
1217 265
1217 266
1214 250
1221 249
1236 247
1237 248
1238 247
1238 246
1239 247
1238 245
1237 244
1237 243
1215 224
1214 223
1221 258
1213 254
1225 237
1225 246
1217 242
1206 242
1205 241
1225 255
1217 251
1217 260
1217 261
1218 262
1219 261
1220 262
1219 260
1218 263
1218 234
1237 247
1218 243
1218 244
1229 243
1210 239
1218 252
1229 252
1210 248
1222 231
1214 227
1233 240
1224 259
1214 236
1203 236
1204 235
1205 236
1204 234
1221 244
1236 242
1221 253
1213 249
1221 262
1217 228
1217 237
1206 237
1225 250
1217 246
1206 246
1206 247
1207 248
1207 249
1207 250
1208 251
1209 252
1208 250
1210 253
1210 254
1211 255
1211 256
1212 257
1206 251
1205 250
1204 249
1204 248
1203 247
1204 247
1203 246
1202 245
1201 244
1201 243
1200 242
1200 241
1200 245
1200 246
1200 247
1201 248
1199 245
1199 240
1199 244
1203 250
1203 251
1203 252
1204 253
1204 252
1199 239
1198 238
1197 237
1197 236
1196 235
1196 234
1196 238
1196 239
1196 240
1197 241
1197 242
1197 240
1196 243
1196 244
1197 245
1197 246
1195 237
1194 236
1193 235
1193 234
1192 236
1192 237
1191 235
1190 235
1190 234
1189 236
1189 237
1190 238
1190 239
1188 235
1191 240
1192 241
1193 240
1194 241
1193 239
1192 242
1193 243
1193 244
1188 234
1192 245
1192 246
1192 247
1193 248
1193 249
1194 250
1192 250
1192 251
1191 249
1190 248
1189 247
1189 246
1188 245
1188 244
1188 248
1188 249
1189 250
1189 251
1188 243
1189 242
1190 243
1190 244
1189 241
1188 240
1188 239
1195 251
1196 252
1197 251
1197 250
1196 249
1196 253
1196 254
1197 255
1196 248
1187 247
1186 246
1191 244
1198 252
1187 242
1186 241
1185 240
1185 239
1185 238
1186 237
1186 236
1185 235
1185 234
1184 237
1184 241
1183 240
1182 240
1182 239
1184 242
1185 243
1185 244
1195 255
1195 256
1196 257
1196 258
1199 253
1199 254
1200 255
1200 256
1201 257
1200 252
1201 253
1200 251
1201 252
1200 250
1199 249
1191 239
1191 248
1202 254
1203 255
1203 256
1203 257
1204 258
1204 257
1192 240
1184 236
1198 247
1198 256
1198 257
1199 258
1195 241
1187 237
1195 250
1187 246
1199 248
1199 257
1210 257
1209 257
1210 258
1191 234
1191 243
1191 252
1190 253
1191 254
1192 255
1192 256
1191 253
1191 257
1190 257
1189 256
1189 255
1188 254
1188 253
1188 257
1188 258
1191 258
1187 256
1186 255
1185 254
1185 253
1184 252
1184 251
1184 255
1184 256
1185 257
1185 258
1184 250
1185 249
1185 248
1184 247
1184 246
1183 254
1182 253
1183 249
1182 249
1182 248
1187 255
1202 249
1194 245
1195 246
1202 258
1213 258
1205 254
1194 254
1193 253
1186 250
1187 251
1183 235
1182 235
1182 234
1225 259
1198 242
1217 255
1183 253
1206 255
1207 254
1208 255
1207 253
1206 256
1198 251
1217 264
1218 229
1195 236
1229 238
1218 238
1210 234
1199 234
1195 245
1229 247
1210 243
1199 243
1187 241
1195 254
1232 240
1187 250
1232 249
1224 245
1209 256
1224 254
1190 252
1214 231
1221 230
1191 238
1221 239
1193 257
1193 258
1213 235
1202 235
1221 248
1202 244
1213 244
1236 246
1221 257
1205 240
1194 240
1213 253
1202 253
1194 249
1205 249
1213 262
1212 262
1213 263
1212 261
1186 245
1194 258
1205 258
1225 236
1186 254
1217 232
1225 245
1217 241
1206 241
1183 239
1225 254
1198 237
1217 250
1183 248
1206 250
1198 246
1228 247
1217 259
1183 257
1182 258
1183 258
1182 257
1198 255
1228 256
1218 233
1220 252
1216 263
1195 240
1220 261
1187 236
1199 238
1210 238
1187 245
1209 242
1232 244
1209 251
1232 253
1224 249
1190 247
1212 247
1201 247
1212 256
1224 258
1201 256
1190 256
1182 252
1193 252
1221 234
1213 230
1221 243
1202 239
1213 239
1221 252
1194 235
1205 235
1202 248
1213 248
1236 250
1221 261
1205 244
1194 244
1202 257
1213 257
1186 240
1205 253
1194 253
1186 249
1217 227
1186 258
1225 240
1183 234
1217 236
1206 236
1183 243
1182 244
1182 243
1183 244
1206 245
1217 245
1219 264
1198 241
1228 242
1183 252
1198 250
1228 251
1216 249
1231 247
1220 247
1216 258
1195 235
1208 254
1197 254
1220 256
1187 240
1232 239
1209 237
1224 235
1208 256
1232 248
1209 246
1190 242
1212 242
1224 244
1201 242
1209 255
1182 238
1193 238
1190 251
1224 253
1201 251
1212 251
1221 229
1193 247
1182 247
1212 260
1213 225
1182 256
1193 256
1221 238
1202 234
1213 234
1221 247
1213 243
1236 245
1202 243
1205 239
1194 239
1202 252
1213 252
1186 235
1205 248
1194 248
1235 249
1186 244
1194 257
1205 257
1186 253
1183 238
1219 259
1198 236
1183 247
1239 246
1240 245
1241 246
1216 244
1216 253
1208 249
1197 249
1220 251
1216 262
1189 245
1220 260
1197 258
1208 258
1207 258
1189 254
1200 254
1190 237
1201 237
1209 250
1190 246
1212 246
1201 246
1193 242
1182 242
1212 255
1190 255
1201 255
1224 257
1182 251
1193 251
1212 264
1212 265
1212 266
1213 267
1214 266
1215 267
1214 265
1213 268
1213 266
1212 269
1212 270
1223 261
1202 238
1205 234
1194 234
1213 247
1215 266
1194 243
1235 244
1186 239
1186 248
1217 226
1219 245
1204 256
1219 254
1185 252
1219 263
1220 228
1208 235
1197 235
1216 248
1197 244
1220 246
1216 257
1189 240
1200 240
1220 255
1208 253
1197 253
1216 266
1189 249
1200 249
1189 258
1200 258
1212 223
1209 236
1209 245
1201 241
1212 241
1190 241
1209 254
1193 237
1182 237
1190 250
1201 250
1212 250
1193 246
1182 246
1212 259
1213 224
1193 255
1182 255
1223 256
1213 233
1215 252
1215 261
1194 238
1205 238
1207 257
1186 234
1227 235
1235 248
1204 242
1227 244
1238 244
1219 240
1227 253
1204 251
1219 249
1196 247
1185 247
1216 225
1219 258
1185 256
1196 256
1188 252
1228 236
1189 235
1216 234
1220 232
1239 245
1228 245
1216 243
1208 239
1231 241
1197 239
1216 252
1200 235
1220 250
1208 248
1197 248
1231 250
1216 261
1200 244
1189 244
1197 257
1208 257
1200 253
1189 253
1212 227
1209 240
1212 236
1201 236
1190 236
1190 245
1201 245
1212 245
1214 264
1193 241
1182 241
1234 242
1193 250
1234 251
1223 251
1226 247
1215 247
1223 260
1192 254
1215 256
1226 256
1207 252
1215 265
1235 243
1204 237
1227 239
1219 235
1238 248
1227 248
1204 246
1185 242
1219 244
1196 242
1204 255
1227 257
1188 238
1196 251
1219 253
1185 251
1216 229
1188 247
1219 262
1188 256
1216 238
1228 240
1208 234
1220 236
1197 234
1216 247
1220 245
1197 243
1231 245
1208 243
1189 239
1200 239
1208 252
1197 252
1189 248
1220 258
1200 248
1230 249
1200 257
1189 257
1212 222
1222 254
1211 254
1212 231
1212 240
1214 259
1193 236
1182 236
1223 237
1214 268
1226 233
1215 233
1223 246
1234 246
1226 242
1215 242
1223 255
1207 238
1226 251
1192 249
1215 251
1207 247
1184 245
1215 260
1192 258
1184 254
1207 256
1227 234
1235 247
1219 230
1227 243
1238 243
1204 241
1185 237
1219 239
1196 237
1204 250
1227 252
1219 248
1196 246
1185 246
1188 242
1196 255
1185 255
1219 257
1216 233
1188 251
1220 231
1216 242
1218 261
1197 238
1208 238
1200 234
1189 234
1208 247
1200 243
1189 243
1230 244
1211 240
1222 240
1230 253
1233 249
1222 249
1211 249
1212 226
1203 245
1214 245
1211 258
1222 258
1214 254
1203 254
1223 232
1214 263
1215 228
1234 241
1192 235
1215 237
1223 250
1234 250
1226 246
1215 246
1192 244
1223 259
1207 242
1184 240
1192 253
1226 255
1215 255
1184 249
1207 251
1215 264
1184 258
1204 236
1227 238
1219 234
1204 245
1196 241
1219 243
1185 241
1204 254
1188 237
1196 250
1185 250
1216 228
1188 246
1218 247
1188 255
1229 256
1218 256
1210 252
1199 252
1218 265
1200 238
1189 238
1230 239
1222 235
1211 235
1230 248
1222 244
1211 244
1233 244
1214 240
1203 240
1222 253
1211 253
1191 247
1203 249
1214 249
1203 258
1214 258
1191 256
1223 236
1214 267
1215 232
1223 245
1234 245
1226 241
1215 241
1192 239
1207 237
1184 235
1192 248
1215 250
1226 250
1207 246
1184 244
1192 257
1184 253
1207 255
1219 229
1204 240
1185 236
1196 236
1185 245
1196 245
1237 246
1188 241
1218 242
1188 250
1218 251
1195 249
1199 247
1210 247
1218 260
1195 258
1210 256
1199 256
1187 254
1203 235
1233 248
1211 248
1191 242
1203 244
1214 244
1222 257
1211 257
1214 253
1203 253
1191 251
1214 262
1192 234
1215 245
1192 243
1184 239
1192 252
1184 248
1184 257
1225 258
1206 254
1217 254
1217 263
1218 228
1188 236
1218 246
1195 244
1199 242
1218 255
1195 253
1187 249
1199 251
1210 251
1218 264
1187 258
1214 239
1191 237
1203 239
1222 252
1211 252
1203 248
1214 248
1191 246
1191 255
1214 257
1221 256
1213 261
1192 238
1184 234
1207 236
1184 243
1206 240
1225 253
1217 249
1206 249
1198 245
1206 258
1217 258
1183 256
1198 254
1218 232
1237 245
1218 241
1195 239
1229 241
1210 237
1199 237
1187 235
1229 250
1195 248
1218 250
1199 246
1210 246
1187 244
1218 259
1195 257
1187 253
1210 255
1199 255
1214 225
1211 238
1222 238
1203 234
1214 234
1214 243
1191 241
1203 243
1191 250
1221 251
1236 249
1202 247
1221 260
1213 256
1202 256
1194 252
1205 252
1213 265
1184 238
1186 257
1225 239
1217 235
1206 235
1225 248
1217 244
1183 242
1225 257
1198 240
1217 253
1183 251
1206 253
1198 249
1217 262
1218 227
1198 258
1229 236
1195 234
1218 236
1237 249
1229 245
1218 245
1195 243
1199 241
1187 239
1210 241
1195 252
1210 250
1187 248
1199 250
1232 247
1187 257
1222 233
1224 252
1214 229
1214 238
1191 236
1221 237
1212 268
1191 245
1221 246
1213 242
1202 242
1236 244
1221 255
1213 251
1202 251
1194 247
1205 247
1213 260
1186 243
1194 256
1205 256
1213 269
1225 234
1186 252
1217 230
1225 243
1183 237
1206 239
1217 239
1225 252
1198 235
1217 248
1183 246
1206 248
1198 244
1206 257
1183 255
1217 257
1198 253
1228 254
1218 231
1218 240
1195 238
1229 240
1220 259
1210 236
1187 234
1199 236
1195 247
1187 243
1210 245
1240 246
1232 242
1187 252
1224 238
1209 249
1232 251
1224 247
1214 224
1209 258
1190 254
1201 254
1224 256
1212 254
1221 232
1182 250
1212 263
1213 228
1221 241
1213 237
1202 237
1221 250
1236 248
1202 246
1213 246
1221 259
1194 242
1205 242
1213 255
1202 255
1186 238
1205 251
1194 251
1213 264
1186 247
1186 256
1217 234
1206 234
1225 247
1206 243
1183 241
1217 243
1198 239
1217 252
1206 252
1183 250
1198 248
1228 249
1216 256
1231 254
1220 254
1216 265
1195 242
1220 263
1187 238
1209 235
1224 233
1209 244
1232 246
1201 240
1224 242
1190 240
1209 253
1201 249
1224 251
1212 249
1190 249
1182 245
1193 245
1224 260
1201 258
1212 258
1190 258
1213 223
1182 254
1193 254
1221 236
1212 267
1213 232
1221 245
1213 241
1202 241
1236 243
1221 254
1194 237
1205 237
1213 250
1202 250
1205 246
1194 246
1213 259
1186 242
1194 255
1205 255
1186 251
1225 233
1217 229
1183 236
1217 238
1206 238
1198 234
1228 235
1183 245
1198 243
1228 244
1239 244
1231 240
1220 240
1228 253
1216 251
1231 249
1220 249
1197 256
1189 252
1197 247
1216 260
