99 275
99 274
100 274
98 275
97 275
96 275
95 274
101 274
95 273
97 276
100 275
94 274
102 275
103 274
104 273
105 274
106 273
96 274
97 273
98 272
96 272
96 271
95 270
97 270
94 271
93 270
92 271
91 272
90 271
89 272
93 272
107 274
107 275
98 271
108 274
109 273
109 272
110 273
108 273
108 271
107 271
106 270
105 271
104 270
103 271
102 272
98 277
103 273
90 273
104 272
89 271
102 274
101 271
93 271
92 273
94 270
98 278
98 270
98 279
101 275
104 274
99 277
100 277
95 271
101 277
97 279
100 272
100 278
108 270
99 270
99 276
98 274
101 273
98 280
88 271
87 272
86 272
85 271
99 271
88 273
99 273
101 270
99 279
101 276
103 270
104 275
87 271
106 272
95 272
109 271
110 270
95 275
106 275
97 272
109 274
100 271
97 278
111 274
112 274
97 281
91 271
110 272
102 271
92 270
105 270
93 274
96 273
107 273
94 273
105 273
108 272
96 270
107 270
98 273
88 272
99 272
99 278
98 276
90 272
101 272
104 271
112 275
106 271
103 272
103 275
106 274
97 271
86 271
109 270
97 274
111 273
97 280
110 271
97 277
100 270
100 276
102 273
91 273
110 274
89 273
100 273
92 272
102 270
102 276
93 273
105 275
107 272
94 272
105 272
