731 450
732 451
733 452
734 453
735 454
733 450
734 449
734 455
733 453
734 452
736 455
737 454
738 453
733 456
732 455
739 454
730 451
729 450
728 451
727 450
726 451
725 452
724 451
723 452
732 457
724 453
735 450
737 456
738 455
729 452
728 453
734 448
736 457
735 457
739 456
730 453
732 450
731 452
735 452
726 449
727 448
726 447
737 458
738 457
729 454
728 455
727 455
726 454
726 456
727 457
726 458
733 454
725 450
736 450
737 449
736 459
735 459
739 458
730 455
731 454
722 451
721 450
720 449
721 448
720 447
722 447
723 446
723 448
719 450
718 450
722 449
724 446
720 451
719 452
718 452
724 448
740 459
741 460
737 451
728 448
738 450
739 449
729 447
728 446
729 445
728 444
729 443
728 442
730 442
731 441
730 444
732 441
731 443
730 446
732 443
731 445
737 460
728 457
738 459
729 456
720 453
733 447
734 446
732 448
733 445
735 445
736 445
737 445
738 445
742 459
743 458
744 459
745 458
746 457
747 458
748 457
745 460
746 459
743 460
744 461
747 460
749 457
748 459
745 462
746 461
742 457
748 461
750 458
736 452
739 451
740 452
741 451
741 453
730 448
731 447
736 461
735 461
734 462
733 461
733 463
732 464
731 463
730 462
729 461
730 460
729 459
731 459
731 461
735 463
736 464
737 463
738 462
739 463
737 465
738 464
736 466
735 466
739 465
739 460
731 456
728 441
728 450
720 446
719 445
742 452
743 453
742 461
734 457
734 466
735 449
727 445
735 458
746 458
738 454
727 454
735 467
735 468
738 463
731 442
739 455
731 451
719 449
749 459
750 460
742 456
734 461
735 444
734 443
727 440
735 453
738 449
727 449
735 462
738 458
727 458
731 446
719 444
730 450
741 450
730 459
741 459
742 451
734 447
723 447
742 460
734 456
734 465
735 448
738 444
727 444
727 453
745 461
737 457
726 457
726 445
736 443
737 466
738 467
738 468
719 448
730 445
749 458
730 454
741 454
722 450
734 442
742 455
734 451
718 443
723 451
734 460
748 462
727 439
738 448
739 447
745 456
737 452
726 452
737 461
729 457
730 440
730 449
749 462
722 445
730 458
741 458
733 459
726 438
737 447
741 462
741 463
741 464
740 466
741 467
741 468
742 469
742 470
742 471
741 472
741 473
742 474
734 441
735 440
735 439
744 454
736 468
737 442
745 455
718 447
737 469
737 470
737 471
738 472
738 473
739 474
737 474
737 475
736 473
735 472
734 471
734 470
740 475
733 472
733 473
734 474
734 475
734 476
735 477
736 478
737 479
737 480
736 477
730 439
722 444
721 443
720 442
720 441
719 440
723 443
724 444
719 439
720 438
721 439
723 442
722 440
723 441
718 438
722 453
722 454
740 461
733 440
732 439
733 449
725 445
744 458
733 458
748 456
725 454
736 454
733 467
733 468
732 466
717 450
716 449
716 448
715 447
715 446
716 445
716 444
716 443
715 442
715 441
716 440
717 441
716 439
715 438
715 437
714 436
714 445
713 444
712 443
712 442
712 441
711 440
711 444
711 445
712 446
712 447
713 448
711 439
712 438
713 439
712 437
711 448
710 443
709 442
709 441
708 440
708 439
709 438
709 437
708 436
709 436
707 438
707 437
711 443
736 463
736 472
726 446
737 446
729 442
718 442
737 455
750 461
751 462
726 455
710 438
718 451
729 451
729 460
751 457
707 441
707 442
706 441
705 440
705 439
704 438
704 437
703 439
702 439
703 440
743 462
722 439
723 438
724 439
743 471
752 458
752 459
753 460
753 461
754 462
740 456
732 452
721 452
740 465
732 461
740 474
733 444
736 440
714 440
725 440
744 453
706 436
736 449
714 449
714 450
715 451
715 452
725 449
733 462
744 462
717 445
748 460
736 458
736 467
726 441
726 442
737 441
737 450
739 469
740 470
718 446
729 446
710 442
729 455
728 459
751 461
707 436
743 457
721 438
740 451
732 447
721 447
740 460
752 462
713 443
724 443
732 456
740 469
724 452
732 465
733 439
733 448
714 444
736 444
725 444
733 457
744 457
706 440
735 476
717 440
736 453
725 453
717 449
736 462
738 481
738 482
747 459
739 464
718 441
729 441
731 460
739 473
710 437
739 482
710 446
728 445
728 454
720 450
743 452
743 461
721 442
732 442
740 455
702 438
724 438
713 438
721 451
740 464
724 447
713 447
732 460
755 462
756 461
757 462
756 460
755 459
754 458
755 458
733 443
736 439
725 439
714 439
735 471
714 448
725 448
736 448
717 444
738 476
738 477
739 478
739 479
740 480
740 479
741 478
741 477
740 478
739 450
750 459
739 459
731 455
739 468
731 464
739 477
728 440
728 449
720 445
709 445
751 460
728 458
743 456
740 450
721 446
732 446
724 442
713 442
705 438
754 461
735 475
706 439
717 439
738 471
738 480
716 452
739 472
709 440
720 440
712 436
712 445
742 464
721 441
713 437
742 473
734 469
713 446
735 443
724 455
735 470
738 466
738 475
716 438
716 447
719 443
708 443
739 467
728 439
709 435
720 444
709 444
712 440
741 476
712 449
753 459
723 455
734 464
724 441
713 441
734 473
705 437
735 447
754 460
727 443
735 456
746 456
738 452
727 452
715 450
735 465
738 461
735 474
738 470
738 479
716 442
731 440
708 438
719 438
716 451
739 453
731 449
719 447
750 462
731 458
728 443
720 439
709 439
741 471
720 448
712 444
742 454
734 450
723 450
742 463
734 459
737 472
715 439
737 481
707 440
737 443
722 438
752 457
741 469
711 437
740 473
734 439
723 439
711 446
733 470
715 443
736 475
737 440
726 440
745 453
718 445
710 441
737 467
737 476
722 442
741 455
743 474
752 461
740 468
711 441
740 477
725 443
714 443
744 456
733 465
717 448
736 470
736 479
737 444
726 444
745 457
718 440
729 440
726 453
737 453
710 436
718 449
729 449
737 462
710 445
739 481
729 458
730 441
707 439
704 439
722 446
740 454
740 463
732 459
755 461
740 472
711 436
733 442
725 438
714 438
733 451
736 447
714 447
725 447
756 462
744 460
714 442
733 460
717 443
748 458
725 456
736 456
742 472
733 469
717 452
734 468
736 465
734 477
736 474
735 442
726 439
727 438
735 451
737 448
726 448
727 447
715 445
738 447
729 444
718 444
746 460
735 460
710 440
739 476
738 456
727 456
729 453
738 465
751 459
716 437
743 455
739 448
716 446
731 444
708 442
719 442
737 478
722 441
743 473
731 453
719 451
740 449
732 445
721 445
749 461
752 460
740 458
728 438
730 457
741 457
732 454
740 467
724 450
740 453
741 466
732 463
720 443
740 476
741 475
712 439
742 458
753 458
706 438
701 439
733 446
723 445
734 445
725 442
736 442
744 455
733 455
717 438
734 454
723 454
714 451
725 451
736 451
733 464
717 447
734 463
736 460
734 472
747 457
736 469
713 449
727 451
735 446
726 443
739 462
739 471
704 440
727 442
715 440
729 439
718 439
735 455
746 455
738 451
715 449
718 448
729 448
739 480
710 444
738 460
745 459
728 452
737 464
716 441
743 459
708 437
737 473
731 439
716 450
719 446
730 443
721 440
732 440
749 456
713 436
730 452
741 452
732 449
721 449
722 448
740 462
713 445
724 445
730 461
741 461
755 460
732 458
740 471
724 454
741 470
741 479
733 441
723 440
711 438
734 440
714 437
742 453
735 469
723 449
711 447
725 446
736 446
714 446
742 462
753 462
735 478
717 442
734 458
725 455
738 474
717 451
734 467
738 483
747 461
735 441
750 457
739 457
733 471
739 466
727 446
715 444
738 446
731 462
736 476
739 475
710 439
745 454
726 450
728 447
709 443
737 459
728 456
751 458
743 454
720 452
737 468
712 448
743 463
737 477
719 441
708 441
743 472
730 447
721 444
732 444
749 460
740 457
722 443
713 440
724 440
702 440
741 456
730 456
744 473
732 453
721 453
705 436
722 452
724 449
741 465
732 462
741 474
754 459
735 464
734 444
723 444
711 442
725 441
736 441
714 441
703 438
706 437
735 473
717 437
723 453
738 469
717 446
738 478
756 459
747 456
739 452
733 466
731 448
739 461
727 441
731 457
736 471
739 470
715 448
