646 566
645 567
647 566
648 567
648 566
646 565
646 568
645 569
645 566
648 565
649 564
648 568
650 565
651 564
652 563
653 564
654 563
644 567
643 566
642 567
641 566
640 567
644 570
644 571
643 572
643 569
645 572
646 571
644 573
647 572
639 568
641 565
652 562
643 568
645 565
644 564
645 563
646 562
647 563
646 564
645 574
646 573
650 564
642 569
644 566
647 565
644 575
643 575
642 576
643 577
642 578
652 564
643 570
648 563
649 562
648 561
649 560
643 579
644 580
645 581
646 580
647 579
644 582
646 582
648 579
646 575
648 572
650 566
655 562
654 561
653 562
642 571
641 572
640 571
639 570
644 568
647 567
642 580
644 577
640 564
641 563
642 562
639 563
643 563
640 573
641 581
640 580
640 582
651 567
652 566
650 568
642 564
656 563
642 573
642 582
639 565
657 564
658 565
644 579
649 569
648 570
638 569
637 568
636 569
637 570
635 568
634 569
633 568
632 569
631 569
633 570
652 568
652 569
652 570
652 571
653 569
654 568
655 567
654 566
656 566
656 568
654 570
653 571
654 572
653 573
652 573
651 574
650 573
650 575
649 576
648 577
652 575
653 576
654 575
654 577
653 578
652 578
654 579
650 577
651 576
655 576
656 575
656 577
657 578
658 579
659 578
656 579
660 579
661 579
640 566
654 565
643 565
645 562
644 561
647 581
646 561
649 578
652 577
643 574
654 574
641 574
640 575
639 575
640 576
639 577
640 578
638 576
637 576
637 577
637 578
636 579
636 580
635 580
634 579
633 580
632 581
633 582
634 581
658 577
632 583
637 579
659 576
636 578
632 571
632 580
656 565
644 563
633 572
633 573
644 572
655 569
656 570
644 581
655 578
647 574
648 574
648 560
639 579
659 566
651 562
659 575
651 571
640 570
652 572
640 579
632 584
632 585
643 581
655 564
655 573
647 569
647 578
639 574
639 583
640 584
640 585
636 568
651 566
636 577
659 579
651 575
652 567
640 565
640 574
632 570
632 579
654 576
643 576
644 562
646 581
635 581
636 582
636 583
655 568
638 567
658 564
647 564
655 577
647 573
639 569
647 582
639 578
639 584
650 571
642 574
634 572
635 571
631 585
659 565
651 561
636 572
636 573
659 574
658 573
651 570
636 581
651 579
640 569
654 562
643 562
643 571
654 571
646 567
643 580
635 576
646 576
655 563
655 572
647 568
639 564
647 577
654 567
650 580
658 572
651 560
632 574
659 571
660 572
632 575
632 576
633 577
659 570
658 569
658 568
639 573
639 582
636 567
651 565
636 576
650 578
661 578
631 574
631 583
642 583
643 584
638 581
630 586
661 573
631 578
634 574
634 583
662 574
663 573
663 572
662 571
662 575
662 570
663 569
663 568
663 567
662 566
662 565
661 564
635 575
635 584
635 585
658 567
657 571
638 585
661 577
631 573
630 572
631 582
630 581
634 578
662 569
661 568
646 570
635 570
646 579
645 583
657 566
657 575
638 571
649 571
641 567
638 580
649 580
641 576
630 585
629 584
628 583
628 582
627 581
627 580
626 579
625 578
625 577
624 576
624 575
641 585
650 563
661 572
650 572
642 568
631 568
630 567
629 566
629 565
628 567
628 568
628 569
629 570
627 567
653 568
653 577
631 577
630 576
629 575
642 577
634 573
634 582
627 570
626 570
627 571
627 572
628 573
628 572
660 567
645 578
637 574
660 576
637 583
657 570
638 566
637 565
649 566
657 579
641 562
638 575
649 575
641 571
630 571
638 584
630 580
629 579
628 578
628 577
627 576
627 575
626 574
625 573
625 572
624 571
641 580
661 567
650 567
642 563
653 563
661 576
642 572
631 572
653 572
634 568
634 577
656 574
633 581
645 564
645 573
660 571
626 569
637 569
648 569
645 582
626 578
648 578
629 574
657 565
629 583
649 561
657 574
638 570
649 570
630 566
649 579
638 579
641 575
630 575
641 584
630 584
650 562
653 567
656 569
644 576
633 576
656 578
633 585
645 568
648 564
660 566
625 576
626 568
660 570
647 570
626 577
628 574
629 573
661 571
629 582
631 576
642 585
662 572
663 571
635 573
627 569
635 582
627 578
664 572
633 575
658 574
624 572
625 571
627 583
644 584
633 584
638 583
660 565
635 578
630 579
637 572
626 572
629 568
659 569
661 566
629 577
661 575
631 571
636 585
628 581
631 580
634 576
662 567
634 585
663 566
632 578
635 577
646 577
627 573
664 567
627 582
656 572
633 579
625 575
657 573
638 578
630 574
637 567
630 583
641 583
659 564
650 561
636 571
659 573
661 570
650 570
651 569
642 566
653 566
650 579
656 573
628 576
651 578
653 575
642 575
631 575
634 571
628 585
642 584
631 584
634 580
652 561
663 570
640 568
643 567
646 563
652 579
640 577
632 573
635 572
646 572
627 568
632 582
627 577
645 576
660 574
644 565
637 581
648 581
644 574
633 574
625 570
655 571
657 568
629 586
625 579
638 564
657 577
647 576
658 576
638 573
649 573
639 572
641 569
630 569
638 582
639 581
641 578
630 578
659 568
661 565
653 561
659 577
636 575
661 574
650 574
628 571
651 573
631 570
642 570
653 570
636 584
628 580
653 579
642 579
631 579
634 575
634 584
652 565
640 563
663 565
640 572
632 568
640 581
632 577
645 571
660 569
643 583
645 580
635 579
648 576
626 576
660 578
629 572
637 585
655 566
629 581
657 563
647 562
655 575
657 572
658 571
647 571
649 568
638 568
639 567
641 564
647 580
638 577
649 577
639 576
641 573
630 573
639 585
630 582
641 582
650 560
636 570
659 572
661 569
650 569
628 566
651 568
653 565
642 565
628 575
651 577
653 574
634 570
664 571
628 584
656 567
652 560
656 576
631 586
644 583
633 583
632 572
662 573
654 569
645 575
629 567
660 564
648 562
643 578
654 578
646 574
635 574
648 571
626 571
660 573
637 571
635 583
646 583
637 580
648 580
626 580
627 579
629 576
655 570
629 585
657 567
658 566
649 563
638 563
655 579
657 576
647 575
658 575
624 573
638 572
649 572
639 571
641 568
630 568
649 581
639 580
641 577
630 577
652 574
659 567
637 564
651 563
645 577
636 574
626 573
660 575
637 573
648 573
651 572
628 570
629 569
648 582
637 582
628 579
664 566
629 578
650 576
657 569
656 571
633 569
644 569
638 565
649 565
631 581
642 581
633 578
644 578
649 574
638 574
625 574
641 570
630 570
662 568
643 564
654 564
641 579
645 561
652 576
654 573
643 573
645 570
646 569
635 569
637 566
640 583
660 568
643 582
645 579
646 578
648 575
637 575
660 577
626 575
627 574
629 571
637 584
664 568
665 569
655 565
629 580
656 564
647 561
655 574
633 571
658 570
649 567
639 566
