599 168
598 169
600 168
601 167
597 170
598 167
597 166
597 169
599 166
600 165
601 164
602 165
603 164
598 170
599 169
602 168
603 167
604 165
605 164
606 163
607 164
608 163
604 168
605 167
606 166
607 167
608 166
596 170
609 167
609 168
610 167
608 169
607 170
595 171
609 170
611 167
600 167
610 169
601 166
603 163
605 166
607 163
608 162
607 161
609 161
610 160
597 171
608 171
607 172
606 172
605 173
604 174
605 175
606 174
609 163
611 160
610 162
604 176
609 172
596 172
595 173
610 171
601 168
603 165
605 168
607 165
606 167
608 164
605 177
607 174
594 174
593 174
606 176
597 173
608 173
599 170
604 169
603 170
609 165
611 162
610 164
611 165
612 164
613 165
604 178
603 179
602 179
595 175
596 174
610 173
611 174
612 173
614 164
606 160
605 159
605 161
605 170
606 169
605 179
606 178
607 179
608 178
609 177
610 176
609 179
610 178
608 180
607 181
606 181
605 182
604 181
604 183
605 184
606 183
604 185
610 180
605 186
603 186
602 186
606 185
608 182
604 187
594 176
593 176
597 175
598 176
599 175
600 174
601 173
601 175
597 176
599 177
600 178
601 177
599 179
608 175
603 188
602 188
606 187
607 188
608 187
609 186
610 185
610 187
611 188
612 187
613 186
614 187
610 189
610 166
595 177
595 178
610 175
607 160
607 169
609 188
599 165
602 167
598 178
602 176
613 185
602 185
606 164
606 173
594 171
614 186
606 182
610 161
595 172
610 170
609 174
609 183
601 179
601 188
598 164
602 162
598 173
602 171
603 172
602 180
602 181
602 189
602 190
614 163
613 162
606 159
606 168
606 177
594 175
605 181
608 186
609 169
609 178
601 174
609 187
598 168
602 166
613 166
613 167
614 168
614 169
598 177
602 175
613 184
602 184
601 183
614 167
594 170
594 179
594 180
594 181
595 182
605 176
605 185
608 181
609 164
609 173
601 169
609 182
601 178
601 187
598 163
613 161
602 161
601 160
598 172
613 170
613 171
614 172
614 173
602 170
612 183
606 158
615 188
604 188
605 162
605 171
597 167
608 167
605 180
608 176
616 189
616 190
617 191
617 192
605 189
605 190
606 191
606 192
608 185
609 159
601 182
601 191
601 192
601 193
602 194
602 195
601 196
601 197
601 198
602 199
602 198
600 195
603 200
596 179
605 157
604 201
605 200
606 201
605 199
604 202
605 203
605 204
605 198
604 197
597 162
597 180
597 181
598 182
598 183
599 184
598 181
605 193
604 193
605 194
605 195
606 196
604 192
616 193
616 194
616 195
617 196
617 197
618 198
616 198
616 199
617 200
617 201
617 202
616 203
616 204
617 205
617 206
615 202
615 197
614 196
613 195
613 194
619 199
612 196
612 197
613 198
613 199
611 195
610 194
609 193
609 192
609 191
608 190
608 194
608 195
609 196
609 197
615 192
614 191
613 190
613 189
615 201
608 189
608 198
608 199
608 200
609 201
609 202
610 203
608 203
608 204
609 205
609 206
609 207
608 208
608 209
609 210
609 211
611 204
612 205
613 204
614 205
613 203
612 202
612 206
612 201
615 206
615 207
616 208
616 209
617 210
617 211
616 212
616 213
616 214
617 215
615 211
615 215
615 216
616 217
616 218
617 219
617 220
615 210
615 219
615 220
615 221
616 222
616 223
618 212
619 213
618 221
619 222
601 159
600 158
599 157
599 156
598 158
598 159
599 160
599 161
607 202
598 162
600 181
613 160
614 159
614 158
613 157
613 156
614 155
614 154
614 153
613 152
613 151
614 150
614 149
613 148
613 147
600 190
611 190
600 199
619 212
620 211
621 212
620 210
619 209
619 208
620 207
621 208
620 206
620 205
619 204
622 209
623 210
624 209
624 208
623 211
624 212
624 213
624 207
623 206
622 205
623 205
624 204
625 205
624 203
623 202
623 201
624 202
623 214
623 215
623 216
624 217
624 218
625 219
623 219
623 220
622 219
622 214
622 200
621 199
621 198
620 197
620 196
622 218
621 217
620 216
620 215
619 217
619 218
620 219
620 220
619 203
620 202
621 203
620 201
603 195
619 221
593 169
592 168
615 169
612 182
613 181
614 182
613 180
613 179
614 178
614 177
613 176
613 175
612 178
615 183
616 184
617 183
618 184
617 182
616 185
617 186
617 187
617 181
618 180
618 179
617 178
617 177
616 176
616 180
616 175
619 185
620 186
621 185
621 184
620 183
620 187
620 188
621 189
621 190
620 182
620 191
620 192
621 193
621 194
619 190
618 189
593 178
615 178
612 191
612 192
615 187
612 200
611 199
623 200
624 199
624 198
623 197
623 196
614 219
596 183
604 196
615 196
597 157
596 157
595 158
595 159
594 157
594 156
594 160
594 161
594 162
595 163
596 164
595 164
594 165
594 166
595 167
595 168
604 205
604 206
604 207
605 208
605 209
606 210
604 210
604 211
605 212
604 213
605 214
606 215
605 213
603 214
602 213
601 212
600 212
601 211
601 210
600 209
604 215
604 216
603 217
602 217
601 216
601 215
605 217
605 218
600 214
607 216
608 217
609 216
609 215
608 214
608 218
608 219
609 220
608 213
600 213
603 209
602 208
601 207
601 206
600 205
599 206
598 206
597 205
598 205
597 204
597 203
596 202
600 204
603 218
603 219
615 179
604 220
605 220
604 221
605 222
605 223
604 224
603 224
604 225
604 226
605 227
605 228
604 229
603 230
603 228
602 228
601 229
601 230
600 228
600 227
599 226
598 225
597 224
598 224
597 223
597 222
596 221
597 220
597 219
598 218
598 219
621 213
597 218
596 217
596 216
596 225
596 226
597 227
597 228
598 229
598 230
597 217
603 223
602 222
601 221
601 220
596 220
596 229
596 230
596 231
597 232
597 233
598 233
599 230
600 222
600 223
599 221
625 207
600 231
603 227
596 206
595 205
596 207
595 169
597 208
597 209
598 210
598 211
626 207
627 208
627 209
628 210
628 211
596 215
596 214
597 214
598 215
598 214
597 213
596 212
596 211
610 217
611 218
612 219
612 220
612 221
613 222
611 222
611 223
612 224
607 220
599 216
600 217
603 222
604 163
612 169
612 225
613 219
621 214
607 221
608 222
608 223
609 224
618 207
597 184
609 158
608 157
607 197
622 213
599 229
600 194
619 207
593 155
611 203
612 168
603 199
604 164
596 160
615 173
614 214
605 165
597 161
616 174
608 170
618 220
610 216
622 190
607 210
600 171
619 184
592 167
611 180
603 176
622 211
600 182
599 193
615 150
593 168
612 181
625 200
604 177
596 173
615 186
609 225
610 226
616 151
606 223
626 201
618 197
610 193
595 213
594 213
607 187
599 183
622 203
621 207
600 184
611 193
612 158
611 158
611 157
603 189
598 223
615 163
602 230
614 204
606 200
625 213
608 160
618 210
610 206
592 154
591 155
590 154
617 214
607 200
599 196
600 161
611 170
603 166
602 207
621 220
614 181
593 158
592 158
592 157
604 167
596 163
614 217
613 217
613 216
606 213
618 187
610 183
595 203
594 203
594 202
593 201
592 200
607 177
599 173
609 223
601 219
621 197
613 193
592 170
612 148
611 148
610 148
611 147
598 213
615 153
602 220
614 194
606 190
625 203
595 180
610 196
597 226
617 204
609 200
620 209
602 197
621 210
613 206
614 171
598 226
595 157
606 203
618 177
605 207
624 220
616 216
608 212
599 163
611 149
617 217
598 197
609 213
601 209
602 174
621 187
613 183
613 213
612 214
611 213
614 148
598 203
602 210
594 169
614 184
606 180
603 187
612 212
612 211
612 223
591 200
590 200
589 200
590 199
591 198
590 197
591 197
604 219
610 150
610 151
624 197
594 205
595 170
597 216
617 194
608 225
609 190
601 186
620 199
598 180
601 222
602 187
621 200
613 196
614 161
600 226
606 157
623 209
594 182
605 197
610 163
624 210
596 228
616 206
608 202
597 229
598 157
617 207
609 203
625 196
601 199
602 164
620 212
607 156
606 155
607 155
607 154
613 173
619 216
598 193
597 194
596 193
595 193
594 193
594 192
595 191
594 190
593 191
592 190
595 190
597 193
591 154
594 159
606 170
593 200
612 213
604 209
596 205
615 218
616 183
595 160
605 210
597 206
616 219
617 184
608 215
609 180
601 176
620 189
613 150
602 177
614 151
600 216
611 225
612 190
603 221
591 167
590 167
589 167
590 166
591 165
590 164
591 164
623 199
615 195
594 172
627 206
593 213
592 213
592 212
593 211
604 222
605 187
624 200
596 218
597 183
616 196
608 192
609 157
622 212
601 189
613 163
599 228
619 206
611 202
600 229
593 190
612 203
604 199
623 212
596 195
596 196
597 160
615 208
616 173
617 172
616 171
617 171
618 219
597 196
617 174
618 175
618 174
619 174
608 205
607 209
598 160
590 156
589 157
600 206
619 219
592 202
592 203
593 167
611 215
612 180
603 211
623 189
624 188
623 187
624 187
615 185
616 150
617 149
593 203
604 212
596 208
616 186
617 151
618 152
619 151
609 147
608 147
622 202
607 222
613 153
599 218
600 183
619 196
592 179
592 180
611 192
612 157
615 162
616 161
617 162
617 161
600 219
593 180
612 193
604 189
605 154
604 154
603 154
602 154
601 154
601 153
602 152
596 185
615 198
616 163
608 159
626 213
627 214
628 214
628 213
618 209
610 205
609 160
595 225
594 225
593 224
592 223
593 223
592 225
607 199
599 195
619 173
611 169
622 215
599 231
600 196
592 192
593 157
611 205
612 170
603 201
604 166
596 162
615 175
614 216
606 212
618 186
597 163
608 172
595 202
607 176
618 222
610 218
622 192
588 199
587 199
607 212
599 208
600 173
619 186
592 169
611 182
612 147
603 178
615 152
602 219
614 193
593 170
625 202
604 179
596 175
616 153
594 214
594 215
626 203
627 204
628 203
618 199
610 195
595 215
607 189
599 185
599 186
611 159
603 155
603 156
601 231
621 209
600 186
612 160
603 191
604 156
615 165
614 206
606 202
618 176
591 222
590 222
589 223
588 222
587 222
587 221
588 220
587 219
586 219
585 220
584 219
585 219
588 219
584 221
584 222
585 222
590 221
590 220
591 220
610 172
583 218
583 217
582 216
583 216
582 218
581 216
580 216
595 192
607 166
599 162
610 208
617 216
620 221
599 198
600 163
619 176
620 177
620 176
621 175
621 177
592 159
611 172
598 202
598 201
603 168
602 209
613 218
614 183
593 160
606 179
596 165
591 199
594 204
588 166
588 165
587 164
588 164
587 166
586 163
585 164
584 165
584 166
585 166
628 202
628 201
619 153
620 154
621 155
618 154
621 154
620 156
591 212
590 212
589 213
589 212
590 211
589 210
590 210
588 210
587 210
587 209
590 209
591 210
588 209
591 209
587 211
589 224
589 225
628 215
629 216
630 217
627 216
627 217
630 216
631 215
630 214
632 216
632 217
631 214
631 217
633 216
621 176
600 153
599 153
599 152
599 151
599 150
600 149
600 151
598 150
597 151
596 151
596 150
597 150
600 150
596 152
597 153
586 218
585 217
586 217
586 216
598 192
598 191
598 190
579 215
578 215
577 215
577 214
578 213
577 212
576 213
575 213
575 212
578 212
579 211
579 213
574 212
573 211
574 210
573 209
572 208
571 207
572 207
571 209
570 209
571 210
572 210
574 209
570 211
576 212
569 208
568 209
572 209
575 214
575 215
576 215
578 214
571 211
590 224
591 189
590 189
589 190
588 189
587 189
587 188
587 187
587 186
588 187
586 186
585 187
584 186
583 186
582 185
583 184
582 183
581 184
580 184
580 183
583 183
585 186
581 183
584 188
584 189
585 189
580 185
590 188
590 187
591 187
583 185
594 194
588 156
587 156
587 155
587 154
588 154
586 153
585 154
584 154
584 153
583 153
582 153
585 153
584 155
584 156
585 156
590 201
589 202
591 166
627 205
593 212
610 152
607 146
606 145
607 144
606 147
605 144
604 144
603 144
603 143
602 142
601 141
600 141
599 141
599 140
600 139
599 138
600 138
602 141
601 143
601 144
598 137
597 138
602 144
604 143
605 142
600 140
603 145
603 146
604 146
599 142
589 214
589 215
628 205
629 206
630 206
631 205
630 204
632 206
632 207
633 207
634 207
635 208
635 207
636 207
631 204
634 209
634 210
635 210
633 206
636 206
636 205
636 204
632 208
635 209
636 209
637 210
637 209
638 208
638 210
639 211
640 210
639 212
639 213
640 212
641 213
642 213
643 212
642 211
643 211
586 208
585 207
586 207
586 206
585 209
584 209
583 208
582 208
582 207
582 206
582 205
581 204
583 206
580 205
580 206
581 206
631 216
579 205
578 205
577 204
578 203
577 202
576 201
575 200
576 200
575 202
575 203
576 203
578 202
579 201
578 200
579 200
579 203
574 199
573 199
572 198
571 197
572 197
570 198
570 199
571 199
576 202
569 198
568 197
568 196
569 196
568 199
567 196
566 196
565 195
564 194
563 193
564 193
563 195
563 196
564 196
566 195
567 194
566 193
567 193
569 195
562 192
561 192
565 197
568 198
579 202
571 198
572 199
564 195
575 204
567 195
578 204
570 200
570 201
560 192
559 192
558 192
558 191
559 190
560 190
559 191
592 224
571 201
563 197
591 179
590 179
589 180
589 179
588 179
587 179
587 178
587 177
587 176
588 175
587 174
586 174
585 174
588 174
588 177
586 173
588 176
590 178
590 177
590 176
591 175
591 177
591 176
595 149
595 148
594 147
593 146
592 145
593 145
592 147
595 147
594 149
593 147
627 218
593 225
585 221
597 195
617 173
589 191
589 192
574 211
620 178
620 179
586 185
586 184
586 183
577 216
577 217
621 179
622 180
622 179
623 179
567 208
566 208
565 208
565 207
566 206
565 205
564 204
563 203
564 206
566 205
567 204
567 206
562 202
564 205
567 205
566 207
578 217
579 182
578 182
577 182
577 181
578 180
576 180
575 180
575 179
576 178
579 180
574 179
573 179
573 178
574 177
573 176
572 175
571 174
572 174
571 176
570 176
571 177
572 177
574 176
570 178
576 179
569 175
568 174
569 174
569 173
568 176
572 176
575 181
575 182
576 182
578 181
598 195
611 214
571 178
590 191
591 156
582 187
583 152
583 151
593 202
572 179
612 215
624 189
625 190
625 191
626 191
626 190
625 192
625 193
626 193
627 194
627 193
628 193
629 193
630 194
631 194
632 194
633 195
633 194
632 196
629 195
629 196
630 196
632 195
633 196
634 197
635 198
635 197
636 197
637 197
638 198
638 197
634 199
637 199
637 200
638 200
639 201
639 200
640 200
640 199
640 198
640 197
639 202
639 203
636 196
635 195
636 195
636 194
628 192
628 191
628 190
640 202
641 203
641 202
642 201
643 201
642 203
642 202
643 203
644 203
645 203
646 204
647 205
648 206
647 204
646 206
647 207
647 206
635 199
627 195
627 196
646 208
617 150
620 155
638 209
628 195
641 214
602 143
621 156
622 157
622 158
623 156
624 155
625 155
626 156
623 154
625 157
625 158
626 158
624 154
624 157
626 157
622 159
625 159
625 160
626 160
627 161
627 160
628 160
629 161
630 161
631 161
632 161
633 162
633 161
632 163
629 162
629 163
630 163
633 163
634 164
635 165
635 164
636 164
637 165
637 164
638 165
638 164
634 166
635 167
637 166
637 167
638 167
639 168
639 167
640 167
640 166
640 165
639 169
639 170
636 163
635 162
636 162
636 161
628 159
628 158
628 157
640 169
641 170
641 169
642 168
643 169
644 168
645 169
645 168
644 170
643 168
642 170
645 170
646 171
647 172
648 173
648 174
649 174
647 171
646 173
646 174
647 174
649 173
650 172
649 171
650 171
650 174
651 175
652 175
653 176
654 175
655 176
653 177
655 175
654 177
648 175
649 176
651 176
651 177
652 177
655 177
656 178
656 179
657 178
658 178
659 179
659 178
658 180
658 181
659 181
660 181
661 181
661 180
662 179
661 178
662 181
657 177
656 180
659 180
662 180
647 173
658 182
586 198
585 197
586 196
584 198
584 199
585 199
586 195
586 194
583 198
582 198
582 197
582 196
582 195
583 194
582 193
581 194
580 193
583 193
583 196
579 193
578 192
579 191
578 190
577 192
576 191
575 190
576 190
579 190
575 192
581 193
574 189
573 189
573 188
574 187
572 187
571 187
570 186
569 186
568 187
568 186
571 186
572 185
570 188
570 189
571 189
580 195
580 196
569 185
581 196
572 186
583 195
575 191
576 192
568 188
568 189
579 192
571 188
572 189
585 198
574 188
577 193
577 194
567 185
567 184
566 183
567 183
566 185
565 185
564 185
563 185
563 184
563 183
564 183
578 194
570 190
590 168
589 169
589 170
631 206
634 211
581 205
600 218
592 214
592 215
571 191
584 210
584 211
583 165
582 165
582 164
582 163
582 162
583 161
582 160
581 161
580 161
580 160
583 163
579 160
578 160
581 160
577 161
580 162
580 163
581 163
583 162
579 159
579 158
616 162
635 212
573 200
573 201
593 215
585 211
597 185
589 181
589 182
617 163
618 164
618 165
619 163
619 162
620 164
621 165
619 161
621 164
620 166
620 167
621 167
622 168
622 167
623 167
623 166
624 165
623 164
624 164
624 167
625 168
626 168
622 169
622 170
623 169
625 169
625 170
626 170
627 171
628 170
618 166
621 166
624 166
628 172
629 173
630 172
630 171
631 172
632 171
633 172
633 171
630 174
632 173
632 174
633 174
634 174
635 175
635 174
636 174
631 171
634 176
634 177
635 177
627 173
630 173
631 174
597 139
596 140
597 140
633 173
629 175
636 173
636 172
632 175
635 176
595 139
594 139
594 138
594 137
594 136
595 135
593 135
592 135
592 134
595 137
591 134
590 134
589 134
590 133
591 132
590 131
591 131
592 136
592 137
593 137
595 136
591 133
636 176
637 177
637 176
638 175
638 177
639 178
640 177
640 179
641 180
641 181
642 181
639 180
642 180
643 179
642 178
644 180
644 181
645 181
646 181
647 182
648 183
648 184
649 184
643 178
646 183
646 184
647 184
649 183
650 182
650 184
651 185
652 186
653 187
654 188
652 185
651 187
654 187
655 186
654 185
655 185
655 188
656 188
657 188
657 187
653 189
643 181
645 180
648 185
648 186
649 186
641 182
652 187
644 182
645 183
655 187
647 183
643 180
654 189
646 185
646 186
647 186
601 155
601 156
574 201
620 168
566 197
586 175
585 176
584 177
584 176
585 177
584 178
583 175
582 175
582 174
582 173
583 173
581 173
580 173
580 172
580 171
581 171
579 170
578 170
577 169
576 168
575 167
574 167
576 167
575 169
575 170
576 170
578 169
579 168
578 167
574 166
577 171
577 172
578 172
573 168
576 169
579 169
575 171
576 172
558 193
558 194
577 206
578 171
598 149
597 148
598 148
598 147
602 156
588 221
567 198
580 217
580 218
559 194
579 172
591 146
623 178
623 177
624 177
625 178
626 179
626 178
625 180
626 181
627 181
628 181
628 180
626 180
625 182
628 182
629 183
629 184
630 184
627 183
627 184
630 183
631 182
630 181
632 183
633 182
632 184
633 184
631 184
633 183
629 185
629 186
630 186
632 185
632 186
633 186
634 187
635 187
636 186
635 185
637 187
637 188
638 188
639 188
640 188
640 187
636 184
638 187
637 189
640 189
641 190
642 191
639 190
639 191
642 190
643 189
644 190
644 191
645 191
643 191
645 190
641 192
641 193
642 193
644 192
644 193
645 193
646 194
647 194
643 190
646 195
646 196
647 196
648 196
649 196
650 195
651 195
652 196
653 197
649 194
652 195
651 197
651 198
652 198
650 194
652 197
651 199
651 200
639 192
631 183
650 196
642 192
634 188
634 189
569 207
569 206
643 193
635 189
581 218
627 185
593 192
584 223
585 188
624 179
596 197
589 158
589 159
562 204
573 213
574 178
586 152
586 151
586 150
577 183
577 184
597 198
638 199
630 195
650 173
641 204
641 205
642 169
661 182
660 183
660 184
661 183
607 211
567 175
653 178
653 179
599 207
578 184
590 158
631 196
582 154
642 205
643 170
635 166
654 179
581 195
627 162
627 163
600 208
646 175
592 204
611 217
584 200
584 201
585 165
603 213
605 143
623 191
624 156
616 152
608 148
608 149
573 190
573 191
593 205
606 224
606 225
565 186
565 187
585 201
626 202
596 210
637 211
637 212
638 176
617 153
629 207
629 208
589 171
657 189
656 190
656 191
657 190
608 184
609 149
649 185
595 214
628 162
601 145
601 146
574 191
566 187
586 165
578 161
638 212
598 139
630 208
631 173
590 135
589 136
589 137
650 186
622 204
602 146
642 182
588 211
634 178
634 179
607 224
580 207
580 208
581 172
599 220
600 185
619 198
592 181
592 182
611 194
612 159
603 190
591 136
604 155
623 168
569 197
615 164
561 193
561 194
635 179
581 208
573 167
593 182
625 214
625 215
585 178
604 191
605 156
645 192
591 221
624 169
597 152
616 165
562 194
608 161
648 197
648 198
594 226
594 227
574 168
626 215
618 211
577 173
610 207
638 189
630 185
576 214
649 198
622 181
622 182
595 227
601 158
641 194
568 210
568 211
587 223
587 224
588 188
607 201
599 197
600 162
619 175
611 171
631 186
622 217
588 224
621 221
581 185
600 198
593 159
611 207
612 172
584 190
585 155
603 203
644 204
644 205
623 181
569 210
615 177
573 180
614 218
660 185
660 186
606 214
626 192
645 205
618 188
637 201
597 165
610 184
638 166
657 179
629 197
629 198
630 162
649 175
595 204
641 171
641 172
587 200
587 201
607 178
586 155
599 174
619 152
610 220
630 198
631 163
622 194
650 176
642 172
588 201
634 168
607 214
580 197
581 162
599 210
640 211
600 175
619 188
592 171
592 172
593 136
611 184
584 167
584 168
612 149
603 180
604 145
623 158
596 141
596 142
569 187
656 192
656 193
615 154
602 221
614 195
593 172
633 208
585 168
625 204
626 169
605 146
645 182
591 211
596 177
637 178
637 179
597 142
583 207
616 155
629 174
562 184
561 184
648 187
648 188
594 216
594 217
595 181
606 227
626 205
618 201
610 197
638 179
629 210
630 175
576 204
649 188
622 171
622 172
595 217
568 200
568 201
588 178
607 191
580 174
580 175
599 187
600 152
619 165
592 148
592 149
611 161
652 199
603 157
603 158
581 175
621 211
613 207
613 208
593 149
633 185
612 162
579 214
625 181
598 227
604 158
644 194
644 195
590 223
591 188
596 154
615 167
582 219
582 220
614 208
606 204
625 217
626 182
572 211
645 195
618 178
591 224
610 174
583 220
629 187
575 216
576 181
595 194
568 177
568 178
587 190
587 191
588 155
607 168
599 164
652 176
576 217
617 218
622 184
609 214
588 191
621 188
640 201
592 161
632 197
632 198
584 157
598 204
644 171
644 172
569 177
602 211
613 220
614 185
633 198
625 194
585 158
626 159
572 188
645 172
618 155
618 156
591 201
637 168
564 184
583 197
629 164
629 165
575 193
575 194
648 177
594 206
587 167
587 168
607 145
639 214
639 215
618 191
638 169
605 221
651 188
651 189
630 165
576 194
617 195
568 190
608 226
608 227
636 208
588 168
628 204
580 164
620 200
600 142
640 178
619 155
592 138
592 139
652 189
611 151
603 147
609 227
601 223
621 201
581 165
640 214
613 197
614 162
593 139
560 191
633 175
579 204
625 171
625 172
598 217
571 200
644 184
590 213
591 178
582 209
582 210
583 174
594 183
594 184
614 198
606 194
647 195
626 172
572 201
564 197
583 210
624 211
616 207
576 171
595 184
636 185
587 180
607 158
599 154
651 201
597 230
617 208
589 226
589 227
609 204
628 217
601 200
601 201
620 213
621 178
567 207
640 191
600 155
613 174
586 220
632 187
632 188
578 216
579 181
603 160
570 212
570 213
598 194
590 190
582 186
602 201
643 202
613 210
614 175
633 188
606 171
646 207
579 217
571 213
572 178
591 191
583 187
575 183
575 184
595 161
587 157
587 158
639 204
639 205
659 182
610 177
605 211
651 178
651 179
597 207
616 220
576 184
617 185
589 203
589 204
636 198
608 216
609 181
628 194
588 158
620 190
599 167
640 168
586 197
632 164
632 165
652 179
578 193
598 171
609 217
601 213
602 178
642 214
621 191
613 187
614 152
633 165
606 148
606 149
579 194
625 161
598 207
571 190
590 203
591 168
563 186
563 187
582 199
583 164
594 173
635 211
595 138
655 189
627 207
606 184
647 185
593 214
639 181
639 182
572 191
585 210
564 187
604 223
605 188
596 219
624 201
616 197
595 174
608 193
636 175
628 171
574 200
607 148
605 224
577 205
617 198
589 216
609 194
628 207
601 190
602 155
620 203
621 168
640 181
567 197
613 164
586 210
559 193
578 206
579 171
598 184
570 202
570 203
590 180
582 176
582 177
602 191
643 192
594 150
594 151
635 188
614 165
581 217
600 230
560 194
646 197
646 198
606 161
592 226
592 227
571 203
612 204
572 168
591 181
604 200
623 213
583 177
624 178
575 173
574 174
615 209
595 151
647 198
573 212
593 227
585 223
605 201
624 214
596 232
595 233
597 197
616 210
589 193
589 194
617 175
636 188
608 206
609 171
628 184
574 213
620 180
566 209
566 210
567 174
586 187
577 218
578 183
598 161
570 179
570 180
631 195
590 157
601 203
642 204
621 181
634 200
634 201
662 182
567 210
613 177
654 178
600 207
619 220
579 184
611 216
571 180
590 193
603 212
591 158
623 190
583 154
643 205
594 163
635 201
627 197
655 179
647 175
593 204
639 171
639 172
638 173
612 217
585 200
605 178
596 209
624 191
597 174
615 222
616 187
617 152
636 165
608 183
609 148
628 161
574 190
620 157
620 158
566 186
586 164
577 195
577 196
597 210
638 211
598 138
617 188
630 207
609 184
650 185
601 180
602 145
620 193
619 194
621 158
567 187
607 223
613 154
653 190
653 191
586 200
599 219
578 196
579 161
619 197
598 174
570 192
631 208
590 170
591 135
582 166
643 182
634 213
594 140
594 141
635 178
654 191
581 207
627 174
627 175
600 220
560 184
646 187
592 216
592 217
593 181
584 212
584 213
612 194
603 225
604 190
605 155
623 203
624 168
596 186
596 187
615 199
616 164
562 193
595 141
627 210
626 211
573 202
573 203
593 217
565 198
565 199
585 213
586 214
587 213
626 214
605 191
596 222
595 223
597 187
616 200
617 165
589 183
608 196
649 197
595 226
628 174
601 157
574 203
566 199
586 177
578 173
598 151
631 185
590 147
589 147
589 148
589 149
590 148
650 198
622 216
642 194
602 158
588 223
634 190
634 191
580 219
580 220
599 232
600 197
619 210
592 193
592 194
611 206
612 171
591 148
603 202
623 180
643 195
569 209
615 176
635 191
636 192
637 191
581 220
593 194
612 207
585 190
604 203
645 204
624 181
596 199
597 164
615 212
616 177
589 160
589 161
574 180
586 154
577 185
638 201
610 219
589 196
588 197
630 197
631 162
622 193
650 175
641 206
601 170
642 171
588 200
634 167
607 213
567 177
653 180
653 181
599 209
578 186
619 187
611 183
590 160
631 198
623 157
642 207
643 172
635 168
654 181
581 197
627 164
627 165
600 210
592 206
593 171
611 219
612 184
584 202
585 167
603 215
604 180
605 145
623 193
596 176
624 158
597 141
615 189
616 154
608 150
608 151
607 152
606 151
605 152
573 192
565 188
565 189
606 226
585 203
586 204
587 203
626 204
618 200
577 162
577 163
597 177
637 213
638 178
657 191
617 155
629 209
589 173
609 151
649 187
595 216
641 183
641 184
640 185
639 184
638 185
601 147
574 193
620 160
587 212
566 189
607 190
586 167
578 163
619 164
638 214
598 141
630 210
631 175
590 137
622 206
650 188
642 184
588 213
634 180
607 226
580 209
581 174
599 222
600 187
619 200
592 183
592 184
591 185
593 148
611 196
612 161
584 179
584 180
583 181
603 192
604 157
623 170
596 153
569 199
615 166
561 195
561 196
581 210
627 177
628 178
629 177
573 169
573 170
614 207
593 184
584 215
625 216
585 180
605 158
645 194
596 189
591 223
637 190
597 154
616 167
583 219
589 150
589 151
588 152
562 196
648 199
648 200
594 228
594 229
574 170
626 217
618 213
610 209
638 191
630 187
576 216
649 200
622 183
595 229
568 212
568 213
567 214
641 196
587 225
588 190
607 203
580 186
580 187
579 188
599 199
600 164
619 177
592 160
611 173
603 169
569 176
656 181
656 182
581 187
600 200
646 167
592 196
593 161
633 197
612 174
584 192
585 157
603 205
604 170
644 206
644 207
645 171
596 166
569 212
648 176
614 220
606 216
626 194
645 207
618 190
637 203
610 186
638 168
589 163
657 181
629 199
630 164
649 177
576 193
622 160
622 161
621 162
595 206
641 173
641 174
640 175
601 137
587 202
588 167
607 180
599 176
619 154
610 222
652 188
611 150
631 165
622 196
609 226
642 174
588 203
634 170
580 199
581 164
599 212
600 177
640 213
592 173
632 209
632 210
593 138
611 186
612 151
584 169
584 170
583 171
598 216
603 182
604 147
644 183
623 160
596 143
597 144
598 145
596 144
595 145
599 144
569 189
615 156
561 185
602 223
614 197
633 210
606 193
625 206
585 170
586 171
587 170
626 171
605 148
645 184
572 200
618 167
618 168
617 169
591 213
637 180
637 181
636 182
583 209
629 176
608 153
648 189
575 205
575 206
574 207
594 218
595 183
607 157
618 203
610 199
638 181
629 212
630 177
576 206
622 173
595 219
641 186
568 202
587 215
628 216
588 180
607 193
580 176
580 177
579 178
599 189
600 154
640 190
619 167
592 150
592 151
591 152
611 163
603 159
602 200
581 177
613 209
614 174
633 187
593 151
584 182
579 216
625 183
625 184
624 185
604 160
644 196
571 212
590 225
596 156
591 190
582 221
582 222
594 195
594 196
614 210
660 177
606 206
626 184
572 213
591 226
637 193
583 222
629 189
575 218
574 219
573 219
574 220
572 220
571 220
570 219
569 219
568 219
571 219
570 221
570 222
571 222
573 221
573 222
574 222
569 218
572 219
571 221
629 171
572 222
574 221
567 218
567 217
566 216
567 216
570 223
573 223
573 224
574 224
575 225
575 224
576 223
576 225
577 225
578 225
579 224
578 223
579 223
579 225
580 226
581 227
582 228
582 229
583 229
584 229
585 230
586 229
581 226
580 228
580 229
581 229
583 228
586 228
586 227
582 230
577 226
577 227
586 231
587 232
587 231
588 230
588 232
589 233
590 232
591 232
592 233
593 234
593 233
590 234
589 235
578 227
581 228
576 224
587 233
587 234
588 234
580 230
569 220
568 221
590 233
572 221
591 234
583 230
575 226
575 227
574 228
576 227
586 230
578 226
579 227
571 223
590 236
572 224
575 229
574 223
577 228
577 229
567 220
566 220
565 220
578 229
588 233
581 230
573 225
565 221
566 222
566 223
591 233
576 226
568 222
568 223
568 224
569 222
580 222
579 226
590 235
572 223
575 228
576 229
568 225
569 226
567 226
566 226
567 227
570 225
576 183
595 196
568 179
568 180
567 181
587 192
588 157
652 178
568 215
569 216
570 215
634 160
633 159
634 158
634 157
634 156
634 155
634 154
635 154
633 153
632 153
632 152
632 151
632 150
633 149
631 149
630 149
629 148
628 148
627 148
629 150
629 151
630 151
633 151
626 148
625 148
625 147
626 146
625 145
626 145
628 147
624 144
623 144
622 145
621 144
620 144
620 143
621 142
628 150
627 151
627 150
630 150
631 151
623 146
622 147
626 147
629 152
629 153
630 153
619 143
618 142
618 141
618 140
619 139
617 139
616 138
619 141
618 144
617 138
616 140
615 141
615 140
614 139
613 138
616 141
614 138
613 140
614 141
617 141
619 140
612 137
612 136
611 135
612 135
611 137
610 138
609 137
608 137
608 136
609 135
615 142
618 143
610 139
610 140
611 139
621 143
614 140
625 149
607 136
606 135
606 134
607 134
606 137
605 134
604 134
603 134
603 133
604 132
603 131
602 132
601 131
604 131
605 132
602 131
605 131
601 133
604 133
607 133
607 132
607 131
600 130
600 129
599 128
600 128
599 130
598 127
597 128
596 128
596 127
595 127
594 127
594 126
595 125
594 124
593 123
592 122
591 122
590 121
589 122
593 122
592 124
592 125
593 125
595 124
588 121
587 121
591 121
590 123
589 124
589 125
593 124
596 129
596 130
597 130
589 126
586 120
585 119
586 118
584 120
584 121
585 121
583 120
582 120
582 119
583 118
582 117
581 116
580 115
588 231
579 115
578 115
577 114
578 114
581 115
577 116
580 117
580 118
581 118
583 117
576 114
575 114
579 114
585 120
577 115
578 116
599 129
581 117
592 126
592 127
584 122
584 123
603 135
593 127
585 123
574 113
575 112
576 112
574 111
573 111
573 110
574 109
572 109
571 108
570 109
569 108
568 108
570 110
570 111
569 112
568 111
571 111
567 108
566 107
567 106
566 105
565 107
567 105
570 113
569 107
573 113
568 110
571 110
572 111
574 110
567 107
570 112
571 113
573 112
566 109
606 136
595 126
587 122
587 123
588 123
580 119
569 109
581 120
617 140
636 153
637 152
638 153
635 152
636 152
638 152
637 154
637 155
638 155
639 155
640 155
640 154
636 151
638 154
637 156
640 156
641 157
641 158
642 158
639 157
639 158
640 157
642 157
643 156
643 158
644 158
645 158
641 159
641 160
642 160
644 159
644 160
645 160
646 161
647 162
648 161
649 162
649 161
650 162
651 162
652 163
653 164
654 165
648 163
651 164
651 165
652 165
654 164
655 163
655 165
656 166
657 165
647 161
650 161
653 166
653 167
654 167
646 163
657 167
658 168
659 169
656 168
659 168
658 170
649 163
650 164
652 164
659 170
660 171
660 172
661 171
661 170
662 169
661 168
662 168
662 171
663 172
663 171
664 170
665 171
664 172
665 173
665 174
664 171
660 173
663 173
663 174
664 174
651 166
651 167
652 167
643 157
662 170
654 166
646 162
665 175
655 167
647 163
639 159
639 160
609 136
628 149
620 145
620 146
598 126
598 125
602 133
621 146
613 142
612 143
611 143
610 142
609 143
572 110
591 123
583 119
575 115
575 116
594 128
576 116
595 129
568 112
657 166
631 150
650 163
642 159
661 172
653 168
653 169
623 145
643 160
635 156
654 169
627 152
605 133
624 146
597 129
616 142
608 138
608 139
586 119
617 143
609 139
579 116
598 129
571 112
590 125
582 121
582 122
581 123
572 113
664 173
656 169
656 170
645 159
648 164
648 165
649 166
638 156
657 169
630 152
649 165
622 148
622 149
641 161
619 142
611 138
631 153
642 162
593 126
612 139
585 122
604 135
623 148
596 131
596 132
574 112
566 108
577 117
577 118
578 119
618 157
597 132
567 109
586 122
578 118
570 114
652 166
663 175
633 152
644 161
644 162
644 163
664 176
626 149
645 162
618 145
618 146
610 141
629 154
648 167
649 168
650 169
651 169
588 122
607 135
599 131
599 132
581 119
600 132
592 128
611 141
584 124
584 125
585 126
573 114
573 115
585 125
574 115
618 158
617 159
577 120
655 166
658 171
658 172
659 172
651 168
621 145
640 158
613 141
632 154
632 155
614 142
633 155
606 138
606 139
605 140
576 115
595 128
587 124
587 125
610 144
609 145
588 125
580 121
569 111
643 159
662 172
635 155
654 168
646 164
645 165
646 165
624 145
655 169
647 165
639 161
617 142
636 155
609 138
628 151
601 134
612 141
601 135
620 147
620 148
598 128
590 124
602 135
621 148
613 144
612 145
572 112
591 125
583 121
575 117
575 118
594 130
576 118
660 174
660 175
639 151
640 152
641 151
657 168
649 164
631 152
650 165
642 161
661 174
653 170
613 134
614 135
614 136
615 134
612 138
623 147
643 162
615 143
615 144
635 158
636 159
637 158
605 135
624 148
597 131
616 144
589 127
590 128
589 128
588 129
608 140
608 141
607 142
568 104
569 105
570 104
586 121
578 117
609 141
579 118
598 131
571 114
590 127
582 123
641 150
641 149
641 148
641 147
642 146
641 145
640 145
639 145
642 145
643 146
644 145
645 146
645 145
642 148
644 147
644 148
645 148
640 144
643 145
642 147
643 148
645 147
638 144
638 143
637 142
638 142
637 144
636 141
635 142
634 142
633 141
632 141
632 140
633 139
632 138
631 137
630 136
630 138
629 138
630 139
631 139
633 138
629 140
629 141
630 141
628 137
627 138
627 139
631 138
634 143
634 144
635 144
627 140
630 140
631 141
633 140
644 149
644 150
626 137
626 136
625 135
626 135
625 137
624 134
623 134
622 135
622 134
621 134
620 134
620 133
621 132
620 131
619 131
618 132
618 131
621 131
623 133
623 132
624 132
622 136
622 137
619 130
618 129
619 129
617 129
616 129
615 128
616 128
619 128
615 130
614 128
613 128
617 128
616 130
612 127
611 127
610 128
610 127
609 127
608 127
608 126
608 125
608 124
609 125
610 125
611 125
612 124
612 123
611 124
612 125
607 124
606 125
606 124
609 124
611 126
623 136
625 136
645 150
646 151
646 150
647 149
618 133
618 134
610 129
610 130
629 142
607 123
606 122
607 122
605 122
604 122
603 121
604 121
605 120
604 119
605 118
605 119
607 121
603 123
602 121
601 121
605 121
603 122
604 123
600 120
599 120
598 120
597 120
596 120
596 119
596 118
596 117
597 116
596 115
595 115
594 114
593 113
592 112
665 172
574 218
597 115
598 115
593 112
597 118
592 114
593 115
595 114
598 114
591 111
590 111
589 112
588 111
587 111
587 110
588 109
594 116
594 233
597 117
589 113
589 114
598 117
599 118
599 117
600 116
600 118
590 113
600 117
593 114
586 110
585 109
584 108
585 107
586 106
586 105
583 108
582 108
582 107
581 106
580 105
585 108
586 108
581 105
584 110
584 111
585 111
580 107
583 107
586 107
579 104
579 103
578 102
579 102
577 103
577 104
576 102
575 101
578 104
574 101
573 101
573 100
574 99
573 98
572 99
571 99
570 98
571 98
574 98
570 100
571 101
618 169
569 97
568 98
568 99
572 98
575 103
575 104
576 104
568 100
578 103
571 100
582 109
572 101
585 110
574 100
577 105
577 106
567 97
566 97
565 97
565 96
566 95
564 95
563 95
578 188
563 94
563 93
601 132
562 92
561 92
561 91
560 90
559 89
558 89
557 88
558 87
579 179
560 89
567 95
559 91
558 91
559 92
641 191
560 92
562 91
558 93
561 93
561 94
562 94
564 94
565 93
557 90
605 163
560 91
563 96
563 97
564 97
572 173
572 172
566 96
559 93
578 106
570 102
560 94
588 110
599 119
581 107
592 116
611 129
584 112
562 93
573 102
573 103
572 104
565 98
565 99
564 100
565 101
563 99
585 113
585 114
574 103
566 99
636 140
636 139
621 133
640 146
639 147
638 147
637 146
613 129
613 130
632 142
631 143
632 143
614 130
633 143
606 126
576 103
595 116
587 112
587 113
588 113
569 99
561 95
643 147
635 143
646 152
646 153
624 133
617 130
636 143
609 126
628 139
601 122
601 123
620 135
619 136
598 116
590 112
602 123
621 136
572 100
591 113
564 96
583 109
575 105
575 106
574 107
576 106
631 140
642 149
634 145
634 146
633 147
612 126
623 135
643 150
615 131
615 132
635 146
605 123
624 136
597 119
616 132
589 115
589 116
608 128
567 96
586 109
578 105
570 101
560 93
579 106
571 102
590 115
563 98
564 99
645 149
637 145
638 146
630 142
622 138
621 139
622 139
600 119
619 132
592 115
611 128
603 124
603 125
593 116
612 129
585 112
604 125
596 121
595 122
574 102
566 98
558 94
558 95
577 107
577 108
577 109
576 110
567 99
559 95
578 108
614 129
633 142
625 138
625 139
644 151
626 139
618 135
617 136
637 148
636 149
636 150
610 131
610 132
609 133
588 112
607 125
580 108
580 109
579 110
579 111
578 112
579 112
599 121
599 122
598 123
597 123
569 98
581 109
600 122
584 114
562 95
573 104
565 100
566 101
639 148
639 149
636 142
628 138
602 122
621 135
640 148
613 131
613 132
632 144
591 112
594 117
594 118
594 119
614 132
576 105
595 118
568 101
568 102
587 114
587 115
588 115
580 111
581 111
582 111
569 101
643 149
635 145
627 141
627 142
626 143
628 143
629 144
628 145
606 118
607 119
608 118
624 135
616 131
587 104
588 104
589 104
589 103
642 152
589 102
589 101
590 101
588 101
587 101
587 100
588 99
587 98
588 98
590 100
590 99
590 98
591 99
591 98
641 179
591 101
592 102
593 102
594 102
595 102
586 97
585 96
586 96
586 95
585 98
584 98
585 99
584 100
583 97
583 96
582 95
581 94
581 93
580 95
583 95
582 97
581 95
582 96
579 94
578 94
577 94
577 93
578 92
577 91
576 92
575 92
575 91
578 91
579 90
579 92
648 195
579 212
576 91
579 91
575 93
575 94
576 94
578 93
590 103
592 103
592 104
593 104
594 104
595 104
591 195
596 105
597 106
597 105
598 105
599 105
600 106
600 105
596 107
597 108
598 109
599 108
599 107
600 108
601 109
601 108
602 109
603 110
604 109
603 111
629 172
605 109
604 111
601 110
601 111
598 104
598 103
598 102
602 111
604 110
605 111
606 112
607 111
597 107
600 107
603 112
603 113
585 100
604 113
596 109
574 90
574 89
573 88
572 87
571 86
570 85
569 85
572 86
596 161
625 132
626 133
571 88
570 88
614 170
629 181
638 163
572 89
574 88
592 113
573 90
569 87
568 88
568 87
572 88
570 89
570 90
623 218
571 90
577 95
567 87
566 87
565 87
565 86
566 85
565 84
564 83
563 82
591 150
594 223
562 82
561 81
561 80
560 80
559 79
562 79
564 82
560 79
576 100
563 84
563 85
564 85
574 87
574 86
599 227
566 84
567 83
567 85
623 208
559 81
627 159
558 81
611 201
637 175
570 210
562 81
622 178
561 83
564 84
557 80
556 79
557 78
556 77
555 76
554 75
585 195
556 81
553 75
603 197
596 184
554 77
554 78
555 78
557 77
556 80
567 84
560 81
563 86
634 152
552 76
551 77
551 78
564 87
658 166
659 166
553 77
555 77
566 86
558 82
558 83
559 83
618 130
578 96
551 79
550 80
588 100
607 113
608 114
609 113
608 115
609 112
609 115
610 115
611 115
611 114
612 113
611 112
612 112
596 224
612 115
606 114
605 115
614 134
645 179
645 178
645 177
609 114
612 114
608 116
611 116
610 117
610 118
611 117
654 163
612 117
613 118
613 117
614 116
615 117
615 118
656 189
616 118
614 118
616 117
617 116
618 117
619 116
584 217
619 118
620 119
618 119
621 119
617 118
616 159
625 211
615 119
615 120
616 120
617 121
618 121
619 120
620 121
620 122
621 122
622 122
623 122
623 121
624 122
625 123
626 123
625 124
625 125
626 125
627 126
628 125
629 126
596 139
621 121
624 121
608 201
628 127
629 128
630 129
627 128
631 129
629 130
620 123
591 120
591 119
590 118
623 123
622 124
622 125
623 124
607 120
607 130
624 124
626 124
629 129
630 130
631 131
622 126
622 127
614 117
625 126
625 127
624 128
626 127
610 119
580 96
580 97
599 109
644 179
585 150
569 86
581 97
600 110
562 83
554 79
554 80
565 88
568 97
555 80
628 126
602 110
621 123
613 119
613 120
591 100
572 85
594 105
594 106
620 132
614 120
606 116
625 129
576 93
639 146
595 106
568 89
567 90
566 91
565 91
568 90
638 151
587 102
557 79
569 89
617 117
627 129
627 130
605 110
624 123
616 119
617 120
609 116
628 129
601 112
601 113
600 114
579 93
598 106
571 89
590 102
582 98
582 99
602 113
572 90
591 103
564 86
583 99
556 82
556 83
642 189
575 95
574 96
573 96
572 96
571 96
570 95
569 95
658 179
590 208
553 76
596 138
557 82
620 115
619 114
620 113
652 184
618 113
617 114
616 114
620 112
620 111
621 110
621 109
620 110
621 111
622 112
623 111
624 110
590 122
557 89
647 170
647 169
605 206
593 156
624 112
625 113
624 114
625 112
626 113
627 114
625 115
627 115
627 116
626 117
628 115
627 118
626 119
626 120
576 119
625 114
603 109
626 115
627 117
614 137
624 111
628 117
629 118
629 117
630 118
623 113
622 114
627 120
626 114
560 186
559 187
560 188
561 188
615 174
629 119
629 120
619 110
618 109
619 108
618 107
619 106
617 106
616 106
615 105
614 106
613 105
616 105
640 173
615 107
615 108
616 108
634 198
614 105
618 111
616 172
625 185
559 80
617 105
627 155
583 227
583 226
583 225
613 107
613 108
596 148
614 108
616 107
617 108
619 107
612 104
612 103
611 102
626 166
619 214
609 176
612 102
611 104
610 105
610 106
610 107
609 104
608 104
616 133
608 103
608 102
609 102
607 101
606 102
596 126
651 183
641 201
576 186
583 221
622 155
615 109
605 101
604 101
603 101
603 100
603 99
603 98
604 99
602 99
601 99
569 194
601 98
568 220
604 98
605 97
609 221
583 192
623 188
605 99
602 98
605 98
629 188
601 100
601 101
600 169
602 101
604 100
616 110
618 110
661 169
607 100
607 99
607 98
607 97
600 97
600 96
599 95
600 95
641 176
642 176
643 176
644 175
599 97
598 97
612 146
598 94
597 93
596 93
644 189
578 168
625 218
565 105
564 105
595 92
594 92
569 181
594 91
593 90
592 89
598 92
625 156
587 119
604 130
644 146
588 119
591 89
590 89
589 89
633 157
588 89
587 88
601 120
569 96
583 106
602 119
623 143
583 105
624 142
594 178
611 178
590 88
632 172
577 203
599 136
569 214
643 200
570 99
643 199
598 135
615 138
632 205
633 204
597 95
589 165
596 95
592 91
592 92
603 161
593 92
643 167
643 166
620 198
592 201
573 105
572 106
595 91
607 175
602 130
563 83
602 129
603 128
602 127
584 195
633 202
588 88
619 183
591 88
594 93
594 94
595 94
587 90
590 90
589 91
589 92
591 91
641 175
593 91
596 96
596 97
597 97
594 112
595 112
589 93
586 87
585 86
653 185
584 207
586 85
587 207
588 207
598 166
569 215
585 88
584 88
603 194
642 156
612 179
596 116
583 87
582 87
582 86
582 85
582 84
581 83
580 82
608 122
578 211
625 179
583 85
584 84
585 83
586 83
629 214
640 206
587 193
579 82
578 82
577 81
576 82
575 81
594 135
578 81
579 80
578 79
578 78
579 79
570 218
613 169
590 198
590 155
581 170
594 123
581 82
619 159
577 83
640 186
652 174
652 173
588 229
594 145
600 157
580 84
580 85
581 85
583 84
598 113
598 112
598 111
596 200
636 160
576 81
579 81
597 172
612 167
575 83
574 83
608 113
598 228
578 83
581 84
592 93
592 94
591 95
611 106
584 89
584 90
603 102
602 103
602 104
593 94
605 151
623 217
584 172
587 198
585 90
574 80
573 80
573 79
573 78
574 77
574 76
611 133
600 170
656 187
631 180
632 179
573 77
572 76
571 76
570 75
569 75
593 219
623 153
624 152
568 75
603 173
622 123
570 77
631 135
570 78
591 126
598 142
571 78
551 80
574 78
605 130
613 159
567 75
569 74
569 77
568 78
618 162
568 77
595 211
571 77
572 78
567 74
567 73
567 72
596 134
570 79
620 162
568 96
570 80
571 80
566 76
565 76
614 107
606 103
605 104
607 116
606 104
599 205
583 90
582 89
578 77
578 76
625 116
624 117
595 93
612 144
577 75
576 76
592 197
610 204
654 174
655 173
655 172
588 227
610 182
627 157
588 90
607 103
625 146
580 86
580 87
579 88
578 88
569 76
637 185
581 87
573 82
572 82
585 124
625 188
626 188
601 130
577 199
576 198
623 198
617 107
609 103
628 116
598 93
602 100
621 113
613 109
612 110
611 109
610 109
609 110
641 177
572 77
603 177
591 90
583 86
575 82
594 95
594 96
576 83
595 96
568 79
568 80
567 81
593 96
623 112
627 119
605 100
624 113
597 96
616 109
608 105
607 106
607 107
608 106
606 106
605 106
604 106
603 106
602 106
589 100
588 198
606 143
587 82
586 86
614 180
597 225
617 110
609 106
601 102
578 84
601 195
577 85
577 86
561 186
619 119
579 83
598 96
571 79
631 130
590 92
582 88
593 103
612 116
572 80
604 112
564 76
563 77
562 77
561 76
560 77
592 99
593 100
594 99
595 100
624 126
599 215
563 76
567 212
603 119
596 99
623 125
591 169
583 89
596 108
575 85
615 121
615 122
616 123
617 124
616 125
617 126
584 174
601 142
593 218
608 191
614 192
618 123
599 172
646 149
627 132
628 133
629 132
596 182
577 121
576 122
607 185
631 203
631 202
569 106
591 196
655 171
633 205
610 202
605 107
585 205
629 169
628 168
598 212
605 113
635 140
582 217
597 109
616 122
589 105
590 106
591 107
587 226
596 136
589 106
588 107
642 177
590 153
592 106
660 165
661 166
601 151
662 166
609 189
596 112
607 208
567 86
586 99
559 82
578 95
570 91
570 92
569 93
568 92
567 93
560 83
579 96
571 92
563 88
563 89
570 173
611 177
552 78
656 172
589 118
630 119
622 115
622 116
622 117
574 185
619 109
611 105
593 93
612 106
585 89
604 102
623 115
596 98
615 111
614 111
570 207
599 203
575 75
574 74
574 73
575 73
603 97
577 222
576 221
656 177
602 96
603 220
621 149
623 110
601 152
575 72
575 71
634 165
575 70
575 69
576 69
577 70
578 69
579 70
617 147
582 124
577 71
583 223
566 93
601 218
579 69
565 85
594 211
578 71
574 68
575 67
574 66
573 65
572 64
571 63
601 163
592 156
621 186
573 68
582 192
581 191
609 152
577 179
571 65
571 66
635 138
635 137
594 224
572 66
574 65
570 187
625 154
592 123
629 217
577 170
573 67
572 65
576 71
616 160
579 71
580 70
581 70
580 72
596 181
581 73
582 72
583 73
583 72
568 175
582 74
582 75
583 75
583 168
584 75
632 148
631 147
585 76
640 153
585 75
586 75
587 74
586 73
594 199
660 178
592 232
593 231
592 230
587 230
620 107
591 230
611 113
581 72
604 142
574 208
561 189
654 162
562 190
616 127
576 195
646 169
616 205
618 163
584 77
583 77
584 78
578 110
637 173
610 213
614 160
585 78
586 79
587 78
608 158
587 77
588 76
589 77
590 76
591 77
590 110
591 87
585 218
587 99
591 109
591 86
627 137
609 144
591 76
570 185
630 145
590 78
589 79
638 206
568 106
576 219
634 175
583 190
588 78
580 74
590 77
629 157
581 75
622 188
568 218
654 196
567 103
591 78
608 100
603 118
592 79
593 80
594 80
582 105
630 193
590 217
631 192
632 191
631 190
595 79
578 80
582 104
581 103
582 102
581 101
599 217
594 81
594 82
593 141
589 221
578 179
595 82
596 82
597 83
598 82
599 81
598 80
631 145
620 138
584 95
616 149
602 193
569 200
608 188
574 85
630 148
610 103
577 191
651 173
574 97
611 156
627 190
593 79
618 137
588 153
596 84
646 157
645 156
645 155
596 85
561 90
597 85
569 92
594 144
627 143
596 147
603 175
592 81
591 81
592 82
639 209
640 208
628 209
569 192
593 82
597 114
604 228
597 146
572 218
572 217
572 216
572 215
595 81
597 158
598 81
583 74
594 83
593 84
593 85
593 86
593 87
594 88
595 88
577 82
612 122
611 121
596 87
634 186
595 212
622 156
595 84
587 80
653 165
597 84
586 74
598 84
599 85
599 84
600 83
600 85
601 86
602 87
603 87
604 86
605 87
606 86
607 87
607 86
571 224
590 229
603 88
584 86
604 89
581 182
615 180
581 181
614 156
561 191
638 194
638 195
587 97
587 185
604 173
602 86
603 196
579 167
587 86
588 86
623 141
605 86
601 88
604 88
575 110
578 122
578 123
578 124
578 125
579 125
580 126
581 126
582 126
580 106
637 183
580 127
580 128
581 128
605 89
632 162
606 89
574 194
573 195
607 89
645 167
606 198
633 145
607 88
603 90
602 91
579 124
587 118
609 100
578 126
579 127
624 143
595 80
602 88
581 127
598 156
623 186
595 188
629 180
613 104
614 103
593 154
576 205
605 88
566 94
601 90
589 155
633 158
634 185
571 67
632 139
571 68
562 90
590 80
589 81
582 76
572 68
659 176
658 175
657 175
618 183
593 81
585 77
604 90
596 86
574 67
577 72
577 73
597 87
598 88
598 89
598 90
599 87
621 182
586 77
578 73
588 77
572 195
571 195
607 90
608 91
609 90
608 92
609 92
610 92
567 188
611 92
610 137
594 201
612 92
613 93
638 150
614 93
572 206
571 205
607 198
605 137
616 215
576 67
603 89
625 144
579 222
614 223
606 91
635 183
606 92
649 205
578 219
649 204
607 91
598 91
605 229
609 91
608 93
602 212
608 94
611 210
609 94
610 95
610 94
611 94
580 224
581 224
611 93
612 94
613 95
614 96
614 95
613 97
612 98
608 98
599 124
616 137
630 205
587 208
662 175
652 172
624 173
610 96
610 97
599 86
581 74
621 141
600 87
592 83
591 84
590 84
589 84
637 207
589 80
589 83
611 96
584 79
583 80
582 79
581 80
590 120
584 80
585 81
603 92
629 149
614 211
637 194
573 69
573 70
572 71
571 70
577 92
612 108
585 80
620 150
621 151
621 152
574 70
579 126
613 96
609 123
614 97
606 93
605 94
604 95
612 134
606 94
576 70
595 83
587 79
610 99
611 100
612 100
613 100
614 101
588 80
580 76
580 77
599 89
609 93
601 89
598 83
590 79
602 90
613 99
572 67
591 80
583 76
594 85
576 73
612 93
582 101
605 90
597 86
589 82
608 95
586 76
578 72
609 96
601 92
600 93
587 153
608 101
585 74
579 73
598 86
571 69
590 82
622 151
582 78
574 79
626 126
644 174
605 103
618 122
577 84
597 99
598 99
599 100
631 154
599 99
629 131
608 108
607 109
607 112
567 76
586 89
578 85
570 81
569 82
569 83
629 167
630 167
631 168
632 169
631 169
577 213
577 77
576 78
576 79
553 81
552 82
612 155
641 155
579 122
600 159
637 195
649 193
650 192
616 116
578 164
576 207
587 95
588 95
589 96
591 228
632 213
632 212
600 188
599 116
589 95
630 132
631 133
575 196
574 197
622 128
621 129
581 96
572 192
600 109
619 122
592 105
651 191
611 118
571 82
584 101
584 102
585 103
603 114
602 115
603 115
563 78
564 79
565 79
566 79
656 175
565 78
584 76
663 165
662 164
662 163
647 157
615 136
586 124
620 175
598 121
661 162
660 163
660 162
647 189
573 91
573 92
573 93
572 94
593 106
585 102
604 115
572 190
596 111
608 85
609 86
618 126
619 126
620 126
610 85
611 86
638 182
628 199
627 199
593 133
594 132
576 164
566 181
565 181
563 194
637 150
610 84
611 84
619 195
561 187
610 87
611 88
606 221
607 195
611 83
610 82
611 82
609 82
608 82
598 199
620 130
612 131
587 107
608 81
609 80
608 79
607 79
606 80
606 79
593 128
609 79
585 181
624 163
611 81
589 153
585 175
635 204
612 80
599 79
598 78
618 171
600 88
621 150
619 171
618 150
589 184
638 196
586 81
612 82
613 83
614 82
567 92
614 83
648 162
563 202
562 80
607 78
575 210
581 225
575 65
576 64
575 63
577 63
594 111
593 110
593 109
613 84
593 193
601 87
592 211
587 165
613 85
614 85
615 85
616 84
617 84
638 215
568 194
616 85
606 81
605 82
604 81
640 149
603 80
572 75
633 137
609 107
614 94
574 106
611 187
624 140
599 115
618 214
613 182
599 77
598 76
598 75
605 205
597 75
596 75
601 149
602 149
603 149
600 145
579 198
596 74
596 73
596 72
597 73
580 83
595 71
595 70
594 69
611 123
593 70
592 69
592 68
593 67
596 169
595 69
594 71
593 72
644 166
642 200
603 142
593 69
601 165
585 183
592 71
589 123
587 229
620 218
617 85
569 84
609 81
591 68
590 68
589 67
589 66
590 66
589 69
588 66
587 66
607 227
587 65
592 187
593 188
603 130
607 141
597 179
594 234
603 198
566 184
591 66
586 126
589 68
630 191
586 65
585 64
585 63
565 193
620 120
586 63
587 62
654 186
560 96
560 97
584 65
585 66
607 128
586 62
585 65
551 76
651 171
595 78
588 65
631 189
584 67
583 68
622 153
591 105
610 168
568 185
614 92
614 91
631 136
592 228
585 68
607 118
618 138
595 121
611 220
620 161
588 196
587 67
587 68
618 118
613 145
647 168
588 68
589 198
590 67
583 64
583 63
582 62
583 61
583 60
582 59
621 174
581 60
580 60
570 208
634 194
631 181
583 62
632 215
579 59
580 58
579 57
578 59
577 58
576 57
575 56
614 201
600 176
629 139
604 150
587 195
640 161
636 179
612 198
574 56
573 55
608 224
572 54
571 53
585 152
571 109
636 148
640 204
572 53
575 58
585 171
575 59
576 59
600 215
601 194
585 106
658 187
620 195
638 170
644 167
599 224
623 172
622 113
589 175
598 136
584 150
578 58
641 210
571 55
570 55
571 56
582 64
634 149
598 189
642 150
625 163
572 56
580 198
574 55
577 60
577 61
578 61
570 57
571 58
581 62
580 62
573 57
598 144
568 182
569 183
570 183
581 104
634 216
574 58
576 58
572 55
575 60
574 61
575 61
594 73
576 61
616 192
599 200
612 81
615 86
560 75
615 87
605 78
605 77
604 78
603 78
585 162
586 161
587 160
603 77
595 209
631 164
643 210
643 209
625 197
600 136
594 188
552 81
602 78
601 78
609 121
601 77
597 74
616 87
660 182
589 70
589 71
607 173
643 188
572 180
570 197
608 83
586 64
578 60
570 56
584 220
612 101
579 61
571 57
590 70
594 109
592 70
603 79
593 71
612 84
585 67
604 80
596 76
574 57
601 140
577 62
596 227
578 63
570 59
559 78
615 223
614 84
610 86
588 67
607 80
580 63
580 64
579 65
578 66
579 67
575 176
576 176
625 187
619 150
629 136
628 135
604 140
603 139
599 194
628 188
599 76
581 64
600 77
592 73
591 74
590 73
637 186
608 131
589 73
584 69
584 70
584 105
620 217
603 82
602 83
602 84
600 79
636 203
601 80
595 155
603 126
573 59
602 77
568 206
620 125
613 86
613 87
584 59
585 60
586 60
578 111
581 166
591 67
594 72
614 87
606 83
606 84
576 60
594 108
567 82
595 73
587 69
587 70
586 71
585 191
588 70
580 66
616 86
638 192
587 59
588 60
589 59
590 60
591 60
598 185
592 59
589 58
589 57
589 56
590 56
588 56
587 56
587 55
587 54
588 53
589 53
590 53
591 54
574 206
611 98
587 120
591 53
609 185
590 55
595 131
559 77
591 56
592 56
629 194
593 57
607 218
620 140
608 179
596 123
641 153
590 58
647 158
647 159
592 58
586 61
627 182
602 160
563 91
593 59
594 59
595 59
596 59
589 199
597 60
574 54
575 53
574 53
643 152
585 95
566 203
613 136
600 124
584 107
598 59
592 199
612 222
580 194
589 61
590 62
591 62
605 192
613 91
612 90
611 90
588 55
641 188
621 117
592 221
593 221
594 221
599 82
592 61
593 62
647 201
647 202
612 91
594 61
647 166
591 55
594 60
595 61
587 57
590 57
591 58
598 124
594 63
594 64
593 65
579 165
574 198
602 173
593 58
589 60
586 54
585 53
585 52
584 203
653 186
586 52
581 58
582 57
585 55
620 152
584 55
575 201
655 168
583 54
582 54
582 53
582 52
583 51
583 50
617 144
582 51
581 50
650 199
583 52
627 202
569 81
587 89
580 51
580 52
620 204
589 154
581 52
565 83
579 51
590 186
578 51
577 50
578 49
577 48
623 165
627 169
600 193
571 87
576 49
575 49
575 48
578 48
579 47
580 46
625 199
603 153
579 46
579 49
606 77
576 48
588 64
628 136
588 63
579 48
575 50
575 51
578 50
618 218
619 205
582 56
581 51
592 60
584 56
572 225
584 57
593 61
585 57
577 52
578 53
578 54
578 55
598 146
583 205
595 60
583 58
588 57
580 53
580 54
581 54
630 168
592 63
591 64
601 125
600 126
615 129
591 57
583 53
594 62
576 50
595 63
617 87
609 83
601 79
579 60
590 69
582 65
582 66
602 80
613 89
572 57
591 70
583 66
575 62
586 53
579 50
590 59
582 55
612 83
604 79
583 56
615 88
615 89
575 52
605 80
597 76
616 89
589 72
555 79
574 92
566 88
625 174
625 175
624 175
623 175
558 84
558 85
630 155
586 66
577 97
578 98
578 99
578 100
634 208
583 114
612 111
578 62
570 58
567 89
639 194
559 85
560 85
575 108
561 85
600 86
579 63
551 81
570 94
611 95
571 59
603 91
582 68
581 68
592 118
593 83
612 96
585 79
603 127
604 92
596 88
574 69
625 151
626 116
577 74
618 112
610 108
582 189
581 189
629 121
628 122
629 123
576 113
589 85
607 102
599 98
578 75
570 71
569 72
618 193
651 202
622 118
581 86
599 134
600 99
619 112
592 95
593 60
649 191
648 191
647 192
575 166
611 108
584 91
583 92
584 93
585 93
586 93
587 93
610 80
629 170
584 92
587 92
585 56
603 104
589 206
590 206
614 119
573 81
632 167
565 77
606 115
585 92
625 128
577 51
596 101
589 62
595 105
574 82
566 78
626 129
586 56
618 125
577 87
576 88
576 89
578 52
563 189
610 121
629 134
588 102
607 115
580 98
580 99
581 63
599 111
600 76
659 162
658 163
657 163
588 163
658 162
657 161
656 161
658 160
627 178
572 169
658 161
592 72
611 85
584 68
603 81
569 88
561 84
620 170
581 99
573 58
592 108
577 208
578 209
625 142
610 201
593 73
584 104
585 69
605 102
604 82
596 78
562 85
554 81
573 94
574 59
565 90
606 128
605 128
625 141
571 170
577 64
610 98
594 153
627 187
646 200
645 201
577 124
576 125
575 124
576 124
574 123
574 122
573 121
572 120
571 119
570 118
569 118
572 119
580 202
581 201
636 169
583 125
618 182
558 88
571 74
569 184
571 121
570 121
574 118
589 108
574 121
560 185
631 209
653 163
569 117
570 116
573 123
590 162
596 145
609 119
591 216
569 120
568 121
575 57
568 120
618 195
624 186
572 121
594 115
604 85
626 163
564 101
563 102
562 102
561 101
606 90
561 103
592 166
635 139
613 149
596 94
577 68
630 160
631 159
631 158
631 157
560 101
579 58
570 122
570 123
571 123
590 105
623 131
573 122
567 120
566 119
566 118
565 117
566 117
567 116
664 166
567 115
567 114
567 118
615 200
574 173
615 161
569 102
567 117
622 199
571 84
562 103
598 133
569 119
569 122
571 122
572 123
591 138
567 119
573 124
574 125
569 121
572 122
588 79
607 92
601 161
592 229
580 75
584 225
585 225
586 59
583 71
617 212
599 88
658 174
573 215
581 76
621 112
600 89
592 85
584 81
583 82
603 94
561 97
572 194
573 71
614 109
606 105
625 118
624 119
570 182
589 52
589 51
588 50
587 50
586 50
585 50
610 104
589 50
587 49
586 48
606 133
589 49
589 48
590 49
591 50
591 51
592 50
593 51
627 145
594 51
606 88
591 97
607 219
594 50
595 51
596 52
595 53
594 54
593 53
634 163
580 92
607 153
596 51
596 54
596 53
601 115
641 189
595 50
594 52
593 50
596 55
595 56
596 57
591 208
596 56
607 83
634 203
595 95
587 91
646 177
618 115
610 111
617 119
568 114
587 127
586 128
586 129
586 130
587 131
588 132
588 131
591 129
604 91
628 128
588 92
620 124
580 88
581 53
599 101
592 62
584 58
569 78
602 112
621 125
613 121
614 86
593 63
577 198
606 82
585 59
571 124
596 68
596 67
595 66
596 66
592 178
596 65
591 102
583 98
594 107
595 72
614 122
574 49
573 49
629 145
609 195
593 121
573 48
565 80
665 167
664 168
588 214
577 54
610 88
576 95
595 108
568 91
588 69
607 82
580 65
599 78
557 81
617 132
636 145
609 128
628 141
601 124
573 205
602 89
620 137
581 66
613 98
592 75
593 76
593 77
648 168
616 221
594 75
577 175
578 176
632 136
584 71
579 105
598 118
590 114
550 78
549 78
548 79
547 80
546 79
545 78
544 79
572 63
595 156
634 151
543 79
607 206
646 156
611 191
576 55
565 194
590 196
644 210
631 134
542 80
563 105
595 90
596 71
610 149
541 80
540 79
539 78
540 78
612 210
538 78
537 78
537 77
538 76
539 76
540 77
541 76
542 77
652 171
649 182
594 134
541 78
592 130
585 216
582 180
538 77
636 214
636 215
541 77
628 212
536 76
580 93
535 75
536 75
616 156
611 132
535 77
534 74
534 73
533 72
534 72
556 78
623 129
533 74
532 74
531 74
530 74
576 80
530 73
569 202
531 72
530 71
531 70
530 69
585 202
529 69
624 159
640 174
641 198
622 110
621 219
599 96
603 151
631 156
579 100
529 71
528 71
601 128
568 94
583 94
529 70
532 75
626 183
601 228
528 72
528 73
586 104
529 73
531 73
541 79
533 75
529 72
536 78
582 179
547 78
591 79
582 110
602 125
594 84
573 61
572 61
606 95
572 102
591 115
564 98
583 111
575 107
576 72
594 120
595 85
627 154
587 81
534 75
617 109
609 105
588 82
628 118
580 78
620 114
592 52
598 95
590 91
602 102
621 115
613 111
585 49
584 48
583 47
582 46
584 47
641 167
593 68
569 213
582 45
582 44
572 79
591 92
583 88
575 84
594 97
595 62
627 131
587 58
605 112
624 125
575 120
616 121
576 85
617 86
608 117
568 81
587 94
588 59
574 124
660 164
580 55
639 141
639 140
565 81
637 174
639 139
638 138
637 137
639 138
586 98
638 145
617 122
609 118
601 114
602 79
620 127
581 56
567 121
613 88
577 165
560 82
584 61
579 95
598 108
571 91
590 104
631 142
563 87
591 69
582 100
583 65
642 151
661 164
634 147
594 74
614 89
606 85
552 77
612 128
572 92
604 124
564 88
664 175
623 137
583 101
556 84
556 85
555 86
554 86
553 85
552 84
590 150
553 84
618 181
643 155
642 212
577 224
644 178
589 188
615 133
656 171
575 97
576 62
635 148
595 75
627 144
587 71
553 78
605 125
645 161
624 138
597 121
637 157
616 134
589 117
648 166
608 130
609 95
573 172
601 91
580 68
567 98
586 111
559 94
578 107
579 72
638 158
570 103
598 85
657 171
630 154
549 80
590 81
649 167
594 231
622 150
582 77
641 163
642 164
620 185
602 92
613 101
600 131
560 95
579 108
619 144
571 104
611 140
591 65
572 69
612 105
577 78
631 155
603 136
603 137
563 100
591 82
582 113
581 113
583 78
623 114
575 74
615 110
594 87
580 189
595 52
627 121
567 219
640 203
587 48
632 199
631 200
601 204
632 200
592 163
633 164
578 228
584 159
570 224
604 137
644 173
590 202
623 150
624 115
596 133
613 211
569 179
597 98
656 184
657 185
658 185
658 184
616 111
576 75
589 94
608 107
568 71
588 49
574 114
633 200
580 45
599 58
579 229
566 110
566 111
566 112
626 161
586 88
571 225
645 174
577 119
591 203
637 170
564 186
610 153
610 154
609 155
583 199
589 130
629 166
630 131
575 195
609 108
594 208
593 209
601 104
587 169
607 147
567 111
599 143
578 120
619 121
579 85
651 190
598 98
571 81
631 132
590 94
591 59
576 196
622 163
663 164
582 90
636 210
568 192
583 55
588 170
628 206
634 137
580 166
600 144
640 180
619 157
586 209
550 79
632 176
632 177
592 140
593 105
611 153
652 191
612 118
585 101
604 114
564 78
587 105
605 79
623 127
596 110
575 87
615 123
614 124
614 125
614 126
616 88
576 52
601 225
595 65
608 84
587 61
574 91
560 193
633 177
579 206
625 173
626 138
571 202
645 151
563 198
563 199
562 200
561 199
574 186
599 223
577 96
590 215
591 180
596 146
637 147
597 111
582 211
582 212
581 213
582 214
581 214
583 176
629 143
589 107
648 156
649 157
650 157
635 151
651 158
652 159
578 174
650 159
649 159
554 82
653 160
654 160
608 120
575 172
609 85
594 185
594 186
595 150
601 81
660 167
647 197
567 88
593 226
626 174
586 101
639 193
559 84
572 203
618 170
578 97
659 171
564 199
579 62
638 148
570 93
629 179
630 144
575 208
590 71
648 169
576 173
622 140
582 67
595 186
591 193
636 187
652 168
602 82
587 182
588 147
587 148
586 148
588 108
587 147
628 183
581 108
600 121
619 134
592 117
571 94
611 130
572 59
584 113
612 95
563 90
591 72
589 228
663 177
636 167
609 150
575 64
601 202
594 77
621 180
567 209
640 193
605 92
598 221
588 183
586 222
592 153
632 189
552 80
633 154
593 118
578 218
579 183
625 150
598 196
570 214
571 179
604 127
590 192
591 157
597 88
582 188
656 174
602 203
643 204
608 97
635 200
655 178
574 104
566 100
625 186
626 151
586 78
571 215
612 216
645 164
658 183
618 147
578 74
637 160
582 224
610 143
570 70
583 189
629 156
624 190
590 48
575 185
594 198
536 77
601 94
587 159
588 124
607 137
567 101
621 172
580 120
639 206
559 97
599 133
600 98
659 184
619 111
579 75
570 106
651 180
571 71
611 107
603 103
591 49
589 205
582 80
636 200
529 74
569 110
628 196
588 160
574 225
581 121
621 157
566 221
640 170
567 186
600 134
586 199
632 166
577 230
593 95
652 181
578 195
584 126
585 91
570 191
604 104
590 169
623 117
631 207
596 100
615 113
614 113
634 212
567 222
573 116
572 117
654 190
574 81
633 167
606 150
566 77
579 196
626 128
570 227
571 228
572 228
586 55
571 192
579 173
644 176
590 205
618 124
563 188
591 170
597 101
610 120
582 201
583 166
589 97
629 133
593 108
635 213
595 140
655 191
647 187
566 113
567 78
607 114
593 216
586 91
639 183
571 206
599 110
618 160
585 212
659 161
578 87
579 52
564 189
610 156
570 83
630 134
597 186
590 61
622 130
617 164
636 177
587 172
592 107
628 173
574 202
620 169
581 98
599 146
566 198
600 111
640 147
619 124
586 176
651 193
652 193
653 193
654 193
615 155
577 207
652 158
611 120
612 85
572 49
571 50
572 51
571 49
573 51
584 103
603 116
563 80
589 218
663 167
596 77
650 197
575 54
615 90
602 157
562 84
621 170
567 199
640 183
614 131
586 212
559 195
558 196
559 196
633 144
565 89
578 208
606 127
625 140
585 104
598 186
570 204
644 153
571 169
590 182
596 113
591 147
597 78
582 178
589 74
643 194
608 87
594 152
635 190
595 117
555 81
581 219
574 94
627 186
560 196
646 199
566 90
647 164
626 141
558 86
586 68
572 170
584 224
577 99
658 173
578 64
563 201
610 133
570 60
570 61
583 179
596 198
629 146
624 180
575 175
595 153
636 154
583 123
587 149
588 114
647 200
573 214
607 127
580 110
593 229
639 196
559 87
560 87
561 87
599 123
659 174
592 84
651 170
611 97
571 61
597 199
603 93
589 195
636 190
569 100
628 186
561 96
574 215
602 134
621 147
566 211
567 176
640 160
613 143
532 69
532 68
586 189
592 120
632 156
577 220
578 185
584 116
585 116
625 117
570 181
604 94
631 197
590 159
591 124
596 90
582 155
581 156
582 157
581 158
582 156
615 103
616 103
642 206
643 171
562 97
588 235
634 202
594 129
614 144
573 106
654 180
574 71
606 140
646 176
565 102
565 103
579 186
592 205
625 153
626 118
571 182
572 182
573 183
573 182
618 114
576 117
577 76
591 160
610 110
582 191
583 156
623 192
589 87
569 221
643 207
635 203
595 130
568 113
655 181
587 126
588 91
647 177
607 104
593 206
639 173
658 186
570 73
624 193
590 51
622 120
617 154
589 172
582 47
628 163
588 127
573 227
574 192
620 159
580 123
581 88
621 124
566 188
600 101
586 166
592 97
577 197
578 162
611 110
638 213
585 58
598 140
589 208
630 209
590 136
650 187
569 113
602 147
642 183
588 212
621 160
607 225
567 189
653 192
614 121
573 83
559 185
558 185
574 48
578 198
606 117
579 163
625 130
585 94
570 194
572 124
631 210
577 53
590 172
591 137
582 168
581 168
589 64
643 184
634 215
594 142
635 180
595 107
581 209
627 176
587 103
646 189
566 80
607 81
592 218
593 183
612 208
586 58
558 76
558 75
654 170
558 74
639 150
584 214
641 165
581 186
577 89
618 127
585 179
610 123
624 170
596 188
575 165
616 166
617 131
562 195
636 144
628 140
573 204
574 169
607 117
580 100
620 136
639 186
565 200
566 201
565 201
581 65
599 113
600 78
585 215
626 216
592 74
651 160
577 174
611 87
597 189
638 190
603 83
589 185
617 167
550 77
649 199
569 90
595 228
641 195
574 205
561 86
602 124
620 172
661 173
621 137
640 150
613 133
573 60
586 179
632 146
577 210
593 75
578 175
584 106
585 71
598 153
590 149
631 187
596 80
591 114
650 200
583 110
642 196
643 161
562 87
588 225
662 174
634 192
635 157
554 83
580 221
627 153
565 92
606 130
646 166
592 195
571 172
611 208
584 191
577 66
618 104
603 204
610 100
623 182
624 147
569 211
576 107
616 143
635 193
595 120
568 103
581 222
627 189
587 116
588 81
573 181
647 167
607 94
593 196
639 163
599 90
584 227
585 192
592 51
645 206
596 201
624 183
591 235
637 202
616 179
657 180
589 162
636 157
609 140
628 153
573 217
601 136
574 182
620 149
580 113
581 78
621 114
613 110
586 156
592 87
593 52
577 187
576 188
584 83
579 117
610 221
585 48
638 203
598 130
630 199
590 126
576 228
650 177
622 195
569 103
641 208
602 137
642 173
588 202
634 169
567 179
607 215
613 146
653 182
654 183
573 73
599 211
661 163
606 107
619 189
625 120
570 184
611 185
572 114
612 150
603 181
591 127
582 158
623 159
589 54
643 174
569 188
575 119
628 142
634 205
576 84
635 170
595 97
581 199
627 166
588 58
646 179
647 179
648 179
649 180
592 208
633 209
593 173
612 186
584 204
585 169
604 182
610 113
605 147
623 195
592 152
624 160
596 178
569 224
597 143
615 191
576 120
562 185
608 152
619 169
568 116
609 117
588 94
628 130
583 67
573 194
580 90
565 190
566 191
581 55
599 103
626 206
592 64
577 164
618 202
637 215
584 60
638 180
610 198
598 107
629 211
630 176
649 189
609 153
569 80
595 218
641 185
602 114
587 214
621 127
607 192
613 123
653 159
564 188
558 187
557 187
557 188
557 189
614 88
573 50
599 188
578 165
619 166
585 61
598 143
572 91
630 212
631 177
591 104
622 208
583 100
642 186
643 186
644 186
643 151
575 96
588 215
634 182
635 147
653 195
580 211
595 74
565 191
581 176
574 51
600 189
606 120
619 202
665 169
592 185
593 150
611 198
612 163
584 181
577 56
604 159
610 90
605 124
596 155
624 137
569 201
615 168
576 97
561 197
595 110
568 93
608 129
587 106
568 204
588 71
614 209
573 171
660 176
607 84
580 67
606 205
639 153
599 80
585 182
645 196
572 212
605 160
596 191
591 225
557 83
597 156
637 192
638 157
617 134
589 152
657 170
562 198
549 79
648 201
649 202
575 217
608 165
609 130
594 230
595 195
601 126
641 162
574 172
620 139
565 203
626 219
618 215
577 177
584 73
579 107
645 173
610 211
638 193
571 103
630 189
590 116
576 218
650 167
622 185
542 76
572 204
582 112
595 231
568 214
642 163
587 227
661 176
588 192
634 159
594 86
607 205
580 188
653 172
573 63
599 201
600 166
606 97
619 179
592 162
611 175
612 140
584 158
591 117
603 171
604 136
623 149
583 113
569 178
575 109
648 157
656 183
615 145
615 146
576 74
594 122
635 160
595 87
627 156
587 83
588 48
613 221
592 198
593 163
633 199
579 228
584 194
625 195
585 159
604 172
644 208
624 150
596 168
608 121
591 202
597 133
637 169
616 146
589 129
617 111
648 178
608 142
594 207
628 120
573 184
601 103
614 222
580 80
620 116
581 45
606 218
567 110
626 196
586 123
645 209
592 54
570 62
618 192
637 205
584 50
579 84
610 188
570 115
629 201
657 183
630 166
590 93
649 179
569 70
622 162
595 208
568 191
601 139
587 204
588 169
607 182
580 165
613 113
599 178
600 143
579 120
619 156
611 152
571 116
652 190
657 172
572 81
590 129
631 167
591 94
603 148
564 77
582 125
623 126
568 227
575 86
588 205
576 51
601 224
634 172
595 64
580 201
621 202
627 133
600 179
587 60
646 146
592 175
632 211
593 140
633 176
612 153
584 171
603 184
644 185
604 149
605 114
590 214
623 162
624 127
569 191
597 110
615 158
576 87
602 225
608 119
568 83
609 84
588 61
614 199
660 166
580 57
633 212
606 195
625 208
626 173
586 100
572 202
645 186
591 215
564 198
637 182
610 165
583 211
657 160
629 178
630 143
568 85
575 207
609 120
594 220
595 185
641 152
601 116
602 81
587 181
620 129
607 159
613 90
599 155
618 205
560 84
619 133
579 97
598 110
571 93
597 231
630 179
572 58
631 144
591 71
576 208
622 175
617 209
663 176
642 153
587 217
588 182
594 76
620 214
653 162
580 178
599 191
640 192
600 156
606 87
586 221
552 79
593 117
612 130
557 194
564 90
604 126
605 91
623 139
664 177
556 86
596 122
656 173
615 135
575 99
602 202
595 77
621 215
608 96
627 146
587 73
614 176
633 189
593 153
553 80
579 218
583 188
585 149
626 150
598 231
644 198
571 214
605 127
645 163
590 227
591 192
596 158
637 159
582 223
616 136
589 119
629 155
608 132
609 97
594 197
595 162
601 93
614 212
611 122
660 179
606 208
567 100
626 186
586 113
559 96
590 83
575 220
578 109
659 183
579 74
638 160
583 224
570 105
598 87
629 191
630 156
576 185
649 169
622 152
595 198
568 181
636 199
602 94
587 194
586 70
588 159
594 53
600 133
619 146
592 129
652 180
611 142
612 87
571 106
612 107
603 138
617 222
604 103
623 116
609 218
615 112
575 76
601 214
594 89
595 54
621 192
627 123
640 205
567 221
570 226
646 180
613 188
592 165
632 201
633 166
593 130
578 230
584 161
579 195
625 162
598 208
604 139
590 204
596 135
597 100
582 200
615 148
656 186
616 113
602 215
568 73
608 109
588 51
613 224
614 189
574 116
655 190
580 47
625 198
567 77
571 227
586 90
645 176
618 159
578 86
591 205
637 172
638 137
610 155
583 201
570 82
589 132
629 168
630 133
575 197
648 181
622 129
594 210
601 106
587 171
607 149
567 113
599 145
619 123
579 87
596 192
605 225
651 192
571 83
611 119
597 221
572 48
590 96
591 61
563 79
617 199
569 193
622 165
589 217
582 92
663 166
583 57
636 212
628 208
588 172
634 139
594 66
580 168
621 169
579 86
608 177
640 182
600 146
586 211
632 178
593 107
611 155
578 207
612 120
644 152
564 80
604 116
605 81
590 181
664 167
556 76
597 77
656 163
615 125
601 227
576 54
602 192
621 205
608 86
587 63
613 201
614 166
574 93
633 179
560 195
606 162
566 89
579 208
626 140
644 188
584 151
571 204
586 67
645 153
577 98
618 136
563 200
591 182
597 113
637 149
582 213
583 178
589 109
575 174
648 158
609 87
594 187
595 152
601 83
647 199
607 126
562 99
593 228
643 173
586 103
602 172
639 195
559 86
585 224
618 172
659 173
564 201
579 64
551 82
605 202
598 77
624 215
571 60
596 233
630 146
616 211
576 175
617 176
622 142
582 69
636 189
608 207
587 184
588 149
628 185
607 162
574 214
620 181
581 110
599 158
600 123
640 159
594 154
586 188
592 119
577 219
652 170
619 113
584 115
612 97
563 92
589 230
604 93
663 179
583 70
596 89
609 208
575 66
615 102
602 169
562 96
567 211
640 195
613 178
614 143
586 224
593 120
633 156
578 220
579 185
625 152
544 78
598 198
570 216
644 165
571 181
590 194
596 125
591 159
597 90
582 190
583 155
589 86
643 206
608 99
594 164
635 202
614 179
627 198
655 180
606 175
647 176
566 102
626 153
586 80
571 217
612 218
577 111
618 149
637 162
604 214
610 145
570 72
583 191
629 158
624 192
575 187
590 50
616 188
622 119
595 165
636 166
587 161
588 126
573 226
573 86
607 139
580 122
639 208
599 135
600 100
659 186
579 77
605 215
592 96
651 182
571 73
597 211
603 105
589 135
617 189
589 207
582 82
636 202
608 220
628 198
604 227
601 181
594 56
574 227
580 158
620 194
621 159
640 172
613 155
586 201
592 132
632 168
559 184
593 97
578 197
579 162
598 175
570 193
590 171
596 102
582 167
615 115
589 63
602 182
643 183
634 214
567 224
613 191
637 204
654 192
573 118
633 169
600 221
646 188
606 152
625 165
626 130
586 57
571 194
612 195
577 88
563 190
594 131
591 172
603 226
637 139
610 122
582 203
623 204
629 135
589 99
594 177
635 215
595 142
655 193
627 211
588 103
567 80
639 185
559 76
599 112
585 214
659 163
578 89
579 54
610 158
651 159
624 205
596 223
597 188
590 63
576 165
616 201
622 132
617 166
608 197
609 162
628 175
574 204
620 171
581 100
599 148
566 200
600 113
586 178
592 109
632 145
593 74
577 209
652 160
585 70
598 152
589 220
604 83
663 169
609 198
596 79
642 195
602 159
562 86
662 173
567 201
613 168
573 95
614 133
574 60
632 181
633 146
578 210
606 129
619 211
579 175
598 188
570 206
571 171
644 155
605 84
577 65
590 184
591 149
597 80
589 76
643 196
608 89
635 192
595 119
555 83
581 221
655 170
627 188
547 79
606 165
646 201
566 92
607 93
593 195
639 162
584 226
577 101
618 139
604 204
610 135
605 169
624 182
575 177
615 213
616 178
622 109
636 156
608 174
587 151
628 152
588 116
573 216
651 172
574 181
607 129
580 112
639 198
581 77
599 125
585 227
600 90
592 86
577 186
611 99
584 82
597 201
638 202
603 95
589 197
617 179
608 210
609 175
641 207
601 171
574 217
602 136
620 184
566 213
640 162
567 178
532 71
573 72
586 191
614 110
632 158
578 187
584 118
625 119
598 165
604 96
590 161
631 199
596 92
597 57
583 122
642 208
634 204
635 169
654 182
581 198
614 146
573 108
600 211
606 142
646 178
565 104
592 207
571 184
612 185
618 116
603 216
591 162
610 112
623 194
583 158
629 125
569 223
615 190
635 205
594 167
595 132
568 115
655 183
627 201
587 128
588 93
573 193
593 208
580 89
639 175
599 102
658 188
585 204
604 217
596 213
624 195
597 178
637 214
616 191
617 156
589 174
582 49
569 79
628 165
601 148
580 125
581 90
621 126
566 190
600 103
613 122
586 168
558 186
632 135
593 64
603 108
630 211
631 176
590 138
650 189
622 207
569 115
601 184
642 185
562 76
634 181
567 191
613 158
653 194
580 210
573 85
614 123
574 50
633 136
606 119
619 201
665 168
570 196
611 197
577 55
590 174
631 212
591 139
603 193
582 170
610 89
623 171
576 96
635 182
595 109
581 211
654 195
655 160
600 224
646 191
566 82
647 156
592 220
593 185
558 78
639 152
584 216
658 165
603 229
578 56
604 194
623 207
596 190
624 172
597 155
615 203
616 168
617 133
562 197
636 146
609 129
588 106
573 206
574 171
580 102
565 202
581 67
600 80
626 218
592 76
577 176
611 89
584 72
597 191
610 210
598 119
603 85
589 187
630 188
649 201
650 166
595 230
641 197
561 88
602 126
620 174
661 175
607 204
613 135
653 171
586 181
573 62
578 177
606 96
619 178
585 73
598 155
572 103
590 151
591 116
622 220
650 202
583 112
642 198
643 163
562 89
662 176
594 121
554 85
635 159
595 86
580 223
654 172
581 188
574 63
600 201
606 132
646 168
565 94
593 162
584 193
612 175
618 106
603 206
604 171
605 136
610 102
623 184
624 149
596 167
576 109
616 145
568 105
627 191
588 83
628 119
614 221
607 96
593 198
580 79
606 217
639 165
599 92
585 194
626 195
605 172
592 53
645 208
596 203
584 49
597 168
616 181
589 164
657 182
629 200
617 146
609 142
649 178
628 155
595 207
601 138
574 184
620 151
621 116
613 112
586 158
593 54
577 189
584 85
579 119
638 205
610 223
598 132
571 115
630 201
631 166
576 230
591 93
622 197
650 179
568 226
642 175
602 139
588 204
634 171
594 98
607 217
580 200
653 184
573 75
599 213
606 109
619 191
592 174
625 122
612 152
572 116
603 183
604 148
610 79
623 161
569 190
575 121
615 157
576 86
602 224
635 172
595 99
568 82
627 168
592 210
593 175
633 211
580 56
639 142
612 188
584 206
604 184
645 185
605 149
591 214
624 162
596 180
597 145
615 193
616 158
617 123
562 187
608 154
648 190
568 118
594 219
628 132
588 96
573 196
620 128
581 57
565 192
626 208
592 66
618 204
577 166
584 62
610 200
589 177
629 213
630 178
622 174
595 220
568 203
641 187
561 78
602 116
587 216
588 181
661 165
634 148
607 194
613 125
653 161
558 189
573 52
614 90
599 190
619 168
611 164
572 93
631 179
591 106
642 188
564 89
622 210
583 102
623 138
643 153
588 217
575 98
576 63
588 194
634 184
635 149
580 213
595 76
581 178
600 191
587 72
646 158
593 152
553 79
611 200
612 165
584 183
585 148
644 197
604 161
605 126
590 226
623 174
624 139
597 122
569 203
615 170
576 99
616 135
568 95
587 108
588 73
573 173
580 69
606 207
625 220
585 184
626 185
586 112
572 214
645 198
591 227
638 159
557 85
530 68
629 190
549 81
575 219
648 203
609 132
594 232
595 197
641 164
602 93
620 141
607 171
613 102
618 217
619 145
579 109
598 122
571 105
531 69
572 70
563 101
576 220
591 83
617 221
622 187
582 114
542 78
641 200
583 79
568 216
642 165
634 161
607 207
580 190
653 174
627 122
606 99
619 181
592 164
593 129
584 160
612 142
604 138
564 102
583 115
623 151
624 116
569 180
615 147
656 185
575 111
616 112
602 214
595 89
568 72
627 158
587 85
613 223
614 188
593 165
633 201
584 196
579 230
585 161
626 162
571 226
645 175
605 139
591 204
597 135
637 171
583 200
616 148
589 131
617 113
648 180
608 144
609 109
594 209
601 105
573 186
620 118
581 47
606 220
565 182
567 112
626 198
586 125
572 227
618 194
578 121
584 52
610 190
638 172
570 117
629 203
590 95
649 181
576 197
622 164
595 210
582 91
636 211
568 193
587 206
588 171
634 138
594 65
607 184
613 115
580 167
599 180
619 158
652 192
571 118
611 154
612 119
572 83
603 150
591 96
582 127
583 128
583 129
584 128
623 128
556 75
556 74
556 73
656 162
575 88
615 124
601 226
576 53
594 101
580 203
621 204
627 135
646 148
613 200
592 177
593 142
633 178
579 207
584 173
598 220
644 187
604 151
645 152
605 116
590 216
624 129
597 112
615 160
602 227
601 82
660 168
633 214
580 59
606 197
625 210
626 175
586 102
645 188
591 217
564 200
637 184
557 75
638 149
583 213
657 162
575 209
648 193
590 72
649 158
576 174
609 122
622 141
594 222
595 187
641 154
601 118
587 183
588 148
613 92
560 86
619 135
579 99
652 169
611 131
571 95
572 60
631 146
590 108
591 73
576 210
622 177
589 229
663 178
583 69
642 155
588 184
594 78
580 180
640 194
586 223
632 190
593 119
612 132
544 77
585 115
604 128
644 164
564 92
605 93
596 124
556 88
597 89
615 137
576 66
602 204
587 75
574 105
633 191
553 82
579 220
585 151
626 152
644 200
571 216
572 181
605 129
618 148
577 110
591 194
637 161
597 125
582 225
589 121
648 170
575 186
608 134
609 99
601 95
620 108
607 138
567 102
586 115
639 207
659 185
579 76
638 162
570 107
651 181
571 72
630 158
590 85
575 222
576 187
622 154
582 81
595 200
568 183
583 46
636 201
587 196
628 197
588 161
594 55
574 226
580 157
581 122
640 171
600 135
619 148
592 131
652 182
611 144
584 127
612 109
572 73
603 140
563 104
604 105
623 118
575 78
615 114
627 125
640 207
587 52
567 223
573 117
632 203
633 168
593 132
584 163
579 197
585 128
625 164
571 193
604 141
644 177
591 171
596 137
597 102
637 138
582 202
583 167
616 115
586 92
589 98
608 111
635 214
655 192
580 49
647 188
566 114
567 79
626 165
559 75
577 123
618 161
591 207
579 53
564 190
610 157
638 139
570 84
583 203
630 135
575 199
594 212
622 131
582 58
636 178
641 144
587 173
607 151
613 82
599 147
600 112
560 76
579 89
619 125
579 66
570 120
651 194
571 85
572 50
612 86
591 63
603 117
563 81
589 219
663 168
582 94
583 59
575 55
615 91
634 141
594 68
580 170
621 171
567 200
640 184
600 148
586 213
632 180
579 174
585 105
598 187
570 205
604 118
644 154
605 83
664 169
590 183
596 114
597 79
615 127
656 165
576 56
589 75
608 88
555 82
574 95
633 181
560 197
579 210
625 177
626 142
586 69
572 171
590 219
577 100
591 184
578 65
637 151
610 134
582 215
583 180
589 111
629 147
648 160
609 89
594 189
595 154
601 85
587 150
593 230
639 197
559 88
585 226
659 175
578 101
564 203
570 97
598 79
571 62
597 200
590 75
576 177
622 144
582 71
636 191
588 151
628 187
548 78
574 216
581 112
566 212
600 125
532 70
586 190
619 138
592 121
632 157
577 221
611 134
584 117
612 99
585 82
589 232
596 91
575 68
615 104
562 98
567 213
533 71
573 107
614 145
586 226
632 193
574 72
578 222
606 141
579 187
544 80
585 118
598 200
571 183
605 96
591 161
597 92
583 157
629 124
589 88
643 208
627 200
574 108
655 182
647 178
566 104
607 105
626 155
593 207
639 174
586 82
572 184
618 151
577 113
610 147
570 74
629 160
624 194
590 52
575 189
622 121
582 48
636 168
587 163
628 164
588 128
573 228
580 124
581 89
639 210
599 137
600 102
619 115
592 98
651 184
571 75
611 111
584 94
603 107
589 209
583 49
569 114
628 200
574 229
594 58
602 148
581 125
621 161
566 225
567 190
586 203
573 84
632 170
559 186
593 99
578 199
579 164
625 131
570 195
604 108
631 211
590 173
596 104
582 169
589 65
643 185
608 78
594 143
635 181
654 194
573 120
560 187
646 190
606 154
565 116
566 81
625 167
592 219
626 132
571 196
558 77
618 128
577 90
658 164
563 192
591 174
637 141
610 124
583 170
624 171
629 137
595 144
627 213
588 105
647 191
593 220
580 101
639 187
599 114
659 165
579 56
570 87
651 161
571 52
597 190
590 65
603 84
617 168
589 186
582 61
636 181
569 91
628 177
632 147
620 173
581 102
621 138
566 202
600 115
640 151
586 180
592 111
577 211
652 162
612 89
585 72
603 120
598 154
570 172
589 222
631 188
596 81
650 201
642 197
562 88
588 226
634 193
567 203
554 84
573 97
654 171
574 62
633 148
606 131
579 177
582 182
644 157
611 209
571 173
577 67
618 105
591 151
597 82
610 101
623 183
589 78
643 198
576 108
635 194
555 85
581 223
587 117
646 203
539 77
607 95
593 197
639 164
558 90
586 72
584 228
599 91
585 193
658 177
578 68
624 184
622 111
617 145
636 158
588 118
628 154
573 218
574 183
580 114
581 79
599 127
600 92
585 229
586 157
619 105
592 88
651 174
577 188
611 101
638 204
630 200
596 58
569 104
650 178
641 209
602 138
566 215
640 164
567 180
532 73
653 183
586 193
614 112
573 74
632 160
593 89
578 189
606 108
585 85
643 175
625 121
572 115
590 163
631 201
591 128
597 59
582 159
583 124
589 55
642 210
562 101
634 206
635 171
594 133
595 98
581 200
654 184
627 167
574 75
565 106
606 144
592 209
626 122
586 49
584 205
577 80
610 114
583 160
629 127
624 161
569 225
576 121
616 157
595 134
562 186
568 117
627 203
587 130
628 131
647 181
607 108
580 91
593 210
639 177
599 104
585 206
592 65
589 176
617 158
636 171
609 154
649 190
628 167
601 150
561 77
574 196
620 163
581 92
621 128
566 192
613 124
558 188
586 170
592 101
632 137
593 66
577 201
578 166
584 97
585 62
630 213
631 178
650 191
615 84
642 187
602 151
562 78
588 216
634 183
662 165
594 110
653 196
580 212
654 161
573 87
559 189
574 52
599 225
606 121
625 134
592 186
665 170
577 57
610 91
582 172
623 173
576 98
635 184
594 146
561 198
595 111
555 75
627 180
655 162
646 193
588 72
607 85
592 222
593 187
558 80
639 154
584 218
658 167
645 197
570 54
624 174
615 205
557 84
616 170
617 135
562 199
648 202
609 131
628 144
573 208
601 127
580 104
565 204
581 69
600 82
586 147
592 78
577 178
618 216
611 91
584 74
610 212
589 189
531 68
630 190
590 117
550 81
649 203
650 168
569 94
622 186
595 232
641 199
602 128
587 228
661 177
588 193
613 137
653 173
614 102
573 64
599 202
606 98
619 180
570 175
611 176
572 105
631 191
591 118
543 78
643 165
535 74
634 196
662 178
635 161
580 225
581 190
587 84
600 203
646 170
593 164
611 212
612 177
585 160
618 108
603 208
644 209
605 138
624 151
597 134
615 182
576 111
616 147
617 112
608 143
568 107
628 121
588 85
573 185
620 117
580 81
581 46
606 219
599 94
585 196
626 197
572 226
592 55
605 174
637 206
584 51
638 171
629 202
617 148
657 184
589 166
569 71
602 105
587 205
620 153
621 118
566 182
607 183
613 114
586 160
593 56
579 121
584 87
638 207
610 225
598 134
571 117
630 203
590 130
596 61
650 181
583 91
641 212
588 206
634 173
594 100
581 167
614 115
627 134
600 180
646 147
606 111
619 193
592 176
611 189
572 118
612 154
577 47
603 185
610 81
623 163
583 127
575 123
615 159
616 124
602 226
595 101
581 203
568 84
627 170
588 62
614 200
647 148
633 213
593 177
639 144
584 208
585 173
625 209
604 186
645 187
597 147
557 74
583 212
617 125
562 189
648 192
636 138
608 156
628 134
601 117
573 198
580 94
581 59
626 210
618 206
577 168
579 98
584 64
638 184
629 215
630 180
590 107
576 209
650 158
622 176
595 222
582 103
568 205
602 118
642 154
587 218
661 167
634 150
607 196
580 179
613 127
573 54
599 192
619 170
611 166
572 95
591 108
603 162
564 91
623 140
583 104
556 87
575 100
576 65
594 113
580 215
581 180
621 216
627 147
613 212
646 160
592 189
633 190
584 185
579 219
598 232
644 199
590 228
623 176
624 141
596 159
597 124
569 205
615 172
576 101
589 120
608 133
609 98
588 75
614 213
573 175
660 180
580 71
606 209
626 187
546 78
586 114
645 200
591 229
637 196
638 161
557 87
610 179
530 70
629 192
589 156
657 174
630 157
648 205
575 221
649 170
609 134
595 199
641 166
602 95
621 108
619 147
610 215
531 71
571 107
572 72
563 103
591 85
576 222
622 189
582 116
583 81
609 219
642 167
575 77
594 90
580 192
595 55
581 157
627 124
587 51
606 101
632 202
593 131
611 179
572 108
584 162
585 127
598 209
564 104
605 105
624 118
569 182
615 149
575 113
602 216
568 74
608 110
587 87
588 52
614 190
574 117
580 48
633 203
606 186
585 163
626 164
605 141
572 193
577 122
591 206
597 137
583 202
617 115
589 133
648 182
608 146
575 198
609 111
595 176
628 124
601 107
606 222
565 184
581 49
607 150
613 81
626 200
586 127
618 196
584 54
610 192
638 174
605 226
570 119
598 101
629 205
630 170
590 97
576 199
622 166
582 93
636 213
568 195
602 108
642 144
588 173
634 140
607 186
594 67
580 169
599 182
600 147
606 78
619 160
652 194
571 120
612 121
603 152
604 117
564 81
623 130
575 90
615 126
656 164
635 141
594 103
595 68
621 206
587 64
613 202
633 180
593 144
579 209
584 175
625 176
598 222
604 153
645 154
590 218
624 131
591 183
596 149
589 110
602 229
608 123
648 159
609 88
601 84
614 203
660 170
580 61
606 199
625 212
567 91
626 177
618 173
591 219
564 202
570 96
583 215
657 164
629 182
624 216
630 147
575 211
590 74
649 160
622 143
582 70
595 189
641 156
602 85
588 150
613 94
599 159
560 88
619 137
579 101
571 97
572 62
631 148
591 75
603 129
617 213
589 231
663 180
582 106
568 208
609 209
588 186
601 205
634 153
580 182
621 183
600 160
640 196
533 70
586 225
632 192
552 83
578 221
584 152
585 117
570 217
605 95
590 195
597 91
615 139
616 104
576 68
602 206
613 215
633 193
566 103
625 189
545 80
626 154
571 218
644 202
572 183
577 112
537 76
590 231
597 127
637 163
610 146
582 227
629 159
648 172
575 188
609 101
595 166
601 97
587 162
567 104
607 140
586 117
659 187
578 113
579 78
605 216
597 212
590 87
591 52
576 189
617 190
582 83
583 48
608 221
594 57
580 159
581 124
566 224
600 137
586 202
592 133
593 98
611 146
584 129
604 107
623 120
596 103
609 222
575 80
615 116
602 183
595 58
613 172
621 196
627 127
567 225
640 209
613 192
573 119
614 157
574 84
593 134
633 170
606 153
579 199
625 166
626 131
605 108
591 173
563 191
597 104
637 140
582 204
583 169
595 143
627 212
574 120
655 194
606 189
566 116
647 190
626 167
586 94
572 196
577 125
659 164
578 90
564 192
579 55
610 159
638 141
570 86
571 51
624 206
630 137
590 64
576 166
616 202
622 133
595 179
582 60
641 146
636 180
587 175
628 176
599 149
560 78
619 127
592 110
651 196
652 161
572 52
612 88
604 84
617 203
663 170
609 199
594 70
620 208
621 173
567 202
586 215
632 182
592 146
593 111
579 176
625 143
644 156
604 120
605 85
590 185
597 81
582 181
656 167
602 196
643 197
608 90
594 155
613 205
555 84
646 202
592 231
626 144
571 208
612 209
645 157
658 176
577 102
578 67
563 204
591 186
637 153
610 136
583 182
615 214
575 178
594 191
587 152
588 117
647 203
567 94
593 232
639 199
559 90
599 126
600 91
585 228
659 177
579 68
624 219
571 64
597 202
603 96
617 180
622 146
582 73
608 211
636 193
628 189
601 172
548 80
540 76
581 114
566 214
600 127
640 163
532 72
586 192
632 159
577 223
593 88
611 136
584 119
585 84
603 132
589 234
604 97
609 212
597 58
615 106
601 208
642 209
562 100
567 215
533 73
573 109
614 147
633 160
578 224
579 189
570 220
626 121
644 169
571 185
611 221
577 79
591 163
597 94
582 194
583 159
589 90
594 168
635 206
595 133
655 184
587 129
566 106
647 180
567 71
586 84
639 176
618 153
658 189
604 218
605 183
570 76
598 58
624 196
590 54
617 157
582 50
636 170
628 166
588 130
574 195
607 143
581 91
599 139
600 104
586 169
619 117
605 219
592 100
651 186
577 200
597 215
584 96
617 193
589 211
596 70
650 190
569 116
615 83
601 185
602 150
621 163
567 192
640 176
586 205
559 188
593 101
565 82
578 201
579 166
625 133
585 97
598 179
590 175
631 213
596 106
582 171
643 187
608 80
555 74
581 212
655 161
627 179
600 225
560 189
565 118
646 192
606 156
566 83
626 134
593 186
558 79
612 199
578 57
604 195
637 143
610 126
583 172
615 204
575 168
616 169
595 146
636 147
627 215
573 207
647 193
593 222
580 103
639 189
600 81
659 167
605 196
592 77
651 163
571 54
597 192
603 86
617 170
582 63
636 183
609 166
628 179
601 162
561 89
621 140
566 204
586 182
632 149
593 78
578 178
584 109
570 174
604 87
590 152
596 83
650 203
543 77
602 163
642 199
643 164
535 73
588 228
662 177
634 195
654 173
573 99
574 64
600 202
633 150
565 95
619 215
611 211
571 175
612 176
577 69
603 207
591 153
582 184
623 185
629 116
615 181
594 158
635 196
555 87
595 123
655 174
627 192
646 205
588 84
592 234
539 79
593 199
639 166
558 92
584 230
599 93
578 70
604 208
596 204
615 217
616 182
628 156
588 120
573 220
580 116
581 81
600 94
586 159
592 90
593 55
577 190
611 103
585 51
610 224
589 201
630 202
596 60
650 180
622 198
641 211
602 140
561 102
621 153
567 182
614 114
573 76
599 214
606 110
578 191
619 192
585 87
590 165
591 130
582 161
583 126
643 177
575 122
635 173
581 202
587 96
646 182
606 146
647 147
611 224
639 143
586 51
612 189
618 120
585 172
578 47
610 116
605 150
569 227
615 194
576 123
562 188
608 155
636 137
568 119
588 97
573 197
607 110
639 179
599 106
585 208
626 209
592 67
577 167
611 80
597 182
584 63
638 183
589 178
617 160
649 192
609 156
628 169
595 221
602 117
561 79
620 165
621 130
566 194
640 143
613 126
586 172
558 190
573 53
584 99
604 77
630 215
650 193
583 103
602 153
643 154
588 218
662 167
635 150
554 76
580 214
573 89
581 179
614 127
600 192
646 159
606 123
592 188
612 166
584 184
577 59
604 162
610 93
569 204
615 171
635 186
594 148
595 113
581 215
655 164
587 109
588 74
573 174
647 160
593 189
639 156
599 83
585 185
658 169
604 198
645 199
624 176
596 194
597 159
557 86
617 137
657 173
562 201
608 168
648 204
628 146
573 210
601 129
574 175
620 142
581 71
565 206
600 84
613 103
586 149
592 80
577 180
610 214
630 192
590 119
650 170
542 79
582 115
568 217
642 166
661 179
588 195
634 162
653 175
580 191
613 139
573 66
614 104
599 204
606 100
619 182
570 177
572 107
631 193
603 174
564 103
583 116
623 152
543 80
535 76
576 77
594 125
635 163
580 227
581 192
654 176
646 172
593 166
584 197
603 210
604 175
624 153
596 171
569 217
597 136
615 184
568 109
608 145
628 123
588 87
573 187
581 48
565 183
626 199
592 57
637 208
584 53
610 191
598 100
629 204
657 186
589 168
630 169
609 146
569 73
641 178
602 107
621 120
613 116
586 162
599 181
579 123
585 54
572 84
631 170
590 132
622 201
650 183
582 128
583 93
642 179
643 144
588 208
575 89
595 67
580 204
653 188
581 169
627 136
606 113
632 214
593 143
612 156
577 49
604 152
610 83
605 117
624 130
575 125
576 90
616 126
561 190
595 103
568 86
627 172
614 202
660 169
607 77
633 215
593 179
626 176
605 153
572 205
645 189
591 218
597 149
557 76
583 214
617 127
562 191
648 194
601 119
581 61
565 196
626 212
618 208
584 66
638 186
630 182
590 109
649 195
576 211
650 160
595 224
568 207
602 120
561 82
587 220
588 185
594 79
580 181
573 56
619 172
592 155
611 168
612 133
572 97
591 110
604 129
564 93
623 142
575 102
656 176
635 153
602 205
621 218
627 149
587 76
613 214
592 191
633 192
553 83
584 187
579 221
545 79
644 201
645 166
590 230
597 126
582 226
616 139
617 104
648 171
608 135
594 200
573 177
601 96
614 215
620 109
580 73
606 211
626 189
586 116
546 80
645 202
618 185
591 231
637 198
610 181
530 72
570 108
657 176
630 159
590 86
575 223
649 172
595 201
568 184
641 168
602 97
587 197
588 162
613 106
599 171
619 149
579 113
611 145
652 183
572 74
631 160
603 141
622 191
582 118
583 83
623 119
575 79
601 217
595 57
581 159
621 195
587 53
600 172
632 204
611 181
584 164
585 129
564 106
623 155
590 207
624 120
597 103
615 151
602 218
568 76
608 112
588 54
574 119
580 50
606 188
566 115
564 191
638 140
625 201
583 204
