460 387
459 386
458 387
457 386
456 385
458 386
459 385
459 388
458 389
461 388
455 384
454 383
457 384
458 383
459 382
457 387
456 388
455 387
454 386
453 387
452 388
451 387
450 388
460 383
461 382
457 390
456 391
462 389
451 389
453 386
452 385
454 385
458 385
461 381
462 380
463 379
461 379
464 378
464 380
461 390
450 390
452 387
456 387
460 385
462 382
462 391
451 391
449 391
448 390
447 389
448 392
454 387
461 383
461 392
460 392
459 391
458 392
457 393
456 394
458 394
459 393
457 395
456 396
460 394
458 396
459 395
450 392
452 389
460 378
456 389
457 388
446 388
445 389
444 388
443 387
442 386
441 385
442 384
443 383
440 386
443 385
441 387
442 388
451 384
450 383
451 382
450 381
451 380
450 379
452 380
453 379
452 378
453 377
452 376
454 376
455 375
456 376
455 377
453 375
456 378
454 378
451 375
450 374
451 373
450 372
451 371
452 371
453 370
452 369
453 368
452 367
454 369
455 368
455 370
456 371
457 372
453 372
454 371
462 384
457 397
456 398
455 398
454 380
460 396
461 397
462 396
463 395
449 393
448 394
447 394
446 393
446 395
447 396
448 397
459 379
444 390
445 391
459 397
456 373
460 380
460 389
448 396
464 377
452 375
452 384
441 384
440 383
463 381
464 382
463 390
453 367
455 386
455 395
447 391
444 385
459 383
459 392
456 368
456 377
456 386
460 384
448 391
462 393
451 393
452 394
452 370
452 379
454 398
463 376
455 372
463 385
455 381
456 382
463 394
455 390
455 399
455 400
456 400
447 395
459 378
444 389
459 387
459 396
456 372
456 381
440 382
451 379
451 388
462 388
443 384
463 380
455 376
463 389
455 385
455 394
454 393
447 390
444 384
458 395
451 374
462 383
451 383
454 379
462 392
451 392
454 388
443 388
454 397
463 375
462 374
455 371
463 384
455 380
455 389
459 377
460 376
460 375
459 374
459 373
458 381
458 390
461 386
450 386
461 395
451 369
462 378
451 378
454 374
462 387
454 392
454 401
454 402
455 403
455 404
455 405
456 405
454 406
454 407
455 408
455 409
449 398
458 376
439 381
450 399
450 400
451 401
451 402
452 403
462 373
454 396
453 400
465 383
466 384
467 383
467 382
466 381
466 385
466 386
467 387
467 388
466 380
466 389
466 390
467 391
467 392
465 388
464 387
446 397
458 371
458 380
450 376
461 376
439 385
438 384
437 383
437 382
436 381
435 382
435 383
450 385
461 385
458 398
458 399
458 400
461 394
450 394
450 395
451 396
451 397
452 398
450 403
450 404
450 405
451 406
451 407
450 408
450 409
451 410
451 411
451 412
450 413
450 414
451 415
451 416
449 412
449 407
448 406
447 405
448 405
447 404
446 406
446 407
447 408
447 409
447 410
448 410
446 411
446 412
447 413
447 414
448 415
449 416
449 417
445 405
444 404
443 403
444 403
443 402
443 401
442 404
442 405
443 406
443 407
444 408
449 402
448 401
447 400
447 399
446 415
446 416
445 414
444 413
443 412
444 412
443 411
442 410
442 409
442 413
442 414
443 415
443 416
443 417
444 417
442 418
442 419
443 420
443 421
444 422
449 411
451 368
450 367
462 377
451 377
442 408
454 373
443 382
444 381
445 382
444 380
443 379
444 379
443 378
442 377
442 381
441 380
440 379
440 378
441 379
454 382
452 412
441 412
440 411
440 410
439 410
439 409
439 408
438 407
438 411
437 410
436 409
436 408
435 410
435 411
435 412
436 413
438 412
439 413
439 414
440 415
468 384
469 385
470 386
471 385
471 384
470 383
470 387
470 388
471 389
470 382
471 381
472 382
471 380
473 383
474 384
473 385
474 385
469 381
473 382
474 381
475 382
474 380
474 379
475 378
475 377
474 376
474 375
473 374
472 373
472 372
471 371
471 370
470 369
473 378
472 377
471 376
471 375
470 368
471 367
472 368
471 366
471 365
472 364
472 363
471 362
471 361
470 364
473 369
474 370
475 369
476 370
475 368
474 371
477 371
478 372
478 373
478 374
473 364
470 377
470 378
469 376
468 375
467 374
467 373
467 372
466 371
466 375
466 376
467 377
467 378
473 373
474 365
475 364
476 365
475 363
474 362
474 366
474 361
475 360
476 361
475 359
475 358
474 357
474 356
474 374
475 373
466 370
467 369
468 370
467 368
466 367
466 366
477 366
478 367
479 366
479 365
478 364
478 368
478 369
478 363
479 362
479 361
479 360
478 359
478 358
479 357
480 358
479 356
481 359
482 360
483 359
483 358
482 357
482 361
482 356
477 357
476 356
477 375
469 371
469 380
469 389
469 390
470 363
469 362
468 361
470 372
470 373
473 368
470 381
473 377
482 355
483 354
473 386
473 387
473 388
474 360
473 359
472 359
472 358
471 357
471 356
481 358
476 379
477 380
466 365
467 364
467 363
466 362
466 361
453 395
453 404
465 369
464 369
464 368
463 370
463 371
462 369
462 368
453 413
454 412
455 413
455 414
456 414
454 411
454 415
453 414
465 378
445 409
434 409
433 408
432 407
431 408
431 409
432 410
432 411
432 412
431 413
431 414
432 415
432 416
430 408
431 417
430 418
431 419
431 418
430 417
430 412
429 411
429 410
428 409
428 408
427 407
427 406
428 405
429 406
430 407
430 416
429 415
428 414
428 413
427 412
427 411
427 415
427 416
426 415
426 410
425 409
425 408
424 407
424 406
423 405
424 410
423 410
424 411
424 412
425 413
423 409
422 408
421 407
421 406
420 405
419 405
418 406
417 405
420 404
416 406
416 407
417 408
417 409
419 407
420 408
420 409
423 413
423 414
424 415
424 416
424 417
425 418
425 417
423 418
423 419
424 420
424 421
425 422
423 422
420 403
423 408
426 419
427 420
428 419
429 420
428 418
427 421
427 410
419 406
433 417
422 417
421 416
420 417
431 407
419 417
420 418
420 419
421 420
419 416
418 415
417 414
417 413
416 412
416 411
419 420
418 420
417 419
417 418
416 417
416 416
415 415
416 420
416 421
416 422
417 423
419 421
420 422
415 419
415 414
414 413
413 412
412 411
412 410
413 409
413 411
412 409
415 423
415 424
412 408
413 407
414 407
415 418
419 415
420 414
420 413
420 412
421 411
419 412
418 411
419 411
414 422
413 421
413 420
412 419
413 418
413 417
413 416
413 415
412 414
412 418
411 407
457 374
465 387
445 418
445 419
446 420
447 419
447 418
429 416
446 421
446 422
434 418
434 419
457 383
446 383
426 414
449 379
448 378
447 378
447 377
448 376
448 377
447 376
447 375
448 374
423 416
448 373
447 372
448 371
449 370
448 369
448 368
448 372
447 367
431 415
448 367
447 371
447 370
446 374
445 373
444 373
443 372
445 372
444 371
444 370
443 374
444 375
444 376
445 377
444 374
443 369
442 369
441 370
441 371
440 369
432 413
469 391
440 368
441 367
442 367
439 367
442 372
443 373
477 361
457 392
446 392
449 388
448 387
447 386
448 386
447 385
448 384
448 383
448 382
447 381
446 380
447 380
477 370
457 401
457 402
457 403
458 403
446 401
446 402
445 400
449 397
477 379
478 378
478 377
446 410
458 375
469 375
449 406
438 406
450 371
469 384
458 384
438 415
437 415
436 415
435 416
436 417
437 418
437 419
436 418
435 415
438 417
439 418
439 419
440 420
438 416
434 414
438 420
441 421
449 415
415 413
450 380
461 380
439 380
430 411
428 410
458 393
442 376
470 358
470 359
469 357
468 357
468 356
415 422
450 389
461 389
430 420
448 419
442 385
470 367
469 366
468 366
472 386
473 363
451 372
462 372
461 371
460 371
460 370
459 369
473 372
464 391
464 392
465 392
443 368
439 368
438 369
437 369
437 368
436 367
435 367
434 368
433 367
415 411
435 369
432 368
432 369
431 367
435 368
454 368
419 410
454 377
443 377
452 407
441 407
440 406
440 405
476 374
441 416
453 381
476 383
477 382
478 383
478 382
477 384
446 419
470 355
414 419
477 385
478 386
433 412
422 412
468 379
453 390
414 408
415 409
422 421
445 386
468 388
414 417
453 399
465 364
464 365
464 364
464 363
463 366
463 365
445 395
480 362
481 363
482 364
483 363
443 375
481 364
453 408
453 409
445 404
446 369
445 368
445 367
457 369
465 382
445 413
434 413
457 378
446 378
426 409
465 391
449 374
477 356
445 422
411 420
410 421
409 420
409 419
409 418
418 413
478 379
408 417
407 417
406 418
405 417
406 417
440 416
408 421
408 422
448 407
409 423
409 424
454 372
407 419
441 381
408 420
411 421
407 423
406 422
405 421
405 420
410 424
411 423
412 424
413 425
413 426
412 423
412 427
456 392
411 426
410 426
411 425
407 418
410 419
414 426
446 387
426 418
477 365
449 383
438 383
446 396
457 396
469 361
449 392
477 374
458 370
469 370
449 401
469 379
458 379
460 398
415 408
450 375
461 375
430 406
442 371
415 417
450 384
461 384
439 384
448 414
481 362
437 414
470 362
442 380
472 381
418 410
473 358
442 389
442 390
466 369
442 391
484 355
484 356
415 406
459 380
485 357
485 356
429 419
473 367
440 419
418 419
464 386
475 386
475 387
421 415
452 393
476 360
452 402
476 369
468 365
452 411
441 411
476 378
453 376
422 407
468 374
441 420
453 385
476 387
422 416
433 416
445 381
468 383
414 412
453 394
410 423
445 390
468 392
480 357
453 403
414 421
465 368
445 399
480 366
453 412
465 377
445 408
434 408
457 373
446 373
465 386
449 369
445 417
457 382
446 382
426 413
435 413
477 360
449 378
411 424
446 391
457 391
469 356
444 421
449 387
477 369
469 365
449 396
456 395
469 374
460 393
450 370
456 404
461 370
417 422
439 370
448 400
472 367
456 413
437 409
448 409
442 375
472 376
429 405
418 405
475 372
464 372
464 373
465 373
448 418
472 385
440 414
429 414
418 414
475 381
464 381
421 410
406 421
464 390
421 419
452 397
476 364
468 360
467 359
452 406
441 406
453 371
476 373
434 367
468 369
452 415
441 415
453 380
476 382
422 411
433 411
445 376
468 378
453 389
422 420
410 418
445 385
468 387
453 398
414 416
465 363
445 394
480 361
414 425
465 372
445 403
446 368
465 381
457 377
446 377
426 408
444 407
449 373
438 382
444 416
449 382
469 360
425 412
436 412
460 379
471 379
456 390
425 421
460 388
471 388
428 417
456 399
417 417
460 397
448 395
472 362
483 362
442 370
409 422
448 404
472 371
464 367
475 367
437 413
448 413
472 380
429 409
440 409
418 409
452 374
464 376
475 376
421 405
484 354
418 418
429 418
440 418
441 383
452 383
464 385
475 385
421 414
452 392
464 394
465 394
466 394
476 359
452 401
476 368
468 364
441 410
452 410
476 377
422 406
468 373
445 371
453 384
433 415
422 415
468 382
445 380
453 393
414 411
455 412
410 422
480 356
465 367
432 419
467 386
447 417
480 365
413 424
446 372
449 368
438 368
444 402
449 377
444 411
425 407
471 374
460 374
444 420
425 416
436 416
471 383
448 381
437 381
417 412
428 412
483 357
472 357
456 403
428 421
417 421
448 399
409 417
410 416
411 416
472 366
456 412
475 362
464 362
448 408
437 408
472 375
475 371
464 371
441 369
437 417
448 417
472 384
429 413
440 413
441 378
475 380
421 409
484 358
418 422
406 420
464 389
421 418
452 396
476 363
463 393
468 359
452 405
476 372
468 368
445 375
414 406
455 407
410 417
445 384
447 403
465 362
432 414
478 381
467 381
447 412
413 410
467 390
479 355
424 419
435 419
447 421
413 419
416 415
479 364
448 388
471 360
444 406
416 424
430 368
429 368
430 369
436 414
437 367
460 369
471 369
444 415
456 380
425 411
436 411
471 378
428 407
417 407
425 420
471 387
448 385
417 416
428 416
440 381
483 361
472 361
475 357
409 421
448 403
472 370
475 366
464 366
448 412
472 379
440 408
429 408
418 408
452 373
464 375
475 375
421 404
451 405
433 369
440 417
452 382
441 382
464 384
475 384
421 413
451 414
452 391
443 410
476 358
454 410
474 388
463 388
443 419
468 363
466 393
455 393
412 422
445 370
455 402
467 367
447 398
455 411
432 409
467 376
478 376
447 407
459 372
416 410
435 414
432 418
478 385
444 383
467 385
447 416
424 414
413 414
459 381
444 392
479 359
413 423
459 390
471 355
416 419
444 401
405 419
459 399
471 364
444 410
456 375
423 420
425 406
471 373
460 373
444 419
456 384
443 422
440 367
429 367
425 415
471 382
460 382
448 380
456 393
417 411
428 411
460 391
448 389
483 356
482 359
472 356
428 420
417 420
440 385
448 398
472 365
439 417
475 361
442 422
452 368
441 368
475 370
464 370
451 400
441 377
452 377
421 408
451 409
463 374
452 386
454 405
443 405
474 383
474 377
463 383
454 414
443 414
431 412
466 379
455 379
463 392
420 421
443 423
444 424
455 388
466 388
423 417
412 417
447 384
455 397
467 362
478 362
412 426
447 393
455 406
444 369
467 371
478 371
447 402
455 415
467 380
444 378
478 380
447 411
424 409
435 409
459 376
444 387
467 389
424 418
435 418
447 420
436 383
416 414
479 363
459 394
471 359
444 405
416 423
440 371
456 370
471 368
460 368
456 379
436 410
425 410
471 377
460 377
448 375
417 406
428 406
437 384
428 415
417 415
440 380
448 393
450 412
472 360
439 412
483 360
470 390
475 356
427 419
451 386
462 386
442 417
475 365
451 395
462 395
452 372
441 372
408 424
443 391
454 391
433 368
451 404
474 369
463 369
454 400
451 413
463 378
474 378
454 409
443 409
420 407
466 374
455 374
474 387
463 387
420 416
431 416
443 418
455 383
466 383
423 412
447 379
455 392
466 392
478 357
423 421
412 421
447 388
455 401
467 366
478 366
447 397
432 408
455 410
478 375
467 375
447 406
436 369
459 371
432 417
467 384
451 403
478 384
444 382
424 413
413 413
447 415
416 409
444 391
479 358
424 422
413 422
459 389
444 400
416 418
463 391
405 418
479 367
442 412
471 363
456 374
471 372
448 370
458 402
448 379
450 398
470 376
450 407
439 407
440 384
470 385
442 403
450 416
439 416
427 414
473 381
451 381
462 381
451 390
462 390
454 408
408 419
442 421
419 419
443 386
451 399
474 382
463 364
474 364
454 395
466 360
451 408
431 369
463 373
474 373
454 404
466 378
443 404
432 367
455 369
463 382
454 413
431 411
443 413
420 411
455 378
412 407
423 407
447 374
431 420
420 420
466 387
412 416
435 381
447 383
455 396
478 361
467 361
412 425
447 392
467 370
478 370
444 368
447 401
467 379
444 377
435 408
424 408
413 408
417 410
459 375
444 386
446 405
435 417
459 384
436 382
477 383
416 413
446 414
449 410
471 358
438 410
456 369
458 388
469 388
438 419
458 397
430 415
461 393
450 393
407 422
440 370
470 371
450 402
451 367
462 367
470 380
439 411
427 409
450 411
473 376
451 376
462 376
419 414
470 389
442 407
482 354
439 420
427 418
451 385
462 385
442 416
454 381
443 381
482 363
462 394
451 394
474 359
458 391
408 423
443 390
454 390
463 368
474 368
454 399
466 364
463 377
420 406
443 408
431 406
466 373
455 373
474 386
463 386
447 369
420 415
455 382
466 382
423 411
455 391
466 391
478 356
412 420
447 387
467 365
434 417
478 365
444 372
459 370
436 368
426 422
446 400
457 400
477 378
416 408
446 409
458 374
449 405
446 418
469 383
449 414
438 414
415 412
439 379
430 410
481 357
470 357
415 421
485 355
430 419
458 401
470 366
450 397
473 371
473 362
470 375
439 406
450 406
462 371
442 402
470 384
443 367
450 415
439 415
427 413
473 380
419 409
442 411
443 376
482 358
427 422
408 418
419 418
442 420
451 398
463 363
474 363
454 394
463 372
474 372
454 403
466 368
420 410
431 410
466 377
423 406
453 407
447 373
423 415
412 415
447 382
478 360
434 412
467 360
445 412
465 390
404 420
445 421
444 367
411 419
446 386
426 417
477 364
477 373
446 404
457 404
458 369
469 369
449 400
446 413
458 378
469 378
438 409
415 407
449 409
461 374
469 387
430 405
415 416
438 418
439 383
430 414
442 379
481 361
470 361
415 425
473 357
407 421
470 370
450 401
473 366
470 379
450 410
427 408
473 375
462 375
442 406
419 404
443 371
427 417
473 384
442 415
419 413
443 380
482 362
474 358
419 422
443 389
454 389
441 419
474 367
463 367
476 386
466 363
466 372
468 391
453 402
447 368
414 420
445 398
453 411
465 376
445 407
465 385
434 416
445 416
446 381
457 381
426 412
477 359
446 390
426 421
449 386
477 368
457 399
446 399
469 364
477 377
449 395
446 408
458 373
469 373
461 378
449 413
477 386
457 385
449 404
439 369
461 369
450 369
446 417
458 382
469 382
438 413
450 378
430 409
442 374
481 356
470 356
415 420
461 387
450 387
485 354
442 383
470 365
481 365
461 396
450 396
473 361
470 374
462 370
473 370
451 370
473 379
462 379
419 408
454 375
441 405
454 384
441 414
452 414
476 381
422 410
433 410
468 377
453 388
433 419
422 419
468 386
453 397
414 415
445 393
480 360
414 424
453 406
465 371
445 402
446 367
453 415
465 380
434 411
445 411
446 376
457 376
426 407
465 389
449 372
445 420
411 418
446 385
426 416
438 381
449 381
477 363
446 394
457 394
469 359
449 390
477 372
446 403
469 368
449 399
477 381
458 377
469 377
449 408
438 408
461 373
450 373
469 386
439 382
450 382
430 413
442 378
470 360
437 412
481 360
450 391
461 391
473 356
407 420
442 387
472 388
418 417
429 417
473 365
464 393
419 403
443 370
431 368
454 370
452 400
476 367
441 409
452 409
453 374
476 376
422 405
468 372
441 418
476 385
453 383
433 414
422 414
468 381
445 379
414 410
453 392
445 388
468 390
480 355
453 401
465 366
445 397
480 364
453 410
465 375
445 406
446 371
457 371
465 384
438 367
449 367
434 415
445 415
457 380
426 411
465 393
449 376
477 358
411 422
446 389
457 389
426 420
477 367
449 385
446 398
457 398
469 363
449 394
477 376
469 372
458 372
449 403
450 368
456 402
461 368
415 410
450 377
456 411
461 377
437 407
481 355
442 373
472 374
442 382
448 416
437 416
472 383
473 360
429 412
418 412
440 412
475 379
464 379
484 357
406 419
418 421
441 386
464 388
421 417
452 395
476 362
468 358
452 404
441 404
453 369
476 371
468 367
441 413
452 413
476 380
453 378
433 409
422 409
445 374
468 376
433 418
422 418
468 385
445 383
453 396
414 414
410 425
445 392
480 359
453 405
414 423
465 370
445 401
465 379
434 410
411 408
445 410
446 375
457 375
426 406
449 371
411 417
446 384
430 367
438 380
477 362
449 380
444 414
469 358
444 423
449 389
425 419
436 419
469 367
460 386
471 386
456 397
460 395
461 372
448 402
442 368
472 369
437 411
448 411
472 378
418 407
429 407
440 407
475 374
464 374
437 420
448 420
472 387
418 416
464 383
452 381
475 383
421 412
441 390
452 390
476 357
421 421
452 399
476 366
468 362
422 413
452 408
441 408
476 375
453 373
434 369
445 369
468 371
441 417
453 382
476 384
433 413
468 380
445 378
414 409
453 391
410 420
445 387
468 389
414 418
465 365
445 396
480 363
465 374
467 393
457 370
446 370
446 379
457 379
459 398
449 375
444 409
460 372
444 418
449 384
456 383
425 414
460 381
460 390
483 355
456 401
