620 400
620 399
621 399
619 400
618 399
617 400
622 398
623 399
624 400
625 399
622 400
621 398
623 401
621 401
623 398
626 400
627 399
628 400
629 399
620 402
619 403
618 402
617 403
616 402
619 401
615 403
624 399
625 398
614 404
614 405
624 402
625 402
625 401
616 404
616 405
617 406
618 405
619 398
619 406
620 405
628 401
627 402
629 402
630 401
631 400
631 402
616 407
630 400
622 402
622 403
621 400
622 399
621 403
623 400
626 399
627 398
613 405
626 402
628 399
627 401
615 405
618 398
618 404
617 402
628 402
619 399
618 401
629 401
620 398
620 404
617 405
619 402
620 401
631 401
619 405
624 401
625 400
624 398
616 406
616 403
630 402
621 402
632 402
622 401
623 402
627 400
615 404
617 404
626 398
618 400
626 401
629 400
618 403
617 401
617 407
619 404
618 406
620 403
