483 480
484 480
483 479
484 479
482 480
481 480
485 478
481 479
480 478
479 479
480 481
479 482
485 477
481 482
484 481
486 478
485 480
484 478
487 477
488 476
486 481
487 480
488 479
489 477
490 476
478 480
477 481
476 480
475 479
474 480
488 481
480 477
479 476
480 475
478 477
477 478
484 477
485 476
484 475
476 482
487 482
486 483
485 483
484 484
483 483
482 484
481 485
480 484
482 486
483 485
480 486
481 487
484 486
485 485
478 479
482 479
483 478
482 477
482 488
483 487
475 483
474 482
473 483
472 483
474 484
480 479
486 476
487 475
486 474
487 473
486 472
487 471
488 470
488 472
488 474
481 489
484 488
485 487
473 485
472 485
487 484
476 484
478 481
489 478
491 475
482 481
482 490
483 489
474 486
475 485
485 471
484 470
485 469
484 468
483 471
482 470
482 472
481 473
480 472
484 472
486 469
479 485
478 486
487 468
486 467
487 466
486 465
487 464
486 463
488 463
489 462
489 464
488 465
490 462
488 467
490 464
485 462
484 461
485 460
484 459
484 463
486 460
487 459
486 458
487 457
486 456
485 455
488 456
489 457
488 458
476 477
475 476
474 475
476 475
474 477
478 484
473 478
472 478
481 491
473 487
472 487
471 487
470 486
470 485
470 487
485 489
486 490
487 491
476 486
488 460
488 469
480 474
479 478
490 478
479 487
471 483
491 461
492 462
491 479
491 480
483 475
483 484
472 484
475 480
484 458
484 467
483 466
487 463
484 476
487 472
476 481
487 481
488 455
486 485
487 486
479 473
471 478
491 465
491 466
492 467
483 461
491 474
490 473
483 470
472 479
472 480
475 475
483 488
472 488
472 489
475 484
484 462
482 492
483 493
483 494
484 495
487 458
487 467
486 480
486 489
478 485
479 477
490 477
479 486
471 482
491 460
490 459
483 465
491 478
483 474
484 457
483 456
482 487
487 462
486 466
486 475
486 484
490 463
479 472
478 471
490 472
490 481
490 482
491 483
491 484
479 481
471 477
472 476
472 475
472 474
471 473
471 486
491 464
483 460
483 469
485 488
475 474
476 473
476 472
475 471
475 470
482 473
482 482
474 478
482 491
474 487
486 461
486 470
486 479
478 475
486 488
490 458
490 467
490 468
491 469
491 470
471 472
472 471
472 470
471 469
471 468
472 469
471 481
483 455
473 490
482 468
474 473
482 495
482 496
481 494
480 493
479 492
479 491
478 490
478 489
478 493
478 494
479 495
479 496
479 497
478 498
478 499
479 500
479 501
478 502
478 503
478 504
479 505
479 506
478 507
478 508
478 509
479 510
479 509
477 506
476 505
474 491
475 490
476 491
475 489
474 492
475 493
475 494
478 470
477 469
476 468
476 467
475 466
475 465
476 464
477 464
476 463
475 462
475 461
476 462
475 460
476 459
477 460
477 459
476 458
475 457
475 456
478 461
478 488
480 507
481 508
482 509
482 510
479 462
480 461
480 460
479 459
479 463
479 458
477 492
490 471
477 501
476 500
475 499
475 498
474 497
474 496
474 500
474 501
473 499
472 498
471 497
471 496
471 467
472 466
472 465
471 464
471 463
477 510
470 480
475 455
470 498
470 499
471 500
471 501
471 502
472 503
473 504
474 505
474 506
470 503
470 504
471 505
471 506
472 507
473 508
473 509
474 510
474 511
475 512
474 509
475 508
469 497
468 496
485 496
485 497
486 498
486 499
487 500
486 497
474 459
481 507
482 506
483 507
482 505
482 504
483 503
483 502
482 501
482 500
481 499
481 503
481 498
470 507
470 508
469 506
468 505
467 504
467 503
466 502
466 501
466 505
466 506
467 507
467 508
467 509
468 510
466 510
466 511
467 512
467 513
469 511
470 512
471 511
472 512
471 510
470 513
473 513
474 514
474 515
474 516
475 517
473 517
473 518
474 519
474 520
473 503
473 512
473 521
473 522
473 523
474 524
474 525
475 526
473 526
473 527
473 528
474 529
474 530
474 528
473 531
473 532
474 533
474 495
473 494
472 494
472 493
471 492
471 491
466 500
467 499
467 498
466 497
466 496
465 495
464 494
464 493
463 492
463 491
464 490
465 490
464 489
462 490
463 495
463 496
463 497
462 498
464 498
464 499
462 499
463 500
463 501
462 494
466 491
467 490
468 491
467 489
466 492
467 493
467 494
467 488
468 487
468 486
467 485
467 484
466 483
466 487
465 486
464 485
464 484
463 483
463 482
464 481
465 481
464 480
464 479
463 478
463 477
464 476
465 477
465 476
464 475
464 474
463 473
466 478
467 479
468 478
468 477
467 476
467 480
467 475
462 476
463 486
462 486
463 487
462 485
466 482
478 465
478 466
479 467
480 466
480 465
479 468
478 474
467 474
468 473
469 474
468 472
467 471
467 470
468 469
469 469
468 468
466 469
465 468
465 467
464 466
463 467
464 465
464 464
465 463
464 462
465 462
466 461
464 461
464 460
463 464
467 461
463 459
463 468
466 464
466 473
465 472
464 471
465 471
464 470
467 465
468 464
469 465
469 464
468 463
467 466
465 504
464 503
489 471
480 502
489 480
490 457
491 456
479 457
480 456
481 457
478 456
477 455
480 511
481 512
481 513
482 514
482 515
482 516
483 517
483 518
482 519
482 520
483 521
481 518
481 517
481 521
481 522
482 523
482 524
482 525
481 526
481 527
482 528
482 529
483 530
484 531
485 532
486 531
485 530
485 529
480 526
479 525
479 524
478 523
478 522
478 526
478 527
479 528
478 521
468 483
469 483
468 482
477 525
477 520
480 521
477 524
484 532
480 516
479 515
479 514
478 513
478 512
480 525
477 519
478 518
479 519
478 517
477 528
477 529
476 528
481 516
484 518
485 519
486 518
487 518
486 517
485 516
486 516
485 520
485 521
486 522
486 521
485 515
485 514
486 513
487 514
486 512
485 511
485 510
479 527
476 523
475 522
487 523
487 532
488 515
488 516
489 517
489 518
490 519
491 518
491 517
491 516
490 515
490 514
487 496
487 495
488 494
488 493
486 494
485 493
486 493
489 513
488 512
492 518
489 494
492 476
469 492
481 466
493 477
485 473
470 493
462 489
481 502
482 467
473 498
474 463
484 513
476 509
488 483
467 460
466 459
478 469
465 499
477 473
488 519
489 484
480 515
477 509
469 505
470 470
462 466
473 475
485 486
472 516
483 525
484 490
475 521
474 476
466 472
484 526
485 526
486 526
476 522
487 531
488 496
489 461
480 492
492 466
465 512
477 486
469 482
481 456
493 467
494 466
495 467
485 463
470 483
462 479
461 479
461 478
460 477
459 476
482 457
473 488
472 529
471 529
471 528
484 503
476 499
468 495
488 473
480 469
480 470
465 489
477 463
489 474
480 505
492 479
490 518
469 495
461 491
481 469
473 465
472 506
491 519
464 502
483 515
475 511
476 476
487 485
466 462
465 466
476 512
468 508
488 486
480 482
486 525
492 456
465 502
477 476
469 472
479 522
483 492
462 469
461 468
460 467
459 466
475 488
495 466
472 519
471 519
471 518
484 493
475 524
476 489
496 467
468 485
487 498
480 459
465 479
492 469
479 499
458 476
457 476
457 475
458 474
457 473
458 473
471 495
491 473
481 459
494 478
495 477
496 478
494 479
496 477
472 496
464 492
483 505
475 501
476 466
495 479
468 462
468 498
467 502
486 515
478 511
477 466
490 485
490 486
469 462
479 512
471 508
472 473
491 486
464 469
483 482
475 478
485 528
464 505
484 483
476 479
468 475
482 522
487 488
474 518
466 514
466 515
486 492
465 469
467 515
486 528
487 528
488 529
460 476
478 524
479 489
471 485
491 463
483 459
494 468
494 469
472 486
464 482
483 495
484 460
475 491
476 456
495 469
487 465
482 499
473 530
474 531
467 492
478 501
479 466
490 475
489 516
479 502
471 498
472 463
491 476
464 459
483 472
475 468
481 511
485 518
468 465
463 499
482 512
474 508
466 504
486 482
478 478
488 528
489 527
467 505
460 466
478 514
471 475
477 518
489 529
485 495
464 472
475 481
468 501
488 488
481 524
486 527
477 461
480 512
487 487
458 465
457 464
457 463
458 463
457 465
482 489
487 455
473 520
474 485
485 531
486 459
474 521
461 470
467 482
486 495
459 478
459 479
478 491
479 456
490 465
456 472
455 473
460 479
471 488
483 462
475 458
470 492
481 501
473 497
470 528
469 528
468 528
469 527
470 526
469 525
470 525
463 489
482 502
473 533
474 498
466 494
467 459
478 468
488 518
467 495
480 514
479 469
471 465
477 508
469 504
489 519
470 505
462 501
461 501
460 500
459 499
460 499
459 501
463 466
481 514
473 510
466 471
484 525
463 502
476 521
487 530
466 507
467 472
459 468
465 511
456 462
455 463
454 462
453 462
452 462
452 461
453 460
452 459
451 460
450 460
449 459
450 459
453 459
449 461
455 462
488 531
489 496
490 496
491 497
491 496
490 498
448 458
447 459
480 527
493 466
477 521
470 482
462 478
482 456
485 498
472 528
463 479
475 533
476 532
477 531
478 532
479 533
479 532
474 488
466 484
486 462
478 458
489 473
480 504
492 478
477 498
469 494
461 490
460 489
459 489
459 488
460 487
481 468
473 464
493 479
485 475
470 495
462 491
481 504
482 469
473 500
474 465
484 515
476 511
468 507
487 520
488 485
467 462
465 501
477 475
469 471
488 521
489 486
480 517
458 498
457 498
457 497
458 496
477 511
490 530
491 529
490 531
451 459
469 507
470 472
462 468
481 481
454 464
454 465
473 477
472 518
491 531
492 532
493 533
494 534
495 535
493 532
492 534
495 534
496 533
495 532
496 532
496 535
497 536
497 535
498 535
499 535
500 536
501 536
499 537
502 537
503 536
498 534
483 527
484 492
475 523
463 469
455 465
496 466
487 497
466 474
465 478
484 528
476 524
487 533
488 498
489 463
480 494
492 468
465 514
464 515
464 514
458 475
477 488
469 484
461 480
461 481
481 458
493 469
485 465
471 530
471 531
483 504
462 481
482 459
495 478
474 455
473 455
473 454
473 453
472 453
471 453
471 452
472 531
484 505
485 506
486 505
476 501
468 497
496 479
497 480
498 479
488 475
480 471
465 491
477 465
469 461
469 460
469 459
470 460
470 459
489 476
492 481
479 511
458 488
457 488
457 487
457 486
457 485
458 486
458 485
490 520
490 521
491 485
470 462
461 493
462 458
463 457
464 457
465 457
462 456
461 456
465 456
461 458
460 456
459 456
459 455
460 454
463 456
461 457
481 471
473 467
472 508
491 521
492 522
492 521
493 520
493 522
494 523
495 522
496 523
497 523
498 523
498 522
494 524
496 522
495 524
498 524
499 525
500 526
497 525
497 526
500 525
501 524
500 523
502 525
503 526
501 526
503 525
499 527
499 528
500 528
502 527
502 528
503 528
504 529
505 529
506 530
507 529
508 530
506 531
508 529
507 531
464 504
484 482
475 513
476 478
468 474
490 497
450 461
498 537
471 520
451 462
491 498
492 499
493 500
494 501
494 502
495 502
493 499
492 501
495 501
496 500
495 499
496 499
496 502
497 503
497 502
498 502
498 501
498 500
498 499
494 503
495 468
496 469
497 470
498 469
499 470
500 471
500 470
501 471
502 470
503 471
503 470
499 472
502 472
501 470
499 471
500 472
503 472
504 473
505 474
506 475
506 476
507 476
505 473
504 475
504 476
505 476
507 475
508 474
507 473
508 473
508 476
509 477
510 477
506 477
506 478
507 478
486 504
486 503
457 477
467 527
467 526
466 525
467 525
466 527
465 524
464 525
460 488
470 452
469 451
468 450
469 450
467 450
466 449
469 449
468 452
468 453
467 449
466 451
494 480
494 481
501 525
504 530
504 531
495 481
505 531
465 458
497 527
459 500
458 455
457 455
457 454
457 453
457 452
458 451
458 453
456 452
455 453
454 453
454 452
455 452
458 452
454 454
455 455
490 487
490 488
460 501
500 537
491 488
492 489
493 489
494 489
495 490
495 489
496 490
497 490
498 490
498 489
494 491
496 489
494 490
495 491
498 491
499 492
500 493
497 492
497 493
498 492
500 492
501 491
502 492
502 493
503 493
501 493
499 494
499 495
500 495
502 494
502 495
503 495
504 496
505 496
493 534
453 461
497 504
497 505
509 478
509 479
466 516
466 517
446 458
445 458
445 457
445 456
446 456
444 455
443 456
442 456
442 455
441 455
440 455
440 454
441 453
440 452
439 451
438 450
437 450
436 449
439 450
438 452
438 453
439 453
441 452
437 449
443 455
435 450
435 451
434 449
433 449
433 448
434 447
436 451
439 452
442 457
442 458
443 458
432 448
431 448
430 449
430 448
429 448
428 448
428 447
428 446
428 445
429 446
429 445
431 447
431 446
431 445
432 446
432 445
438 454
498 468
498 467
430 450
430 451
510 479
511 479
512 479
513 480
514 481
514 480
515 480
516 480
517 481
517 480
513 482
514 483
516 482
516 483
517 483
518 483
519 483
519 482
515 479
514 482
517 482
467 517
468 518
469 517
470 516
469 515
470 515
513 484
427 444
426 443
427 443
427 442
426 445
426 446
425 442
425 441
425 440
424 442
423 442
422 442
421 442
421 441
422 440
423 443
423 444
424 444
460 478
498 504
499 505
499 504
500 503
501 503
500 505
494 470
420 441
419 441
419 440
485 507
485 508
470 527
495 471
468 454
465 448
464 447
465 446
464 449
463 446
462 446
461 446
461 445
462 444
460 444
459 443
463 444
458 443
457 443
457 442
458 441
457 440
458 440
460 443
459 445
459 446
456 439
455 440
454 440
455 441
454 442
453 439
452 439
460 446
462 445
455 442
458 442
461 447
461 448
451 439
450 439
449 439
449 438
448 438
447 439
447 438
450 438
462 448
457 444
449 440
449 441
463 524
462 524
461 524
461 523
462 522
461 521
460 520
459 521
459 522
460 522
462 521
463 520
463 522
458 521
457 520
458 519
457 518
458 518
460 521
459 523
459 524
456 517
455 516
456 516
456 515
455 518
454 518
455 519
454 520
453 517
452 517
452 516
452 515
453 515
451 515
450 515
449 514
448 514
447 515
447 514
450 514
451 513
449 516
449 517
450 517
448 513
447 512
448 512
446 512
445 512
445 511
448 511
446 511
445 513
460 524
451 514
462 523
455 520
447 516
447 517
486 507
487 508
488 508
489 507
490 506
491 507
488 506
491 506
490 508
490 509
491 509
492 509
493 510
494 511
494 512
495 512
493 509
489 506
492 511
492 512
493 512
495 511
496 510
496 512
497 513
498 512
489 509
491 508
494 513
494 514
495 514
498 514
499 515
500 516
497 515
500 515
501 514
500 513
502 515
502 516
503 516
504 516
505 517
506 518
507 519
505 516
501 513
504 518
504 519
505 519
507 518
508 517
508 519
509 520
510 521
511 522
512 523
510 520
509 522
512 522
511 524
501 516
503 515
506 520
506 521
507 521
499 517
510 522
502 517
505 518
490 510
508 518
501 515
493 511
512 524
513 525
513 526
514 526
514 525
515 525
516 526
516 525
517 524
517 526
517 525
513 527
514 528
516 527
516 528
517 528
518 529
518 528
519 528
520 529
521 529
522 529
523 529
524 530
524 529
523 531
520 530
520 531
521 531
524 531
525 532
526 533
526 532
527 532
528 533
529 533
525 534
525 535
526 535
528 534
528 535
529 535
530 536
531 536
519 527
519 526
519 525
504 520
504 521
505 521
459 490
459 491
498 481
499 482
499 483
500 483
497 482
500 482
501 481
502 480
503 481
500 480
503 480
502 482
502 483
503 483
501 480
501 483
503 482
499 484
502 484
502 485
503 485
504 486
504 485
505 484
506 485
506 486
507 486
505 486
508 486
509 487
510 488
511 489
512 490
513 490
514 491
514 490
515 490
510 487
513 492
513 493
514 493
509 489
510 490
512 489
515 489
511 491
514 492
506 487
506 488
515 492
516 493
516 492
517 491
517 493
507 488
517 492
510 489
513 494
513 495
514 495
505 485
516 494
516 495
517 495
518 496
519 495
520 496
521 497
521 496
522 495
521 494
523 496
524 497
522 494
522 497
524 496
520 498
523 498
524 499
525 500
525 499
522 496
525 501
525 502
520 497
521 498
524 498
509 491
444 510
443 509
444 509
444 508
443 511
442 511
443 512
442 513
441 510
440 510
440 509
440 508
441 508
439 508
438 508
438 507
439 506
450 441
456 484
455 483
456 483
456 482
455 485
454 485
455 486
454 487
453 484
453 483
452 482
453 482
452 484
451 482
450 482
449 482
449 481
448 481
447 482
447 481
449 483
449 484
450 484
452 483
446 481
445 481
445 480
445 479
445 478
446 477
445 476
444 476
443 476
446 476
446 479
444 475
446 478
448 480
448 479
448 478
508 531
509 532
509 533
510 533
511 532
512 533
512 532
511 534
511 535
512 535
513 535
514 536
514 535
515 535
516 536
517 536
510 532
513 537
516 537
509 534
510 535
512 534
515 534
515 533
515 532
500 527
460 491
501 492
492 523
492 524
511 536
504 497
504 498
437 507
436 507
435 507
435 506
436 505
435 504
434 503
433 502
434 502
433 504
433 505
434 505
436 504
437 503
436 502
437 502
437 505
432 501
431 501
434 504
437 504
433 506
436 506
501 528
493 524
453 451
453 450
452 449
451 448
450 447
451 447
450 449
449 449
453 449
452 451
448 448
447 449
447 448
451 449
449 450
449 451
450 451
505 498
506 498
507 498
508 497
509 497
510 498
511 499
512 500
507 496
510 497
509 499
509 500
510 500
512 499
508 496
511 501
511 502
512 502
513 503
513 502
514 503
515 502
516 503
517 504
517 503
516 505
510 499
513 504
513 505
514 505
516 504
517 505
518 506
519 505
520 506
521 507
521 506
522 507
523 506
524 507
524 506
520 508
520 509
521 509
523 508
523 509
524 509
522 506
521 508
522 509
524 508
509 501
509 502
520 510
510 502
512 501
523 510
523 511
524 511
525 512
525 511
497 494
446 448
445 448
445 447
445 446
445 445
446 444
445 443
444 443
443 444
442 443
441 443
440 442
439 441
438 440
443 443
439 440
442 445
442 446
443 446
446 446
438 442
441 442
444 442
437 439
436 439
435 439
435 438
434 437
433 438
433 439
434 439
436 438
437 437
440 444
443 445
435 440
435 441
444 445
436 441
446 445
439 442
442 447
434 438
496 534
456 461
456 460
488 530
500 504
460 468
456 497
455 496
454 495
453 495
452 495
452 494
453 493
452 492
451 493
450 492
453 492
455 495
456 495
451 492
454 497
454 498
455 498
450 494
449 494
453 494
456 494
456 493
456 492
452 496
455 497
469 516
489 531
448 493
447 492
448 491
447 494
446 491
445 491
445 490
445 489
445 488
446 489
444 488
443 489
442 488
441 488
440 487
441 486
440 485
439 486
438 486
438 485
441 485
443 488
439 485
442 490
442 491
443 491
438 487
448 490
448 489
441 487
447 493
444 487
444 486
444 485
437 484
436 484
435 484
435 483
436 482
434 482
433 482
433 481
434 480
437 482
434 481
433 483
433 484
434 484
436 483
422 441
440 489
441 454
501 505
502 505
503 505
504 506
505 507
506 508
507 509
505 506
504 508
505 509
507 508
508 507
507 506
508 506
508 509
509 510
509 509
510 510
511 511
512 510
511 512
512 512
506 510
509 511
509 512
510 512
512 511
505 508
508 508
511 513
511 514
433 450
433 451
452 463
493 501
512 514
513 515
514 515
504 510
505 475
497 471
497 472
470 517
516 484
434 451
426 447
526 534
518 530
518 531
463 514
462 514
461 513
462 512
461 511
460 510
459 509
460 509
459 511
459 512
460 512
462 511
463 510
462 509
463 509
463 512
458 508
457 508
460 511
463 511
459 513
456 507
455 506
456 505
454 507
454 508
455 508
453 507
452 507
452 506
452 505
452 504
453 503
451 503
450 502
453 505
451 502
450 504
449 505
449 504
450 505
451 505
453 504
449 506
455 507
448 503
447 502
448 502
448 501
447 504
447 505
446 501
446 500
445 499
446 499
445 501
444 498
443 499
442 500
442 501
443 501
444 497
444 496
441 500
440 500
440 499
440 498
440 497
441 496
440 495
439 496
438 496
438 495
441 495
441 498
437 495
436 494
437 493
436 492
435 494
434 493
433 492
434 492
437 492
433 494
439 495
432 491
431 491
430 492
431 490
432 489
438 497
438 498
430 493
430 494
439 498
431 493
441 497
433 493
434 494
437 494
451 504
443 500
462 513
454 509
454 510
432 490
435 495
435 496
455 510
496 511
515 524
514 523
515 523
515 522
447 506
507 520
499 516
459 480
460 445
519 494
519 493
498 471
465 523
465 522
471 454
471 455
444 500
436 496
456 474
455 475
454 475
453 474
452 474
452 473
452 472
452 471
453 470
451 470
450 470
449 469
448 469
447 469
450 469
449 471
449 472
450 472
453 472
448 468
451 469
450 471
451 472
453 471
446 468
446 467
445 466
446 466
445 468
444 465
443 466
442 466
443 467
442 468
442 469
441 465
440 465
440 464
441 463
439 463
438 463
438 462
439 461
437 462
436 462
435 462
435 461
434 460
433 459
434 459
433 461
436 461
437 460
436 459
437 459
439 462
442 467
443 468
432 458
431 458
430 459
429 458
428 458
428 457
429 456
428 455
427 455
426 456
426 455
431 457
431 456
432 456
435 463
438 464
438 465
430 460
430 461
449 473
449 474
427 454
427 453
427 452
439 465
450 474
442 470
431 460
441 464
434 461
426 457
426 458
437 461
429 457
448 470
447 471
447 472
447 473
489 508
508 521
440 466
440 467
500 517
460 481
501 482
519 530
492 513
492 514
493 478
452 440
452 441
512 491
472 455
439 507
458 520
504 487
504 488
477 533
450 516
523 500
429 493
428 493
428 492
469 529
468 530
468 531
442 512
470 494
461 525
461 526
441 467
514 537
493 514
453 441
505 488
431 502
431 503
430 504
429 503
428 503
428 502
428 501
428 500
429 499
429 501
427 500
426 499
427 498
426 501
425 498
424 498
424 497
425 496
427 497
423 499
422 498
424 500
426 500
425 497
421 499
451 517
443 513
462 526
503 527
495 523
455 487
447 483
447 484
515 501
515 500
506 532
507 533
506 533
459 457
459 458
432 503
424 499
444 477
443 478
442 479
442 478
443 479
442 480
442 481
441 477
440 477
440 476
440 475
439 474
438 473
439 473
438 475
441 475
437 472
436 472
435 471
434 470
433 469
432 469
431 469
430 469
431 468
434 469
433 471
433 472
434 472
436 471
437 470
429 468
428 468
432 468
435 473
435 474
436 474
438 474
439 475
431 470
430 471
434 471
427 467
426 466
427 465
426 468
425 465
424 464
425 463
427 464
427 463
426 467
437 471
433 473
434 474
425 464
435 508
436 473
437 438
496 524
456 451
455 450
456 450
456 449
428 469
428 470
515 537
488 520
448 447
448 446
448 445
489 485
508 498
440 443
499 529
500 494
460 458
519 507
518 508
492 490
492 491
425 500
511 503
458 497
437 474
429 470
448 483
489 521
461 502
461 503
441 444
501 495
433 440
433 441
493 491
512 504
491 530
451 494
443 490
462 503
454 499
494 535
455 464
434 441
484 527
444 454
444 453
444 452
435 485
435 486
436 450
455 500
468 519
468 520
496 501
515 514
516 513
517 514
514 513
517 513
516 515
516 516
517 516
518 516
519 516
519 515
515 512
517 515
516 517
519 517
520 518
520 519
521 519
518 518
518 519
519 518
521 518
522 517
523 518
524 517
523 519
524 519
522 519
520 520
520 521
521 521
523 520
523 521
524 521
522 518
518 520
518 521
488 497
507 510
508 475
499 506
499 507
519 484
520 485
521 484
520 486
522 484
521 486
518 485
518 486
519 485
521 485
522 486
523 486
524 486
520 487
520 488
521 488
523 487
523 488
524 488
525 489
525 490
526 490
526 489
525 491
527 488
528 487
529 488
526 487
527 487
529 487
528 489
528 490
529 490
527 486
527 485
527 484
529 489
528 491
529 492
530 493
530 492
531 491
532 492
532 493
533 493
531 493
533 492
534 491
534 493
535 494
536 493
536 492
536 491
532 494
532 495
533 495
536 495
537 496
535 496
538 496
531 492
530 494
530 495
465 513
511 480
511 481
444 490
531 495
457 509
457 510
436 486
477 487
437 451
456 464
429 447
488 533
448 460
447 461
489 498
529 534
421 443
421 444
480 529
508 511
507 512
440 456
521 530
500 507
501 472
493 468
439 497
512 481
485 464
458 510
504 477
477 523
450 506
451 471
469 519
442 502
442 503
470 484
461 515
422 444
462 480
463 445
481 493
522 531
454 476
454 477
482 458
514 527
473 489
474 454
466 450
485 500
525 536
431 492
472 530
518 497
518 498
432 457
451 507
464 526
464 527
443 503
484 504
463 481
503 517
495 513
455 477
487 509
487 510
515 491
466 486
506 522
506 523
467 451
507 487
486 464
453 516
459 447
459 448
458 449
432 493
478 460
444 467
517 537
436 463
496 514
468 532
456 441
428 459
428 460
488 510
489 475
507 523
508 488
480 506
500 484
460 448
446 513
519 497
492 480
465 526
438 509
438 510
457 522
458 487
430 505
430 506
477 500
449 518
449 519
450 483
469 496
429 460
510 534
470 461
461 492
462 457
481 470
522 508
427 499
473 466
514 504
493 481
439 510
450 519
451 484
491 520
470 497
443 480
483 516
502 529
502 530
462 493
463 458
503 494
482 471
494 525
494 526
455 454
473 502
474 467
447 450
447 451
506 499
506 500
466 463
431 505
432 470
423 501
484 517
444 444
503 530
435 475
476 513
436 440
495 526
496 491
468 509
515 504
487 522
488 487
507 500
480 483
499 496
446 490
492 457
492 458
465 503
425 467
457 499
457 500
458 464
437 441
449 495
449 496
477 477
469 473
510 511
489 488
448 450
461 469
480 519
521 520
522 485
513 516
513 517
493 458
494 457
494 456
495 457
495 456
496 457
497 457
498 457
498 456
494 458
496 456
495 458
498 458
499 459
499 460
500 460
497 459
497 460
498 459
500 459
501 458
501 460
502 460
503 460
499 461
499 462
500 462
502 461
502 462
503 462
504 463
505 464
506 463
507 464
507 463
508 464
509 464
510 465
511 466
512 467
506 465
509 466
509 467
510 467
512 466
505 463
508 463
511 468
511 469
512 469
513 470
514 470
515 470
516 470
517 471
517 470
516 472
504 465
515 469
514 468
515 467
507 465
508 466
510 466
513 471
513 472
514 472
517 472
518 473
518 474
519 473
520 473
521 474
521 473
522 472
523 473
524 474
522 474
520 475
520 476
521 476
523 475
523 476
524 476
525 477
526 477
527 476
528 477
529 478
529 477
528 479
519 472
522 473
525 478
525 479
526 479
518 475
518 476
518 477
529 479
521 475
522 476
524 475
509 468
509 469
520 477
510 469
501 459
512 468
504 464
523 477
523 478
505 465
524 478
497 461
497 462
526 478
515 468
508 465
527 478
500 461
519 474
511 470
511 471
501 462
533 494
479 523
512 471
439 487
498 536
458 500
490 532
490 533
450 496
451 461
469 509
442 492
470 474
443 457
462 470
502 506
502 507
481 483
522 521
454 466
454 467
473 479
514 517
534 495
526 491
472 520
518 487
518 488
432 447
491 533
464 516
464 517
424 443
483 529
484 494
475 525
503 507
476 490
435 452
435 453
495 503
455 467
496 468
515 481
487 499
488 464
506 512
507 477
453 506
499 473
499 474
445 502
445 503
465 480
425 444
444 457
476 526
517 527
436 453
428 449
509 523
509 524
488 500
528 536
489 465
508 478
480 496
520 532
520 533
500 474
446 503
492 470
465 516
438 499
439 464
418 441
498 513
458 477
430 495
430 496
477 490
450 473
451 438
510 524
469 486
470 451
461 482
462 447
521 533
481 460
522 498
454 443
454 444
513 529
473 456
473 457
514 494
460 523
485 467
525 503
471 532
471 533
431 459
472 497
491 510
451 474
483 506
443 470
484 471
463 448
503 484
475 502
475 503
494 515
495 480
455 444
474 457
441 509
487 476
447 440
506 489
506 490
452 518
452 519
472 533
432 460
505 530
484 507
476 503
495 516
496 481
468 499
487 512
488 477
507 490
434 506
480 473
453 519
426 502
426 503
446 480
465 493
438 476
438 477
457 489
458 454
430 472
431 473
430 473
477 467
449 485
450 486
449 486
450 450
509 536
469 463
510 501
461 459
461 460
521 510
522 475
513 506
513 507
427 466
514 471
479 513
439 477
525 480
525 481
498 526
471 509
490 522
491 487
451 451
442 482
441 483
470 464
443 447
462 460
502 496
502 497
503 461
454 456
494 492
494 493
473 469
514 507
501 537
506 466
506 467
526 481
431 472
472 510
432 437
431 437
430 438
430 439
430 440
491 523
464 506
464 507
537 490
483 519
524 520
475 515
503 497
435 442
495 493
468 476
536 494
496 458
487 489
515 471
434 483
507 467
453 496
499 463
499 464
445 492
445 493
446 457
465 470
457 466
457 467
517 517
436 443
449 462
449 463
509 513
509 514
510 478
529 491
520 522
521 487
467 516
500 464
513 483
446 493
486 529
492 460
532 496
478 525
479 490
439 454
458 467
498 503
490 499
490 500
450 463
469 476
510 514
442 459
442 460
456 506
502 473
502 474
522 488
514 484
460 513
420 440
479 526
431 449
491 500
423 445
423 446
464 483
483 496
443 460
523 532
523 533
475 492
503 474
476 457
495 470
441 499
506 479
433 495
433 496
452 508
453 473
432 450
445 469
445 470
464 519
505 520
424 446
465 447
524 533
497 516
497 517
476 493
516 529
517 494
496 471
463 523
468 489
509 490
434 496
474 532
480 463
520 499
520 500
466 528
466 529
446 470
486 506
465 483
438 466
438 467
458 444
430 462
430 463
498 480
477 457
449 475
450 440
469 453
510 491
461 449
521 500
467 529
513 496
427 456
459 525
460 490
479 503
439 467
498 516
471 499
472 464
490 512
491 477
451 441
437 506
483 473
456 519
502 486
429 502
462 450
475 469
448 515
494 482
494 483
440 511
440 512
441 476
460 526
501 527
493 523
452 485
452 486
431 462
512 536
472 500
464 496
504 532
504 533
505 497
484 474
524 510
475 505
476 470
516 506
516 507
422 499
495 483
468 466
441 512
482 513
487 479
528 480
528 481
434 473
453 486
426 469
445 482
446 447
505 533
465 460
438 443
438 444
457 456
517 507
449 452
449 453
509 503
510 468
529 481
521 477
467 506
513 473
513 474
486 519
459 502
458 503
459 503
478 515
439 444
479 480
498 493
458 457
471 476
490 489
490 490
450 453
437 483
456 496
502 463
502 464
489 530
448 492
522 478
494 459
494 460
427 469
440 488
514 474
460 503
501 504
471 512
512 513
472 477
431 439
491 490
464 473
504 509
483 486
523 522
523 523
524 487
475 482
503 464
495 460
481 525
441 489
487 456
433 485
433 486
434 450
453 463
445 459
445 460
505 510
524 523
497 506
497 507
517 484
463 513
468 479
509 480
509 481
482 526
455 509
528 493
488 457
474 522
434 486
520 489
520 490
466 518
466 519
467 483
486 496
446 460
478 492
430 452
498 470
444 499
490 466
436 495
510 481
456 473
521 490
467 519
508 520
427 446
527 533
419 442
460 480
479 493
519 529
511 525
511 526
471 489
472 454
491 467
464 450
464 451
477 532
437 496
483 463
523 499
456 509
429 492
475 459
448 505
494 472
440 501
441 466
501 517
433 462
433 463
493 513
452 475
452 476
453 440
512 526
485 509
464 486
504 522
505 487
484 464
451 516
524 500
497 483
497 484
470 529
476 460
516 496
516 497
515 498
462 525
463 490
487 469
482 503
454 521
454 522
434 463
474 499
453 476
466 495
426 459
486 473
465 450
432 502
517 497
449 442
463 526
455 522
447 518
515 536
467 496
507 532
486 509
459 492
459 493
460 457
478 505
519 506
479 470
498 483
425 499
471 466
444 512
490 479
436 508
437 473
456 486
428 504
428 505
429 469
489 520
448 482
508 533
440 478
440 479
460 493
500 529
501 494
492 525
492 526
491 527
493 490
452 452
452 453
512 503
472 467
464 463
504 499
504 500
483 476
523 512
524 477
429 505
470 506
475 472
516 473
516 474
462 502
481 515
441 479
433 475
473 511
434 440
493 526
453 453
485 522
484 523
445 449
505 500
517 474
463 503
509 470
528 483
455 499
474 512
515 513
447 495
447 496
466 508
467 473
486 486
459 469
458 470
459 470
457 469
456 470
478 482
498 460
444 489
531 494
490 456
436 485
496 536
456 463
488 532
448 459
489 497
508 510
480 528
500 506
460 470
479 483
519 519
492 502
492 503
491 504
511 515
511 516
471 479
512 480
458 509
491 457
477 522
437 486
523 489
523 490
469 518
489 533
448 495
461 514
422 443
522 530
441 456
481 492
501 507
433 452
433 453
493 503
512 516
485 499
505 477
451 506
524 490
497 473
497 474
470 519
443 502
462 515
463 480
481 528
482 493
454 511
454 512
455 476
473 524
474 489
434 453
466 485
526 536
518 532
518 533
432 492
478 459
444 466
435 497
435 498
515 488
515 487
516 486
455 512
456 513
457 512
496 513
456 440
515 526
488 509
467 486
507 522
508 487
499 518
499 519
498 520
497 519
496 520
459 482
460 447
478 495
477 496
479 460
519 496
465 525
471 456
511 492
511 493
444 502
457 521
490 469
436 498
477 499
437 463
456 476
428 494
429 459
489 510
448 472
508 523
440 468
500 519
501 484
492 515
493 480
452 442
452 443
512 493
439 509
458 522
504 489
450 518
451 483
469 531
470 496
442 514
442 515
461 527
462 492
481 505
441 469
454 488
454 489
473 501
474 466
453 443
485 512
505 490
431 504
518 509
518 510
451 519
423 500
443 515
444 516
445 515
484 516
463 493
503 529
455 489
495 525
474 502
487 521
447 485
515 503
466 498
506 534
506 535
507 536
507 499
467 463
459 459
459 460
527 477
432 505
478 472
424 501
425 466
444 479
436 475
437 440
496 526
428 471
428 472
456 453
488 522
489 487
448 449
507 535
480 518
508 500
440 445
440 446
500 496
460 460
501 461
519 509
492 492
492 493
491 494
493 457
511 505
512 470
458 499
504 466
504 467
477 512
437 476
523 479
450 495
469 508
429 472
470 473
461 504
461 505
441 446
522 520
501 497
433 442
514 516
493 493
534 494
505 467
491 532
451 496
497 463
470 509
483 528
443 492
462 505
463 470
503 506
482 483
454 501
455 466
473 514
474 479
447 462
447 463
446 464
506 511
466 475
426 439
427 440
428 439
518 522
425 443
484 529
444 456
530 496
435 487
476 525
436 452
496 503
468 521
468 522
467 523
447 498
448 499
449 498
450 498
515 516
487 534
488 499
508 477
480 495
499 508
499 509
498 510
459 472
527 490
500 473
446 502
519 486
465 515
511 482
511 483
511 484
510 485
457 511
418 440
436 488
477 489
449 507
449 508
448 509
447 508
446 509
437 453
429 449
469 485
510 523
529 536
448 462
489 500
421 445
421 446
480 531
481 532
482 533
482 532
521 532
500 509
501 474
513 528
492 505
493 470
512 483
439 499
485 466
458 512
504 479
450 508
451 473
469 521
442 504
442 505
441 506
443 469
422 446
462 482
502 518
502 519
502 520
463 447
481 495
522 533
482 460
454 478
454 479
453 480
455 443
473 491
514 529
474 456
466 452
466 453
465 454
464 453
463 454
472 532
431 494
518 499
518 500
517 501
432 459
464 528
464 529
463 530
443 505
444 506
445 505
484 506
503 519
476 502
435 464
435 465
495 515
455 479
456 480
457 479
496 480
487 511
515 493
447 475
466 488
506 524
507 489
467 453
453 518
459 449
499 485
499 486
498 487
497 486
496 487
495 487
432 495
478 462
445 514
465 492
444 469
436 465
496 516
509 535
456 443
428 461
448 439
508 490
480 508
499 521
500 486
446 515
519 499
492 482
465 528
438 511
438 512
437 513
439 476
458 489
498 525
430 507
430 508
429 509
428 508
427 508
427 509
427 510
428 511
429 512
426 511
429 511
428 513
429 513
430 514
431 514
431 513
432 512
431 511
432 511
432 514
433 515
433 514
434 515
435 514
436 515
437 515
438 516
439 516
435 516
435 517
436 517
434 514
433 516
433 517
434 517
436 516
437 517
438 518
439 519
440 518
441 519
441 518
440 520
439 518
438 520
441 520
442 521
443 522
443 521
444 521
445 522
445 521
446 522
446 521
442 523
442 524
443 524
445 523
445 524
446 524
447 525
448 524
448 523
448 522
454 496
447 526
447 527
444 520
443 519
444 519
444 518
448 526
449 527
450 526
450 525
451 526
452 526
453 525
454 526
452 527
453 528
454 528
455 529
455 528
456 528
457 528
458 529
458 528
451 525
454 530
454 531
455 531
457 530
457 531
449 526
458 531
459 532
460 532
461 533
462 532
463 533
463 532
450 527
453 527
459 533
456 527
456 526
456 525
456 524
452 529
455 530
458 530
451 527
443 523
454 532
432 513
435 518
435 519
434 520
425 510
424 510
423 510
423 509
423 508
423 507
422 506
421 505
424 508
420 505
419 504
418 503
421 507
421 508
422 508
424 507
425 506
425 508
417 504
417 505
418 505
516 471
420 504
419 506
420 507
422 507
418 504
421 509
421 510
422 510
424 509
417 506
436 519
446 523
438 519
457 532
457 533
449 528
449 529
439 520
458 533
450 529
442 525
420 506
431 515
430 516
423 511
422 512
423 512
424 512
460 533
452 528
434 516
453 529
426 512
426 513
445 525
445 526
445 527
446 526
427 512
419 508
437 516
456 529
454 491
448 525
440 521
440 522
422 509
441 522
433 518
434 519
455 532
447 528
447 529
425 509
444 522
436 518
428 514
428 515
427 516
426 515
425 516
425 517
424 518
425 519
425 518
423 519
423 520
422 518
421 518
424 520
420 517
419 517
419 516
420 515
419 514
418 513
417 512
418 511
417 514
416 514
417 515
418 515
420 514
416 516
416 517
417 517
415 513
415 512
415 511
418 514
421 519
421 520
422 520
425 520
426 521
426 522
427 521
428 521
429 522
429 521
428 523
428 524
429 524
430 524
431 524
502 513
503 513
431 523
432 522
432 521
431 521
432 524
427 520
426 523
429 523
432 523
525 497
417 516
428 525
418 517
420 516
431 525
430 526
430 527
431 526
423 521
423 522
422 523
421 522
420 523
419 522
418 523
432 526
433 527
433 526
434 525
434 527
435 527
436 527
437 528
437 526
438 525
436 525
439 526
438 528
439 529
440 528
441 528
437 525
440 530
440 531
429 444
429 443
441 531
442 531
443 532
444 531
445 532
446 532
495 500
439 528
442 533
445 533
438 530
438 531
439 531
441 530
444 530
445 529
444 529
437 527
487 529
440 532
441 533
443 533
435 528
435 529
444 533
436 529
439 530
424 522
416 518
434 526
438 532
430 528
430 529
429 530
428 531
427 530
427 522
419 518
419 519
420 519
423 524
424 525
424 526
425 527
424 528
425 529
425 528
422 519
441 532
433 528
433 529
434 529
429 497
415 515
444 532
436 528
418 516
437 529
429 525
421 521
422 522
418 506
437 519
429 515
448 528
421 511
432 525
424 521
435 530
435 531
434 532
433 531
432 532
432 533
425 522
417 518
436 531
458 532
450 528
451 529
443 525
432 515
424 511
430 442
416 507
416 508
435 520
425 512
417 508
511 477
512 477
513 476
428 517
427 518
439 532
504 512
420 518
431 527
423 523
424 524
506 509
447 460
454 524
446 525
438 521
438 522
437 523
436 523
430 517
430 518
449 530
449 531
449 532
448 533
448 534
427 511
488 461
419 507
439 522
450 531
442 527
420 508
431 517
423 513
434 528
426 524
426 525
416 510
415 514
430 530
427 524
419 520
457 524
449 520
477 502
450 485
451 450
469 498
510 536
470 463
461 494
462 459
522 510
481 472
454 455
427 501
473 468
514 506
439 512
485 479
526 480
472 509
431 471
491 522
451 486
537 489
537 488
537 487
537 486
537 485
538 484
538 486
539 487
540 486
541 485
540 484
541 484
541 487
542 487
543 488
544 489
544 490
545 490
473 473
543 487
542 489
542 490
543 490
545 489
546 488
545 487
546 490
547 491
548 490
548 489
548 488
541 486
544 491
544 492
545 492
547 492
547 493
548 492
540 488
539 489
543 489
536 485
535 484
536 483
535 486
534 483
533 483
532 483
531 483
530 483
532 484
533 485
533 486
532 487
531 488
535 485
546 489
542 491
545 491
546 492
538 488
530 484
548 491
540 487
541 488
533 484
544 493
544 494
544 495
544 496
544 497
443 486
534 485
416 512
547 494
547 495
546 496
539 490
539 491
536 484
548 494
540 490
532 486
543 491
535 487
535 488
547 497
536 487
462 464
546 491
538 487
531 484
534 484
545 493
442 517
443 482
462 495
461 496
460 497
502 531
501 532
461 531
460 530
463 460
503 496
475 514
494 527
494 528
494 529
493 530
515 508
516 509
515 510
494 530
455 456
495 492
474 469
441 521
447 452
447 453
446 454
506 501
507 502
507 503
506 502
466 465
507 466
452 530
452 531
452 532
431 507
432 472
518 512
519 513
520 513
520 512
538 490
484 519
444 446
530 486
476 515
436 442
495 528
496 493
468 511
428 438
487 524
515 506
488 489
434 518
508 467
480 485
453 531
527 480
499 498
426 514
500 463
519 476
446 492
492 459
465 505
511 472
511 473
511 474
510 475
438 488
438 489
437 490
436 490
457 501
458 466
437 443
449 497
477 479
450 462
469 475
510 513
429 439
461 471
461 472
521 522
522 487
501 464
513 518
513 519
512 520
533 496
493 460
438 524
439 489
485 456
525 492
525 493
524 494
430 520
458 502
471 521
471 522
470 523
504 469
490 534
451 463
491 499
470 476
442 494
443 459
502 508
502 509
462 472
503 473
522 523
494 504
494 505
454 468
427 514
473 481
514 519
515 520
516 519
440 533
419 510
526 493
472 522
518 489
432 449
464 518
424 445
483 531
484 496
524 532
503 509
475 527
476 492
435 454
435 455
434 491
434 490
495 505
422 521
468 488
496 470
447 465
448 466
449 465
487 501
488 502
489 502
490 502
515 483
488 466
433 530
507 479
434 495
480 462
453 508
459 439
460 440
461 439
462 440
499 475
499 476
498 477
445 504
446 469
465 482
425 446
457 478
517 529
436 455
477 456
468 524
509 525
509 526
508 527
507 526
518 537
519 536
520 536
521 535
520 535
428 451
469 452
489 467
434 531
520 534
480 498
521 499
426 527
427 528
428 527
500 476
501 476
502 477
501 478
500 478
502 476
467 528
446 505
492 472
438 501
439 466
457 514
498 515
430 497
458 479
450 475
449 510
450 510
451 511
490 511
451 440
510 526
469 488
470 453
442 471
443 472
444 473
442 472
441 473
445 472
415 517
414 518
414 519
413 520
412 521
413 522
414 523
414 524
414 525
415 524
416 525
417 525
507 497
418 525
413 521
416 526
416 527
417 527
419 526
420 525
412 522
419 527
420 527
421 528
422 529
422 528
412 523
412 524
506 504
505 504
413 524
415 523
414 526
414 527
415 526
417 526
418 527
413 523
416 528
416 529
415 530
414 529
417 529
419 528
419 529
420 529
524 482
412 525
415 525
418 526
414 528
417 528
418 529
525 483
524 484
420 528
413 525
416 530
415 527
456 518
461 484
460 485
462 449
522 500
481 462
454 445
455 446
456 447
454 446
453 447
457 446
513 531
514 496
473 458
472 459
460 525
525 505
431 461
472 499
418 528
491 512
464 495
483 508
484 473
502 521
502 522
463 450
503 486
475 504
476 469
494 517
495 482
441 511
487 478
433 507
433 508
432 509
506 491
466 455
450 448
452 520
451 521
450 522
451 523
452 521
442 519
453 485
432 462
464 531
465 532
465 533
466 531
505 532
465 459
484 509
497 528
497 529
496 530
517 506
496 483
414 530
529 480
434 508
520 511
548 493
453 521
499 488
426 504
540 489
445 517
446 482
532 485
438 478
438 479
437 480
436 480
434 513
439 443
411 524
410 524
457 491
458 456
430 474
431 475
431 476
432 477
433 478
432 479
432 478
449 487
450 452
510 503
442 448
441 449
442 450
441 450
456 532
442 449
440 448
439 448
438 447
437 447
436 447
438 446
461 461
460 462
461 462
521 512
522 477
541 490
513 508
427 468
514 473
460 502
439 479
525 482
498 528
430 510
431 438
490 524
489 524
490 484
491 489
451 453
442 484
437 518
443 449
456 531
502 498
502 499
504 504
503 503
503 502
502 501
501 501
500 500
504 502
462 462
429 514
503 463
448 527
494 494
495 495
495 496
496 497
442 522
494 495
497 496
454 458
495 459
507 537
440 523
440 524
506 468
506 469
507 470
507 471
526 483
452 497
452 498
431 474
518 479
519 480
449 509
536 488
520 479
432 439
464 508
524 522
435 444
434 444
516 518
523 517
422 511
536 496
496 460
441 524
515 473
528 492
433 520
507 469
434 485
452 533
452 534
444 494
441 494
453 498
499 465
500 466
501 467
501 468
430 470
480 490
445 494
446 459
438 455
438 456
437 457
436 457
435 457
434 457
457 468
517 519
449 464
509 515
428 441
510 480
529 493
520 524
521 489
429 442
426 517
467 518
427 445
513 485
513 486
512 487
459 514
459 515
458 516
438 491
439 456
425 521
458 469
498 505
490 501
450 465
451 466
450 467
429 528
452 465
436 530
442 461
443 462
444 463
445 462
428 526
456 508
502 475
522 490
448 504
494 471
513 521
514 486
460 515
420 442
525 495
471 524
431 451
512 525
418 518
491 502
423 447
423 448
424 449
425 450
425 451
441 516
426 449
437 531
523 534
523 535
523 536
483 498
429 527
503 476
421 523
495 472
468 455
468 456
467 457
441 501
433 497
433 498
432 499
431 499
434 462
452 510
453 475
445 471
505 522
424 448
465 449
524 535
497 518
457 445
516 531
517 496
422 524
463 525
509 492
509 493
508 494
507 493
506 494
505 494
414 520
415 521
416 520
417 520
455 521
434 498
520 501
520 502
519 503
527 483
466 530
486 508
446 472
438 468
457 481
458 446
498 482
430 464
429 465
429 466
430 465
431 466
432 466
433 466
434 467
433 465
435 467
449 477
450 478
451 478
455 449
444 511
450 442
509 528
510 528
511 529
510 530
511 528
447 523
469 455
510 493
461 451
460 451
458 482
456 485
521 502
522 503
454 447
454 486
497 456
475 487
523 502
467 531
427 458
513 498
508 532
459 527
460 492
511 537
417 530
451 443
450 444
451 445
452 445
437 508
456 521
429 504
448 517
454 448
421 500
420 501
420 502
438 492
439 493
421 501
494 484
495 485
440 513
440 514
441 474
441 478
501 529
547 496
493 521
433 474
452 487
452 488
451 489
451 490
493 528
442 486
452 450
493 525
539 492
540 493
541 494
540 495
537 494
538 494
540 496
541 497
542 496
541 496
539 493
542 493
453 452
518 469
517 468
453 523
434 524
519 470
520 470
519 481
518 467
517 466
518 465
518 464
518 463
518 462
518 461
519 460
520 460
521 461
522 462
440 473
469 491
523 463
513 468
522 505
522 461
521 463
520 464
520 463
521 464
538 485
522 464
500 491
469 503
524 463
517 460
516 460
546 486
493 465
494 464
493 464
516 459
517 458
516 457
517 456
515 457
514 458
510 486
513 457
513 456
500 524
512 457
511 457
480 480
511 456
510 455
509 455
464 533
509 454
447 447
510 454
513 459
513 460
514 460
480 513
462 497
476 496
509 456
509 457
520 465
510 457
512 456
515 456
515 455
508 453
508 452
507 451
506 450
462 530
505 451
508 451
438 506
507 453
506 453
484 456
462 487
504 452
504 453
458 517
436 503
505 453
519 462
515 478
515 477
515 476
427 525
511 458
511 510
514 511
512 459
522 463
514 459
506 454
506 455
513 497
487 494
524 501
515 459
507 455
518 455
517 454
518 453
429 500
518 452
518 451
518 450
519 450
520 451
521 451
522 450
522 452
523 453
524 452
524 451
524 454
525 454
457 451
427 513
484 487
502 536
522 451
486 511
504 461
505 461
419 509
461 497
440 516
520 452
498 521
523 494
520 453
521 453
524 453
517 450
516 450
515 451
459 454
495 520
514 450
513 450
513 449
506 492
523 455
516 452
515 453
519 452
491 458
441 529
522 453
510 456
521 465
513 461
513 462
502 487
514 462
515 463
454 484
516 462
503 452
520 484
502 452
477 527
490 494
502 451
502 450
502 449
502 448
503 448
504 449
424 506
501 448
500 448
503 450
433 525
449 493
454 482
500 449
469 526
500 450
501 450
503 449
499 451
520 454
520 455
477 507
521 455
513 451
505 452
516 461
517 462
495 498
509 458
508 459
508 460
508 461
476 510
515 531
507 530
523 454
524 455
516 451
517 452
519 461
501 449
512 458
504 454
504 455
503 456
502 455
502 454
432 467
438 514
458 494
495 510
505 455
516 464
515 465
519 451
494 486
493 487
515 458
477 505
507 454
508 455
500 451
519 464
511 460
511 461
501 452
420 509
504 457
503 458
518 454
441 441
441 440
441 439
441 438
519 454
491 495
511 498
522 465
514 461
503 451
506 456
506 457
515 461
507 457
521 454
522 455
514 451
517 461
520 466
520 467
521 468
522 469
523 470
522 516
430 498
510 458
419 503
521 467
513 463
513 464
442 439
502 453
525 450
517 451
520 456
509 488
520 457
521 458
522 458
488 471
523 457
521 457
505 454
516 463
517 464
509 460
520 469
516 476
523 456
516 453
509 450
508 449
507 448
507 447
509 448
509 447
510 448
511 448
511 447
508 454
519 463
511 459
501 451
512 460
504 456
505 457
519 453
511 449
511 450
511 451
510 452
512 450
523 459
518 466
515 460
507 456
499 452
499 453
498 454
508 457
500 453
519 466
511 462
511 463
522 454
518 456
515 450
508 447
521 466
511 452
512 453
512 454
513 453
442 438
522 467
514 463
443 439
444 440
432 465
497 464
445 439
502 488
502 489
428 499
503 453
506 458
506 459
450 523
504 534
505 499
451 528
524 512
497 495
516 508
517 473
422 501
536 486
441 514
454 533
528 482
433 510
434 511
435 510
455 457
456 458
507 459
434 475
520 478
453 488
499 455
500 455
506 470
505 471
445 484
446 449
505 535
438 445
497 531
498 532
499 532
504 462
499 531
457 458
430 441
517 509
449 454
450 455
451 456
451 457
483 481
508 462
516 458
452 455
427 515
509 505
510 470
529 483
520 514
447 530
521 479
540 492
513 475
459 504
458 505
458 506
459 505
532 488
533 489
460 469
439 446
498 495
425 511
444 524
490 491
417 507
436 520
437 485
442 451
456 498
428 516
502 465
489 532
448 494
494 461
494 462
440 490
440 491
514 476
460 505
501 506
452 464
493 502
512 515
431 441
418 508
504 511
437 521
523 524
522 525
522 526
522 527
465 509
514 524
512 518
524 489
429 517
503 466
470 518
516 485
421 513
495 462
440 526
441 491
433 487
506 471
434 452
453 465
426 448
445 461
505 512
497 508
516 521
517 486
463 515
509 482
508 483
508 484
509 483
519 492
510 447
455 511
520 491
521 492
522 492
523 492
447 507
521 456
466 520
513 452
446 462
459 481
432 527
438 458
439 459
440 459
440 458
424 523
498 472
444 501
416 519
449 467
435 532
436 497
510 483
456 475
461 441
462 442
463 442
464 441
465 442
448 471
522 457
427 448
508 522
513 488
514 453
527 535
459 517
460 517
461 517
462 518
436 446
454 516
500 518
460 482
519 531
425 524
511 527
512 492
472 456
464 452
436 533
437 498
523 501
428 529
469 530
502 478
429 494
448 507
441 468
501 519
547 486
433 464
480 468
506 448
505 447
493 515
452 477
453 442
512 528
445 438
504 524
505 489
451 518
524 502
497 485
470 531
443 514
516 498
517 463
462 527
468 458
509 459
454 523
455 488
434 465
520 468
412 526
411 527
411 528
411 529
410 530
409 531
410 531
408 531
411 531
408 530
435 437
462 500
411 530
507 474
458 484
408 532
412 527
410 526
409 527
408 528
445 474
446 439
432 504
465 452
457 448
444 478
449 444
509 495
510 495
511 495
435 509
510 460
455 524
496 525
542 492
447 520
521 469
466 533
507 534
508 499
513 465
413 527
499 530
459 494
460 459
519 508
498 485
425 501
511 504
444 514
436 510
437 475
456 488
428 506
429 471
543 493
489 522
448 484
535 489
508 535
440 480
439 481
440 481
450 491
441 445
500 531
501 496
492 527
493 492
452 454
512 505
439 521
504 501
505 466
409 529
450 530
524 479
451 495
442 526
516 475
421 503
422 503
423 504
423 503
462 504
441 481
454 500
433 477
434 442
453 455
539 495
426 438
485 524
445 451
431 516
505 502
451 531
497 498
443 527
517 476
463 505
509 472
528 485
455 501
515 515
447 497
520 481
521 482
522 482
507 511
527 489
459 471
432 517
424 513
430 444
498 462
444 491
416 509
531 496
435 522
434 522
436 487
437 452
456 465
488 534
448 461
489 499
508 512
480 530
440 457
500 508
460 472
501 473
519 521
492 504
438 533
511 517
510 518
512 482
417 510
458 511
504 478
464 442
437 488
450 507
523 491
469 520
461 516
422 445
440 493
441 458
522 532
427 523
501 509
433 454
452 467
493 505
485 501
504 514
505 479
451 508
524 492
497 475
470 521
443 504
516 488
517 453
462 517
503 518
509 449
454 513
455 478
520 458
447 474
420 520
426 451
467 452
431 529
432 494
518 534
423 525
422 526
444 468
435 499
435 500
503 514
510 450
436 464
496 515
468 533
456 442
515 528
447 510
488 511
507 524
513 455
508 489
459 484
499 520
500 485
460 449
446 514
519 498
465 527
471 458
511 494
416 522
457 523
436 500
437 465
428 496
456 478
429 461
489 512
448 474
440 470
439 470
457 519
500 521
501 486
492 517
493 482
452 444
512 495
439 511
458 524
504 491
505 456
450 520
523 504
451 485
469 533
442 516
516 465
443 481
461 529
454 490
433 467
474 468
445 441
431 506
518 511
432 471
546 493
423 502
497 488
538 489
443 517
530 485
503 531
476 514
435 476
435 477
436 478
509 462
455 491
495 527
496 492
515 505
506 536
505 537
507 501
412 529
453 530
527 479
499 497
459 461
432 507
519 475
424 503
444 481
531 486
435 512
436 477
437 442
496 528
542 495
456 455
429 438
488 524
448 451
489 489
508 502
480 520
440 447
499 533
500 498
501 463
519 511
446 527
492 494
493 459
458 491
460 528
438 523
439 488
512 472
418 442
430 519
458 501
504 468
477 514
523 481
450 497
469 510
442 493
470 475
461 506
460 507
461 507
462 471
441 448
481 484
522 522
514 518
473 480
433 444
493 495
534 496
439 524
485 491
526 492
505 469
472 521
451 498
431 464
491 534
497 465
442 529
443 494
462 507
463 472
503 508
482 485
454 503
455 503
456 503
455 468
495 504
474 481
515 482
447 464
420 510
506 513
507 514
502 535
501 534
506 514
439 515
466 477
486 455
431 519
518 524
425 445
444 458
435 489
476 527
436 454
496 505
468 523
428 450
515 518
488 501
489 466
434 530
508 479
480 497
499 510
500 511
501 511
502 511
527 492
459 474
460 474
461 474
426 526
460 439
500 475
519 488
446 504
492 471
465 517
438 500
512 449
457 513
458 478
477 491
437 455
523 458
510 525
429 451
469 487
415 516
461 483
440 460
521 534
522 499
481 461
513 530
492 507
493 507
494 507
495 508
461 498
470 455
493 472
439 501
512 485
512 452
485 468
525 504
458 514
504 481
505 481
506 481
507 481
491 511
451 475
470 488
442 506
443 471
516 455
461 519
462 484
463 449
522 535
481 497
494 516
482 462
454 480
427 526
455 445
473 493
514 531
474 458
447 441
447 442
466 454
431 496
518 501
432 461
464 530
432 453
431 454
430 454
484 508
505 523
503 521
484 500
435 466
476 504
455 481
495 517
472 526
518 493
468 500
496 482
515 495
487 513
447 477
463 462
488 478
506 526
505 527
507 491
434 507
467 455
508 456
527 481
453 520
499 487
459 451
500 452
445 516
519 465
465 494
425 458
411 523
457 490
436 467
477 468
456 445
428 463
509 537
488 514
489 479
448 441
480 510
508 492
521 511
500 488
501 453
541 489
446 517
492 484
451 452
438 513
511 497
439 478
512 462
457 526
430 509
498 527
504 458
477 504
449 522
450 487
523 471
490 523
469 500
470 465
442 483
443 448
415 529
456 530
462 461
522 512
481 474
454 457
427 503
473 470
456 454
514 508
534 486
526 482
472 511
545 495
518 478
432 438
451 488
491 524
497 455
537 491
443 484
483 520
484 485
502 533
475 516
503 498
435 443
454 493
455 458
495 494
496 459
441 523
487 490
515 472
447 454
420 500
433 519
506 503
466 467
507 468
439 468
453 497
432 474
518 514
423 505
484 521
444 448
530 488
476 517
435 479
517 518
436 444
468 513
496 495
428 440
487 526
488 491
489 456
507 504
480 487
520 523
508 469
453 533
415 520
426 516
499 500
500 465
486 530
519 478
446 494
492 461
465 507
438 490
439 455
457 503
458 468
449 499
450 500
450 464
510 515
429 441
469 477
461 473
521 524
522 489
513 520
514 485
493 462
460 514
439 491
485 458
525 494
430 522
471 523
431 450
451 465
491 501
442 496
437 530
483 497
443 461
429 526
502 510
462 474
503 475
454 470
494 506
514 521
419 512
506 480
452 509
526 495
527 496
527 497
528 495
472 524
518 491
432 451
464 520
424 447
483 533
484 498
505 514
524 534
503 511
475 529
435 456
476 494
516 530
495 507
496 472
468 490
487 503
488 504
489 504
515 485
488 468
506 516
433 532
434 497
480 464
453 510
459 441
499 477
445 506
446 471
519 455
465 484
425 448
457 480
458 445
517 531
477 458
449 476
509 527
428 453
469 454
510 492
489 469
461 450
480 500
521 501
426 529
522 466
467 530
427 457
446 507
492 474
459 526
438 503
439 504
440 504
440 503
479 504
498 517
430 499
458 481
504 448
449 512
450 477
490 513
451 442
469 490
442 473
415 519
443 438
461 486
456 520
462 451
448 516
481 464
522 502
513 533
514 498
473 460
472 461
460 527
525 507
545 485
544 485
543 485
544 484
512 537
431 463
472 501
518 468
418 530
491 514
464 497
483 510
502 523
475 506
503 488
476 471
494 519
455 448
495 484
422 500
468 467
441 513
515 462
447 444
433 509
506 493
507 458
452 522
453 487
499 454
445 483
505 534
465 461
410 525
497 530
444 438
457 457
476 507
517 508
468 503
509 504
455 533
529 482
434 510
548 495
496 462
521 478
457 493
428 530
426 506
540 491
445 519
486 520
446 484
465 497
478 516
438 480
511 464
439 445
411 526
458 458
498 494
477 471
444 523
449 489
450 454
469 467
510 505
461 463
460 464
521 514
522 514
523 514
524 514
522 479
513 510
427 470
541 492
514 475
533 488
460 504
479 517
525 484
514 497
498 530
471 513
431 440
490 526
418 507
491 491
451 455
437 520
443 451
456 533
502 500
507 480
429 516
503 465
448 529
454 460
421 512
494 496
493 497
495 461
440 525
441 490
452 499
452 500
453 464
472 514
432 441
485 533
518 481
464 510
505 511
524 524
475 519
516 520
435 446
517 485
422 513
468 480
441 526
482 527
487 493
528 494
433 522
474 523
434 487
453 500
499 467
445 496
446 461
465 474
438 457
457 470
430 453
517 521
449 466
509 517
510 482
529 495
461 440
415 531
520 526
521 491
522 456
467 520
427 447
513 487
514 452
486 533
527 534
459 516
419 443
419 444
478 529
439 458
479 494
425 523
498 507
471 490
417 519
490 503
491 468
436 532
437 497
442 463
483 464
456 510
428 528
462 441
448 506
494 473
494 474
495 475
514 488
440 502
501 518
420 444
547 485
548 484
547 484
506 447
471 526
483 500
437 533
472 491
512 527
431 453
518 458
418 520
479 507
504 523
464 487
484 465
429 529
470 530
503 478
475 496
476 461
494 509
421 525
495 474
468 457
441 503
487 470
515 452
433 499
506 483
434 464
452 512
453 477
426 460
492 529
426 461
448 486
447 487
445 473
446 438
512 507
511 508
510 507
459 496
511 507
505 524
465 451
497 520
457 447
516 533
517 498
449 443
496 527
463 527
455 526
509 494
510 459
414 522
455 523
548 485
480 467
447 519
520 503
466 532
426 496
467 497
413 526
486 510
446 474
478 506
438 470
479 471
458 448
498 484
430 466
444 513
449 479
426 463
416 531
490 480
436 509
469 457
442 440
456 487
461 453
543 492
503 455
467 533
508 534
513 500
427 460
514 465
459 529
460 494
500 530
525 474
526 473
527 474
528 474
525 472
471 503
472 468
490 516
491 481
437 510
409 528
523 513
483 477
443 441
456 523
502 490
429 506
475 473
448 519
421 502
440 515
441 480
501 531
506 460
433 476
452 489
493 527
539 494
453 454
485 523
445 450
504 536
505 501
451 530
497 497
443 526
516 510
476 474
517 475
468 470
463 504
509 471
482 517
528 484
433 512
434 477
474 513
520 480
499 457
466 509
445 486
486 487
446 451
465 464
432 516
478 483
497 533
457 460
498 461
430 443
449 456
448 456
509 507
435 521
510 472
529 485
447 532
521 481
467 510
513 477
486 523
490 493
459 506
532 490
460 471
478 519
519 520
479 484
525 451
425 513
498 497
471 480
444 526
417 509
436 522
442 453
437 487
428 518
456 500
502 467
448 496
489 534
494 463
440 492
441 457
501 508
493 504
452 466
512 517
439 533
431 443
472 481
418 510
423 439
464 477
504 513
505 478
523 526
484 455
524 491
429 519
470 520
475 486
516 487
421 515
495 464
496 465
462 516
441 493
481 529
487 460
482 494
433 489
473 525
474 490
434 454
453 467
426 450
445 463
428 498
431 528
465 441
497 510
517 488
463 517
509 484
482 530
510 449
528 497
455 513
474 526
447 509
439 480
520 493
515 527
466 522
467 487
513 454
486 500
438 502
459 483
432 529
478 496
438 460
479 461
430 456
498 474
471 457
416 521
444 503
490 470
436 499
437 464
456 477
461 443
428 495
522 459
489 511
448 473
508 524
427 450
440 469
514 455
459 519
500 520
460 484
501 485
519 533
492 516
425 526
471 493
472 458
512 494
417 522
491 471
458 523
504 490
464 454
437 500
483 467
523 503
469 532
429 496
475 463
494 476
461 528
440 505
441 470
481 506
501 521
547 488
452 479
451 480
493 517
453 444
539 484
512 530
485 513
445 440
504 526
505 491
451 520
524 504
497 487
470 533
516 500
443 516
517 465
462 529
463 494
468 460
509 461
482 507
454 525
455 490
474 503
447 486
466 499
467 464
412 528
446 441
486 477
432 506
478 473
438 437
439 438
424 502
457 450
444 480
449 446
531 485
435 511
436 476
510 462
542 494
447 522
488 523
521 471
467 500
513 467
508 501
413 529
500 497
460 461
519 510
479 474
425 503
511 506
471 470
490 483
436 512
477 513
437 477
523 480
456 490
543 495
502 457
429 473
535 491
508 537
440 482
439 483
441 447
500 533
501 498
433 443
452 456
493 494
439 523
485 490
464 467
504 503
505 468
479 464
523 516
450 532
451 497
524 481
442 528
470 510
443 493
516 477
462 506
463 471
481 519
454 502
473 515
433 479
453 457
466 476
426 440
445 453
431 518
518 523
451 533
497 500
423 514
423 515
443 529
484 530
517 478
530 497
463 507
509 474
435 488
496 504
520 483
515 517
447 499
466 512
507 513
467 477
459 473
527 491
432 519
519 487
424 515
430 446
498 464
416 511
444 493
490 460
435 524
436 489
437 454
456 467
429 450
489 501
448 463
480 532
508 514
500 510
501 475
464 444
465 444
466 444
467 445
467 446
467 447
468 447
519 523
492 506
493 471
511 519
439 500
512 484
458 513
430 531
430 532
504 480
456 444
477 526
450 509
483 457
523 493
469 522
516 454
461 518
462 483
422 447
441 460
481 496
522 534
482 461
473 492
514 530
433 456
452 469
419 521
485 503
431 495
451 510
497 477
443 506
516 490
517 455
462 519
463 484
503 520
509 451
482 497
454 515
455 480
474 493
515 494
447 476
420 522
426 453
506 525
466 489
467 454
431 531
459 450
518 536
432 496
478 463
423 527
425 457
444 470
435 501
436 466
496 517
542 484
428 462
515 530
488 513
448 440
480 509
508 491
499 522
459 486
500 487
519 500
446 516
492 483
465 529
511 496
471 460
512 461
416 524
457 525
458 490
437 467
477 503
449 521
510 537
469 499
429 463
415 528
489 514
448 476
461 495
440 472
522 511
501 488
427 502
492 519
452 446
493 484
512 497
439 513
449 524
458 526
504 493
505 458
545 494
443 483
451 487
524 471
470 500
442 518
516 467
502 532
462 496
463 461
481 509
482 474
454 492
473 505
474 470
466 466
431 508
432 473
546 495
518 513
538 491
484 520
530 487
444 447
503 533
435 478
476 516
495 529
455 493
468 512
496 494
515 507
447 489
487 525
488 490
467 467
412 531
508 468
453 532
499 499
459 463
445 528
478 476
519 477
424 505
465 506
444 483
457 502
436 479
477 480
437 444
542 497
456 457
429 440
488 526
489 491
448 453
480 522
508 504
521 523
440 449
501 465
446 529
492 496
493 461
511 509
512 474
439 490
485 457
430 521
504 470
449 534
477 516
523 483
450 499
451 464
469 512
470 477
442 495
461 508
462 473
522 524
481 486
454 469
473 482
514 520
433 446
419 511
526 494
472 523
518 490
451 500
497 467
443 496
483 532
484 497
503 510
475 528
463 474
454 505
455 470
495 506
474 483
520 450
515 484
447 466
487 502
420 512
506 515
466 479
486 457
453 509
459 440
518 526
423 517
425 447
484 533
444 460
476 529
435 491
436 456
517 530
468 525
496 507
500 477
428 452
488 503
489 468
507 516
508 481
480 499
527 494
426 528
499 512
460 441
446 506
519 490
492 473
465 519
511 486
512 451
457 515
458 480
504 447
477 493
449 511
523 460
524 461
450 476
429 453
469 489
510 527
470 454
415 518
461 485
521 536
428 465
445 518
440 462
522 501
481 463
513 532
473 459
493 474
439 503
525 506
438 515
485 470
504 483
505 448
545 484
450 512
491 513
451 477
442 508
470 490
483 509
443 473
463 451
503 487
494 518
482 464
455 447
514 533
473 495
474 460
419 524
447 443
466 456
431 498
432 463
546 485
518 503
464 532
484 510
503 523
476 506
435 468
495 519
468 502
496 484
515 497
447 479
487 515
414 531
488 480
506 528
434 509
508 458
480 476
453 522
459 453
499 489
426 505
500 454
519 467
446 483
465 496
411 525
457 492
436 469
449 488
477 470
469 466
510 504
489 481
448 443
440 439
521 513
500 490
513 509
501 455
541 491
446 519
492 486
533 487
479 516
512 464
430 511
498 529
458 493
504 460
450 489
490 525
451 454
469 502
470 467
442 485
443 450
462 463
481 476
454 459
427 505
514 510
473 472
419 501
534 488
526 484
472 513
545 497
518 480
432 440
491 526
464 509
537 493
483 522
475 518
503 500
476 483
435 445
494 531
455 460
496 461
441 525
515 474
447 456
487 492
433 521
506 505
453 499
499 466
432 476
445 495
465 473
444 450
530 490
476 519
435 481
517 520
468 515
428 442
509 516
489 458
529 494
508 471
520 525
480 489
426 518
499 502
500 467
445 531
486 532
446 496
492 463
478 528
511 476
439 457
457 505
498 506
449 501
477 483
523 450
450 466
510 517
469 479
442 462
421 439
461 475
521 526
522 491
513 522
514 487
532 535
533 536
534 536
460 516
420 443
479 529
525 496
471 525
431 452
472 490
518 457
451 467
491 503
418 519
442 498
437 532
483 499
443 463
502 512
503 477
475 495
463 441
494 508
421 524
454 472
495 473
441 502
506 482
466 446
526 497
452 511
464 522
524 536
475 531
516 532
435 458
495 509
422 525
468 492
496 474
414 521
487 505
434 499
507 483
508 448
453 512
499 479
426 495
445 508
519 457
446 473
438 469
511 453
457 482
458 447
517 533
449 478
450 443
509 529
510 494
469 456
461 452
521 503
522 468
467 532
513 499
427 459
514 464
459 528
438 505
525 473
498 519
458 483
430 501
504 450
544 486
450 479
451 444
470 457
442 475
437 509
443 440
461 488
456 522
462 453
503 454
448 518
522 504
494 485
454 449
427 495
473 462
514 500
460 529
501 530
525 509
526 474
431 465
518 470
537 483
504 535
483 512
524 513
503 490
494 521
495 486
422 502
441 515
515 464
447 446
506 495
433 511
507 460
434 476
452 524
453 489
499 456
445 485
446 450
505 536
410 527
497 532
457 459
517 510
449 455
509 506
510 471
529 484
434 512
447 531
520 515
521 480
426 508
500 457
446 486
532 489
438 482
439 447
457 495
498 496
458 460
449 491
444 525
490 492
450 456
436 521
442 452
461 465
456 499
502 466
521 516
522 481
513 512
514 477
533 490
460 506
525 486
471 515
431 442
490 528
491 493
418 509
437 522
443 453
523 525
429 518
502 502
503 467
448 531
494 498
421 514
495 463
440 527
441 492
506 472
433 488
452 501
453 466
432 443
464 512
505 513
424 439
497 509
516 522
435 448
517 487
422 515
463 516
496 464
528 496
433 524
434 489
520 492
453 502
499 469
466 521
445 498
446 463
432 528
438 459
457 472
498 473
430 455
517 523
449 468
509 519
435 533
510 484
529 497
461 442
520 528
521 493
467 522
427 449
513 489
514 454
459 518
527 536
460 483
478 531
519 532
439 460
430 491
498 509
425 525
472 457
417 521
490 505
437 499
442 465
456 512
462 443
429 495
502 479
448 508
494 475
454 439
460 519
501 520
506 449
547 487
493 516
452 478
431 455
512 529
518 460
418 522
504 525
524 503
429 531
470 532
516 499
421 527
495 476
462 528
468 459
441 505
515 454
433 501
507 450
434 466
452 514
453 479
426 462
445 475
446 440
505 526
465 453
497 522
457 449
516 535
517 500
449 445
463 529
509 496
510 461
455 525
520 505
548 487
447 521
521 470
426 498
513 466
413 528
459 495
438 472
439 437
458 450
461 455
430 468
498 486
425 502
444 515
450 446
436 511
442 442
428 507
456 489
543 494
502 456
448 485
489 523
522 471
535 490
427 462
508 536
514 467
459 531
460 496
500 532
492 528
525 476
512 506
409 530
437 512
523 515
524 480
429 508
503 457
448 521
494 488
421 504
440 517
441 482
501 533
506 462
434 443
452 491
493 529
453 456
539 496
485 525
445 452
505 503
451 532
524 516
497 499
516 512
443 528
517 477
422 505
463 506
536 490
509 473
528 486
455 502
434 479
520 482
446 453
432 518
438 449
457 462
424 514
498 463
430 445
444 492
449 458
435 523
510 474
456 466
447 534
521 483
513 479
508 513
427 439
459 508
460 473
519 522
525 453
425 515
511 518
444 528
490 495
417 511
436 524
464 443
437 489
456 502
428 520
502 469
448 498
494 465
440 494
441 459
501 510
433 455
452 468
493 506
512 519
485 502
418 512
423 441
504 515
505 480
523 528
451 509
524 493
497 476
470 522
516 489
421 517
468 449
481 531
454 514
433 491
434 456
520 459
453 469
420 521
426 452
445 465
431 530
518 535
465 443
423 526
497 512
457 439
517 490
463 519
509 486
510 451
455 515
520 495
447 511
515 529
521 460
466 524
507 525
486 502
459 485
460 450
432 531
424 527
430 458
498 476
471 459
444 505
416 523
436 501
437 466
428 497
456 479
429 462
543 484
448 475
508 526
514 457
440 471
460 486
500 522
501 487
519 535
493 483
511 531
512 496
472 460
417 524
458 525
504 492
464 456
523 505
450 521
429 498
516 466
461 530
440 507
441 472
501 523
433 468
547 490
506 452
493 519
452 481
539 486
453 446
445 442
504 528
505 493
546 494
451 522
497 489
443 518
516 502
517 467
462 531
503 532
509 463
454 527
455 492
528 476
447 488
520 472
426 465
506 537
412 530
446 443
459 462
432 508
438 439
424 504
498 453
449 448
444 482
531 487
435 513
510 464
496 529
456 456
447 524
488 525
448 452
489 490
508 503
513 469
413 531
459 498
499 534
460 463
500 499
446 528
519 512
492 495
425 505
512 473
436 514
477 515
449 533
437 479
523 482
428 510
502 459
543 497
448 488
489 526
535 493
440 484
500 535
501 500
433 445
492 531
493 496
452 458
512 509
439 525
485 492
504 505
505 470
450 534
451 499
524 483
497 466
442 530
516 479
443 495
462 508
454 504
455 469
434 446
420 511
426 442
445 455
431 520
518 525
423 516
443 531
444 459
509 476
435 490
455 505
496 506
447 501
515 519
521 450
507 515
508 480
459 475
527 493
499 511
519 489
424 517
465 518
498 466
511 485
444 495
416 513
530 535
435 526
436 491
437 456
456 469
429 452
448 465
489 503
508 516
440 461
500 512
501 477
492 508
493 473
511 521
439 502
512 486
458 515
464 446
504 482
523 495
450 511
451 476
469 524
470 489
442 507
516 456
461 520
441 462
522 536
454 481
482 463
427 527
514 532
433 458
419 523
485 505
431 497
505 483
518 502
451 512
497 479
443 508
517 457
503 522
509 453
454 517
455 482
495 518
447 478
515 496
520 462
420 524
506 527
467 456
507 492
459 452
431 533
432 498
423 529
444 472
435 503
436 468
496 519
456 446
428 464
542 486
448 442
507 528
508 493
440 438
499 524
500 489
460 453
501 454
519 502
446 518
492 485
465 531
471 462
512 463
457 527
458 492
504 459
437 469
449 523
523 472
450 488
469 501
470 466
535 483
440 474
481 475
522 513
501 490
427 504
514 509
473 471
493 486
452 448
534 487
485 482
504 495
477 485
545 496
505 460
450 524
490 504
524 473
491 525
537 492
470 502
442 520
443 485
516 469
502 534
463 463
503 499
454 494
482 476
455 459
473 507
474 472
447 455
466 468
431 510
546 497
432 475
518 515
423 506
538 493
484 522
530 489
444 449
503 535
435 480
476 518
436 445
495 531
496 496
468 514
515 509
487 527
447 491
488 492
434 521
507 505
467 469
480 488
508 470
453 534
459 465
499 501
445 530
519 479
446 495
465 508
511 475
457 504
531 490
436 481
477 482
449 500
437 446
456 459
469 478
510 516
448 455
489 493
480 524
521 525
440 451
500 502
446 531
492 498
493 463
438 527
439 492
512 476
485 459
430 523
504 472
523 485
450 501
524 450
469 514
470 479
442 497
461 510
462 475
422 439
463 440
481 488
454 471
427 517
473 484
514 522
419 513
533 535
466 445
525 531
526 496
472 525
518 492
432 452
464 521
497 469
443 498
484 499
503 512
475 530
463 476
476 495
455 472
496 473
487 504
447 468
515 486
433 533
466 481
506 517
507 482
453 511
459 442
499 478
432 488
478 455
445 507
519 456
465 485
425 449
444 462
435 493
476 531
436 458
517 532
468 527
496 509
428 454
488 505
489 470
520 537
480 501
499 514
426 530
500 479
446 508
492 475
465 521
511 488
438 504
439 469
457 517
498 518
430 500
449 513
477 495
523 462
429 455
510 529
470 456
442 474
461 487
462 452
481 465
427 494
513 534
473 461
514 499
493 476
439 505
485 472
525 508
472 502
505 450
545 486
451 479
491 515
442 510
443 475
483 511
462 488
502 524
463 453
475 507
503 489
482 466
494 520
474 462
447 445
466 458
452 523
431 500
546 487
518 505
538 483
484 512
444 439
476 508
435 470
495 521
468 504
496 486
515 499
487 517
488 482
507 495
548 496
453 524
499 491
527 473
426 507
500 456
445 520
519 469
446 485
425 462
465 498
511 465
438 481
457 494
458 459
449 490
477 472
428 467
469 468
510 506
489 483
461 464
521 515
440 441
522 480
501 457
513 511
541 493
492 488
438 517
439 482
479 518
525 485
498 531
458 495
430 513
471 514
490 527
491 492
470 469
442 487
443 452
461 500
462 465
448 530
481 478
454 461
494 497
427 507
473 474
514 512
534 490
526 486
472 515
518 482
432 442
491 528
464 511
537 495
483 524
484 489
475 520
435 447
476 485
494 533
422 514
496 463
468 481
441 527
447 458
488 459
433 523
506 507
434 488
507 472
453 501
499 468
445 497
465 475
425 439
457 471
436 448
517 522
468 517
428 444
509 518
488 495
489 460
529 496
480 491
520 527
426 520
500 469
467 521
446 498
492 465
478 530
511 478
438 494
457 507
498 508
458 472
449 503
450 468
523 452
510 519
469 481
442 464
415 510
456 511
461 477
521 528
522 493
513 524
514 489
460 518
420 445
479 531
525 498
471 527
472 492
518 459
418 521
491 505
464 488
483 501
443 465
484 466
502 514
503 479
463 443
475 497
421 526
494 510
454 474
455 439
441 504
433 500
506 484
466 448
507 449
452 513
453 478
518 495
432 455
464 524
505 525
484 502
497 521
516 534
435 460
476 498
517 499
422 527
468 494
463 528
496 476
487 507
434 501
507 485
520 504
508 450
548 486
453 514
426 497
499 481
445 510
446 475
519 459
465 488
438 471
511 455
457 484
430 467
517 535
477 462
449 480
450 445
509 531
510 496
469 458
442 441
461 454
521 505
522 470
513 501
427 461
514 466
459 530
460 495
439 472
479 508
525 475
430 503
544 488
471 504
450 481
490 517
491 482
451 446
437 511
442 477
443 442
502 491
429 507
462 455
448 520
494 487
454 451
514 502
460 531
506 461
526 476
452 490
472 505
431 467
518 472
464 501
504 537
483 514
524 515
475 510
503 492
516 511
422 504
495 488
468 471
536 489
441 517
482 518
515 466
433 513
506 497
434 478
507 462
453 491
499 458
445 487
446 452
465 465
438 448
410 529
497 534
457 461
517 512
449 457
509 508
510 473
529 486
520 517
447 533
426 510
467 511
427 438
513 478
486 524
446 488
532 491
459 507
438 484
478 520
439 449
525 452
498 498
425 514
458 462
444 527
450 458
491 459
510 509
442 454
456 501
428 519
461 467
502 468
448 497
522 483
513 514
514 479
460 508
479 521
525 488
471 517
472 482
431 444
423 440
464 478
437 524
523 527
483 491
429 520
502 504
503 469
494 500
421 516
495 465
468 448
440 529
481 530
487 461
433 490
506 474
434 455
490 507
452 503
453 468
445 464
424 441
505 515
524 528
497 511
476 488
516 524
517 489
422 517
463 518
468 484
509 485
482 531
488 462
455 514
474 527
480 458
520 494
521 459
466 523
445 500
486 501
446 465
432 530
478 497
438 461
457 474
458 439
430 457
498 475
444 504
449 470
509 521
469 448
461 444
521 495
522 460
467 524
513 491
508 525
427 451
514 456
459 520
478 533
519 534
479 498
498 511
511 530
471 494
417 523
491 472
464 455
437 501
483 468
456 514
502 481
475 464
448 510
494 477
454 441
440 506
441 471
501 522
506 451
547 489
493 518
452 480
453 445
539 485
512 531
472 495
418 524
464 491
504 527
505 492
484 469
524 505
475 500
476 465
516 501
421 529
468 461
441 507
482 508
487 474
528 475
433 503
507 452
434 468
474 504
520 471
453 481
426 464
445 477
446 442
505 528
465 455
438 438
497 524
517 502
449 447
463 531
509 498
510 463
455 527
529 476
520 507
521 472
467 501
540 485
413 530
486 514
459 497
478 510
439 439
479 475
425 504
498 488
471 471
444 517
436 513
442 444
437 478
428 509
456 491
502 458
543 496
489 525
448 487
535 492
514 469
440 483
500 534
460 498
501 499
492 530
452 457
471 507
472 472
512 508
464 468
437 514
450 533
429 510
503 459
470 511
475 477
516 478
421 506
440 519
481 520
441 484
501 535
506 464
433 480
473 516
434 445
452 493
493 531
453 458
426 441
485 527
445 454
505 505
451 534
524 518
497 501
443 530
516 514
517 479
463 508
509 475
482 521
455 504
528 488
474 517
447 500
466 513
467 478
446 455
486 491
432 520
478 487
438 451
424 516
498 465
430 447
530 534
449 460
490 461
435 525
510 476
456 468
448 464
467 514
508 515
480 533
513 481
427 441
459 510
460 475
479 488
519 524
471 484
511 520
417 513
531 535
491 462
464 445
436 526
437 491
483 458
428 522
456 504
502 471
469 523
448 500
494 467
440 496
441 461
501 512
433 457
493 508
452 470
512 521
485 504
504 517
505 482
523 530
524 495
497 478
470 524
443 507
476 455
516 491
462 520
463 485
468 451
509 452
481 533
482 498
473 529
474 494
434 458
520 461
426 454
466 490
445 467
486 468
431 532
432 497
465 445
478 464
497 514
423 528
457 441
444 471
463 521
435 502
510 453
455 517
496 518
542 485
447 513
521 462
466 526
467 491
507 527
513 458
499 523
459 487
460 452
478 500
519 501
479 465
424 529
465 530
498 478
471 461
444 507
490 474
437 468
456 481
429 464
543 486
489 515
448 477
508 528
501 489
519 537
492 520
493 485
452 447
511 533
512 498
472 462
439 514
485 481
458 527
464 458
504 494
505 459
523 507
524 472
475 467
470 501
516 468
461 532
481 510
482 475
433 470
473 506
474 471
539 488
453 448
485 517
445 444
505 495
431 509
451 524
497 491
538 492
443 520
517 469
462 533
503 534
463 498
509 465
482 511
454 529
528 478
495 530
455 494
474 507
447 490
520 474
466 503
467 468
527 482
459 464
432 510
438 441
498 455
430 437
444 484
531 489
435 515
437 445
496 531
488 527
489 492
448 454
508 505
480 523
440 450
499 536
499 513
459 477
446 530
460 465
500 501
501 466
519 514
492 497
425 507
471 474
438 526
512 475
458 504
504 471
437 481
477 517
523 484
428 512
469 513
470 478
489 528
535 495
461 509
440 486
441 451
501 502
433 447
492 533
493 498
452 460
439 527
485 494
525 530
504 507
505 472
524 485
451 501
497 468
442 532
470 514
516 481
443 497
462 510
463 475
481 523
454 506
455 471
473 519
434 448
447 467
420 513
426 444
466 480
526 531
431 522
518 527
423 518
444 461
435 492
476 530
468 526
496 508
447 503
515 521
521 452
434 533
507 517
467 481
508 482
527 495
460 442
479 455
519 491
424 519
465 520
511 487
416 515
457 516
436 493
477 494
437 458
523 461
456 471
429 454
489 505
448 467
440 463
500 514
501 479
492 510
493 475
511 523
512 488
504 484
464 448
505 449
477 530
523 497
450 513
524 462
442 509
470 491
443 474
461 522
463 452
481 500
482 465
454 483
427 529
433 460
473 496
514 534
474 461
419 525
466 457
432 464
518 504
497 481
443 510
484 511
517 459
503 524
463 488
435 469
454 519
455 484
496 485
487 516
447 480
420 526
506 529
466 493
507 494
467 458
486 471
499 490
432 500
478 467
519 468
444 474
435 505
436 470
496 521
428 466
456 448
542 488
488 517
448 444
489 482
508 495
440 440
499 526
460 455
501 456
446 520
519 504
492 487
511 500
512 465
457 529
430 512
449 525
523 474
450 490
429 467
470 468
461 499
481 477
522 515
427 506
433 437
419 502
493 488
534 489
439 517
485 484
526 485
505 462
451 491
497 458
483 523
443 487
503 501
463 465
408 529
494 532
482 478
495 497
455 461
474 474
447 457
515 475
420 503
466 470
506 506
431 512
518 517
538 495
425 438
484 524
444 451
530 491
503 537
476 520
435 482
495 533
468 516
496 498
428 443
515 511
489 459
507 507
434 523
508 472
499 503
426 519
459 467
500 468
446 497
492 464
465 510
438 493
457 506
458 471
449 502
477 484
437 448
523 451
469 480
448 457
415 509
489 495
421 440
461 476
440 453
521 527
501 469
513 523
446 533
492 500
532 536
438 529
439 494
512 478
479 530
485 461
458 507
430 525
504 474
449 515
450 503
451 468
470 481
442 499
443 464
461 512
462 477
522 528
481 490
454 473
427 519
473 486
419 515
466 447
525 533
472 527
431 489
432 454
518 494
464 523
424 450
484 501
475 532
435 459
476 497
455 474
468 493
496 475
447 470
487 506
506 519
434 500
507 484
467 448
453 513
499 480
459 444
478 457
445 509
519 458
465 487
511 454
444 464
457 483
476 533
517 534
436 460
523 464
468 529
428 456
509 530
488 507
489 472
480 503
508 485
521 504
500 481
446 510
492 477
511 490
439 471
512 455
430 502
544 487
504 451
477 497
450 480
469 493
510 531
470 458
442 476
415 522
461 489
462 454
481 467
454 450
427 496
513 536
514 501
473 463
485 474
525 510
526 475
472 504
545 488
518 471
451 481
537 484
464 500
443 477
483 513
502 526
475 509
463 455
503 491
494 522
455 451
474 464
487 483
466 460
506 496
507 461
452 525
453 490
518 507
423 498
484 514
410 528
444 441
435 472
436 437
517 511
496 488
468 506
487 519
488 484
520 516
453 526
465 500
499 493
527 475
426 509
500 458
540 494
446 487
519 471
438 483
511 467
457 496
458 461
449 492
477 474
450 457
510 508
469 470
461 466
521 517
513 513
541 495
514 478
533 491
479 520
439 484
483 490
525 487
430 515
498 533
471 516
490 529
450 493
451 458
470 471
442 489
443 454
462 467
502 503
503 468
448 532
454 463
494 499
473 476
514 514
419 505
534 492
506 473
452 502
526 488
472 517
432 444
518 484
464 513
424 440
483 526
484 491
503 504
516 523
422 516
435 449
476 487
480 457
