518 465
519 464
518 463
517 465
518 466
518 462
517 463
519 466
517 466
520 465
519 463
520 462
516 464
516 467
515 465
514 464
513 463
515 468
514 467
513 466
512 467
511 468
521 463
522 462
523 461
524 462
525 461
526 460
527 461
528 460
513 462
512 466
528 462
517 462
516 461
517 460
518 459
515 462
519 459
518 461
520 458
519 457
520 456
521 457
520 467
522 461
515 464
514 466
516 463
512 468
513 469
517 464
520 460
522 463
524 460
525 459
524 458
526 458
515 466
514 468
516 465
512 461
511 462
518 456
517 455
516 454
515 453
517 453
518 452
517 451
515 455
519 452
518 454
520 451
519 450
516 456
515 457
521 452
517 457
519 454
520 453
512 470
511 471
510 471
522 456
514 452
513 453
514 461
516 458
515 459
514 459
514 470
515 471
516 470
517 469
518 468
517 471
518 470
516 472
515 473
514 473
518 472
516 474
529 461
530 460
530 462
531 463
530 464
531 459
532 459
512 454
511 453
511 455
513 455
517 450
521 466
522 465
523 463
512 463
511 464
526 462
526 463
517 459
528 459
518 458
512 472
512 473
520 455
511 452
510 464
509 465
508 466
507 467
506 466
506 468
509 467
507 469
506 470
505 470
504 471
503 470
503 472
502 473
501 473
509 468
505 472
503 474
504 473
509 469
505 465
504 464
503 463
505 463
503 465
508 470
502 466
502 475
503 467
506 463
503 476
506 472
507 464
510 466
513 471
533 458
522 458
514 454
522 467
522 468
514 463
525 463
502 470
514 472
534 459
534 460
518 451
503 462
502 461
526 464
526 465
518 460
503 471
518 469
506 467
515 454
517 473
518 474
510 452
529 465
521 461
510 461
510 470
522 453
522 454
525 458
514 458
513 457
502 465
502 474
518 455
503 466
506 462
506 471
517 468
509 464
529 460
510 456
511 457
521 456
513 452
510 465
521 465
513 461
513 470
522 457
533 457
532 456
514 453
514 462
502 460
525 462
502 469
505 471
518 450
517 454
528 463
520 459
517 472
520 468
521 451
510 451
529 464
521 460
510 460
509 459
532 460
532 461
533 462
533 463
534 464
513 456
510 469
521 469
521 470
522 471
522 472
513 465
513 474
513 475
514 476
514 477
522 452
525 457
526 456
526 455
525 454
525 453
514 457
502 464
524 461
505 466
516 466
516 475
517 458
528 458
520 454
517 467
509 463
520 463
517 476
517 477
509 472
509 473
510 474
510 475
529 459
532 455
533 454
534 455
533 453
533 452
534 451
510 455
509 454
521 455
513 451
532 464
532 465
532 466
533 467
533 468
533 466
532 469
532 470
533 471
533 472
534 473
521 464
513 460
523 473
502 459
503 458
503 457
524 456
505 461
524 474
525 473
526 474
525 472
524 475
525 476
525 477
509 458
508 457
509 476
509 477
509 478
510 479
510 480
509 481
509 482
510 483
510 484
510 485
509 486
509 487
510 488
510 489
510 450
508 480
511 485
535 452
536 453
535 461
536 462
536 463
537 464
537 465
538 466
536 466
536 467
535 466
501 459
501 468
523 468
512 486
513 485
514 486
513 484
512 487
513 488
513 489
513 490
524 469
525 468
526 469
525 467
524 470
539 467
539 468
524 478
524 479
524 480
525 481
525 482
526 483
524 483
524 484
523 482
522 481
521 480
521 479
520 478
520 477
520 481
520 482
521 483
521 484
521 485
522 486
520 486
520 487
521 488
523 487
520 476
521 475
522 476
522 477
521 474
520 473
520 472
527 484
528 485
529 484
529 483
528 482
528 486
528 481
529 480
529 479
529 478
528 477
528 476
529 475
529 474
528 473
528 472
529 473
528 471
529 470
529 469
528 468
528 467
519 480
518 479
523 477
523 486
505 474
505 475
506 476
506 477
507 478
536 452
536 461
537 460
537 459
536 458
536 457
537 456
538 457
537 455
528 457
529 456
530 457
529 455
528 454
528 453
509 453
515 487
516 488
517 487
518 488
517 486
516 485
516 489
516 484
519 489
516 483
517 482
517 481
516 480
516 479
528 466
530 485
509 462
527 470
531 468
519 475
508 475
530 467
513 450
513 449
511 480
511 489
523 454
535 456
501 463
500 462
535 465
504 459
501 472
500 471
499 470
499 469
498 468
498 467
498 471
498 472
498 473
499 474
497 471
497 466
498 466
499 465
499 464
498 463
498 462
498 461
498 460
499 460
497 461
496 460
495 459
495 458
494 460
494 461
495 462
495 463
496 464
494 464
494 465
494 466
495 467
495 468
496 469
494 469
494 470
494 471
495 472
495 471
493 464
497 470
493 459
492 458
535 474
535 475
523 472
504 468
493 468
492 467
491 466
491 465
491 464
490 463
489 462
490 467
499 461
490 468
491 469
491 470
490 462
491 461
492 462
491 460
490 459
490 458
489 457
490 471
490 472
490 473
491 474
491 475
490 476
490 477
490 478
491 479
491 480
491 478
490 481
489 481
490 482
491 483
491 484
489 471
488 470
488 469
487 468
487 467
486 466
486 465
487 464
488 465
487 463
487 462
486 461
486 460
487 459
488 460
486 469
486 470
485 469
484 468
484 467
483 466
483 465
483 469
483 470
483 471
484 472
482 468
482 472
482 473
483 474
483 475
484 476
484 477
485 478
486 479
486 480
487 481
487 482
486 483
486 484
486 485
487 486
485 483
486 478
487 477
489 480
488 479
490 457
491 456
491 455
492 476
492 485
512 481
513 480
514 481
514 482
513 479
512 482
523 481
485 464
484 463
484 462
483 461
504 477
504 478
505 479
505 480
506 481
493 477
493 478
494 479
494 480
495 481
512 490
524 455
485 473
486 474
487 473
488 474
487 472
486 475
493 486
494 485
495 486
494 484
494 483
493 483
493 487
494 488
494 489
495 490
493 482
516 451
515 450
485 482
484 481
483 480
483 479
482 481
482 482
481 480
480 479
479 478
478 479
478 480
479 481
479 482
524 464
524 465
516 460
505 460
506 459
507 460
506 458
507 459
506 457
505 456
524 473
505 469
482 467
481 466
480 466
480 465
479 467
479 468
478 466
478 465
516 469
497 465
482 476
482 477
481 475
480 475
480 474
497 474
496 475
495 476
495 477
496 478
496 474
494 475
494 474
497 476
498 477
498 476
497 475
493 473
497 479
498 479
499 479
497 480
498 481
498 482
497 483
496 483
499 483
497 484
497 485
498 486
498 487
499 488
498 485
497 488
489 467
497 489
497 490
498 491
498 490
500 480
511 449
511 448
500 489
501 481
502 480
503 481
519 485
502 479
502 478
501 482
502 483
502 484
503 485
503 486
504 487
504 488
505 489
506 490
507 491
508 492
509 492
508 474
509 491
531 469
505 488
501 477
504 482
500 467
505 483
505 484
505 485
506 486
507 486
507 492
519 484
508 493
501 490
502 489
503 490
502 488
501 487
501 491
501 492
502 493
488 475
501 486
500 485
504 491
504 492
505 493
505 494
506 495
504 486
504 495
503 495
530 476
531 475
530 481
500 477
532 475
533 475
533 476
533 477
532 474
532 478
532 479
532 480
533 481
531 478
511 467
531 473
531 482
532 483
531 477
503 478
517 452
496 465
530 471
500 475
515 482
530 480
509 457
520 457
527 456
496 487
507 487
507 488
508 489
531 454
530 453
486 464
527 465
488 483
488 484
489 485
489 486
490 487
491 487
491 488
491 489
490 486
483 468
490 490
490 491
490 492
493 479
489 490
488 489
488 488
492 490
493 491
493 492
492 493
494 493
489 489
519 461
508 461
527 474
499 492
478 469
477 469
476 468
475 467
531 476
495 487
506 491
475 466
476 467
478 470
478 471
479 472
480 471
480 470
519 470
531 472
527 483
500 466
511 466
489 466
531 481
508 479
519 479
511 475
489 475
508 488
519 488
492 471
500 484
511 484
489 484
512 449
492 480
500 493
500 494
493 474
523 458
501 458
500 457
512 458
535 460
492 489
523 467
501 467
493 463
504 463
501 476
512 476
511 477
512 477
523 476
485 459
484 459
493 472
504 472
481 470
523 485
512 485
485 468
504 481
493 481
481 479
524 459
485 477
526 478
527 479
481 471
516 455
485 486
484 486
483 485
483 484
482 486
515 478
482 487
483 488
483 489
481 485
480 484
511 463
485 487
485 488
486 489
486 488
482 490
481 491
481 492
531 457
480 476
482 492
519 462
482 491
537 461
538 462
539 461
539 463
539 464
540 465
541 466
541 467
541 468
540 464
541 463
481 489
480 489
479 488
539 460
479 487
479 486
478 485
478 489
477 488
478 490
485 466
479 491
479 492
481 467
525 478
487 487
539 459
478 484
477 483
476 482
476 481
475 480
474 480
475 479
474 478
503 468
478 488
526 484
481 472
492 479
477 487
476 486
475 487
475 485
475 484
474 487
473 488
472 489
474 486
473 485
472 484
471 483
505 464
518 483
497 460
538 461
484 490
515 477
507 473
531 458
489 461
480 492
527 487
526 487
500 470
519 483
492 466
511 479
477 486
523 453
535 464
499 468
490 480
472 485
525 486
518 484
472 488
507 479
518 489
488 466
471 487
470 486
471 482
472 481
471 486
501 471
532 468
514 469
500 481
511 459
472 480
472 479
471 478
514 490
493 467
481 490
525 474
510 453
508 485
508 455
507 455
521 462
471 477
470 476
508 484
534 468
485 463
504 476
507 483
472 476
472 475
472 482
471 481
484 491
470 485
469 484
469 483
470 480
469 482
524 454
470 483
516 450
503 480
512 455
490 461
468 482
467 483
466 482
506 485
530 470
496 477
515 490
488 473
480 469
465 481
464 480
527 464
499 482
519 460
511 456
531 471
489 474
500 483
533 480
464 481
524 487
483 486
515 476
531 464
464 479
468 483
463 478
462 478
461 479
463 477
461 478
462 479
512 457
523 466
519 481
511 478
460 478
487 483
466 483
512 474
492 474
491 462
533 455
467 484
467 485
468 486
468 487
485 481
479 465
485 492
506 482
540 466
485 484
473 490
473 491
459 479
502 492
481 469
526 477
518 473
502 491
502 490
469 480
522 482
532 467
493 484
474 492
458 479
457 480
456 480
484 480
503 493
495 489
487 485
515 467
512 488
457 481
507 463
457 482
456 483
455 483
499 459
530 483
496 490
488 486
508 464
480 482
500 460
519 473
492 456
458 483
511 469
499 480
474 490
475 490
475 489
482 466
476 491
533 464
525 455
504 470
507 461
485 471
456 484
456 485
498 458
497 458
456 479
499 475
459 480
459 481
460 482
461 481
462 482
497 457
460 483
511 487
521 482
463 483
464 483
464 484
465 485
460 481
483 490
463 482
484 487
474 491
498 457
467 488
468 489
477 492
499 493
456 478
455 482
454 481
453 481
452 482
451 482
473 481
452 483
453 484
453 483
454 485
450 482
449 482
449 481
522 484
514 480
534 458
526 454
472 483
489 482
527 462
511 490
516 487
454 486
452 481
474 482
448 483
448 484
495 475
448 485
449 486
447 482
537 463
483 492
475 488
495 466
446 482
506 475
518 486
446 481
500 458
470 481
508 467
523 480
480 468
507 458
447 483
470 475
481 484
470 484
462 480
473 480
539 462
473 489
485 491
482 485
474 481
463 481
466 486
480 488
477 482
458 478
477 491
469 487
450 483
461 483
506 473
470 479
469 478
468 478
467 477
468 477
467 476
466 478
465 477
467 479
467 480
466 477
470 488
470 489
470 490
471 491
481 488
473 484
451 484
451 485
452 486
482 462
482 463
504 474
488 480
454 480
503 494
482 471
497 469
530 466
530 475
496 473
515 486
455 481
466 481
496 482
530 484
507 482
488 478
499 478
527 460
496 491
496 492
496 493
496 494
497 494
497 493
519 456
508 456
488 487
499 487
527 469
531 467
508 465
480 483
519 465
527 478
500 461
500 468
493 485
511 461
519 474
492 457
511 470
477 468
489 470
508 483
489 479
500 479
492 475
511 488
489 488
500 488
535 455
512 453
458 482
492 484
522 485
512 462
501 462
523 462
504 458
493 458
523 471
512 471
481 465
504 467
493 476
481 474
534 477
485 472
526 473
481 483
473 479
526 482
518 478
503 489
538 456
454 484
495 485
518 487
484 485
530 452
538 465
515 463
495 494
506 494
530 461
496 459
476 490
487 490
487 491
487 492
488 492
515 472
496 468
507 468
515 481
488 464
507 477
530 479
527 455
499 473
496 486
519 451
531 453
465 480
488 482
508 460
480 478
531 462
527 473
499 491
488 491
508 469
480 487
519 469
489 465
511 465
500 465
508 478
519 478
492 461
511 474
500 474
492 470
477 481
489 483
511 483
469 477
522 480
477 490
523 457
501 457
469 486
492 488
534 454
461 482
514 485
525 485
504 462
493 462
534 463
491 492
526 459
534 472
485 467
537 468
526 468
481 478
518 464
503 475
484 471
503 484
526 486
495 480
518 482
506 480
538 460
487 476
515 458
506 489
484 489
507 454
507 453
530 456
476 485
468 481
496 463
530 465
488 459
507 472
496 472
530 474
515 485
488 468
496 481
507 481
480 464
480 463
488 477
527 459
499 477
507 490
480 473
519 455
527 468
499 486
465 484
479 480
511 451
511 460
489 460
480 491
489 469
500 469
477 467
449 485
492 465
522 466
522 475
477 485
512 452
523 452
525 471
514 471
458 481
469 481
525 480
504 457
450 486
502 487
514 489
537 454
538 453
481 464
483 483
534 467
503 461
472 492
494 492
534 476
526 472
484 466
503 479
526 481
518 477
484 475
530 486
503 488
468 476
487 471
538 455
495 484
484 484
506 484
487 480
476 480
538 464
506 493
495 493
496 458
476 489
487 489
496 467
468 485
445 483
445 484
445 485
446 486
446 487
444 482
443 483
442 484
441 483
440 483
491 486
441 482
523 459
523 456
528 480
476 487
441 481
441 480
441 479
440 480
439 479
438 478
492 481
500 476
513 486
512 456
437 479
437 480
437 481
438 482
437 483
512 465
510 482
436 483
502 494
489 459
514 451
523 469
437 484
437 485
438 486
439 485
482 488
440 485
463 484
441 486
441 487
440 484
502 471
492 487
444 486
523 460
444 487
511 473
506 492
517 489
524 467
526 475
436 482
440 479
443 481
492 463
447 487
470 487
444 481
443 485
436 481
439 483
442 488
435 484
434 485
434 484
433 483
432 483
431 484
430 483
430 482
525 475
429 481
505 481
458 480
507 475
433 482
433 486
432 486
429 484
429 485
492 478
528 455
522 451
504 489
428 483
432 485
442 480
442 481
504 469
456 482
435 485
428 482
427 481
426 481
426 480
425 479
425 478
523 478
487 478
478 487
431 483
432 484
424 480
425 481
428 486
427 486
505 482
431 487
430 487
495 482
427 485
439 487
480 485
439 488
442 483
443 484
424 479
446 485
438 481
430 486
427 480
439 482
442 487
431 486
445 488
445 489
446 489
438 485
439 486
427 484
426 483
442 482
530 469
434 483
515 480
426 479
427 478
488 463
499 463
507 476
496 476
488 472
499 472
527 454
507 485
531 452
457 484
480 486
488 481
465 479
499 481
529 482
508 459
480 477
510 478
521 478
446 484
510 487
521 487
438 480
500 464
489 464
541 465
513 483
498 494
492 460
533 461
479 490
430 485
492 469
522 470
533 470
525 466
469 476
522 479
533 479
491 473
514 475
522 488
534 453
450 481
427 479
502 482
514 484
525 484
491 482
472 478
483 478
494 478
534 462
491 491
537 458
472 487
494 487
483 487
475 483
526 467
537 467
495 461
506 461
484 461
475 492
526 476
484 470
495 470
503 483
476 466
487 466
495 479
506 479
484 479
518 481
503 492
487 475
538 459
506 488
484 488
495 488
530 455
453 482
487 484
476 484
517 485
507 462
496 462
468 480
499 458
488 458
445 487
496 471
507 471
509 490
488 467
499 467
540 468
529 468
499 476
488 476
529 477
480 472
521 473
532 473
510 473
465 483
529 486
511 450
457 479
498 480
532 482
513 478
446 488
498 489
510 491
533 456
438 484
477 466
449 484
513 487
479 485
490 485
533 465
491 459
533 474
471 490
522 474
525 470
491 468
502 468
533 483
522 483
483 464
514 479
491 477
525 479
502 477
494 473
483 473
534 457
502 486
514 488
526 453
537 453
483 482
494 482
534 466
537 462
503 460
464 478
472 491
483 491
494 491
506 456
441 485
452 485
526 471
503 469
484 465
518 467
506 465
495 465
487 461
518 476
484 474
506 474
495 474
487 470
515 452
484 483
506 483
495 483
487 479
515 461
517 480
507 457
487 488
502 472
453 486
524 472
476 488
529 454
434 482
445 482
468 484
509 485
520 485
499 462
426 478
488 462
540 463
529 463
486 492
521 459
510 459
529 472
480 467
521 468
510 468
529 481
513 464
510 477
521 477
532 477
498 475
479 471
513 473
521 486
498 484
510 486
533 451
438 479
541 464
513 482
498 493
522 460
533 460
471 476
490 489
479 489
514 456
525 456
430 484
509 484
533 469
522 469
471 485
491 463
502 463
525 465
514 465
533 478
522 478
494 459
440 488
514 474
491 472
534 452
494 468
514 483
502 481
525 483
491 481
483 477
494 477
472 477
491 490
526 457
537 457
472 486
494 486
518 453
464 482
475 482
503 464
484 460
495 460
506 460
475 491
505 492
495 469
484 469
433 485
506 469
487 465
476 465
506 478
487 474
517 475
528 475
509 471
520 471
517 484
528 484
468 479
509 480
520 480
499 457
529 458
434 486
445 486
520 489
509 489
486 487
521 454
532 454
510 454
426 482
478 483
540 467
529 467
510 463
532 463
529 476
478 492
513 459
532 472
498 470
521 472
510 472
529 485
479 466
490 466
513 468
510 481
532 481
471 480
521 481
490 475
513 477
510 490
498 488
522 455
479 484
490 484
437 478
522 464
460 480
514 460
525 460
491 458
502 458
471 489
429 483
491 467
525 469
502 467
483 463
494 463
491 476
502 476
494 472
483 472
502 485
537 452
483 481
494 481
524 482
503 459
464 477
516 478
505 478
506 455
536 456
452 484
441 484
475 486
505 487
484 464
495 464
506 464
536 465
487 460
517 461
528 461
497 492
536 474
487 469
517 470
528 470
520 466
509 466
528 479
517 479
486 473
509 475
520 475
517 488
529 453
445 481
486 482
520 484
467 478
540 462
529 462
486 491
521 458
510 458
532 458
467 487
444 485
529 471
513 454
459 483
521 467
510 467
498 465
532 476
521 476
498 474
510 476
490 470
513 472
479 470
498 483
490 479
479 479
513 481
498 492
522 459
533 459
471 475
490 488
514 455
448 482
471 484
437 482
501 485
502 462
516 477
525 464
501 494
494 458
440 487
429 487
491 471
504 490
493 490
494 467
483 467
524 468
539 466
483 476
494 476
524 477
505 473
516 473
524 486
475 481
516 482
482 480
497 478
536 460
441 488
482 489
505 491
528 456
517 456
433 484
474 485
497 487
509 452
520 452
528 465
520 461
486 459
509 461
517 474
528 474
447 486
509 470
486 468
520 470
528 483
517 483
478 464
520 479
486 477
509 479
529 457
509 488
520 488
486 486
521 453
532 453
529 466
478 482
467 482
531 485
510 462
459 478
532 462
478 491
513 458
490 456
436 485
498 469
521 471
532 471
428 481
490 465
513 467
498 478
490 474
513 476
535 473
456 481
479 483
490 483
514 450
471 479
460 479
501 480
512 480
491 457
502 457
448 486
437 486
471 488
512 489
501 489
440 482
429 482
504 485
494 462
483 462
524 463
504 494
516 459
505 459
485 490
505 468
516 468
524 481
497 464
505 477
482 475
497 473
536 455
505 486
516 486
482 484
463 480
536 464
497 482
505 495
474 489
497 491
509 456
455 485
466 485
528 469
447 481
486 463
517 478
528 478
509 474
520 474
486 472
478 468
486 481
509 483
520 483
527 482
531 480
486 490
510 457
532 457
467 486
444 484
478 486
508 487
519 487
459 482
498 464
425 480
490 460
489 492
500 492
535 459
479 469
428 485
490 469
501 466
535 468
501 475
512 475
523 475
493 471
448 481
523 484
501 484
504 480
512 484
470 478
493 480
501 493
485 476
429 486
440 486
481 487
493 489
462 483
473 483
485 485
451 483
539 465
473 492
524 476
497 459
443 488
482 470
524 485
497 468
482 479
516 481
497 477
536 459
505 490
516 490
497 486
536 468
474 484
528 464
466 480
455 480
509 460
486 467
520 469
435 483
447 485
531 466
486 476
527 477
508 473
532 452
527 486
478 481
467 481
531 484
519 482
508 482
498 459
500 478
489 478
444 488
508 491
436 484
489 487
500 487
535 454
479 464
490 464
492 483
501 461
535 463
492 492
493 457
501 470
523 470
504 466
493 466
501 479
523 479
512 479
485 462
504 475
481 473
493 475
501 488
524 453
440 481
481 482
504 484
470 482
473 478
485 480
493 493
504 493
505 458
524 471
485 489
473 487
454 483
505 467
482 465
497 463
516 476
505 476
482 474
497 472
536 454
482 483
497 481
474 479
463 479
530 478
474 488
515 489
509 455
455 484
466 484
496 485
520 464
486 462
527 463
507 494
531 461
486 471
499 490
488 490
527 472
478 467
531 470
519 468
508 468
527 481
531 479
519 477
508 477
500 473
489 473
444 483
519 486
508 486
511 482
477 480
500 482
477 489
500 491
489 491
535 458
428 484
469 485
535 467
501 465
523 465
439 481
504 461
493 461
535 476
523 474
501 474
481 468
442 486
493 470
523 483
501 483
512 483
504 479
481 477
470 477
485 475
524 457
481 486
493 488
516 453
524 466
473 482
526 485
516 462
505 462
431 485
482 469
516 471
443 487
497 467
538 468
482 478
515 475
530 473
474 483
515 484
455 479
466 479
507 480
530 482
496 480
527 458
496 489
507 489
531 456
508 454
435 482
447 484
488 485
499 485
527 467
480 481
531 465
508 463
499 494
527 476
500 459
531 474
480 490
508 472
519 472
527 485
489 468
508 481
531 483
492 464
489 477
508 490
492 473
477 484
511 486
500 486
535 453
512 451
492 482
535 462
501 460
512 460
492 491
469 489
512 469
450 485
501 469
427 483
493 465
481 463
504 465
512 478
501 478
485 461
534 475
485 470
524 452
481 481
504 483
485 479
473 477
526 480
516 457
505 457
473 486
451 486
503 487
538 454
454 482
482 464
443 482
518 485
497 462
538 463
484 492
495 492
530 459
515 470
530 468
496 466
507 466
515 479
530 477
515 488
488 471
499 471
527 453
496 484
507 484
465 478
507 493
531 460
519 458
508 458
527 471
499 489
511 454
457 483
446 483
519 467
527 480
500 463
489 463
508 476
519 476
492 459
511 472
477 470
489 472
500 472
492 468
511 481
469 475
492 477
500 490
523 455
535 457
492 486
522 487
512 464
461 480
501 464
439 480
523 464
504 460
493 460
534 461
493 469
442 485
485 465
537 466
526 466
481 476
485 474
503 473
516 452
518 471
451 481
462 481
503 482
495 478
484 478
518 480
503 491
538 458
515 456
443 486
506 487
530 454
538 467
476 483
530 463
496 461
515 474
476 492
468 488
530 472
496 470
507 470
515 483
499 466
496 479
527 457
496 488
508 453
519 453
531 455
435 481
499 484
527 466
465 482
508 462
457 478
480 480
527 475
511 458
489 458
508 471
519 471
438 483
449 483
477 465
511 476
489 476
492 472
430 488
522 473
533 473
512 450
469 479
533 482
512 459
514 478
469 488
534 456
450 484
427 482
439 484
491 485
514 487
525 487
534 465
485 460
526 461
472 490
494 490
534 474
518 457
526 470
503 477
526 479
518 475
484 473
495 473
526 488
515 451
484 482
515 460
431 488
495 491
530 458
507 456
515 469
507 474
507 465
488 461
453 485
