590 546
591 545
590 544
589 543
588 544
589 546
591 546
592 545
593 544
591 543
592 542
593 541
594 542
595 541
596 540
594 545
595 544
596 543
597 544
597 541
598 542
599 541
600 540
588 547
587 546
598 545
599 544
588 545
600 543
601 542
590 547
590 548
591 549
592 548
593 547
596 542
595 546
600 542
601 541
595 547
592 547
596 546
594 548
594 544
593 549
598 544
593 550
594 551
597 546
599 543
588 543
590 549
596 544
595 548
596 549
600 544
601 543
592 549
594 546
597 539
598 546
597 548
599 545
589 544
595 550
600 546
601 545
592 551
592 552
593 553
592 554
594 553
598 539
599 538
598 537
599 536
598 535
600 537
593 546
595 543
600 539
593 555
592 556
595 552
592 544
591 548
598 541
597 543
599 540
589 548
593 548
595 545
593 557
595 554
595 555
597 536
596 537
591 550
590 551
597 545
599 542
594 555
589 550
595 556
593 556
595 553
597 535
598 536
597 538
591 552
599 535
597 547
594 554
589 549
594 557
596 536
590 550
593 543
595 540
596 539
596 545
593 552
595 549
586 546
596 548
587 545
601 544
600 545
591 542
592 541
597 537
591 551
594 541
592 550
597 540
594 547
591 554
599 537
592 553
594 550
594 556
598 538
599 546
589 545
598 547
588 546
590 543
593 542
595 539
596 538
590 552
593 545
595 542
593 551
596 541
596 547
587 544
593 554
595 551
596 550
587 547
600 538
600 541
591 544
592 543
594 540
591 547
591 553
592 546
594 543
597 542
594 549
599 539
592 555
594 552
598 540
589 547
598 543
588 548
590 545
578 502
578 503
579 503
577 502
576 502
580 504
579 502
580 501
579 505
576 503
578 506
577 505
576 506
575 505
574 506
573 507
581 502
581 505
582 504
575 504
574 503
573 504
583 505
584 504
585 503
583 506
582 507
581 508
580 507
579 508
578 509
577 508
576 509
583 508
572 508
574 505
579 501
578 500
577 501
577 510
580 509
582 506
576 505
578 511
574 507
575 506
577 503
580 502
577 512
576 512
575 513
574 512
574 514
576 514
575 515
573 508
576 507
578 504
576 516
577 517
578 518
577 519
578 520
577 521
578 513
583 503
572 503
571 504
574 509
575 508
577 514
579 517
580 516
580 518
579 515
581 515
576 500
573 510
572 510
576 518
572 505
571 506
574 502
573 501
572 501
574 500
575 501
581 517
574 511
575 510
577 507
577 516
579 510
580 511
573 503
585 505
585 506
586 506
579 519
578 499
577 498
576 498
582 515
583 515
573 512
572 512
576 511
581 501
581 510
572 507
583 507
574 504
584 506
575 503
577 500
581 519
581 520
582 520
583 519
584 518
583 517
585 519
583 521
584 520
582 522
581 522
585 521
586 522
587 523
583 523
583 524
584 525
585 524
583 526
582 527
581 527
583 528
584 527
582 529
585 528
586 528
586 529
583 530
584 529
585 530
581 526
580 525
579 524
581 524
584 522
584 531
584 532
583 533
583 532
580 527
582 524
585 523
586 524
587 525
583 516
574 513
575 512
577 509
583 525
584 524
577 518
584 533
579 512
582 508
571 508
573 505
585 507
585 508
586 508
588 524
579 521
579 522
576 504
578 501
580 520
582 517
573 514
582 526
581 503
572 500
571 499
570 498
569 497
570 496
571 495
571 497
569 499
568 499
570 500
568 496
567 495
566 494
567 493
568 492
569 492
568 494
570 491
569 490
570 489
571 488
572 487
571 486
570 487
571 490
573 487
571 492
567 497
569 494
570 493
572 496
571 485
570 484
571 483
570 486
568 498
570 495
572 489
574 486
573 485
568 497
575 485
574 484
573 483
575 483
576 482
577 483
576 484
577 482
578 481
577 480
572 498
571 487
573 496
574 496
574 495
573 494
574 493
573 492
574 491
572 488
570 488
572 482
571 481
572 480
573 480
587 522
570 497
575 499
574 498
574 479
573 478
573 477
572 478
573 476
574 475
573 474
575 474
578 516
575 476
575 477
578 519
582 514
582 513
581 513
575 478
573 473
576 475
575 473
574 477
573 475
576 477
577 478
572 491
574 488
574 489
581 506
575 487
577 484
574 497
575 496
576 496
581 512
583 509
572 509
586 526
584 508
578 522
581 521
583 518
584 517
575 514
577 511
582 510
576 479
584 526
570 490
573 489
571 501
573 498
576 497
579 514
567 494
580 513
568 493
571 510
572 475
588 526
589 527
590 527
591 526
592 527
588 527
568 495
591 525
590 524
590 523
591 523
592 523
593 524
594 524
592 522
593 521
593 523
592 524
594 521
595 521
583 531
595 520
594 519
595 518
595 517
575 481
578 507
595 516
594 515
594 517
574 474
573 482
585 522
593 516
590 526
593 525
591 527
592 526
594 523
594 516
594 525
594 518
585 509
579 523
589 525
580 522
582 519
572 484
570 499
585 518
574 481
575 480
582 528
577 477
572 493
574 490
595 522
583 502
572 502
574 499
578 515
575 498
566 495
581 514
572 511
574 508
587 527
575 507
577 504
581 523
583 520
594 520
584 519
575 516
569 498
576 481
579 516
577 513
575 484
571 494
584 528
573 491
579 507
580 506
582 503
571 503
573 500
570 483
576 499
580 515
582 512
588 528
573 509
570 492
572 477
590 525
580 524
582 521
572 486
574 483
575 482
577 479
569 496
572 495
574 492
578 508
595 523
581 507
586 521
572 504
583 504
574 501
584 503
578 517
575 500
581 516
577 497
572 513
575 509
581 525
592 525
577 506
584 521
573 484
576 483
579 500
571 496
584 530
573 493
579 509
580 508
582 505
571 505
570 485
573 502
585 504
579 518
580 517
583 534
583 535
573 511
572 479
574 476
575 475
580 526
569 489
582 523
586 505
574 485
577 481
572 497
574 494
576 513
578 510
581 509
572 506
586 523
585 525
584 505
575 502
577 499
581 518
575 511
576 476
571 489
584 523
573 486
576 485
571 498
574 515
573 495
579 511
583 527
580 510
571 507
588 523
579 520
574 487
577 520
580 519
582 516
572 481
573 513
574 478
569 491
582 525
572 490
586 507
593 522
575 486
595 519
569 500
572 499
576 515
578 512
575 495
581 511
586 525
585 527
584 507
587 524
578 521
571 482
573 479
576 478
571 491
591 524
573 488
579 504
580 503
571 500
573 497
579 513
583 529
580 512
582 509
571 509
573 506
588 525
589 524
580 521
582 518
572 483
574 480
567 496
575 479
593 515
569 493
572 492
576 508
575 488
578 505
581 504
570 501
585 520
576 517
578 514
575 497
586 527
585 529
587 526
584 509
571 484
573 481
576 480
574 510
571 493
573 490
579 506
594 522
583 522
580 505
582 502
571 502
573 499
577 515
580 514
582 511
572 476
574 473
589 526
580 523
572 485
574 482
576 501
593 517
569 495
572 494
570 494
576 510
586 520
584 502
593 526
587 528
