470 460
471 460
469 461
472 460
470 461
473 460
474 461
468 461
467 462
469 462
469 459
470 458
471 457
468 458
467 459
472 458
472 461
466 460
466 463
465 464
464 463
463 464
462 463
461 464
465 461
464 460
463 461
462 460
461 459
460 460
461 458
462 457
461 461
463 458
470 457
469 456
471 456
460 465
462 462
473 462
467 461
469 458
461 463
465 463
471 458
467 463
469 460
460 466
465 465
468 462
461 465
463 459
473 463
474 459
466 464
468 455
467 454
467 456
467 465
468 464
469 465
470 464
471 463
471 465
461 467
472 464
466 457
465 456
465 458
466 466
465 467
465 468
466 469
467 468
468 467
465 470
469 467
468 469
469 469
464 469
463 468
462 469
463 470
463 471
471 462
470 466
471 467
467 458
469 455
468 457
462 471
467 467
469 464
468 466
461 460
472 457
472 466
463 463
474 463
465 460
475 462
464 462
466 459
463 472
463 473
471 455
465 469
464 471
466 468
470 459
470 468
462 464
473 464
476 463
476 464
477 464
478 465
477 466
476 466
478 467
479 467
478 468
477 469
479 469
480 468
478 470
477 471
476 471
480 470
478 472
464 467
463 466
476 468
475 469
474 468
473 469
474 470
474 471
473 471
472 471
476 470
474 472
474 473
475 471
479 471
480 472
467 460
469 457
468 459
473 473
472 473
476 472
476 473
467 469
478 469
468 468
461 462
472 459
463 456
462 455
463 454
462 453
464 453
465 454
463 452
477 473
478 474
465 453
464 455
466 452
467 452
467 451
468 450
469 449
469 451
472 468
474 465
474 466
463 465
465 462
464 464
475 464
466 461
463 474
474 474
475 473
464 473
479 473
480 474
480 475
470 470
467 453
469 450
468 452
469 453
471 469
473 466
462 466
476 465
476 474
465 455
464 457
466 454
472 470
474 467
463 467
464 466
475 466
470 454
479 466
470 463
473 459
462 459
479 475
467 455
471 471
468 454
473 468
462 468
476 467
468 463
477 468
472 463
463 460
474 460
465 457
464 459
466 456
472 472
463 469
474 469
464 468
475 468
466 465
470 456
479 468
470 465
471 464
473 461
462 461
480 476
480 477
481 477
482 478
482 479
481 480
482 481
483 480
483 482
483 483
484 484
485 483
485 485
484 486
485 487
484 488
485 489
486 490
487 489
488 488
487 491
489 487
489 489
489 490
488 490
484 483
485 491
485 492
487 488
486 492
487 493
489 491
489 492
490 492
491 492
491 491
492 490
491 489
493 491
494 492
495 493
494 494
495 495
494 496
493 496
492 495
491 496
490 497
491 498
492 497
490 499
489 499
493 498
491 500
491 501
474 462
492 499
490 501
489 501
493 500
489 496
491 493
492 492
492 501
494 498
488 497
490 494
489 494
493 493
489 498
491 495
492 494
494 491
494 500
488 499
487 500
490 496
493 495
483 484
489 500
491 497
492 496
494 493
488 492
490 489
488 501
485 484
490 498
486 485
487 486
495 497
489 493
491 490
492 489
487 502
486 484
492 498
494 495
481 479
464 454
488 494
490 491
485 486
490 500
484 490
486 487
495 499
496 499
489 495
492 491
492 500
488 487
481 481
496 500
488 496
490 493
495 492
486 489
489 488
483 481
492 493
468 456
462 470
488 489
473 470
468 465
488 498
490 495
472 456
477 470
463 453
464 452
469 466
484 485
472 465
463 462
493 497
464 461
475 461
466 458
495 494
486 491
487 490
475 470
464 470
466 467
462 454
479 470
470 467
480 469
471 466
468 449
491 499
477 472
476 462
481 476
462 472
473 472
488 491
490 488
488 500
477 463
463 455
465 452
493 490
478 471
469 468
484 487
472 467
474 464
493 499
475 463
495 496
486 493
487 492
464 472
475 472
486 502
487 501
482 480
471 459
460 459
462 456
479 472
470 469
480 471
468 451
471 468
462 465
473 465
481 478
494 497
468 460
473 474
488 493
490 490
469 452
477 465
467 464
463 457
477 474
493 492
464 456
478 473
484 489
466 453
486 486
472 469
485 488
461 466
475 465
464 465
466 462
495 498
487 494
475 474
470 453
465 466
479 465
482 482
470 462
460 461
471 461
489 497
473 458
491 494
462 458
479 474
480 473
471 470
468 453
462 467
473 467
494 499
488 495
467 457
469 454
477 467
476 469
467 466
478 466
484 482
469 463
472 462
464 458
493 494
466 455
484 491
486 488
485 490
487 487
495 500
465 459
470 455
475 467
