319 418
320 419
321 419
322 418
320 418
323 419
319 417
319 420
322 419
321 417
322 416
323 420
321 420
324 419
325 418
326 417
327 418
323 417
324 416
325 415
326 414
327 415
328 416
329 416
330 417
329 415
330 414
331 413
332 414
332 415
318 421
318 422
317 420
328 419
329 418
318 418
331 415
326 419
316 420
327 420
330 419
332 416
321 416
320 415
321 414
320 413
322 413
323 413
322 415
324 412
323 411
324 410
325 409
326 408
325 411
326 410
324 421
328 421
318 420
329 420
320 417
331 417
326 412
326 421
330 412
327 422
330 421
331 422
332 423
333 422
334 421
331 424
332 425
333 424
331 426
330 426
329 425
328 426
327 427
326 426
328 428
329 427
326 428
327 429
325 425
321 418
332 418
333 417
322 417
324 414
328 414
329 413
328 412
328 423
329 422
331 419
322 410
321 409
320 408
321 407
320 406
321 405
322 404
323 404
322 406
324 403
323 402
324 401
325 402
326 401
325 404
326 403
323 406
322 408
324 405
320 410
319 411
318 411
326 405
327 406
328 405
322 401
321 400
320 399
321 398
322 399
320 401
319 402
321 402
323 399
324 398
323 397
324 396
323 395
324 394
323 393
324 392
325 393
326 392
325 395
327 392
326 394
325 397
324 426
326 396
323 427
324 428
322 426
321 427
321 425
320 424
321 423
320 422
322 422
319 425
318 425
322 424
320 426
319 427
318 427
322 392
330 423
333 419
322 428
326 398
327 399
326 407
323 392
325 420
325 429
317 425
329 417
318 417
329 426
318 426
322 396
322 405
330 418
322 414
333 423
326 393
326 402
325 406
321 396
317 411
325 424
318 403
319 404
318 412
318 413
329 412
329 421
322 391
322 400
322 409
321 413
332 422
321 422
324 418
324 427
325 401
325 410
325 419
317 414
317 415
325 428
317 424
318 416
322 395
328 429
320 425
317 416
324 430
321 408
332 417
324 413
321 391
321 426
332 426
323 398
322 411
316 413
324 423
317 402
324 422
324 431
324 432
325 433
325 396
325 405
317 401
325 414
317 410
325 423
317 419
317 428
317 429
317 430
318 431
318 402
329 411
330 410
330 409
329 408
329 407
328 415
328 424
322 390
320 420
331 420
321 394
321 403
324 399
321 412
332 412
324 408
321 421
332 421
324 417
325 391
325 400
316 427
319 432
328 410
321 389
320 433
321 432
322 433
321 431
320 434
321 435
321 436
321 430
320 429
323 434
317 400
316 399
315 398
315 397
314 396
318 399
314 395
318 398
318 397
317 396
313 394
317 409
318 408
318 407
317 406
317 405
316 431
316 432
317 433
317 434
318 435
318 436
319 437
320 438
320 439
321 440
319 436
331 410
320 428
321 393
320 437
321 411
332 411
324 407
325 390
326 389
327 390
326 388
325 387
325 386
326 385
327 385
326 384
326 383
325 382
324 389
323 388
322 387
323 387
322 386
325 381
326 380
327 381
327 380
326 379
324 380
323 379
322 378
323 378
322 377
322 376
321 375
323 429
317 395
318 394
319 395
318 393
317 392
317 391
316 390
315 389
315 388
314 387
314 386
314 390
314 391
315 392
315 393
314 385
315 384
316 385
315 383
313 389
317 386
318 385
319 386
319 385
318 384
317 387
318 388
318 389
319 390
318 383
317 382
316 381
316 408
315 407
314 406
314 405
314 404
327 408
327 417
316 417
315 416
314 415
314 414
313 413
313 412
313 416
313 417
313 418
314 419
312 415
328 382
329 383
330 382
330 381
329 380
329 384
330 385
330 386
330 387
329 379
329 388
329 389
330 390
330 391
329 378
330 377
331 378
330 376
329 375
329 374
328 373
327 372
326 371
327 371
326 370
326 369
325 368
325 372
319 413
316 426
315 425
314 424
314 423
313 422
313 421
312 420
311 419
311 418
327 426
328 391
319 422
320 387
331 387
316 435
316 436
315 434
314 433
313 432
313 431
312 430
312 429
312 433
312 434
313 435
313 436
314 437
313 437
312 438
311 437
312 439
313 440
313 441
314 442
312 442
312 443
312 444
313 445
313 446
312 447
312 448
312 449
313 450
313 451
313 449
312 452
312 453
313 454
312 455
313 456
313 455
312 457
312 458
313 459
313 460
312 461
312 462
312 463
313 464
313 465
312 466
311 465
311 460
314 465
315 466
316 465
316 464
315 467
316 468
316 469
316 463
315 462
311 446
310 445
310 444
311 455
310 454
309 453
309 452
308 451
308 450
308 454
308 455
308 456
309 457
309 458
309 456
308 459
308 460
309 461
314 451
311 464
314 460
315 443
315 452
315 453
316 454
317 453
318 454
317 452
316 455
319 455
320 456
320 457
319 454
320 453
321 454
320 452
321 451
321 450
321 449
320 448
319 451
320 447
319 446
318 445
317 444
317 443
317 442
316 441
316 445
316 446
317 447
317 448
318 449
319 450
316 440
317 439
318 440
317 438
319 441
320 442
320 443
320 444
315 439
316 449
316 450
315 448
319 445
315 461
316 460
316 459
315 458
315 457
328 400
329 399
330 400
330 401
329 398
328 397
329 402
329 403
330 404
330 405
329 397
330 396
330 395
329 394
329 393
328 401
328 396
331 401
332 402
333 401
333 400
332 403
319 431
320 396
331 396
316 444
324 373
323 374
322 373
323 373
322 372
322 371
323 370
323 369
322 368
323 368
322 367
328 409
319 440
320 405
331 405
321 370
320 369
319 368
319 367
319 366
318 366
318 365
318 369
318 370
319 371
319 372
320 373
317 368
316 367
316 366
315 365
314 365
315 364
316 363
316 362
315 361
315 360
316 361
314 363
315 359
316 358
316 357
315 356
315 355
314 354
315 353
314 352
313 352
316 353
315 351
316 352
315 350
316 349
317 350
316 348
316 347
315 346
314 349
313 348
312 347
312 346
312 345
332 386
333 387
334 388
334 389
335 389
333 386
311 344
333 390
333 391
333 392
334 393
335 394
311 348
314 353
332 389
315 345
316 344
317 345
316 343
315 342
315 341
314 344
313 343
312 342
312 341
315 354
336 395
337 394
338 395
337 393
336 396
337 392
338 391
339 390
338 390
337 389
340 389
341 390
341 391
337 388
336 387
337 386
338 386
336 391
340 388
341 387
342 388
341 386
342 387
341 385
342 384
342 383
341 382
341 381
340 380
339 379
340 384
339 384
340 379
341 380
336 386
335 385
334 384
334 383
333 382
333 381
334 380
335 381
335 380
334 379
334 378
333 377
336 382
337 382
338 382
339 382
338 381
337 383
337 384
333 376
334 375
335 376
335 375
334 374
333 373
333 372
336 377
337 378
337 379
337 387
340 383
340 392
339 393
340 393
343 385
344 386
345 386
346 386
346 385
345 384
336 378
345 383
333 371
334 370
335 371
335 372
334 369
333 368
332 367
331 368
331 369
330 368
313 340
313 339
314 338
313 338
313 424
330 367
312 425
313 426
313 427
314 428
333 367
330 366
331 365
331 364
330 363
330 362
331 361
333 375
331 360
332 361
329 361
328 360
327 360
328 359
327 358
333 362
311 343
310 342
314 348
312 424
317 359
318 360
329 369
343 389
331 414
332 379
324 375
324 411
325 376
311 441
336 385
323 415
314 446
315 447
316 412
327 421
328 386
331 391
312 414
332 392
324 388
310 453
317 349
311 454
318 350
319 349
320 350
323 428
329 359
314 459
315 424
316 389
327 398
319 394
317 470
317 471
316 425
328 399
319 430
320 395
331 404
332 369
318 471
319 470
320 471
326 411
338 385
311 431
317 362
323 405
314 436
335 379
315 437
316 402
315 402
314 401
315 401
327 411
328 376
327 376
327 375
319 407
320 372
339 385
331 381
318 448
330 422
321 373
334 392
324 378
332 377
324 386
320 351
321 352
319 352
322 353
310 443
314 413
326 424
311 444
323 418
314 449
315 414
335 392
327 388
319 384
320 349
330 399
320 385
321 350
313 346
322 431
309 450
320 470
316 423
310 440
309 439
316 422
320 472
319 473
310 456
311 421
317 352
314 426
315 391
316 356
335 369
321 471
313 467
313 468
314 469
319 361
320 360
321 361
319 362
321 360
317 437
316 392
319 397
320 362
318 438
342 386
334 382
326 378
323 372
314 403
315 368
314 368
315 369
313 444
338 388
315 404
316 369
335 382
327 378
319 374
317 450
318 415
329 424
330 389
317 413
331 412
310 449
315 348
328 387
321 363
321 473
322 363
322 474
322 385
333 394
333 395
322 421
309 451
334 395
326 391
312 456
323 385
314 416
316 346
313 457
319 351
325 431
317 427
318 392
323 384
323 383
323 382
329 401
320 352
325 394
319 363
315 411
319 428
320 454
314 410
328 368
327 367
326 431
320 364
319 409
318 352
328 369
315 370
316 371
316 372
326 366
327 366
314 371
317 372
325 366
324 366
324 365
327 365
328 364
327 363
328 363
328 366
312 348
318 428
330 402
316 467
322 398
334 372
319 472
326 368
323 362
314 393
315 358
320 473
321 438
323 365
345 385
327 362
326 432
327 409
320 359
319 358
318 357
313 434
318 469
338 378
333 396
325 408
326 375
320 416
334 397
334 398
314 400
314 409
327 357
319 353
326 356
313 399
327 355
317 404
316 359
327 368
340 387
319 364
317 440
318 405
329 414
319 354
330 379
322 375
320 355
341 388
333 384
314 370
314 434
312 432
331 421
316 387
335 390
320 354
318 437
318 451
334 394
322 382
310 436
310 435
326 361
328 392
314 461
319 474
309 448
319 410
323 364
320 475
320 476
320 477
321 478
321 383
320 382
334 385
320 450
321 415
326 381
319 458
318 458
312 446
313 463
319 381
318 380
313 411
332 424
324 420
317 457
319 348
318 347
323 375
322 361
323 360
336 394
315 371
327 361
319 357
335 396
320 398
327 428
322 359
326 400
319 469
326 365
319 478
319 479
320 480
320 481
321 482
321 481
319 482
319 483
318 481
320 483
313 447
325 421
317 417
318 382
337 395
329 391
312 338
311 342
330 392
316 457
322 388
308 453
333 397
320 427
326 358
312 423
332 401
323 352
309 454
321 428
312 459
324 433
325 398
315 347
317 480
316 480
315 480
314 479
313 480
315 479
316 478
315 477
316 477
317 394
329 368
318 395
323 473
324 474
325 475
325 474
324 476
329 404
330 369
315 469
316 434
322 365
328 408
333 374
319 439
316 470
319 475
320 440
312 436
325 375
344 388
345 389
336 384
317 407
318 372
337 385
329 381
314 481
314 482
315 446
340 390
315 482
316 447
319 452
321 382
332 391
324 387
315 338
313 414
325 388
311 453
317 384
313 483
318 349
329 358
314 458
310 344
312 482
317 481
318 348
316 479
324 352
319 484
320 485
325 353
319 485
315 459
316 424
307 455
328 398
319 429
320 394
320 486
331 403
318 470
321 487
322 487
322 486
311 345
314 350
320 430
321 395
312 426
313 391
312 391
332 404
324 400
325 365
317 361
317 397
311 391
324 473
332 366
323 486
324 486
324 487
325 487
326 487
327 487
327 486
328 487
318 362
315 436
316 401
327 410
319 406
325 486
317 482
317 483
316 437
328 411
319 442
316 484
320 407
321 372
331 416
327 488
326 489
326 490
327 489
332 381
318 483
324 377
326 423
325 378
311 443
314 448
328 490
311 417
313 344
328 489
316 386
335 386
316 483
345 388
323 351
316 339
318 450
325 364
323 472
316 404
325 490
311 429
326 352
327 353
328 352
311 390
311 420
327 352
326 491
325 492
323 350
323 471
325 363
317 339
328 353
326 492
318 339
319 339
320 340
320 339
321 338
320 337
321 337
321 340
322 340
323 340
323 339
319 341
315 413
335 391
315 449
316 414
327 423
328 388
319 419
320 384
321 349
331 393
324 354
324 355
322 430
314 340
321 385
312 416
324 390
325 355
310 455
317 351
314 425
311 456
323 430
315 426
316 391
320 342
327 400
328 365
319 396
324 492
323 491
323 493
322 494
323 494
321 494
320 494
319 493
318 494
317 493
320 493
319 495
318 493
321 493
317 495
320 361
325 476
331 370
331 371
317 472
317 473
320 397
321 362
312 393
331 406
332 371
318 473
324 367
326 413
338 387
311 433
317 364
323 407
314 438
315 403
316 368
321 483
322 484
323 484
323 483
327 377
313 479
319 373
324 488
317 449
327 413
328 378
320 374
321 339
339 387
331 383
317 485
330 424
322 420
320 495
320 341
323 495
324 496
322 496
322 497
323 496
316 492
315 492
314 492
314 491
315 490
314 489
316 490
315 491
323 485
315 481
316 482
323 341
324 342
324 343
325 343
322 342
322 343
323 342
324 344
324 345
325 345
326 346
326 347
326 348
314 372
319 487
322 498
322 499
315 373
316 338
327 347
319 343
314 493
314 494
322 354
322 355
333 363
333 364
315 494
334 364
326 360
323 354
322 475
322 476
318 361
329 370
329 371
314 470
314 471
323 475
330 371
315 471
318 482
325 377
344 390
343 391
317 373
317 374
322 488
318 374
314 483
322 344
322 345
317 494
314 339
321 384
332 393
318 495
325 354
315 340
318 351
329 360
312 392
332 370
318 472
311 347
321 397
312 428
313 393
332 406
324 402
325 367
311 432
317 363
336 376
322 478
318 364
315 438
316 403
327 412
328 377
319 408
339 386
325 488
331 382
317 484
328 413
320 409
321 374
331 418
332 383
318 485
324 379
325 344
317 340
317 341
326 425
311 445
324 483
325 484
318 341
314 450
315 415
321 343
327 493
316 493
327 349
326 350
335 393
321 495
324 485
328 350
323 356
324 357
322 357
329 350
327 389
331 390
319 360
316 474
316 416
327 425
317 492
318 401
327 492
319 488
318 489
318 491
328 390
319 421
319 489
320 490
321 491
320 386
322 482
327 348
319 344
320 336
328 349
320 345
320 346
321 347
323 481
329 348
329 347
330 348
326 344
323 490
315 495
315 496
321 351
316 497
313 347
331 395
317 497
324 356
322 432
334 365
335 366
335 367
323 346
325 357
316 496
319 492
323 355
323 476
330 372
331 373
315 472
316 473
326 374
323 359
322 489
318 375
319 376
319 377
319 378
320 378
326 486
314 484
323 480
315 476
323 489
315 485
315 486
316 487
316 488
322 381
326 351
332 394
318 496
319 497
319 498
314 473
317 376
310 457
320 499
311 422
343 390
310 452
317 456
309 438
314 367
323 345
309 447
322 493
319 338
319 347
318 379
317 378
314 488
313 487
313 486
312 485
322 349
323 348
324 348
314 497
314 498
315 499
315 500
316 501
318 337
316 500
315 502
314 502
313 502
312 502
312 501
312 500
313 500
311 499
310 499
310 498
311 497
316 502
317 503
318 504
319 505
320 504
319 506
320 503
321 504
320 506
318 503
321 503
317 505
317 506
318 506
320 505
321 506
322 507
323 506
323 505
323 504
319 507
309 499
320 508
322 508
322 509
311 498
314 503
314 504
323 508
315 504
318 505
310 500
310 501
311 501
321 505
313 501
317 507
317 353
323 396
314 427
320 507
335 370
321 472
312 503
312 504
324 477
324 478
323 432
315 428
316 393
321 508
327 402
328 367
313 504
319 398
320 363
325 478
326 479
331 372
317 474
318 439
343 383
330 413
333 418
321 364
312 395
311 396
332 373
324 369
310 434
328 488
320 484
326 415
338 389
311 435
323 409
314 440
315 405
316 370
335 383
321 485
327 379
313 481
319 375
324 490
317 451
316 406
328 380
320 376
321 341
331 385
317 487
318 452
324 346
316 491
334 396
319 496
325 347
310 447
317 343
323 386
314 417
320 497
327 356
323 509
311 397
315 505
316 355
316 506
319 502
312 499
311 503
318 419
311 395
319 501
322 503
311 502
318 501
322 502
322 501
321 492
322 358
314 506
314 507
314 508
315 509
315 510
316 511
316 510
315 512
314 512
315 513
313 513
312 512
316 513
317 513
318 514
319 515
319 516
314 514
317 515
317 516
318 516
313 512
316 512
312 514
315 514
316 515
318 515
311 511
310 511
310 510
310 509
311 509
309 509
308 509
307 509
307 508
308 507
309 507
306 508
305 509
305 508
308 508
307 510
307 511
308 511
317 517
317 518
306 507
306 506
318 518
309 508
312 513
313 514
305 510
305 511
316 514
308 510
309 511
313 458
325 432
315 418
316 383
328 357
313 494
319 388
320 353
312 349
312 350
331 362
318 429
323 507
330 403
315 503
321 354
334 373
313 350
345 382
345 381
346 381
347 381
348 381
324 359
311 389
311 388
311 387
316 504
322 435
308 500
323 363
314 394
319 509
320 474
321 439
346 383
338 379
309 501
314 430
315 395
316 360
335 373
321 475
327 369
319 365
324 480
311 510
317 441
318 406
314 515
314 516
330 380
341 389
320 366
333 385
318 442
330 416
315 516
316 481
322 412
307 512
342 390
327 490
333 421
334 386
319 486
320 451
326 382
310 437
323 376
308 513
314 407
315 372
320 487
321 452
312 483
327 346
313 448
319 342
325 422
317 418
337 396
316 373
329 392
328 347
320 343
312 339
317 454
323 497
329 428
330 393
308 512
309 513
312 509
304 510
312 495
308 502
311 512
325 359
310 459
312 505
314 517
307 505
308 504
313 510
309 504
317 514
324 349
315 518
315 519
310 513
334 381
316 520
312 506
311 507
315 493
316 458
313 443
326 488
306 510
307 514
307 515
306 516
306 517
306 518
307 519
305 519
308 519
309 520
310 519
311 520
311 519
310 521
309 519
307 520
307 521
308 521
311 521
312 522
313 523
314 522
315 523
315 522
316 523
314 524
314 525
315 525
313 522
316 522
312 524
312 525
313 525
315 524
316 525
317 526
318 526
319 527
320 526
321 527
322 527
319 528
321 526
320 528
323 528
322 529
322 530
323 529
322 531
322 532
314 526
314 527
304 518
303 518
303 517
303 516
303 515
304 514
304 516
302 515
304 515
315 527
317 527
317 528
318 528
321 528
313 524
305 520
305 521
306 520
316 524
308 520
319 529
319 530
309 521
320 530
312 526
304 517
323 530
315 526
307 522
307 523
316 527
308 523
318 527
310 522
310 523
322 533
311 523
303 519
303 520
314 528
322 389
333 398
334 363
326 359
304 520
316 494
323 353
309 455
315 349
319 499
326 395
321 429
312 460
313 425
324 434
325 399
322 510
315 385
316 350
348 382
348 383
327 359
313 461
326 480
326 481
319 355
311 500
317 431
318 396
323 474
329 405
314 505
330 370
315 470
322 366
315 506
316 471
322 402
342 380
343 381
334 376
319 476
320 441
326 372
321 406
312 437
318 517
311 392
344 389
323 366
314 397
315 362
313 438
325 412
310 512
317 408
318 373
329 382
340 391
326 493
311 513
318 409
323 487
314 518
330 383
315 483
316 448
322 379
341 392
328 422
333 388
319 453
326 349
317 529
317 530
323 343
315 339
306 519
312 450
313 415
318 530
324 424
325 389
317 385
322 500
316 340
319 345
317 421
318 386
329 395
330 360
314 495
315 460
322 356
333 365
311 346
316 461
308 457
314 351
334 366
320 431
326 362
312 427
313 392
312 523
325 494
312 518
311 522
304 519
323 532
315 528
307 524
308 516
324 385
321 380
317 499
346 382
319 525
308 525
311 517
318 524
309 517
312 516
307 525
306 526
332 405
318 507
322 477
315 352
313 428
310 502
317 398
326 478
311 526
310 525
318 529
308 506
305 507
310 524
314 452
309 500
321 344
325 373
322 350
316 400
322 471
327 386
318 432
319 391
311 516
310 515
311 525
314 521
303 521
303 522
304 523
304 524
304 513
303 512
311 447
307 518
306 522
348 384
326 482
316 516
303 525
318 468
303 526
303 527
304 528
304 527
315 508
318 510
319 511
319 512
320 513
321 512
318 519
318 520
319 521
319 522
320 523
310 441
318 343
310 505
310 514
321 529
311 506
311 515
314 511
314 520
316 517
302 524
301 524
300 525
300 526
299 524
299 523
300 522
298 522
313 520
300 521
305 529
302 523
301 526
304 526
299 522
303 528
306 528
299 525
302 525
300 527
300 528
301 528
306 530
307 531
308 530
307 532
308 529
309 530
310 529
311 530
311 529
308 532
310 531
310 532
311 532
309 529
305 531
308 531
309 532
311 531
307 533
310 533
310 534
311 534
312 535
312 534
313 533
314 534
314 535
315 535
316 534
316 533
313 535
316 535
317 536
318 537
319 538
319 539
318 536
317 538
318 539
314 536
314 537
315 537
318 538
313 534
317 540
299 527
309 531
301 527
312 536
312 537
313 537
302 527
305 523
315 536
316 537
308 533
311 533
303 529
303 530
314 538
314 539
304 530
315 539
317 539
306 529
318 540
299 526
310 535
313 536
305 532
305 533
302 526
306 532
318 363
329 372
314 472
340 381
326 483
323 477
330 373
315 473
316 438
322 369
333 378
319 443
332 382
317 519
318 484
314 364
306 509
312 440
325 379
317 375
318 340
336 388
322 490
329 349
320 529
318 376
329 385
314 485
315 450
316 415
322 346
321 530
327 424
328 389
313 526
305 522
331 394
317 496
316 451
302 516
314 341
328 425
319 456
320 421
321 386
312 417
317 532
332 395
318 497
324 391
325 356
316 536
325 392
311 457
317 388
318 353
323 431
311 535
320 537
300 524
303 531
305 530
314 540
314 541
320 536
303 532
309 533
329 362
314 462
304 532
315 532
314 531
315 427
301 529
321 507
307 528
313 530
307 529
313 493
316 405
317 355
319 526
314 530
321 500
317 541
316 542
318 533
318 534
312 398
306 531
310 528
302 529
327 391
320 375
301 523
324 404
315 529
313 511
317 522
317 531
332 376
306 512
312 397
317 356
306 521
318 523
318 532
319 503
315 421
320 380
310 518
310 527
327 396
321 533
320 532
313 529
330 425
305 525
313 538
305 534
306 535
306 536
307 537
308 536
308 535
305 512
311 339
310 339
320 356
321 511
325 485
315 489
317 508
302 519
301 518
302 528
332 385
326 355
319 468
317 535
332 398
326 364
318 500
332 407
332 408
312 532
318 509
323 349
336 368
344 381
322 479
306 525
298 521
306 534
318 356
309 527
310 504
322 506
329 365
309 536
310 537
310 538
311 539
311 540
310 541
310 542
310 543
311 544
309 541
314 474
319 531
321 510
320 509
312 541
312 542
313 543
314 544
314 545
315 546
315 547
315 548
314 549
321 399
313 548
339 388
313 547
312 546
311 546
315 463
310 547
310 548
311 549
316 543
309 540
312 545
315 545
308 539
316 546
317 546
308 542
307 542
307 541
318 546
311 542
314 547
306 538
305 539
306 539
304 539
310 544
313 545
306 541
305 542
305 541
316 545
308 541
309 542
312 547
304 538
304 537
304 536
307 543
307 544
308 544
306 540
310 546
305 543
316 547
317 548
317 549
317 550
317 551
308 543
309 544
312 549
311 543
314 548
304 540
315 549
307 545
300 519
319 532
307 535
310 545
313 546
317 552
306 542
317 542
309 543
312 387
304 542
318 543
306 545
299 519
313 497
305 544
317 545
324 479
306 544
308 545
317 544
316 498
321 366
314 420
316 548
309 545
326 485
309 523
311 496
324 371
312 550
313 515
314 475
325 489
314 501
322 362
315 475
313 542
305 538
313 551
313 552
314 553
314 554
313 553
316 553
316 554
317 555
317 554
339 383
332 375
317 512
318 477
332 384
317 521
318 486
302 532
314 366
313 398
306 511
318 513
344 385
316 552
315 551
336 381
322 483
317 377
318 342
336 390
322 492
309 522
314 464
320 531
321 496
310 508
312 527
318 378
309 549
308 550
307 551
306 550
338 392
306 549
307 548
307 547
305 548
309 550
310 551
310 552
311 553
323 389
320 527
305 547
308 548
314 478
322 339
314 487
312 554
312 555
307 539
313 556
313 557
314 558
321 488
318 492
330 406
313 519
322 348
321 532
305 515
313 528
339 391
325 493
305 524
317 489
317 498
311 338
328 418
302 518
308 449
319 449
320 414
319 536
314 343
321 379
318 499
326 345
331 423
320 423
332 388
321 388
317 525
314 457
318 490
312 419
324 384
315 555
325 349
332 397
324 393
316 529
325 358
310 458
317 354
316 538
336 367
306 515
308 534
319 534
326 430
325 385
316 556
316 557
316 558
317 559
317 560
317 561
317 562
316 563
317 564
317 565
318 566
317 563
316 562
320 392
319 567
320 568
321 567
320 569
317 337
321 570
316 566
315 566
314 566
319 508
316 567
317 568
317 569
318 570
318 571
318 572
317 573
317 574
318 575
319 572
320 573
320 574
319 576
320 577
321 576
322 577
314 532
320 578
319 579
318 580
317 579
320 579
321 580
319 581
320 582
319 571
320 572
308 552
318 579
311 552
314 557
304 549
315 558
318 569
317 581
317 582
318 582
317 558
306 548
310 554
321 569
313 565
312 565
311 565
310 565
310 564
309 563
308 562
317 571
320 581
321 582
313 555
305 551
305 552
306 551
309 562
320 571
319 583
319 584
320 584
316 555
309 552
312 557
313 558
315 567
316 568
308 564
307 564
319 573
309 565
315 557
307 553
307 554
308 554
311 564
318 581
311 554
314 559
304 551
321 581
306 563
305 562
306 561
305 564
320 583
321 584
322 585
322 584
323 584
324 585
325 585
324 586
324 587
325 587
326 588
327 587
328 587
329 588
329 589
330 589
331 588
332 589
332 588
330 588
305 553
305 554
306 553
309 564
323 583
323 582
323 581
327 589
326 590
308 553
309 554
312 559
307 565
307 566
308 566
319 575
322 586
322 587
323 586
304 550
315 559
307 555
307 556
316 560
308 556
325 586
318 583
310 555
310 556
311 556
317 572
306 562
318 573
321 583
324 588
324 589
325 589
314 551
306 552
305 565
305 566
317 575
327 588
306 565
328 589
320 585
309 553
312 558
313 559
305 555
305 556
316 569
308 565
319 574
320 575
326 591
326 592
323 585
327 591
312 548
313 549
305 545
316 559
308 555
309 556
307 567
307 568
306 569
305 568
304 569
319 577
312 538
327 401
313 503
325 477
322 588
322 589
321 590
343 382
316 428
313 539
328 402
319 433
305 535
312 394
331 407
317 509
332 372
318 474
324 368
313 395
325 369
344 382
311 434
317 365
316 549
322 480
323 408
309 510
314 439
321 484
312 515
324 489
309 546
315 440
312 551
327 414
328 379
313 516
311 555
331 384
317 486
314 560
314 561
320 411
321 376
318 487
324 381
304 552
325 346
310 446
317 342
315 561
316 526
307 557
308 522
320 496
326 427
308 558
323 421
315 417
316 382
301 519
335 395
321 497
312 528
328 356
319 387
310 338
322 578
316 418
319 423
320 388
321 353
313 349
325 592
324 591
323 592
331 397
332 362
304 529
324 358
315 538
310 557
311 558
306 555
315 565
306 564
328 588
310 561
310 560
321 585
324 581
324 590
325 582
325 583
317 578
325 591
306 568
328 592
311 563
321 589
306 554
313 562
314 563
305 567
324 580
317 577
316 486
306 558
306 559
305 558
327 590
309 560
328 591
321 579
324 584
313 563
323 588
309 555
312 560
331 374
319 570
320 591
320 592
320 593
321 594
323 590
323 580
313 561
305 557
319 594
311 536
319 595
320 596
319 597
322 595
311 562
321 592
319 593
320 594
319 448
308 505
320 597
321 598
323 594
324 595
325 596
325 595
324 597
325 598
326 598
327 598
327 597
328 596
327 595
328 595
328 598
329 598
330 599
319 596
329 600
329 601
322 597
325 597
318 594
317 594
328 597
324 599
327 599
326 600
326 601
328 600
326 602
323 596
318 593
329 602
329 603
322 599
326 582
321 593
324 598
325 599
317 595
317 596
318 596
328 599
320 595
321 596
310 558
323 595
327 601
320 598
322 598
323 598
312 561
326 581
326 580
326 579
326 594
318 595
329 604
316 503
322 434
307 534
326 404
325 588
304 565
316 539
307 570
306 571
305 572
306 572
304 572
303 571
304 571
303 573
302 570
303 572
304 573
305 574
302 569
302 568
302 572
303 574
303 575
304 575
314 429
315 394
321 474
347 383
329 594
315 430
316 395
327 404
313 506
319 400
320 365
325 480
311 545
317 476
318 441
314 550
330 415
315 515
321 595
342 389
333 420
324 600
324 601
323 602
322 601
321 602
320 602
321 603
320 604
319 604
321 605
322 605
323 605
323 604
318 604
317 604
317 603
318 602
321 604
319 605
319 606
320 606
323 606
324 607
324 608
325 608
322 607
322 608
325 607
324 609
324 610
325 610
326 611
326 610
327 610
327 609
327 608
327 607
328 606
328 608
328 607
328 610
326 612
326 613
316 603
315 603
314 603
315 602
315 601
315 600
316 599
316 601
316 600
327 612
322 609
314 604
325 609
317 605
317 606
318 606
328 609
320 605
321 606
324 611
316 602
327 611
319 607
319 608
320 608
326 614
323 608
315 604
316 605
318 605
325 611
317 607
317 608
316 609
318 608
325 601
317 597
320 607
321 608
302 571
327 600
328 601
324 603
323 607
316 604
327 613
319 609
319 610
320 610
326 603
326 604
325 605
323 597
327 603
319 599
322 610
322 611
321 612
314 605
314 606
323 610
315 606
326 593
304 574
323 587
327 593
322 600
315 560
326 606
323 600
316 561
308 557
319 566
318 607
309 558
312 563
322 613
323 614
323 615
321 614
320 615
319 614
318 615
317 615
317 614
320 614
321 615
319 616
320 617
318 614
317 616
320 616
321 617
322 618
322 617
323 617
324 618
324 617
325 618
324 619
324 620
325 620
326 621
327 620
327 619
327 618
328 618
326 622
326 623
323 616
316 613
315 613
314 613
314 612
315 611
313 611
312 610
316 611
311 610
310 610
310 609
311 608
310 607
309 606
308 607
307 607
308 608
309 608
311 607
307 609
313 610
306 606
306 605
305 607
305 608
309 607
305 609
315 612
308 609
319 618
309 610
322 619
322 620
311 609
314 614
314 615
304 606
303 606
303 605
323 619
315 615
325 619
318 616
321 616
324 621
324 622
325 622
306 608
316 612
319 617
309 609
320 618
326 624
304 605
323 618
315 614
307 610
316 615
322 621
322 622
314 616
314 617
304 608
315 617
325 621
317 617
317 618
316 619
306 607
318 618
321 618
305 610
324 623
317 620
316 621
315 621
316 622
315 623
314 623
315 624
316 624
317 624
318 625
319 624
320 625
320 624
321 625
319 626
319 627
320 627
318 624
314 625
317 626
317 627
318 627
320 626
321 627
322 628
323 627
323 626
323 625
316 623
319 628
319 629
320 629
322 629
322 630
323 629
315 625
318 626
321 626
317 628
318 629
320 628
321 629
323 628
316 625
319 630
322 631
322 632
314 626
314 627
323 631
315 627
318 628
321 628
317 630
306 610
320 630
324 613
316 614
308 610
319 619
319 620
320 620
323 630
315 626
316 627
312 606
304 607
323 620
315 616
316 617
322 633
322 634
321 635
314 628
314 629
315 629
318 617
322 623
314 618
317 629
318 630
326 583
323 577
324 578
307 569
325 623
347 382
317 619
311 459
317 390
318 355
329 593
323 433
329 364
309 535
315 429
316 394
321 509
306 609
327 403
312 540
313 505
319 399
318 620
325 479
317 475
322 590
343 384
316 430
328 404
319 435
305 537
320 400
321 365
312 396
331 409
332 374
317 511
318 476
324 370
304 541
315 550
307 546
321 630
334 420
313 397
326 416
325 600
325 371
311 436
317 367
336 380
316 551
323 410
308 547
309 512
314 441
315 406
335 384
321 486
312 517
313 482
318 597
324 491
329 606
315 442
316 407
322 338
327 416
313 518
328 381
319 412
305 514
320 377
321 342
311 557
331 386
317 488
318 453
324 347
323 531
330 427
314 562
322 423
321 607
321 378
332 387
324 612
304 554
324 383
325 348
310 448
317 344
315 563
316 528
307 559
308 524
314 418
300 520
319 533
320 498
326 429
325 613
317 609
318 574
311 449
318 345
323 423
309 525
314 454
315 419
301 521
316 384
335 397
321 499
312 530
327 393
328 358
313 495
319 389
331 363
318 430
310 340
322 580
328 394
320 619
320 390
321 355
313 351
331 399
332 364
303 566
324 360
304 531
315 540
316 505
322 436
307 536
321 620
308 501
319 510
326 406
324 625
325 590
346 384
338 380
310 461
317 357
316 541
323 400
308 537
309 502
314 431
315 396
320 511
335 374
321 476
312 507
327 370
347 385
317 622
324 481
329 596
316 626
316 397
319 631
319 632
328 371
320 367
339 380
325 482
331 376
311 547
317 478
318 443
314 552
315 517
320 632
307 513
321 597
342 391
327 491
334 387
324 602
324 627
316 628
328 602
319 633
320 634
317 412
321 599
324 604
317 601
327 614
320 611
312 607
313 608
304 556
323 621
317 631
316 632
315 631
320 436
317 580
316 618
319 623
320 622
324 594
318 400
324 605
302 575
323 634
315 630
327 604
319 600
316 631
328 605
320 601
304 543
326 617
323 611
315 607
316 608
327 617
328 616
319 613
319 622
322 624
305 571
314 619
323 624
315 620
327 594
321 622
318 631
320 524
326 607
326 616
320 567
319 359
323 579
323 601
314 632
314 633
314 634
315 635
316 636
316 637
316 638
321 613
315 639
315 640
315 498
317 346
314 466
316 610
314 638
310 608
320 435
323 478
315 542
315 634
325 602
314 637
332 409
320 469
316 598
322 393
309 559
319 603
312 564
322 614
326 584
327 585
305 561
323 578
314 609
326 620
325 624
314 636
315 610
307 606
317 638
318 638
319 638
319 637
309 561
319 636
318 636
318 635
317 634
319 580
318 612
318 621
322 591
318 639
318 640
319 641
329 376
312 389
322 627
326 597
321 631
313 636
312 637
311 637
311 636
311 635
311 634
312 634
314 621
311 633
311 632
310 631
329 367
311 439
321 433
314 555
310 630
311 631
312 630
310 634
323 591
314 622
317 633
318 598
305 605
329 607
318 634
322 604
304 555
315 564
313 631
307 560
314 608
325 614
317 610
311 450
317 381
318 346
316 565
323 424
308 561
309 526
314 455
315 420
301 522
320 535
335 398
317 637
327 394
312 531
313 496
318 611
310 341
322 581
315 456
316 421
322 352
327 430
328 395
313 532
319 426
305 528
320 391
321 356
310 606
331 400
317 502
332 365
320 638
321 638
322 639
323 640
323 639
321 600
322 638
323 637
323 638
332 410
312 519
322 637
322 641
321 641
324 629
322 642
323 643
321 640
303 567
324 361
302 522
315 541
322 437
322 394
314 347
321 621
326 587
321 392
313 388
324 626
321 639
304 568
324 397
325 362
313 635
310 462
317 358
324 644
325 645
326 645
327 646
327 647
320 348
309 505
324 645
320 379
325 646
324 647
325 647
308 559
328 647
329 648
330 647
319 490
319 340
330 646
322 579
329 649
314 490
329 650
310 540
330 651
330 652
315 497
320 514
302 530
321 636
302 531
340 386
329 653
305 573
328 652
315 441
331 652
317 611
313 544
332 653
333 652
312 435
334 653
334 654
333 655
334 656
333 657
334 658
334 659
335 659
325 374
310 503
330 364
307 561
315 556
325 593
320 393
321 633
313 527
325 403
333 656
316 485
333 651
334 650
335 650
326 363
320 370
334 649
333 648
333 647
314 620
313 531
332 363
325 612
313 462
322 351
313 452
334 648
335 647
335 646
334 645
333 645
311 340
333 660
319 598
321 480
315 444
309 551
333 661
333 662
334 663
335 664
335 665
311 448
335 378
336 666
320 603
311 527
318 544
333 646
310 632
336 665
337 664
338 665
310 539
337 663
305 549
337 662
337 661
337 660
338 660
337 659
337 658
336 657
314 421
324 363
325 384
327 596
317 612
321 437
336 661
314 453
336 656
316 606
320 566
337 657
338 656
339 657
339 658
312 451
323 412
340 659
340 660
312 454
329 423
322 603
341 661
342 662
342 663
342 664
341 665
341 666
342 667
341 668
342 669
342 381
340 669
321 619
341 670
326 599
316 633
340 664
315 474
317 501
318 381
340 668
318 508
342 668
328 348
320 612
310 442
323 479
328 393
341 660
306 527
341 669
318 354
326 619
303 568
321 587
314 533
340 663
340 658
341 657
342 658
343 657
343 656
341 656
340 655
342 657
320 455
318 613
321 610
315 478
313 637
321 531
312 496
340 654
309 518
324 596
341 655
344 656
345 657
345 658
345 659
346 660
328 374
332 647
340 667
343 669
344 670
333 653
338 657
320 479
344 660
344 661
345 662
345 663
345 664
318 525
344 665
344 666
345 667
345 668
346 669
328 492
322 582
333 369
315 511
328 593
324 646
327 382
325 407
320 449
344 669
303 569
320 389
314 345
340 662
343 655
339 666
338 667
343 664
332 645
332 654
332 663
332 664
332 665
312 636
333 665
334 664
336 651
336 652
336 653
336 654
337 654
315 422
337 653
321 401
344 664
336 660
339 661
343 659
312 635
339 670
338 670
323 403
343 668
332 649
336 655
317 504
347 661
348 660
349 661
350 662
349 663
348 664
340 657
349 665
348 666
318 637
348 659
318 488
349 660
317 543
342 659
309 449
348 663
314 639
349 664
348 658
347 657
318 502
316 354
326 615
339 659
348 667
348 668
305 513
317 523
348 662
313 386
348 657
349 656
350 656
351 657
352 656
323 347
326 618
353 657
353 658
311 528
306 533
311 606
321 568
316 634
347 666
351 663
311 524
351 664
332 380
318 479
319 634
304 566
350 657
311 452
315 533
339 656
351 658
351 659
352 660
352 661
300 523
353 662
353 663
354 664
355 664
356 665
356 666
356 667
346 661
355 665
331 398
315 451
329 366
339 665
316 507
343 663
332 662
354 659
354 660
355 660
347 668
332 399
346 664
334 422
336 650
338 669
335 654
347 656
347 665
335 663
350 661
328 651
327 650
326 650
326 649
331 647
322 347
339 660
351 662
343 658
339 669
343 667
331 665
330 665
329 664
331 589
329 663
318 371
331 653
328 665
327 665
326 664
325 413
325 665
324 664
327 664
345 669
332 648
322 473
323 401
308 538
309 503
314 432
320 512
321 477
312 508
354 663
347 386
346 659
317 623
311 463
338 655
324 482
318 359
357 668
357 669
358 670
359 671
358 672
313 439
359 673
359 674
360 674
359 672
319 578
313 609
318 522
318 512
358 671
358 675
359 676
360 677
361 676
359 678
325 350
328 417
360 678
317 446
314 411
306 570
313 629
359 677
315 609
329 651
319 405
318 599
362 677
311 560
362 678
362 679
314 463
363 679
364 678
364 677
362 676
312 388
357 666
363 675
347 658
365 677
357 673
356 673
333 650
356 672
355 674
314 398
355 675
314 640
355 676
356 677
356 676
314 631
317 547
333 399
315 412
357 678
354 677
319 535
308 517
354 678
353 679
355 679
354 656
355 657
356 658
356 657
314 610
366 678
367 678
368 679
367 680
367 681
367 682
367 683
368 683
307 538
316 345
318 414
366 680
310 562
369 680
370 680
371 680
372 681
313 540
318 619
371 679
321 623
320 492
370 681
321 390
314 444
311 341
328 384
336 389
370 682
338 661
373 682
373 683
373 684
330 384
323 492
306 543
374 683
375 682
376 681
375 681
315 619
374 680
308 563
322 364
348 665
307 516
321 502
347 659
374 679
328 427
377 680
378 681
379 680
320 631
366 679
369 684
370 684
371 684
369 679
373 681
358 674
369 683
361 675
376 682
364 680
317 632
346 668
329 597
338 664
309 539
357 677
314 468
315 433
316 398
335 649
330 398
312 544
327 407
328 372
313 509
319 403
331 654
335 658
347 660
320 368
339 381
325 483
331 377
311 548
347 669
358 669
317 479
318 444
350 665
322 594
343 388
320 633
328 646
312 629
320 404
321 369
372 680
339 655
312 638
332 378
331 651
318 480
328 664
339 664
324 374
310 439
315 554
316 519
307 550
321 634
308 515
313 630
342 666
319 524
361 679
330 374
334 662
320 489
326 420
313 639
325 604
317 600
318 565
338 394
311 440
317 371
320 478
354 658
323 414
308 551
309 516
314 445
315 410
335 388
320 525
321 490
346 663
327 384
312 521
338 659
357 672
319 380
318 601
324 495
338 668
368 678
316 640
335 653
316 411
327 649
335 662
371 683
328 385
350 660
319 416
320 381
305 518
321 346
339 394
313 342
311 561
318 457
304 522
324 351
320 637
360 673
315 531
328 650
312 633
322 427
307 527
331 646
372 684
321 611
352 678
313 607
331 655
326 397
324 616
325 581
325 352
323 358
341 384
342 661
353 661
361 674
313 453
317 348
334 657
316 532
309 460
342 670
313 634
344 663
336 663
307 563
308 528
323 391
345 666
315 636
314 422
315 387
364 679
319 537
320 502
335 365
306 567
325 617
312 498
317 613
318 578
354 662
346 658
329 587
338 654
346 667
357 667
315 423
316 388
301 525
338 663
357 676
327 397
328 362
313 499
316 635
319 393
320 358
335 648
368 682
331 367
311 538
335 657
317 469
319 640
318 434
330 408
314 543
320 623
349 659
345 387
303 570
324 364
321 588
342 382
321 359
312 390
330 664
352 664
341 664
332 368
324 593
320 641
372 679
304 535
311 394
331 650
315 544
316 509
327 606
310 438
302 574
307 540
334 367
321 624
315 553
314 399
316 518
342 656
353 656
316 364
307 549
319 514
323 377
308 514
334 652
314 408
342 665
326 648
325 594
317 403
361 678
346 388
319 523
334 661
345 661
320 488
321 453
338 384
312 484
311 430
325 603
345 670
323 633
317 599
338 393
309 506
314 435
375 680
323 642
315 400
316 365
354 657
315 638
322 534
335 656
315 409
312 511
316 374
327 374
335 387
321 489
319 370
346 662
327 383
313 485
338 658
310 550
319 379
320 344
324 494
312 340
316 630
310 559
317 455
356 675
316 639
328 604
335 652
319 635
320 600
328 375
327 648
330 394
314 529
320 371
371 682
320 609
311 551
331 380
321 345
318 447
313 341
324 341
304 512
330 650
324 579
314 556
304 521
315 521
328 407
322 593
324 350
352 659
341 659
320 636
307 517
314 565
321 601
315 530
312 632
316 495
307 526
334 391
333 664
319 491
326 387
313 606
324 606
334 400
319 500
317 567
330 365
324 615
325 580
317 338
334 647
317 576
353 660
342 660
311 416
308 518
323 381
345 656
314 412
316 342
323 390
345 665
334 665
306 557
315 386
327 351
316 351
335 364
320 501
318 568
306 566
312 497
315 633
325 427
319 356
318 577
317 423
378 680
316 607
310 536
317 432
338 653
327 616
316 616
319 612
327 387
329 406
319 383
328 590
319 621
328 361
312 344
319 392
310 563
320 357
317 459
337 666
318 424
303 524
368 681
356 679
331 366
311 537
319 639
318 433
303 533
340 671
328 617
320 613
339 668
321 578
330 407
314 542
315 507
312 609
316 472
330 645
322 403
349 658
334 368
315 484
313 345
314 519
305 570
330 654
324 583
334 377
319 477
304 525
330 663
326 373
352 663
341 663
318 410
324 592
360 676
333 659
315 534
317 553
316 499
307 530
311 393
314 389
316 508
302 573
323 367
319 504
363 678
305 606
321 434
342 655
315 363
325 584
312 465
319 513
313 430
334 651
326 409
353 664
318 545
326 647
334 660
345 660
323 623
338 383
319 481
323 394
323 632
315 390
326 665
315 628
335 368
321 470
323 641
315 399
327 364
313 466
315 637
327 602
327 373
324 475
326 494
319 369
311 505
317 436
316 620
310 549
311 514
337 652
317 445
329 410
316 629
314 510
330 375
328 594
348 661
319 625
323 488
329 419
356 674
328 603
322 380
333 380
320 599
340 666
311 541
333 389
313 560
371 681
322 636
314 546
330 411
304 511
333 654
330 649
316 476
322 407
307 507
349 662
321 591
342 385
315 520
352 658
341 658
327 485
323 344
309 446
320 446
326 377
341 667
345 390
334 390
333 663
332 420
317 557
326 386
317 566
318 531
323 371
324 425
374 682
334 646
323 609
314 402
315 367
355 678
315 605
323 380
334 655
320 482
306 547
316 341
303 513
319 337
306 556
327 350
309 459
344 659
317 422
325 417
319 346
310 517
315 632
344 668
316 597
325 426
375 683
322 528
310 526
337 391
336 664
325 664
367 679
318 387
329 387
359 675
319 602
329 396
330 361
314 496
327 615
320 338
319 611
320 576
310 553
320 347
311 518
330 378
337 665
337 656
333 366
348 656
303 514
312 343
329 652
318 423
330 388
356 678
314 523
303 523
315 488
340 661
316 453
322 384
330 397
340 670
316 462
333 393
313 564
308 458
321 577
305 560
326 354
312 608
333 402
349 657
322 640
320 432
305 569
330 653
317 534
324 582
333 649
352 662
341 662
316 489
333 658
315 344
319 494
323 357
311 630
321 424
314 388
326 390
306 524
313 420
363 677
317 570
318 535
314 635
312 464
324 429
313 429
323 613
326 646
323 622
322 505
307 605
317 399
315 618
337 377
306 560
327 354
329 373
327 592
299 521
319 350
336 659
340 382
325 430
326 484
310 530
317 426
318 391
311 504
317 435
308 606
329 400
314 500
315 465
319 615
320 580
329 409
314 509
329 647
316 439
313 541
322 370
333 370
341 383
340 656
333 379
313 550
319 444
329 665
305 546
340 665
322 626
315 501
317 520
316 466
322 397
322 635
310 633
330 648
316 475
326 596
334 371
307 506
319 471
352 657
326 367
326 605
319 480
320 445
314 513
321 410
326 376
312 441
324 406
317 556
332 419
318 521
344 384
355 659
324 415
323 361
325 380
323 599
314 392
315 357
314 630
374 681
322 491
306 537
315 366
355 677
313 433
306 546
313 442
310 507
344 658
315 622
318 368
325 416
337 381
310 516
329 377
309 548
344 667
318 377
316 596
314 477
337 390
319 592
309 557
329 386
314 486
327 605
312 553
319 601
318 633
311 508
312 562
377 682
318 404
356 659
369 678
358 678
337 655
323 482
316 443
322 374
322 612
315 487
316 452
322 383
333 383
313 554
302 517
305 550
314 342
319 457
305 559
317 524
370 679
326 353
321 387
343 662
312 418
362 675
317 533
332 396
318 498
323 338
314 369
326 609
314 607
306 514
315 343
332 652
312 445
306 523
313 419
363 676
323 603
317 380
316 564
336 393
323 612
322 495
311 458
317 389
308 560
315 608
373 680
322 504
319 569
329 363
309 534
320 534
317 636
325 649
344 662
310 520
318 610
299 520
336 658
312 539
329 390
318 390
315 455
347 664
320 570
314 499
321 535
315 464
358 673
316 429
322 360
369 682
305 527
329 646
328 403
319 434
305 536
322 616
331 408
316 456
317 510
370 683
314 355
318 475
302 521
308 452
322 625
351 661
314 346
326 586
305 563
326 357
331 664
343 666
326 595
312 422
313 387
332 400
317 537
312 431
313 396
304 567
325 361
318 511
314 611
336 370
325 370
322 472
323 589
344 383
355 658
317 366
336 379
316 550
322 481
308 546
313 423
298 523
325 626
311 462
317 393
318 358
310 506
365 680
307 608
323 436
318 367
344 657
309 538
317 640
327 586
314 467
329 605
337 380
315 432
319 582
309 547
314 476
336 662
312 543
322 337
313 508
340 385
318 623
312 552
313 517
318 632
358 668
377 681
339 389
366 681
350 664
325 491
343 387
315 468
358 677
316 433
322 602
316 442
319 438
305 540
320 403
321 368
339 654
351 656
319 447
320 412
321 377
339 663
328 663
351 665
343 661
324 382
304 553
343 670
315 562
321 404
307 558
326 608
313 400
313 638
332 413
306 513
332 651
324 409
323 593
344 387
317 370
325 383
336 383
322 485
317 379
318 344
309 515
336 392
323 422
309 524
373 679
301 520
312 520
319 568
320 533
317 635
357 671
321 498
318 600
325 648
312 529
318 609
314 480
315 445
316 410
322 341
321 525
335 661
315 454
347 663
312 556
327 419
316 419
313 521
350 659
319 415
321 534
305 517
319 424
305 526
331 389
369 681
317 491
318 456
322 606
317 500
322 615
328 649
331 645
328 420
372 683
302 520
351 660
321 381
326 585
339 667
331 425
332 390
343 665
331 663
312 421
304 557
325 351
310 451
324 624
317 347
321 637
324 395
325 360
316 531
310 460
313 633
307 562
332 646
308 527
316 540
336 369
376 680
353 678
347 384
332 655
325 616
320 510
354 661
325 625
317 383
317 621
346 657
311 461
323 426
309 528
346 666
329 595
365 679
354 679
323 435
338 662
309 537
357 675
317 639
315 431
316 396
312 533
313 498
327 405
313 507
328 370
319 401
318 622
317 468
310 343
325 481
322 583
347 667
331 375
358 667
317 477
350 663
322 592
358 676
343 386
321 358
328 406
331 402
320 402
321 367
320 640
304 534
331 411
318 478
331 649
339 662
315 543
324 372
343 660
326 589
315 552
339 671
321 632
313 390
328 491
324 628
346 387
361 677
304 570
326 418
332 650
317 360
317 598
316 544
311 438
308 540
317 369
308 549
309 514
335 377
321 479
314 443
315 408
312 510
317 625
313 484
324 484
357 670
329 599
324 493
338 666
357 679
315 435
335 651
316 409
335 660
347 662
328 383
350 658
319 414
305 516
311 550
331 379
339 392
318 446
322 596
331 388
311 559
317 490
318 455
330 420
320 635
314 564
328 648
312 631
321 371
322 425
372 682
321 609
313 605
334 399
324 376
324 614
331 662
325 579
316 521
310 450
353 659
311 415
307 552
316 530
313 632
308 526
320 491
326 422
353 677
325 606
320 500
317 602
318 567
325 615
311 442
318 338
318 576
311 451
323 416
314 447
346 656
323 425
346 665
314 456
365 678
328 351
313 488
319 382
357 674
321 501
318 603
327 395
317 458
368 680
335 655
317 467
320 383
321 348
320 621
321 586
331 392
321 357
349 666
324 353
360 675
320 639
331 648
304 533
324 362
341 671
327 651
308 503
322 429
326 399
