727 377
728 378
726 377
727 376
728 377
727 379
725 376
724 377
723 376
722 377
721 378
720 377
719 378
726 380
725 379
724 380
723 379
722 380
721 381
720 380
719 381
718 380
717 381
716 382
715 383
715 384
714 382
728 380
718 379
729 379
730 378
731 377
720 376
721 375
720 374
722 374
723 373
723 375
716 381
730 380
732 377
721 377
731 379
722 376
724 373
725 372
724 371
725 370
713 382
712 381
711 380
712 379
713 380
711 382
726 376
718 381
729 381
728 382
720 378
723 377
712 383
711 384
710 384
709 383
709 385
708 386
707 385
707 387
709 387
710 386
716 383
730 382
721 379
732 379
731 381
719 379
722 378
724 375
708 388
707 389
726 369
727 370
728 371
729 372
730 371
731 370
730 369
728 373
730 373
732 370
731 372
726 378
728 375
729 374
723 370
722 369
721 368
720 367
721 366
722 365
723 366
722 367
720 369
723 368
721 370
724 366
725 365
724 364
725 363
724 362
725 361
723 361
722 360
721 359
722 358
721 357
723 357
720 360
723 359
724 359
721 361
724 357
725 356
724 355
725 354
720 362
719 363
725 358
720 371
729 383
723 364
728 384
727 384
726 383
725 384
726 385
725 386
724 384
723 355
726 387
710 379
710 388
711 389
722 362
730 375
722 371
730 384
723 354
723 363
711 379
733 376
734 377
725 381
714 381
726 355
727 356
706 386
726 364
726 373
726 374
729 369
726 382
718 378
717 377
729 378
710 383
722 357
730 370
722 366
722 375
707 386
723 358
713 384
733 371
725 367
733 380
733 381
734 382
714 385
714 386
725 385
726 359
706 390
706 391
707 391
705 389
726 368
718 364
719 365
718 365
729 373
718 382
718 383
729 382
710 378
710 387
722 361
722 370
721 374
713 379
724 379
725 362
733 375
732 374
725 371
725 380
714 380
717 376
726 354
706 385
705 384
726 363
726 372
729 368
718 377
729 377
710 382
728 381
722 356
709 386
732 369
721 369
732 378
724 374
713 383
724 383
723 382
725 357
705 388
733 370
725 366
733 379
725 375
714 384
717 380
726 358
706 389
718 363
717 362
728 376
728 385
720 381
709 381
721 355
721 364
724 360
721 373
732 373
724 369
721 382
721 383
732 382
732 383
733 384
733 385
724 378
713 378
713 387
713 388
714 389
714 390
714 391
713 392
713 393
714 394
714 395
712 391
712 386
724 387
724 388
725 389
725 390
726 391
726 392
705 383
713 396
713 397
713 398
714 399
714 400
713 401
713 402
714 403
714 404
712 400
712 395
733 374
734 373
705 392
705 393
706 394
706 395
706 396
707 396
705 397
705 398
706 399
706 400
705 401
705 402
705 403
706 404
707 405
717 366
717 367
718 368
718 369
717 375
718 374
718 373
717 372
717 371
715 405
716 406
717 405
718 406
717 404
716 407
717 408
717 409
719 407
720 408
721 407
722 408
721 406
720 405
720 409
721 410
721 411
721 412
720 404
720 413
720 414
721 415
721 416
719 412
721 405
720 417
719 411
712 390
720 403
721 402
721 401
720 400
720 399
719 398
718 397
718 396
717 395
717 394
716 393
719 402
718 401
717 400
717 399
732 368
712 399
711 398
710 397
732 386
732 387
732 388
733 389
733 390
732 391
732 392
732 393
733 394
733 395
733 393
732 396
732 397
733 398
733 399
731 396
731 391
731 386
731 395
724 382
724 391
724 392
724 393
725 394
725 395
726 396
724 396
724 397
724 398
725 399
725 400
726 401
725 398
724 401
724 402
725 403
725 404
705 387
717 361
716 360
715 359
715 358
718 360
718 359
717 358
714 357
717 357
718 358
714 356
713 355
727 393
728 394
728 395
729 396
729 397
728 398
728 399
728 400
729 401
727 398
717 370
704 400
715 400
727 402
727 403
728 404
728 403
716 374
716 392
717 391
718 392
717 390
717 389
718 388
718 387
717 386
717 385
716 388
719 393
720 394
721 393
722 394
721 392
720 395
721 396
721 397
721 391
720 390
728 357
729 358
730 357
730 356
729 355
729 359
729 360
730 361
730 362
729 363
729 364
730 365
730 366
728 362
727 361
731 390
730 389
729 388
729 387
728 389
728 390
719 388
716 401
716 402
719 397
708 397
708 398
709 399
709 400
710 401
710 402
709 403
709 404
709 405
710 406
708 402
716 410
716 411
716 412
717 413
715 409
714 409
714 408
713 407
713 406
712 405
712 404
712 408
719 406
719 415
718 415
709 380
708 379
707 378
706 377
707 377
706 376
706 375
705 374
705 378
704 377
703 376
703 375
702 374
705 379
706 380
706 381
707 382
702 373
701 372
700 371
700 370
699 369
699 368
698 367
698 366
728 393
729 392
709 389
709 390
720 389
721 388
722 389
721 387
720 386
720 385
721 354
712 385
720 398
721 363
722 417
712 394
732 372
721 372
734 391
723 391
724 368
734 400
723 400
713 377
714 376
715 377
714 375
713 374
713 373
714 372
715 372
714 371
714 370
713 369
712 372
711 371
710 370
711 370
710 369
710 368
709 367
708 368
707 369
707 368
706 367
707 367
706 366
706 365
707 364
707 363
706 362
705 365
706 361
705 360
704 359
704 358
703 357
703 356
702 355
709 371
709 372
710 373
710 374
711 375
712 376
713 368
714 367
715 368
714 366
713 365
714 364
715 363
714 362
714 361
713 360
713 364
714 365
712 367
711 366
710 365
709 364
711 365
710 364
713 359
712 358
711 357
711 356
710 355
710 354
710 353
711 352
710 351
711 351
710 350
709 353
705 364
704 363
703 362
703 361
702 360
702 359
701 358
700 357
700 356
699 355
699 354
724 399
698 365
697 364
696 364
696 363
699 364
700 365
700 366
695 362
694 362
698 363
699 363
695 361
694 360
699 358
699 359
699 360
700 361
698 358
698 353
698 362
695 365
695 366
695 367
696 368
694 364
693 364
694 359
698 357
697 356
696 355
696 354
695 356
695 369
695 357
694 369
695 370
694 371
695 371
694 355
694 368
693 365
692 366
692 367
691 365
691 364
691 368
691 369
692 370
692 371
691 363
692 362
692 361
691 360
690 361
689 361
688 360
688 359
687 358
691 359
692 358
692 357
692 356
691 355
690 354
687 357
686 356
685 355
685 354
685 353
685 352
684 353
684 352
729 357
684 356
684 357
684 358
685 359
688 358
689 357
693 354
692 353
692 352
698 368
691 351
691 350
692 351
691 354
705 395
690 367
689 367
688 368
687 368
686 351
685 350
687 352
690 362
723 409
735 383
698 352
704 395
715 404
716 369
708 365
719 374
731 385
716 405
708 401
709 366
728 379
701 362
719 410
720 375
693 358
712 371
690 352
723 386
702 363
734 395
705 368
715 381
694 358
735 396
736 395
737 396
727 392
686 354
731 362
697 369
708 378
728 356
719 387
730 402
722 398
701 375
693 371
734 372
724 358
711 388
690 365
689 365
723 399
735 373
727 369
704 385
703 385
715 394
716 359
719 364
731 375
718 405
730 379
709 356
708 356
708 355
720 365
712 361
707 395
722 411
734 385
711 401
704 362
696 358
696 359
715 371
727 382
726 386
737 395
697 359
716 372
729 391
689 355
719 377
730 392
722 388
693 361
700 369
692 365
711 378
703 374
723 389
727 359
704 375
696 371
726 399
718 395
710 391
710 392
689 368
729 404
712 351
711 355
722 401
734 375
711 391
715 361
714 402
706 398
717 407
718 372
707 362
718 408
710 404
707 398
700 359
692 355
711 368
684 351
703 364
714 379
733 392
725 388
719 362
719 361
703 394
702 393
704 365
717 384
736 397
736 398
696 361
726 389
718 385
737 398
738 398
739 399
710 381
729 394
730 359
722 355
688 362
687 362
688 363
707 375
699 371
698 372
691 367
723 356
721 395
700 372
713 391
692 368
733 369
724 400
703 377
736 374
737 373
736 375
714 392
706 388
725 401
726 366
717 397
718 362
737 375
710 358
710 359
729 371
730 372
722 368
709 398
720 407
712 403
732 381
711 358
703 354
702 395
701 395
702 396
703 397
721 408
713 404
714 369
705 400
733 382
725 378
717 374
695 355
706 401
726 379
739 398
718 375
710 371
729 384
688 352
728 388
707 365
699 361
691 357
704 368
702 372
721 385
740 398
713 381
732 394
705 377
703 367
724 390
684 354
737 374
689 352
710 393
688 365
722 390
722 385
718 402
726 402
741 398
703 353
703 399
703 352
742 399
704 352
710 394
725 355
694 367
706 378
725 391
726 356
717 387
729 361
695 368
687 364
686 364
709 388
728 401
727 390
734 368
720 397
721 362
712 369
700 375
712 393
699 374
698 374
691 370
732 371
724 367
703 371
704 372
702 385
701 385
701 384
702 383
721 398
713 394
714 359
733 372
705 390
724 403
725 368
698 351
717 364
731 384
716 404
708 400
719 409
699 351
709 401
701 397
702 362
720 410
712 406
713 371
732 384
705 367
735 395
694 357
700 398
727 391
686 353
706 368
698 364
700 384
699 384
698 385
698 384
738 400
738 401
695 358
687 354
728 355
719 386
739 401
731 397
709 378
728 391
701 374
720 387
693 370
732 361
733 360
732 359
733 359
690 364
723 398
702 375
705 380
715 393
694 370
727 404
731 374
716 394
708 390
709 355
728 368
719 399
737 401
720 364
712 360
736 400
711 399
699 383
703 395
734 359
698 382
699 382
735 360
697 382
696 382
696 381
699 381
700 380
700 379
700 382
697 381
709 391
722 410
702 352
701 352
701 351
702 350
721 365
712 396
713 361
705 357
706 356
705 355
706 355
724 370
711 400
723 411
724 411
725 411
726 410
725 409
726 409
735 385
736 385
737 386
737 385
736 387
727 381
698 354
704 397
697 358
715 406
716 371
708 367
719 376
731 387
708 403
709 368
701 364
741 400
741 401
693 360
712 373
723 388
742 401
743 402
744 401
745 400
744 399
745 399
734 397
727 358
704 374
683 351
682 351
682 350
683 349
682 348
681 347
680 346
681 346
680 348
679 348
680 349
681 349
683 348
679 350
727 394
731 364
697 371
716 384
708 380
728 358
719 389
720 354
719 354
730 404
731 405
732 405
732 404
733 403
732 402
733 402
733 405
734 405
735 406
736 407
736 408
737 408
735 405
734 407
734 408
735 408
737 407
722 400
723 365
734 374
713 351
700 381
711 390
703 386
703 387
723 401
715 360
735 375
727 371
704 387
696 383
715 396
716 361
708 357
708 358
719 366
726 411
727 412
728 412
728 411
718 407
710 403
730 381
709 358
701 354
693 350
712 363
707 397
711 367
722 413
723 378
700 394
699 394
698 395
698 394
697 394
696 394
696 393
697 392
696 391
695 391
694 391
693 391
694 390
695 389
694 388
695 388
697 391
699 393
699 392
700 392
692 390
692 389
691 388
692 388
691 390
690 387
689 388
711 403
685 351
704 364
696 360
715 373
726 388
745 401
746 402
747 403
747 402
746 404
747 405
748 405
749 404
718 384
697 361
737 397
729 393
708 370
707 374
707 373
678 347
677 346
678 345
677 348
676 345
730 394
733 404
736 409
736 410
737 410
738 411
738 410
739 409
740 408
739 411
724 412
724 413
704 354
736 386
725 413
698 396
698 397
697 351
696 350
696 349
696 348
697 347
696 346
695 346
697 346
697 349
698 349
699 349
699 348
700 347
700 349
694 347
693 348
697 348
700 348
737 387
738 388
739 389
739 388
740 388
741 389
741 388
742 389
742 388
738 390
741 390
741 391
742 391
743 392
743 391
744 391
744 390
744 389
744 388
745 387
745 389
745 391
746 392
747 392
748 393
749 393
749 392
749 394
750 395
751 396
748 395
748 396
751 395
752 394
751 393
753 395
754 396
752 393
752 396
754 395
750 397
751 398
753 397
753 398
754 398
755 399
755 398
756 399
757 400
752 395
755 400
755 401
748 397
695 390
688 387
687 387
686 387
686 386
687 385
686 384
685 385
684 385
684 384
687 384
688 383
688 385
683 384
682 383
683 382
682 381
681 380
680 379
681 379
680 381
679 381
680 382
681 382
683 381
679 383
685 384
678 380
677 381
681 381
684 386
684 387
685 387
687 386
679 382
680 383
681 348
699 396
740 397
740 396
740 395
703 366
744 403
743 404
736 399
688 364
699 373
702 384
740 410
741 411
742 411
732 406
731 407
731 408
736 376
736 377
698 386
698 387
737 377
738 378
739 378
710 360
710 361
695 380
694 380
693 381
692 380
691 380
691 379
691 378
691 377
692 376
692 378
690 377
689 378
689 377
694 379
694 378
695 378
707 354
706 353
707 353
707 352
699 350
751 397
743 393
743 394
728 413
729 414
729 415
730 415
731 415
732 415
732 414
733 413
733 415
727 414
727 415
730 414
733 414
729 416
730 417
731 418
731 417
732 417
732 416
733 417
734 418
734 417
735 416
735 418
736 418
737 418
736 419
736 420
731 419
731 420
688 377
687 377
686 376
687 375
686 374
685 373
684 372
685 372
684 374
684 375
685 375
687 374
688 373
687 372
688 372
688 375
685 374
688 374
684 376
687 376
701 396
700 351
740 387
739 386
740 386
740 385
692 347
691 347
691 346
711 360
752 398
690 386
690 385
702 397
744 393
683 383
694 392
693 393
686 388
686 389
687 353
747 404
739 400
676 380
687 389
688 354
680 350
740 400
733 361
734 362
734 363
735 363
736 362
737 363
737 362
736 364
736 365
737 365
738 365
739 366
740 365
741 366
742 366
735 362
738 367
738 368
739 368
741 367
741 368
742 368
743 369
744 368
745 367
744 366
745 366
734 364
734 365
735 365
745 368
746 369
747 370
747 369
746 371
746 372
747 372
748 373
748 372
749 372
749 371
749 370
749 369
748 374
748 375
737 364
740 364
740 363
744 370
743 371
736 366
735 407
686 365
686 366
738 412
738 413
718 354
717 354
717 353
737 367
687 366
739 413
731 409
701 386
701 387
693 382
693 383
740 377
739 376
741 378
742 377
741 379
742 376
742 379
743 379
744 379
744 378
745 377
744 376
745 376
745 379
740 375
742 378
745 378
741 380
744 380
743 381
743 382
744 381
745 381
746 382
746 381
747 380
747 382
748 383
748 384
748 385
749 384
747 381
743 383
690 376
690 375
690 374
723 410
702 387
734 419
734 420
754 397
706 357
746 393
746 394
683 373
694 382
735 420
695 347
686 378
727 416
747 394
739 390
750 399
697 393
689 389
689 390
691 349
678 379
678 378
701 399
702 364
742 400
705 369
690 389
682 385
683 350
735 397
686 355
746 406
747 371
738 402
738 403
739 367
676 347
675 347
687 356
739 403
701 376
741 412
693 372
693 373
740 367
732 363
690 366
734 409
734 410
735 374
705 382
746 383
746 384
738 379
738 380
717 356
704 386
715 395
735 410
686 368
747 384
739 380
731 376
737 419
697 383
716 396
689 379
689 380
708 392
709 357
728 370
701 353
719 401
720 366
693 349
712 362
730 416
722 412
742 390
702 354
734 386
734 387
753 399
713 363
700 393
705 359
711 402
690 379
703 398
723 413
735 387
694 349
754 400
727 383
685 386
704 399
677 382
677 383
696 395
697 360
715 408
716 373
689 356
708 369
731 389
678 346
697 396
730 393
709 370
701 366
741 402
741 403
742 367
693 362
712 375
678 382
690 356
723 390
682 352
742 403
734 399
735 364
727 360
746 373
738 369
738 370
704 376
696 372
696 373
715 385
727 396
719 355
719 356
739 370
726 400
731 366
737 409
697 373
689 369
729 405
729 406
708 382
728 360
719 391
720 356
712 352
730 406
722 402
723 367
742 380
734 376
700 383
692 379
711 392
703 388
703 389
704 353
723 403
715 362
756 400
735 377
727 373
733 416
725 412
685 376
704 389
745 390
736 421
697 350
715 398
716 363
708 359
719 368
726 413
718 409
710 405
729 418
730 383
749 396
722 379
701 356
741 392
693 352
688 386
707 399
699 395
700 360
691 391
691 392
711 369
690 346
689 345
689 347
689 346
703 365
722 415
723 380
734 389
681 383
700 396
692 392
711 405
684 388
703 401
704 366
744 402
677 349
677 350
696 362
715 375
726 390
731 356
745 403
718 386
697 363
737 399
729 395
689 359
730 360
749 373
741 369
741 370
707 376
699 372
678 349
730 396
722 392
742 370
734 366
700 373
740 409
692 369
703 378
748 386
748 387
727 363
714 393
733 406
725 402
726 367
717 398
745 380
736 411
737 376
716 353
715 353
715 352
695 379
719 358
726 403
718 399
737 412
710 395
749 386
750 387
750 386
688 376
699 385
700 350
691 381
691 382
692 346
752 397
711 359
703 355
721 409
713 405
692 382
732 418
733 383
724 414
724 415
704 356
744 392
696 352
736 388
736 389
715 365
714 406
733 419
706 402
725 415
698 398
698 399
717 411
745 393
718 376
737 389
710 372
729 385
695 392
687 388
688 353
707 366
679 384
679 385
699 362
691 358
743 405
743 406
722 382
688 389
680 385
681 350
721 386
700 363
740 399
692 359
732 395
711 372
684 355
703 368
744 369
714 383
733 396
706 379
685 356
725 392
726 357
698 375
698 376
744 405
717 388
745 370
736 401
737 366
729 362
687 365
739 412
718 389
710 385
730 363
722 359
728 402
688 366
707 379
699 375
740 376
691 371
702 386
721 399
740 412
713 395
714 360
732 408
705 391
733 373
724 404
725 369
744 382
717 365
736 378
736 379
694 381
735 419
714 396
686 377
706 392
747 393
726 370
698 388
717 401
718 366
737 379
750 398
710 362
729 375
695 382
687 378
707 356
699 352
731 421
691 348
751 399
743 395
743 396
709 402
728 415
701 398
720 411
721 376
693 394
693 395
700 353
712 407
740 389
713 372
732 385
692 349
724 381
703 358
690 388
682 384
702 399
713 408
714 373
733 386
705 404
706 369
746 405
725 382
717 378
683 385
676 346
694 394
695 359
686 390
687 355
679 351
679 352
739 402
731 398
731 399
710 375
709 376
743 372
743 373
676 382
675 382
709 379
728 392
688 356
720 388
680 352
699 365
712 384
740 366
691 361
732 362
702 376
721 389
713 385
732 398
733 363
705 381
724 394
725 359
744 372
717 355
736 368
735 409
686 367
727 405
727 406
706 382
747 383
738 414
738 415
726 360
739 379
718 356
750 388
750 389
710 352
729 365
728 366
716 395
695 372
708 391
728 369
719 400
739 415
751 389
709 392
728 405
701 388
701 389
702 353
720 401
693 384
693 385
712 397
740 379
713 362
732 375
705 358
690 378
682 374
682 375
723 412
702 389
734 421
734 422
735 386
694 348
754 399
714 363
705 394
706 359
746 395
746 396
698 355
738 391
738 392
717 368
704 398
683 375
715 407
735 422
694 384
695 349
747 396
739 392
731 388
697 395
716 408
689 391
689 392
708 404
709 369
701 365
719 413
712 374
678 381
690 355
742 402
702 366
734 398
713 375
705 371
690 391
683 352
674 383
735 399
694 361
686 357
727 395
747 373
738 404
739 369
731 365
697 372
716 385
676 349
708 381
728 359
719 390
720 355
731 401
743 375
730 405
709 382
701 378
720 391
721 356
693 374
712 387
713 352
732 365
724 361
690 368
723 402
734 411
735 376
727 372
746 385
738 381
738 382
737 383
704 388
696 384
696 385
695 386
715 397
716 362
727 408
728 409
729 408
747 386
719 367
739 382
740 383
741 382
726 412
731 378
750 391
697 385
716 398
729 417
689 381
708 394
709 359
749 395
728 372
701 355
719 403
720 368
693 351
712 364
730 418
722 414
742 392
702 356
693 387
734 388
753 401
705 361
700 395
692 391
711 404
703 400
723 415
715 374
735 389
694 351
727 385
746 398
738 394
685 388
731 355
704 401
677 384
677 385
676 386
745 402
750 368
696 397
697 362
715 410
716 375
689 358
708 371
719 380
678 348
730 395
722 391
741 404
701 368
742 369
712 377
678 384
711 381
690 358
723 392
742 405
734 401
735 366
727 362
746 375
738 371
704 378
696 374
696 375
695 376
715 387
719 357
731 368
718 398
697 375
737 411
689 371
729 407
708 384
749 385
741 381
720 358
712 354
707 388
730 408
722 404
723 369
742 382
734 378
700 385
692 381
711 394
684 377
684 378
683 379
703 390
704 355
696 351
715 364
748 398
748 399
747 400
727 375
714 405
733 418
685 378
725 414
704 391
717 410
745 392
696 387
697 352
737 388
716 365
689 348
689 349
688 350
708 361
719 370
726 415
718 411
710 407
730 385
749 398
722 381
741 394
688 388
707 401
680 384
699 397
700 362
691 393
691 394
690 395
689 394
688 395
687 395
688 396
686 396
686 397
685 395
687 397
684 396
688 397
689 398
690 398
690 397
683 396
682 395
682 394
682 393
683 392
682 391
681 392
680 392
679 391
680 391
683 391
679 393
679 394
680 394
683 394
678 390
677 391
681 391
680 393
681 394
683 393
676 390
676 389
675 388
676 388
675 390
675 389
685 396
678 392
677 393
681 393
683 395
675 391
676 392
678 391
678 394
681 395
681 385
746 365
745 364
746 363
746 362
746 361
747 360
748 360
749 360
746 359
749 359
747 359
749 361
750 362
748 362
748 363
748 364
745 358
744 358
743 359
742 358
741 358
741 357
741 356
741 355
742 354
742 356
740 355
739 356
738 356
738 355
739 355
742 355
738 357
738 358
739 358
744 357
744 356
745 356
743 360
743 361
744 360
746 360
747 361
739 357
742 357
738 359
745 357
749 363
750 364
750 365
750 366
741 359
742 360
744 359
745 360
737 356
736 356
736 355
743 362
743 363
740 356
747 363
739 359
750 358
749 357
750 356
748 356
747 357
750 355
750 354
751 353
750 352
751 352
752 351
753 352
754 351
753 353
754 353
755 353
752 353
754 352
753 354
754 355
749 351
748 352
752 352
750 353
751 354
754 354
747 351
746 351
753 356
748 353
748 354
749 353
752 354
751 356
753 355
746 352
746 353
745 354
747 353
749 362
742 359
735 356
734 356
733 357
734 355
692 394
738 361
684 390
744 404
745 369
745 405
676 391
741 371
741 372
740 373
678 351
742 372
740 411
732 407
715 354
748 388
748 389
747 390
733 408
745 382
736 413
737 378
708 351
707 350
708 349
706 349
705 349
704 350
705 348
705 347
706 347
708 348
749 352
695 381
707 355
729 410
741 384
688 378
728 414
699 387
700 352
691 383
692 348
711 361
752 399
702 398
748 365
748 366
747 367
681 375
680 375
732 420
684 380
724 416
744 394
745 359
736 390
736 391
737 355
748 401
749 402
750 401
694 393
725 417
698 400
737 391
749 365
676 381
695 394
741 361
687 390
688 355
679 386
679 387
678 388
680 351
743 407
743 408
742 409
734 358
680 387
681 352
740 401
733 362
703 370
744 371
736 367
698 377
698 378
697 379
745 372
718 355
737 368
687 367
739 414
731 410
731 411
730 412
743 384
743 385
699 377
740 378
691 373
702 388
748 355
732 410
706 358
744 384
736 380
683 374
694 383
735 421
695 348
686 379
686 380
727 417
727 418
726 419
747 395
698 390
739 391
750 400
749 355
695 384
687 380
688 345
687 345
686 345
685 345
684 345
683 346
684 344
679 376
707 358
751 401
743 397
728 417
701 400
701 401
700 402
702 365
693 396
693 397
694 398
695 399
692 398
695 400
740 391
705 370
684 347
744 361
690 390
736 357
736 358
682 386
682 387
702 401
748 368
735 398
706 371
745 362
737 358
683 387
675 383
676 348
694 396
679 353
679 354
739 404
731 400
743 374
701 377
680 354
740 368
732 364
678 393
702 378
714 352
733 365
706 348
744 374
735 411
694 373
686 369
686 370
727 407
747 385
698 380
738 416
739 381
750 390
751 355
697 384
716 397
708 393
687 370
731 413
751 391
752 356
743 387
709 394
701 390
693 386
740 381
753 400
690 380
723 414
682 376
682 377
734 423
735 388
694 350
754 401
686 346
686 347
746 397
747 362
738 393
750 367
683 377
696 396
695 351
727 420
728 421
727 422
728 422
726 422
725 422
724 421
725 421
726 421
729 420
687 347
747 398
739 394
750 403
697 397
743 364
689 393
701 367
693 363
740 358
678 383
690 357
682 353
682 354
742 404
702 368
693 399
705 373
746 374
736 360
683 354
715 386
694 363
735 401
727 397
686 359
747 375
738 406
739 371
731 367
697 374
716 387
689 370
708 383
728 361
719 392
720 357
712 353
743 377
730 407
709 384
722 403
755 351
701 380
742 381
721 358
693 376
712 389
713 354
732 367
705 350
724 363
711 393
690 370
723 404
734 413
735 378
727 374
746 387
747 352
738 383
698 347
685 377
704 390
750 357
696 386
715 399
716 364
708 360
719 369
739 384
731 380
726 414
718 410
751 358
697 387
743 354
689 383
729 419
708 396
749 397
709 361
728 374
701 357
741 393
720 370
693 353
712 366
707 400
730 420
690 347
722 416
723 381
742 394
734 390
735 355
681 384
700 397
746 364
692 393
738 360
711 406
684 389
703 402
702 403
703 403
704 367
683 344
682 344
715 376
735 391
727 387
686 349
747 365
738 396
739 361
685 390
731 357
704 403
745 404
677 386
750 370
696 399
737 400
716 377
689 360
708 373
719 382
678 350
730 397
722 393
741 406
740 406
742 371
693 366
734 367
700 374
711 383
703 379
703 380
723 394
734 403
735 368
727 364
746 377
738 373
733 407
704 380
696 376
736 412
715 389
716 354
708 350
719 359
726 404
718 400
697 377
737 413
710 396
689 373
729 409
730 374
709 351
749 387
741 383
701 347
707 390
712 356
699 386
730 410
722 406
723 371
742 384
734 380
753 393
681 374
700 387
746 354
732 419
692 383
711 396
684 379
685 344
703 392
704 357
696 353
715 366
748 400
714 407
733 420
706 403
725 416
685 380
726 381
717 412
745 394
696 389
697 354
737 390
729 386
689 350
708 363
749 364
695 393
741 360
726 417
718 413
729 422
730 387
749 400
722 383
741 396
742 361
688 390
734 357
707 403
680 386
681 351
699 399
700 364
691 395
692 360
711 373
703 369
735 358
681 387
692 396
733 397
738 363
684 392
725 393
685 357
744 406
704 370
745 371
696 366
736 402
736 403
726 394
745 407
718 390
737 403
729 399
730 364
676 393
741 373
688 367
707 380
699 376
691 372
722 396
734 370
721 400
740 413
700 377
732 409
692 373
724 405
724 406
703 382
744 383
704 347
703 347
703 346
715 356
748 390
714 397
733 410
706 393
725 406
726 371
698 389
745 384
717 402
718 367
736 415
737 380
710 363
729 376
749 354
695 383
687 379
707 357
699 353
718 403
731 422
731 423
710 399
751 400
730 377
722 373
728 416
688 380
680 376
720 412
699 389
700 354
740 390
691 385
692 350
711 363
752 401
684 346
703 359
702 400
748 367
721 413
713 409
714 374
732 422
733 387
706 370
724 418
723 419
725 383
685 347
744 396
745 361
717 379
696 356
736 392
735 393
737 357
683 386
694 395
695 360
714 410
686 391
686 392
726 384
710 376
729 389
749 367
676 383
695 396
741 363
687 392
688 357
679 388
707 370
680 353
699 366
691 362
743 409
702 377
721 390
681 354
740 403
713 386
732 399
692 363
733 364
684 359
724 395
725 360
744 373
736 369
736 370
694 372
714 387
706 383
725 396
726 361
698 379
717 392
742 386
681 376
700 389
746 356
732 421
692 385
724 417
684 381
685 346
744 395
748 402
733 422
685 382
729 421
725 418
698 401
745 396
737 392
749 366
695 395
741 362
687 391
742 363
709 363
688 392
680 388
681 353
699 401
740 402
691 397
681 389
684 394
738 395
745 406
745 355
744 408
745 373
736 404
737 406
737 369
728 367
737 405
741 375
688 369
699 378
691 374
752 390
703 348
692 375
732 411
712 368
724 407
684 371
703 384
744 385
704 349
711 362
736 381
748 392
733 412
725 408
698 391
745 386
736 417
751 351
737 382
749 356
695 385
687 381
688 346
707 359
679 377
751 402
743 398
688 382
728 418
680 378
699 391
740 392
691 387
752 403
684 348
744 362
702 402
748 369
732 424
706 372
724 420
685 349
744 398
677 345
745 363
736 394
737 359
683 388
675 384
694 397
686 393
739 405
676 385
695 398
741 365
687 394
679 390
707 372
680 355
680 356
681 357
740 369
702 379
681 356
740 405
714 353
732 401
733 366
744 375
736 371
748 382
735 412
694 374
698 381
738 417
737 372
695 375
687 371
707 349
731 414
751 392
752 357
743 388
709 395
728 408
701 391
700 346
740 382
703 351
690 381
702 392
748 359
754 402
724 410
745 353
736 384
683 378
694 387
695 352
727 421
686 383
687 348
747 399
679 344
739 395
750 404
697 398
743 365
688 349
679 380
680 345
740 359
732 355
743 401
702 369
733 356
744 365
690 394
736 361
682 390
683 355
735 402
686 360
747 376
698 371
738 407
739 372
675 387
674 386
673 386
687 361
739 408
731 404
743 378
755 352
701 381
702 346
693 377
740 372
705 351
690 371
723 405
702 382
734 414
735 379
706 352
746 388
698 348
738 384
735 415
694 377
727 411
686 373
747 389
686 382
739 385
750 394
751 359
697 388
743 355
689 384
709 362
730 421
690 348
701 394
742 395
693 390
711 407
744 355
690 384
723 418
682 380
683 345
682 389
735 392
694 354
674 385
727 388
686 350
746 401
747 366
698 361
738 397
739 362
685 391
731 358
704 404
677 387
696 400
697 365
716 378
708 374
687 351
719 383
679 347
731 394
743 368
689 397
730 398
709 375
741 407
701 371
720 384
693 367
740 362
712 380
732 358
678 387
724 354
682 357
723 395
742 408
734 404
735 369
727 365
746 378
738 374
704 381
683 358
696 377
715 390
716 355
727 401
686 363
747 379
719 360
739 375
731 371
749 389
726 405
737 414
697 378
716 391
689 374
708 387
709 352
749 388
728 365
701 348
719 396
720 361
712 357
730 411
722 407
723 372
702 349
742 385
693 380
734 381
713 358
753 394
705 354
700 388
746 355
692 384
720 393
711 397
703 393
723 408
715 367
735 382
727 378
746 391
747 356
733 421
738 387
685 381
704 394
745 395
750 361
696 390
697 355
715 403
716 368
689 351
708 364
719 373
726 418
718 414
743 358
729 423
689 387
730 388
749 401
709 365
722 384
701 361
741 397
742 362
736 373
688 391
693 357
712 370
707 404
699 400
691 396
711 374
690 351
732 403
723 385
682 347
742 398
734 394
682 356
735 359
681 388
742 364
727 355
700 401
746 368
692 397
738 364
684 393
685 358
704 371
744 407
696 367
715 380
739 365
685 394
731 361
726 395
677 390
718 391
737 404
697 368
689 364
729 400
708 377
741 374
707 381
730 401
722 397
723 362
741 410
742 375
734 371
740 414
700 378
692 374
711 387
703 383
704 348
715 357
735 372
748 391
727 368
714 398
738 377
733 411
725 407
685 371
704 384
750 351
717 403
745 385
696 380
736 416
737 381
716 358
708 354
726 408
718 404
737 417
710 400
729 413
749 391
741 387
688 381
693 347
707 394
680 377
699 390
700 355
691 386
711 364
752 402
703 360
734 384
681 378
721 414
700 391
746 358
732 423
692 387
733 388
724 419
684 383
685 348
703 396
704 361
744 397
677 344
736 393
696 357
715 370
748 404
733 424
725 420
677 389
745 398
677 380
737 394
710 377
729 390
689 354
730 355
749 368
676 384
695 397
741 364
687 393
707 371
679 389
699 367
747 401
678 344
730 391
743 410
722 387
742 365
688 394
734 361
680 390
681 355
700 368
740 404
732 400
692 364
711 377
703 373
714 388
733 401
706 384
725 397
685 361
726 362
745 375
717 393
736 406
696 370
737 371
729 367
695 374
707 348
726 398
718 394
710 390
729 403
730 368
722 364
741 377
728 407
688 371
707 384
753 351
699 380
691 376
752 392
711 354
703 350
702 391
748 358
721 404
713 400
732 413
692 377
733 378
705 396
724 409
684 373
725 374
704 351
744 387
745 352
696 347
736 383
756 398
748 394
694 386
714 401
706 397
725 410
726 375
698 393
745 388
708 399
717 406
718 371
737 384
710 367
729 380
749 358
695 387
741 354
687 383
688 348
679 379
707 361
680 344
699 357
691 353
743 400
728 420
688 384
680 380
720 416
716 403
681 345
700 358
740 394
691 389
692 354
732 390
733 355
724 386
684 350
703 363
744 364
690 393
748 371
721 417
714 378
733 391
706 374
725 387
698 370
744 400
717 383
677 347
745 365
736 396
737 361
683 390
745 374
718 357
736 405
737 370
675 386
694 399
695 364
729 366
686 395
687 360
695 373
739 407
732 389
687 369
731 403
710 380
731 412
730 358
676 387
722 354
751 390
752 355
743 386
687 396
688 361
713 399
722 363
728 397
679 392
709 393
699 370
688 370
732 380
728 406
740 371
691 366
720 402
721 367
740 380
712 398
691 375
732 376
713 367
685 389
752 391
711 353
724 372
687 359
703 349
756 352
757 351
702 381
721 394
740 407
702 390
713 390
748 357
714 355
721 403
705 386
733 368
706 351
725 364
732 412
733 377
744 377
706 360
717 360
724 408
725 373
698 356
744 386
717 369
736 382
735 414
683 376
694 376
727 410
686 372
706 387
694 385
747 388
695 350
727 419
698 383
726 365
713 370
686 381
687 346
721 380
717 396
747 397
718 361
698 392
708 372
739 393
710 357
750 393
718 370
729 370
716 400
750 402
710 366
695 377
720 379
687 373
716 409
719 405
707 351
708 405
687 382
699 347
688 347
728 383
707 360
719 414
679 378
731 416
699 356
751 394
740 357
691 352
743 390
705 399
751 403
709 397
743 399
728 410
701 393
702 358
709 406
720 406
721 371
693 389
728 419
740 384
701 402
712 402
702 367
720 415
693 398
681 344
705 363
740 393
713 376
724 376
705 372
744 354
724 385
684 349
690 383
723 417
682 379
744 363
736 359
702 394
690 392
748 361
682 388
683 353
694 353
713 403
674 384
748 370
714 368
706 364
735 400
746 400
714 377
725 377
686 358
698 360
706 373
717 373
747 374
698 369
738 405
683 380
717 382
737 360
683 389
694 389
695 354
729 356
675 385
686 385
687 350
716 386
695 363
679 346
686 394
739 397
731 393
739 406
697 400
731 402
743 367
716 413
689 396
709 374
743 376
688 351
728 387
701 370
720 383
680 347
728 396
701 379
740 361
691 356
720 392
693 375
732 357
712 388
740 370
678 386
713 353
743 403
732 366
690 360
742 407
702 371
690 369
721 384
756 351
702 380
733 358
705 376
734 412
724 389
713 389
714 354
733 367
705 385
744 367
746 386
706 350
690 396
736 363
698 346
682 392
717 359
683 357
700 399
706 354
736 372
674 388
694 366
735 404
686 362
727 400
694 375
735 413
747 378
727 409
698 373
738 409
686 371
739 374
747 387
739 383
710 356
750 392
716 390
751 357
697 386
687 363
716 399
728 364
689 382
719 395
708 395
709 360
739 410
719 404
731 406
699 346
712 365
743 380
752 358
743 389
730 419
701 383
702 348
709 396
720 396
693 379
701 392
712 392
740 374
702 357
742 393
713 357
693 388
705 353
712 401
713 366
753 402
705 362
690 373
723 407
744 353
690 382
748 351
682 378
734 416
723 416
735 381
754 394
714 358
694 352
746 390
735 390
747 355
727 386
686 348
698 350
738 386
746 399
757 399
706 363
717 363
747 364
704 393
698 359
750 360
739 360
715 402
704 402
716 367
750 369
735 417
696 398
715 411
727 413
686 375
716 376
695 353
747 391
719 372
687 349
739 387
679 345
731 383
750 396
739 396
697 390
731 392
743 357
689 386
697 399
743 366
689 395
701 360
719 408
720 373
709 373
693 356
728 386
701 369
741 405
720 382
712 378
740 360
732 356
678 385
730 423
690 350
723 384
682 346
702 361
742 397
690 359
693 392
734 393
682 355
723 393
742 406
702 370
734 402
705 366
700 400
735 367
746 367
705 375
746 376
738 372
723 420
682 382
683 347
704 379
715 379
683 356
694 356
735 394
674 387
715 388
686 352
746 403
735 403
694 365
747 368
686 361
727 399
738 399
739 364
685 393
747 377
731 360
738 408
739 373
731 369
697 367
716 380
689 363
708 376
697 376
716 389
689 372
679 349
719 385
708 385
709 350
728 363
701 346
719 394
720 359
712 355
743 370
730 400
709 377
741 409
730 409
701 373
742 374
722 405
693 369
712 382
701 382
702 347
742 383
693 378
721 360
732 360
734 379
678 389
713 356
753 392
724 356
711 386
705 352
700 386
690 363
724 365
711 395
723 397
742 410
690 372
703 391
723 406
734 406
735 371
727 367
734 415
735 380
746 380
738 376
746 389
747 354
685 370
738 385
704 383
685 379
696 379
704 392
715 392
716 357
750 359
696 388
697 353
708 353
715 401
716 366
708 362
739 377
731 373
709 354
726 407
719 371
697 380
731 382
737 416
726 416
729 412
718 412
689 376
708 389
697 389
743 356
749 390
689 385
701 350
741 386
730 386
749 399
720 363
693 346
712 359
707 393
741 395
701 359
720 372
693 355
707 402
699 398
730 413
722 409
723 374
730 422
742 387
690 349
702 351
722 418
723 383
682 345
734 383
753 396
742 396
681 377
734 392
700 390
705 356
746 357
735 357
692 386
681 386
684 382
746 366
692 395
704 360
738 362
711 408
684 391
715 369
704 369
694 346
735 384
748 403
696 365
727 380
715 378
747 358
733 423
727 389
738 389
685 383
725 419
704 396
745 397
739 363
677 379
750 363
696 392
685 392
726 393
731 359
697 357
737 393
677 388
716 370
689 353
737 402
708 366
697 366
716 379
729 398
689 362
708 375
719 375
726 420
719 384
730 390
749 403
722 386
730 399
701 363
741 399
693 359
688 393
722 395
734 360
723 360
741 408
742 373
680 389
693 368
700 367
734 369
691 398
700 376
711 376
690 353
692 372
703 372
723 387
682 349
711 385
757 352
703 381
723 396
734 396
735 361
681 390
715 355
727 357
735 370
746 370
738 366
727 366
733 400
746 379
684 395
685 360
704 373
733 409
738 375
696 369
725 405
715 382
704 382
745 383
696 378
736 414
715 391
716 356
708 352
726 397
731 363
677 392
718 393
726 406
697 370
710 389
689 366
729 402
730 367
737 415
710 398
689 375
729 411
741 376
730 376
722 372
741 385
707 383
701 349
699 379
688 379
707 392
699 388
730 403
691 384
722 399
752 400
